#Split unfolded energy two body component using boltzmann weighted mean values
#Author: Riley Simmons-Edler (rse231@nyu.edu)
ATOM fa_atr fa_rep fa_sol fa_elec hbond_sc dslf_fa13
WEIGHT 0.8 0.44 0.65 1.0 1.15 1.0
HS 0.0 0.116975465029 0.0 0.0364461359291 0.0 0.0
NC2 -0.633623125919 0.0351515068109 0.550826046486 0.179953744937 0.0 0.0
NR2 -0.756596618327 0.0843730339215 0.402457381007 -0.114245813824 -0.0828654609842 0.0
HB 0.0 0.0348938698353 0.0 -0.00529882910971 0.0 0.0
HC 0.0 0.00828098804522 0.0 -0.417888464204 -0.0675651092302 0.0
NR1 -0.777992597212 0.0505634917193 0.70376058218 0.0222989751596 0.0 0.0
HA 0.0 0.0230416061473 0.0 -0.0038181731579 0.0 0.0
CPT -0.60722881638 0.0986845882899 0.111417098264 0.00751457707163 0.0 0.0
HR1 0.0 0.039466462179 0.0 -0.0265832183018 0.0 0.0
HR3 0.0 0.0485992760726 0.0 -0.0185572624671 0.0 0.0
NY -0.852982387915 0.058228860762 0.891863904993 -0.0115799377486 0.0 0.0
VIRT 0.0 0.0 0.0 0.0 0.0 0.0
HP 0.0 0.0325744039715 0.0 0.00462021007881 0.0 0.0
C -0.796049753821 0.132048878423 0.104760792763 -0.0517265098809 0.0 0.0
CC -0.603207809389 0.0611084379247 0.164911607165 0.0937451757775 0.0 0.0
H 0.0 0.0274242789326 0.0 -0.098302852377 -0.200484199604 0.0
CA -0.737490714493 0.0836396690962 0.122935269635 -0.0116076867741 0.0 0.0
O -0.788097148932 0.127780530641 0.797752783556 -0.201110254531 -0.220886554288 0.0
N -0.493070444685 0.0228152162432 0.102453275094 -0.0763803090321 0.0 0.0
S -0.949231953032 0.0596861300823 0.633373964093 -0.0274927845758 0.0 0.0
NH1 -0.778076549698 0.112451861446 0.544856436146 -0.0679981778593 0.0 0.0
NH3 -0.427092073127 0.0285513056346 0.476554153328 0.0990518969428 0.0 0.0
NH2 -0.775999016912 0.0376535746317 0.585402599443 0.0321314641241 0.0 0.0
OH1 -0.526708836588 0.0301593857042 0.757418352035 -0.187176737109 -0.105680108454 0.0
CT1 -0.38262405192 0.00723511751489 0.176405437562 -0.000156180466843 0.0 0.0
CT2 -0.564516737101 0.0294347603629 0.161488564736 0.00185953929617 0.0 0.0
CT3 -1.01552328096 0.0790908040811 0.0444687790287 -0.0145969918635 0.0 0.0
OC -0.544206065885 0.0341383428551 0.566138060973 -0.852567002542 -0.154926976048 0.0
CY -0.591367166069 0.0512020418318 0.132194876636 -0.00302887356947 0.0 0.0
SM -0.955957266112 0.0903352167685 0.700409996679 -0.0134272899852 0.0 -0.493708674855
CP1 -0.318414528234 0.0135774283705 0.132050199795 0.00146287669897 0.0 0.0
CP2 -0.57023091812 0.0288158938574 0.124429039956 -0.00673055331551 0.0 0.0
CP3 -0.606158556299 0.172083352444 0.155690381279 0.0 0.0 0.0
CPH1 -0.692129300497 0.0727037535942 0.180643944651 -0.00819101709946 0.0 0.0
CPH2 -0.738539436419 0.115622313474 0.186581873385 -0.0295519543358 0.0 0.0
