#Split unfolded energy two body component using median values
#Author: Riley Simmons-Edler (rse231@nyu.edu)
ATOM fa_atr fa_rep fa_sol fa_elec hbond_sc dslf_fa13
WEIGHT 0.8 0.44 0.65 1.0 1.15 1.0
HS 0.0 0.0372353 0.0 0.0347613 0.0 0.0
NC2 -0.446266 0.00156322 0.656841 0.172608 0.0 0.0
NR2 -0.646589 0.0122187 0.440389 0.0155463 0.0 0.0
HB 0.0 0.00840134 0.0 -0.00243119 0.0 0.0
HC 0.0 0.0 0.0 -0.0684724 0.0 0.0
NR1 -0.622547 0.00608704 0.873495 0.0232949 0.0 0.0
HA 0.0 7.02859e-05 0.0 0.000164901 0.0 0.0
CPT -0.588989 0.0532663 0.103426 -0.00121713 0.0 0.0
HR1 0.0 0.0 0.0 -0.00799184 0.0 0.0
HR3 0.0 0.000773573 0.0 -0.00870311 0.0 0.0
NY -0.776185 0.0211246 1.09069 0.0103669 0.0 0.0
VIRT 0.0 0.0 0.0 0.0 0.0 0.0
HP 0.0 0.00146592 0.0 0.0106078 0.0 0.0
C -0.760087 0.106165 0.102666 -0.023402 0.0 0.0
CC -0.469768 0.013056 0.15731 0.0864822 0.0 0.0
H 0.0 0.00261716 0.0 -0.0406131 -0.122413 0.0
CA -0.703284 0.0440524 0.116969 -0.00872914 0.0 0.0
O -0.789169 0.0988688 0.999547 -0.152337 -0.204117 0.0
N -0.463081 0.00444941 0.103777 -0.0714446 0.0 0.0
S -0.893955 0.0249793 0.714139 -0.015084 0.0 0.0
NH1 -0.743464 0.0809055 0.590908 -0.022098 0.0 0.0
NH3 -0.203694 0.0 0.579356 0.0530277 0.0 0.0
NH2 -0.505871 0.00241309 0.68455 0.034763 0.0 0.0
OH1 -0.471546 0.00156502 0.946902 -0.0350911 0.0 0.0
CT1 -0.375346 4.03724e-07 0.171559 2.91508e-05 0.0 0.0
CT2 -0.510483 0.00594675 0.156319 0.00506262 0.0 0.0
CT3 -0.965327 0.0425281 0.0557687 -0.0158269 0.0 0.0
OC -0.352786 0.0 0.671026 -0.238737 0.0 0.0
CY -0.579147 0.0163004 0.123285 -0.00278652 0.0 0.0
SM -0.924858 0.0561981 0.751413 -0.00767929 0.0 -0.510673
CP1 -0.305477 4.90308e-06 0.12501 0.00150528 0.0 0.0
CP2 -0.457888 0.00238248 0.113455 -0.00761283 0.0 0.0
CP3 -0.534724 0.145939 0.154132 0.0 0.0 0.0
CPH1 -0.625651 0.0277674 0.17199 0.000112196 0.0 0.0
CPH2 -0.603192 0.0620944 0.181504 -0.00903803 0.0 0.0
CE1 -0.596635 0.00520873 0.126131 0.00145516 0.0 0.0
HE1 0.0 0.0 0.0 -0.00630982 0.0 0.0

