#Split unfolded energy two body component using mode values
#Author: Riley Simmons-Edler (rse231@nyu.edu)
ATOM fa_atr fa_rep fa_sol fa_elec hbond_sc dslf_fa13
WEIGHT 0.8 0.44 0.65 1.0 1.15 1.0
HS 0.0 0.0019242 0.0 0.0448945 0.0 0.0
NC2 -0.259987 9.69771e-06 0.0114835 9.20522e-05 0.0 0.0
NR2 -0.386481 0.000205378 0.251537 -0.00111569 0.0 0.0
HB 0.0 0.00507469 0.0 -0.00576911 0.0 0.0
HC 0.0 0.0 0.0 0.0113431 0.0 0.0
NR1 -0.323753 0.000441581 0.549842 0.0358817 0.0 0.0
HA 0.0 0.0 0.0 -0.0064725 0.0 0.0
CPT -0.650825 0.0146369 0.068995 -0.00285477 0.0 0.0
HR1 0.0 0.0 0.0 -0.032255 0.0 0.0
HR3 0.0 0.0 0.0 -0.00180956 0.0 0.0
NY -0.880232 0.00945538 1.45234 -0.0207918 0.0 0.0
VIRT 0.0 0.0 0.0 0.0 0.0 0.0
HP 0.0 0.000243119 0.0 0.000455653 0.0 0.0
C -0.879132 0.0178314 0.0897671 -0.0534694 0.0 0.0
CC -0.381866 0.00315373 0.107478 0.0168562 0.0 0.0
H 0.0 0.00142472 0.0 0.0118748 0.0 0.0
CA -0.733053 0.0174314 0.106909 -0.0230579 0.0 0.0
O -0.934013 0.0321342 1.15095 -0.25102 0.0 0.0
N -0.47986 0.00324896 0.127254 -0.0482624 0.0 0.0
S -0.886195 0.0132262 0.750186 -0.000863341 0.0 0.0
NH1 -0.766203 0.0205412 0.649289 -0.0240866 0.0 0.0
NH3 -0.0135215 0.0 0.00412824 0.00487486 0.0 0.0
NH2 -0.0332119 0.000148163 0.037961 -0.00461182 0.0 0.0
OH1 -0.631101 0.000388907 1.1499 -0.0804241 0.0 0.0
CT1 -0.410738 0.0 0.174698 -0.000353218 0.0 0.0
CT2 -0.585491 0.00372529 0.121141 0.0158124 0.0 0.0
CT3 -1.04951 0.020064 0.0724475 -0.0311368 0.0 0.0
OC -0.0270684 0.0 0.0312119 5.1133e-05 0.0 0.0
CY -0.573213 0.00866182 0.0919468 -0.00278652 0.0 0.0
SM -0.872176 0.0272627 0.757174 0.01392 0.0 -0.519486
CP1 -0.301614 0.0 0.0714977 0.00150528 0.0 0.0
CP2 -0.194111 0.000789082 0.074126 -0.00522225 0.0 0.0
CP3 -0.459003 0.141057 0.108929 0.0 0.0 0.0
CPH1 -0.635006 0.0101476 0.174458 0.00428974 0.0 0.0
CPH2 -0.415277 0.00763861 0.155681 0.00492661 0.0 0.0
