#Split unfolded energy one body component. Used in Rosetta as an alternate database file for the UnfoldedStateEnergy energy method.
#Author: Riley Simmons-Edler (rse231@nyu.edu)
AA fa_intra_atr fa_intra_rep fa_intra_sol pro_close fa_dun fa_dun_dev fa_dun_rot fa_dun_semi
WEIGHT 0.8 0.44 0.65 1.0 1.0 1.0 1.0 1.0
ALA -1.51611 1.41977 0.747237 0.0 0.0 0.0 0.0 0.0
ARG -2.73686 3.74631 1.78264 0.0 2.253 1.18464e-09 2.253 0.0
ASN -2.76407 2.01257 1.78449 0.0 2.67907 5.84383e-09 0.0 2.67907
ASP -2.73435 1.99854 2.03805 0.0 3.3268 1.86146e-11 0.0 3.3268
CYS -1.80979 1.44072 1.04847 0.0 0.70246 4.04479e-31 0.70246 0.0
GLN -3.23549 2.42155 2.17459 0.0 3.56443 1.14535e-10 0.0 3.56443
GLU -2.5242 2.95167 1.72981 0.0 3.64677 1.01841e-09 0.0 3.64677
GLY -0.728361 2.82002 0.411954 0.0 0.0 0.0 0.0 0.0
HIS -3.41033 1.89709 1.72206 0.0 2.88417 7.22957e-11 0.0 2.88417
ILE -2.81247 5.75066 1.50771 0.0 0.424828 1.08378e-08 0.424828 0.0
LEU -2.64654 2.99848 1.27607 0.0 0.762604 1.19293e-09 0.762604 0.0
LYS -2.41656 2.50765 1.41919 0.0 1.59325 7.56371e-10 1.59325 0.0
MET -2.73995 2.35022 1.29537 0.0 1.64354 6.95281e-10 1.64354 0.0
PHE -3.69971 7.10869 1.33212 0.0 2.68646 1.96645e-10 0.0 2.68646
PRO -2.3585 3.04418 1.13834 0.0658186 0.115275 0.311644 0.115275 0.0
SER -1.78083 1.61112 1.43117 0.0 0.542619 0.0 0.542619 0.0
THR -2.32252 3.49635 1.71628 0.0 0.0966188 1.29265e-08 0.0966188 0.0
TRP -4.28985 6.54036 1.79156 0.0 1.9656 4.11776e-11 0.0 1.9656
TYR -3.8634 7.1302 1.51735 0.0 2.78895 1.6202e-10 0.0 2.78895
VAL -2.63032 4.59489 1.44175 0.0 0.0292764 7.30909e-09 0.0292764 0.0
