#Split unfolded energy two body component using mean values
#Author: Riley Simmons-Edler (rse231@nyu.edu)
ATOM fa_atr fa_rep fa_sol fa_elec hbond_sc dslf_fa13
WEIGHT 0.8 0.44 0.65 1.0 1.15 1.0
HNbb 0.0 0.0302917260256 0.0 -0.0368307187635 -0.217389603489 0.0
Ntrp -0.694570171287 0.0636093474361 0.966248200138 0.0416185078296 0.0 0.0
aroC -0.654745187539 0.094903242924 0.142005441767 -0.0238424752215 0.0 0.0
ONH2 -0.452709217531 0.0440770397017 0.663722495474 -0.19719503395 -0.0968654736472 0.0
Narg -0.502756401371 0.04189833857 0.722382477922 0.29232280844 0.0 0.0
COO -0.494407931707 0.0877025737293 0.193537764947 0.246977842779 0.0 0.0
CH1 -0.370081354441 0.00906705161706 0.219666239425 -0.000991211751228 0.0 0.0
CH2 -0.515940142295 0.0389855042506 0.168106394219 0.00396263525244 0.0 0.0
CH3 -0.919576571262 0.0912856416447 0.0723410784246 -0.0107499300218 0.0 0.0
OCbb -0.738326310186 0.152106887007 0.928309041458 -0.133171329139 -0.197504786247 0.0
NH2O -0.60048038914 0.0449869243754 0.797195824249 0.080689908661 0.0 0.0
Nlys -0.304004361784 0.0350537588199 0.803357191778 0.121763051574 0.0 0.0
CAbb -0.371404828644 0.00972036770536 0.173593577287 0.000560541885408 0.0 0.0
VIRT 0.0 0.0 0.0 0.0 0.0 0.0
S -0.867024821852 0.0726152424548 0.700625053335 -0.021902541685 0.0 -0.0480545373962
Nhis -0.659065788044 0.108496215103 0.444796536231 0.0285051531115 -0.0548019594827 0.0
Npro -0.467231296663 0.0255422652238 0.103591347838 -0.068657770756 0.0 0.0
Haro 0.0 0.038793539703 0.0 0.00627180497893 0.0 0.0
CNH2 -0.54538362395 0.0511109094283 0.146261464117 0.0123430602808 0.0 0.0
OOC -0.432580797096 0.0420819184805 0.775911985269 -0.455529602012 -0.109462158746 0.0
OH -0.470909327789 0.0355187746481 0.935779474797 -0.0522551045129 -0.0774186375485 0.0
Hpol 0.0 0.023433528825 0.0 -0.152769822388 -0.05002356359 0.0
CObb -0.755357983812 0.157379882464 0.105713655416 -0.0208230952439 0.0 0.0
Nbb -0.72999371713 0.129186800344 0.572352242776 -0.0410380021821 0.0 0.0
Hapo 0.0 0.0303167483965 0.0 -0.00316556307992 0.0 0.0
