#Split unfolded energy two body component using boltzmann weighted mean values
#Author: Riley Simmons-Edler (rse231@nyu.edu)
ATOM fa_atr fa_rep fa_sol fa_elec hbond_sc dslf_fa13
WEIGHT 0.8 0.44 0.65 1.0 1.15 1.0
HNbb 0.0 0.0263771272593 0.0 -0.0816653878146 -0.242883636714 0.0
Ntrp -0.807656727072 0.0535151403898 0.768556444529 0.00917643434778 0.0 0.0
aroC -0.714337810071 0.0813918825573 0.131226902584 -0.0324556087651 0.0 0.0
ONH2 -0.538472474825 0.0366966613442 0.525053373884 -0.299987450769 -0.130609607708 0.0
Narg -0.633623125919 0.0351515068109 0.550826046486 0.179953744937 0.0 0.0
COO -0.584703206239 0.072396773653 0.181730252287 0.174055777468 0.0 0.0
CH1 -0.382921834411 0.00855477772912 0.209279935751 -0.00146431692137 0.0 0.0
CH2 -0.572699226423 0.0341160981356 0.157074079709 0.00116294207107 0.0 0.0
CH3 -1.01552328096 0.0790908040811 0.0444687790287 -0.0145969918635 0.0 0.0
OCbb -0.804003927609 0.135615173806 0.82572977624 -0.192548126083 -0.227471705889 0.0
NH2O -0.775999016912 0.0376535746317 0.585402599443 0.0321314641241 0.0 0.0
Nlys -0.427092073127 0.0285513056346 0.476554153328 0.0990518969428 0.0 0.0
CAbb -0.386103662592 0.00903730707789 0.165868564785 0.000378121578183 0.0 0.0
VIRT 0.0 0.0 0.0 0.0 0.0 0.0
S -0.949926392275 0.0627681147443 0.639923732621 -0.0260629516706 0.0 -0.0741442508221
Nhis -0.756596618327 0.0843730339215 0.402457381007 -0.114245813824 -0.0828654609842 0.0
Npro -0.493070444685 0.0228152162432 0.102453275094 -0.0763803090321 0.0 0.0
Haro 0.0 0.0325744039715 0.0 0.00462021007881 0.0 0.0
CNH2 -0.631650666323 0.0436232500734 0.138969028207 -0.015698878816 0.0 0.0
OOC -0.544206065885 0.0341383428551 0.566138060973 -0.852567002542 -0.154926976048 0.0
OH -0.526708836588 0.0301593857042 0.757418352035 -0.187176737109 -0.105680108454 0.0
Hpol 0.0 0.0180146795429 0.0 -0.308939960579 -0.066388953936 0.0
CObb -0.806501236633 0.136484401226 0.102000461534 -0.0393139341927 0.0 0.0
Nbb -0.778076549698 0.112451861446 0.544856436146 -0.0679981778593 0.0 0.0
Hapo 0.0 0.0256116317363 0.0 -0.00419706792994 0.0 0.0
