#Split unfolded energy two body component using median values
#Author: Riley Simmons-Edler (rse231@nyu.edu)
ATOM fa_atr fa_rep fa_sol fa_elec hbond_sc dslf_fa13
WEIGHT 0.8 0.44 0.65 1.0 1.15 1.0
HNbb 0.0 0.0044701 0.0 -0.0583733 -0.269709 0.0
Ntrp -0.689036 0.0122357 0.964533 0.0199276 0.0 0.0
aroC -0.671528 0.0398544 0.12415 -0.00756632 0.0 0.0
ONH2 -0.392943 0.00101374 0.597228 -0.0885001 0.0 0.0
Narg -0.446266 0.00156322 0.656841 0.172608 0.0 0.0
COO -0.451577 0.0183012 0.177435 0.182732 0.0 0.0
CH1 -0.379243 0.000734573 0.202609 -0.00011684 0.0 0.0
CH2 -0.515357 0.00662223 0.15212 0.00365536 0.0 0.0
CH3 -0.965327 0.0425281 0.0557687 -0.0158269 0.0 0.0
OCbb -0.811912 0.108252 1.01807 -0.157854 -0.231818 0.0
NH2O -0.505871 0.00241309 0.68455 0.034763 0.0 0.0
Nlys -0.203694 0.0 0.579356 0.0530277 0.0 0.0
CAbb -0.372644 0.0 0.162522 0.000402041 0.0 0.0
VIRT 0.0 0.0 0.0 0.0 0.0 0.0
S -0.89776 0.0276045 0.719025 -0.0147517 0.0 0.0
Nhis -0.646589 0.0122187 0.440389 0.0155463 0.0 0.0
Npro -0.463081 0.00444941 0.103777 -0.0714446 0.0 0.0
Haro 0.0 0.00146592 0.0 0.0106078 0.0 0.0
CNH2 -0.502081 0.0085106 0.130682 0.0 0.0 0.0
OOC -0.352786 0.0 0.671026 -0.238737 0.0 0.0
OH -0.471546 0.00156502 0.946902 -0.0350911 0.0 0.0
Hpol 0.0 0.0 0.0 -0.0360972 0.0 0.0
CObb -0.772207 0.113821 0.101395 -0.0202626 0.0 0.0
Nbb -0.743464 0.0809055 0.590908 -0.022098 0.0 0.0
Hapo 0.0 0.000713997 0.0 -0.000134731 0.0 0.0
