#Split unfolded energy two body component using mode values
#Author: Riley Simmons-Edler (rse231@nyu.edu)
ATOM fa_atr fa_rep fa_sol fa_elec hbond_sc dslf_fa13
WEIGHT 0.8 0.44 0.65 1.0 1.15 1.0
HNbb 0.0 0.00334768 0.0 -0.125562 0.0 0.0
Ntrp -0.726094 0.00305711 1.05113 -0.0169453 0.0 0.0
aroC -0.715959 0.0148666 0.1074 -0.0238811 0.0 0.0
ONH2 -0.168619 0.0 0.250397 -0.0390488 0.0 0.0
Narg -0.259987 9.69771e-06 0.0114835 9.20522e-05 0.0 0.0
COO -0.382183 0.00266152 0.14967 0.0196067 0.0 0.0
CH1 -0.406975 0.000674199 0.188479 -0.00083842 0.0 0.0
CH2 -0.585412 0.00364111 0.171091 0.0169242 0.0 0.0
CH3 -1.04951 0.020064 0.0724475 -0.0311368 0.0 0.0
OCbb -0.934114 0.0365293 1.15102 -0.298067 0.0 0.0
NH2O -0.0332119 0.000148163 0.037961 -0.00461182 0.0 0.0
Nlys -0.0135215 0.0 0.00412824 0.00487486 0.0 0.0
CAbb -0.406149 0.0 0.124517 0.000798299 0.0 0.0
VIRT 0.0 0.0 0.0 0.0 0.0 0.0
S -0.886257 0.0144666 0.750195 0.000139432 0.0 0.0
Nhis -0.386481 0.000205378 0.251537 -0.00111569 0.0 0.0
Npro -0.47986 0.00324896 0.127254 -0.0482624 0.0 0.0
Haro 0.0 0.000243119 0.0 0.000455653 0.0 0.0
CNH2 -0.357223 0.00372471 0.105123 -0.00489179 0.0 0.0
OOC -0.0270684 0.0 0.0312119 5.1133e-05 0.0 0.0
OH -0.631101 0.000388907 1.1499 -0.0804241 0.0 0.0
Hpol 0.0 0.0 0.0 0.019651 0.0 0.0
CObb -0.879187 0.0192039 0.0898251 -0.0184318 0.0 0.0
Nbb -0.766203 0.0205412 0.649289 -0.0240866 0.0 0.0
Hapo 0.0 0.000211121 0.0 0.0113796 0.0 0.0
