#Split unfolded energy two body component using boltzmann weighted mean values
#Author: Riley Simmons-Edler (rse231@nyu.edu)
ATOM fa_atr fa_rep fa_sol fa_elec hbond_sc dslf_fa13
WEIGHT 0.8 0.44 0.75 0.7 1.1 1.0
HS 0.0 0.181541163121 0.0 -0.00547338850464 0.0 0.0
NC2 -0.635692520519 0.0386584034207 0.551607236185 0.187037652826 0.0 0.0
NR2 -0.744689855625 0.0637527512441 0.387125239245 -0.251220321249 -0.149324484672 0.0
HB 0.0 0.0388302926245 0.0 -0.00658712361654 0.0 0.0
HC 0.0 0.00930606173571 0.0 -0.414783878344 -0.0687381741418 0.0
NR1 -0.803812965553 0.0542084376762 0.742405351667 0.0671223382048 0.0 0.0
HA 0.0 0.0266283171532 0.0 -0.00506856444131 0.0 0.0
CPT -0.610373171291 0.105098316141 0.111800274225 0.00787161126588 0.0 0.0
HR1 0.0 0.0495752383875 0.0 -0.0265337310291 0.0 0.0
HR3 0.0 0.0580752328596 0.0 -0.0210466030629 0.0 0.0
NY -0.856778752187 0.0608276947908 0.897760061671 -0.00676594062511 0.0 0.0
VIRT 0.0 0.0 0.0 0.0 0.0 0.0
HP 0.0 0.0373259423135 0.0 0.00483224711221 0.0 0.0
C -0.800990984387 0.135418927389 0.105363806461 -0.0637081848511 0.0 0.0
CC -0.605278995016 0.0712325662314 0.165235423114 0.106883784349 0.0 0.0
H 0.0 0.0154680800241 0.0 -0.171325857779 -0.217442935681 0.0
CA -0.741747854086 0.0892043004227 0.123505093673 -0.0120325217364 0.0 0.0
O -0.792617360047 0.136263404368 0.802621344918 -0.20887091232 -0.231118550895 0.0
N -0.496180056474 0.0170806672228 0.103118745922 -0.0660739946494 0.0 0.0
S -0.930589314147 0.065451982396 0.616247329541 -0.0252233601711 0.0 0.0
NH1 -0.783051038462 0.106988232433 0.548588884281 -0.0392658101533 0.0 0.0
NH3 -0.427732241452 0.0312632335833 0.474928375938 0.100243610563 0.0 0.0
NH2 -0.778812632013 0.0391117632587 0.586318019887 0.0372065054857 0.0 0.0
OH1 -0.529188388058 0.0340727924236 0.760524110512 -0.187931108143 -0.138135404332 0.0
CT1 -0.384952513512 0.00738588583797 0.177303775531 -0.000649927609066 0.0 0.0
CT2 -0.567835109686 0.0303538036634 0.161740186912 0.00286152152996 0.0 0.0
CT3 -1.02129634442 0.0859758840512 0.0444070532714 -0.0120864342937 0.0 0.0
OC -0.546002071479 0.0391192953452 0.567153511895 -0.966909315368 -0.191747615677 0.0
CY -0.594340343732 0.0536864136248 0.132751234681 -0.00283736905866 0.0 0.0
SM -0.956649997696 0.0985870870086 0.700740101726 -0.0114053272203 0.0 -0.4934734904
CP1 -0.320123731863 0.0137271183802 0.132718077862 0.00125274273358 0.0 0.0
CP2 -0.57306297976 0.0295310143729 0.124828653495 -0.0041865870789 0.0 0.0
CP3 -0.609429708836 0.179900848099 0.156527654179 0.0 0.0 0.0
CPH1 -0.695250222714 0.0767841249388 0.180259111312 -0.001857496097 0.0 0.0
CPH2 -0.741865030846 0.127501738754 0.185764174956 -0.0276165800025 0.0 0.0
