#Split unfolded energy two body component using mode values
#Author: Riley Simmons-Edler (rse231@nyu.edu)
ATOM fa_atr fa_rep fa_sol fa_elec hbond_sc dslf_fa13
WEIGHT 0.8 0.44 0.65 1.0 1.15 1.0
HS 0.0 0.0019242 0.0 0.044903 0.0 0.0
NC2 -0.259984 5.17524e-06 0.00984392 0.0 0.0 0.0
NR2 -0.385922 0.000202871 0.251596 -0.00119294 0.0 0.0
HB 0.0 0.0350272 0.0 -0.00575547 0.0 0.0
HC 0.0 0.0 0.0 0.0107529 0.0 0.0
NR1 -0.323675 0.000435549 0.549842 0.0357517 0.0 0.0
HA 0.0 0.0 0.0 -0.0156556 0.0 0.0
CPT -0.650825 0.0146369 0.0689909 -0.00151072 0.0 0.0
HR1 0.0 0.0 0.0 -0.032247 0.0 0.0
HR3 0.0 0.0 0.0 -0.00180067 0.0 0.0
NY -0.880237 0.009444 1.4523 -0.0207877 0.0 0.0
VIRT 0.0 0.0 0.0 0.0 0.0 0.0
HP 0.0 0.000242316 0.0 0.000462687 0.0 0.0
C -1.0796 0.245239 0.105672 -0.0534674 0.0 0.0
CC -0.373293 0.00368456 0.107616 0.016896 0.0 0.0
H 0.0 0.0164841 0.0 0.0118345 0.0 0.0
CA -0.733449 0.0188955 0.108483 -0.0230506 0.0 0.0
O -1.08619 0.246086 1.3481 -0.251009 0.0 0.0
N -0.642114 0.0476463 0.143132 -0.0482602 0.0 0.0
S -0.896912 0.0138866 0.750133 -0.000872487 0.0 0.0
NH1 -0.855907 0.0592448 0.749488 -0.0240866 0.0 0.0
NH3 -0.0119646 0.0 0.00407954 0.00399246 0.0 0.0
NH2 -0.0324264 0.000135641 0.037177 -0.0183515 0.0 0.0
OH1 -0.612463 0.00044244 1.24962 -0.08043 0.0 0.0
CT1 -0.474762 0.125159 0.184148 -0.000352684 0.0 0.0
CT2 -0.692025 0.0275849 0.132445 0.0157505 0.0 0.0
CT3 -1.08034 0.0261521 0.0741941 -0.0335026 0.0 0.0
OC -0.0265898 0.0 0.0307856 0.0 0.0 0.0
CY -0.7357 0.0122138 0.115461 -0.00277961 0.0 0.0
SM -0.968382 0.030059 0.821727 0.0138853 0.0 -1.6962
CP1 -0.403883 0.140567 0.0864782 0.00150886 0.0 0.0
CP2 -0.208218 0.0250459 0.111812 -0.00522485 0.0 0.0
CP3 -0.55349 0.650035 0.157098 0.0 0.0 0.0
CPH1 -0.734617 0.012973 0.175757 0.0052294 0.0 0.0
CPH2 -0.415277 0.00761737 0.155731 0.005021 0.0 0.0
