#Split unfolded energy two body component using boltzmann weighted mean values
#Author: Riley Simmons-Edler (rse231@nyu.edu)
ATOM fa_atr fa_rep fa_sol fa_elec hbond_sc dslf_fa13
WEIGHT 0.8 0.44 0.65 1.0 1.15 1.0
HNbb 0.0 0.0742078135476 0.0 -0.0816484956966 -0.242882708358 0.0
Ntrp -0.807511124649 0.0534560409627 0.767892634842 0.0091900348006 0.0 0.0
aroC -0.727078564536 0.0854968099536 0.135391265966 -0.0323562014596 0.0 0.0
ONH2 -0.538104492989 0.036607781526 0.523887304566 -0.299828802569 -0.130587549096 0.0
Narg -0.632784462951 0.0349817588775 0.547318110267 0.178950549623 0.0 0.0
COO -0.633229661214 0.0770386673002 0.190690777217 0.173647239813 0.0 0.0
CH1 -0.445870589441 0.0317009712846 0.255976629992 -0.00146540966647 0.0 0.0
CH2 -0.66367313878 0.076522866862 0.187667322939 0.00116557272697 0.0 0.0
CH3 -1.08542969281 0.106793713714 0.0667397955415 -0.0145887278512 0.0 0.0
OCbb -0.949441795113 0.350043110229 0.953060604255 -0.192456046111 -0.227462011528 0.0
NH2O -0.775467447463 0.0375324600173 0.583308592455 0.0322440668076 0.0 0.0
Nlys -0.426263932981 0.0283931863623 0.472484122874 0.0988274376443 0.0 0.0
CAbb -0.487871792026 0.136283849735 0.178588006689 0.000378282883222 0.0 0.0
VIRT 0.0 0.0 0.0 0.0 0.0 0.0
S -0.99825958488 0.0651045178871 0.654608263206 -0.0260448525203 0.0 -0.434409353247
Nhis -0.756442728095 0.0843267426294 0.402250620035 -0.11423436333 -0.0828673532625 0.0
Npro -0.628429002877 0.155213611724 0.133754007285 -0.076377212634 0.0 0.0
Haro 0.0 0.0325704120372 0.0 0.0046195734683 0.0 0.0
CNH2 -0.683848776623 0.0514996792514 0.14802785758 -0.0156484748097 0.0 0.0
OOC -0.543592323281 0.0339869417615 0.563778584891 -0.851640394767 -0.154875441357 0.0
OH -0.572698792167 0.0309708298231 0.80865896293 -0.186978891913 -0.105668198332 0.0
Hpol 0.0 0.0179860726481 0.0 -0.308242216339 -0.0663502394864 0.0
CObb -1.0124410683 0.442323835699 0.138302833717 -0.0393527603586 0.0 0.0
Nbb -0.918045541399 0.3401096716 0.659925565674 -0.0679897669335 0.0 0.0
Hapo 0.0 0.0412012692842 0.0 -0.00418991298877 0.0 0.0
