#Split unfolded energy two body component using mean values
#Author: Riley Simmons-Edler (rse231@nyu.edu)
ATOM fa_atr fa_rep fa_sol fa_elec hbond_sc dslf_fa13
WEIGHT 0.8 0.44 0.65 1.0 1.15 1.0
HS 0.0 0.151808517544 0.0 0.0415476319831 0.0 0.0
NC2 -0.501257945673 0.0416824795924 0.720154740201 0.291021908104 0.0 0.0
NR2 -0.658834059932 0.108443869393 0.444632236955 0.0284488890642 -0.0548038647512 0.0
HB 0.0 0.132683006388 0.0 -0.00435324390142 0.0 0.0
HC 0.0 0.0101094437048 0.0 -0.235477504103 -0.0520662855228 0.0
NR1 -0.651456411259 0.0610781795746 0.906707676003 0.0501318442774 0.0 0.0
HA 0.0 0.0285219603409 0.0 -0.0027972799031 0.0 0.0
CPT -0.574615321315 0.116300798169 0.118633120442 0.00800217052644 0.0 0.0
HR1 0.0 0.0508886437038 0.0 -0.0218564198817 0.0 0.0
HR3 0.0 0.0610520608798 0.0 -0.0168443697586 0.0 0.0
NY -0.763995176383 0.0674373256405 1.06216049606 0.0277133032666 0.0 0.0
VIRT 0.0 0.0 0.0 0.0 0.0 0.0
HP 0.0 0.0387892108043 0.0 0.006269685694 0.0 0.0
C -0.935624399049 0.469872577754 0.144538094044 -0.0295529524628 0.0 0.0
CC -0.556374473533 0.0807724751888 0.185023345219 0.156366258123 0.0 0.0
H 0.0 0.0737922452106 0.0 -0.0405915545315 -0.172177774902 0.0
CA -0.696303695192 0.100735701998 0.136500853192 -0.0110287063741 0.0 0.0
O -0.850463391031 0.357963928259 1.03010878415 -0.137790002669 -0.190120041497 0.0
N -0.600360472108 0.177631342049 0.135074307755 -0.068662082012 0.0 0.0
S -0.894623981578 0.0712596474179 0.712987307144 -0.0234006626215 0.0 0.0
NH1 -0.868118022053 0.39646920592 0.689889148401 -0.0410368311425 0.0 0.0
NH3 -0.302858342094 0.0348386036717 0.800066264341 0.121497526087 0.0 0.0
NH2 -0.599444865127 0.0448324594648 0.795790321077 0.0806828648237 0.0 0.0
OH1 -0.515481311731 0.0364012725342 0.991724489247 -0.052117855681 -0.077405922869 0.0
CT1 -0.462178132501 0.110907686531 0.205950423853 0.000112730080485 0.0 0.0
CT2 -0.593769090941 0.0812944759044 0.199581396018 0.00469038501947 0.0 0.0
CT3 -0.985409680914 0.123519515123 0.0964632111574 -0.0107438456844 0.0 0.0
OC -0.43167992614 0.0418864716749 0.774192465384 -0.454639930887 -0.10941156108 0.0
CY -0.654556458144 0.0836919568811 0.166380714605 -0.00298842161568 0.0 0.0
SM -0.986510232052 0.111173086027 0.779787100435 -0.00865714750603 0.0 -1.17905570641
CP1 -0.399403753866 0.17042422916 0.147809586123 0.00148377149999 0.0 0.0
CP2 -0.594719196194 0.057857782173 0.174696888695 -0.00532567743963 0.0 0.0
CP3 -0.70508298231 0.616221741523 0.256080270246 0.0 0.0 0.0
CPH1 -0.667869652832 0.102608547248 0.205158929016 -0.00538984743097 0.0 0.0
CPH2 -0.628704633235 0.140337421713 0.204843557129 -0.0204172598503 0.0 0.0
