#Split unfolded energy two body component using boltzmann weighted mean values
#Author: Riley Simmons-Edler (rse231@nyu.edu)
ATOM fa_atr fa_rep fa_sol fa_elec hbond_sc dslf_fa13
WEIGHT 0.8 0.44 0.65 1.0 1.15 1.0
HS 0.0 0.116966716168 0.0 0.0364528568079 0.0 0.0
NC2 -0.632784462951 0.0349817588775 0.547318110267 0.178950549623 0.0 0.0
NR2 -0.756442728095 0.0843267426294 0.402250620035 -0.11423436333 -0.0828673532625 0.0
HB 0.0 0.117737331139 0.0 -0.00529672673883 0.0 0.0
HC 0.0 0.00824536590237 0.0 -0.416890306304 -0.0675029713645 0.0
NR1 -0.777764863292 0.0504975200007 0.702938747442 0.0222892258107 0.0 0.0
HA 0.0 0.0240029232722 0.0 -0.00380979382021 0.0 0.0
CPT -0.60719710873 0.0986598559275 0.111382253154 0.00750819565811 0.0 0.0
HR1 0.0 0.0394133130229 0.0 -0.0265691972744 0.0 0.0
HR3 0.0 0.0485638115037 0.0 -0.0185573496058 0.0 0.0
NY -0.852954626028 0.0581809855018 0.891552814863 -0.011530435903 0.0 0.0
VIRT 0.0 0.0 0.0 0.0 0.0 0.0
HP 0.0 0.0325704120372 0.0 0.0046195734683 0.0 0.0
C -0.996525048575 0.40877003124 0.139396497516 -0.0516997788221 0.0 0.0
CC -0.653218805147 0.0670349187373 0.173911638119 0.093548771438 0.0 0.0
H 0.0 0.0624151838627 0.0 -0.0982530891852 -0.200481416141 0.0
CA -0.748116627329 0.087167208324 0.126633768856 -0.0116060033716 0.0 0.0
O -0.927268884569 0.319379893739 0.90871401122 -0.201012418903 -0.220876081501 0.0
N -0.628429002877 0.155213611724 0.133754007285 -0.076377212634 0.0 0.0
S -0.99348275346 0.0614366905243 0.645406508889 -0.0274737434116 0.0 0.0
NH1 -0.918045541399 0.3401096716 0.659925565674 -0.0679897669335 0.0 0.0
NH3 -0.426263932981 0.0283931863623 0.472484122874 0.0988274376443 0.0 0.0
NH2 -0.775467447463 0.0375324600173 0.583308592455 0.0322440668076 0.0 0.0
OH1 -0.572698792167 0.0309708298231 0.80865896293 -0.186978891913 -0.105668198332 0.0
CT1 -0.475648262616 0.106888771917 0.196820652981 -0.00015645348087 0.0 0.0
CT2 -0.651808966387 0.0730575272147 0.188122189131 0.00186263659172 0.0 0.0
CT3 -1.08542969281 0.106793713714 0.0667397955415 -0.0145887278512 0.0 0.0
OC -0.543592323281 0.0339869417615 0.563778584891 -0.851640394767 -0.154875441357 0.0
CY -0.681200322382 0.0717537397755 0.160600130359 -0.00302747403856 0.0 0.0
SM -1.03842806221 0.0980941629381 0.741653285162 -0.0134176144377 0.0 -1.45279814335
CP1 -0.413483365705 0.163292129811 0.139518449395 0.00146515118531 0.0 0.0
CP2 -0.673460445318 0.0532246297697 0.163248026566 -0.00673364662154 0.0 0.0
CP3 -0.7656363836 0.575442247441 0.240469522534 0.0 0.0 0.0
CPH1 -0.733177863116 0.0872004131551 0.193361316781 -0.00819605428571 0.0 0.0
CPH2 -0.738300522349 0.115456188288 0.186295868898 -0.0295218270739 0.0 0.0
