#Split unfolded energy two body component using mean values
#Author: Riley Simmons-Edler (rse231@nyu.edu)
ATOM fa_atr fa_rep fa_sol fa_elec hbond_sc dslf_fa13
WEIGHT 0.8 0.44 0.65 1.0 1.15 1.0
HNbb 0.0 0.0857832037468 0.0 -0.036804585035 -0.2173882848 0.0
Ntrp -0.694289616369 0.0635364789714 0.965874333103 0.0415991581019 0.0 0.0
aroC -0.669103598216 0.0994961408329 0.146263086356 -0.023771356214 0.0 0.0
ONH2 -0.45216961423 0.0439554622425 0.662866752132 -0.19717321867 -0.0968425990121 0.0
Narg -0.501257945673 0.0416824795924 0.720154740201 0.291021908104 0.0 0.0
COO -0.534742815985 0.0935061696337 0.203256370889 0.246440115667 0.0 0.0
CH1 -0.432941339655 0.0333729300132 0.266601064712 -0.00099239000914 0.0 0.0
CH2 -0.602333079675 0.0901999110242 0.199239901812 0.00395724074288 0.0 0.0
CH3 -0.985409680914 0.123519515123 0.0964632111574 -0.0107438456844 0.0 0.0
OCbb -0.881945305482 0.383902143522 1.05913630832 -0.133096237828 -0.197492871894 0.0
NH2O -0.599444865127 0.0448324594648 0.795790321077 0.0806828648237 0.0 0.0
Nlys -0.302858342094 0.0348386036717 0.800066264341 0.121497526087 0.0 0.0
CAbb -0.472466089001 0.139494931447 0.186714826648 0.000560649160313 0.0 0.0
VIRT 0.0 0.0 0.0 0.0 0.0 0.0
S -0.904064009844 0.075364655701 0.71985005248 -0.0218859724616 0.0 -0.121131498325
Nhis -0.658834059932 0.108443869393 0.444632236955 0.0284488890642 -0.0548038647512 0.0
Npro -0.600360472108 0.177631342049 0.135074307755 -0.068662082012 0.0 0.0
Haro 0.0 0.0387892108043 0.0 0.006269685694 0.0 0.0
CNH2 -0.590961027208 0.0605693197366 0.155870816357 0.0123484313878 0.0 0.0
OOC -0.43167992614 0.0418864716749 0.774192465384 -0.454639930887 -0.10941156108 0.0
OH -0.515481311731 0.0364012725342 0.991724489247 -0.052117855681 -0.077405922869 0.0
Hpol 0.0 0.0233983914526 0.0 -0.152343646739 -0.0499867113544 0.0
CObb -0.959592293913 0.497116766993 0.142908453938 -0.0208642999529 0.0 0.0
Nbb -0.868118022053 0.39646920592 0.689889148401 -0.0410368311425 0.0 0.0
Hapo 0.0 0.0489421747145 0.0 -0.00315976610442 0.0 0.0
