#Split unfolded energy two body component using median values
#Author: Riley Simmons-Edler (rse231@nyu.edu)
ATOM fa_atr fa_rep fa_sol fa_elec hbond_sc dslf_fa13
WEIGHT 0.8 0.44 0.65 1.0 1.15 1.0
HS 0.0 0.0372353 0.0 0.0347613 0.0 0.0
NC2 -0.445357 0.00149004 0.655553 0.170157 0.0 0.0
NR2 -0.646461 0.0121941 0.440388 0.0153344 0.0 0.0
HB 0.0 0.0787251 0.0 -0.00243031 0.0 0.0
HC 0.0 0.0 0.0 -0.067377 0.0 0.0
NR1 -0.622187 0.00605866 0.873111 0.0231248 0.0 0.0
HA 0.0 0.000115153 0.0 0.000172842 0.0 0.0
CPT -0.588942 0.0532566 0.103409 -0.00122181 0.0 0.0
HR1 0.0 0.0 0.0 -0.00792448 0.0 0.0
HR3 0.0 0.000771153 0.0 -0.00868669 0.0 0.0
NY -0.776181 0.0211157 1.09074 0.0102879 0.0 0.0
VIRT 0.0 0.0 0.0 0.0 0.0 0.0
HP 0.0 0.00146452 0.0 0.0106039 0.0 0.0
C -0.959494 0.415944 0.142032 -0.0233642 0.0 0.0
CC -0.510002 0.0172211 0.166996 0.0856242 0.0 0.0
H 0.0 0.0218985 0.0 -0.0405373 -0.122397 0.0
CA -0.720672 0.0482648 0.122787 -0.00872878 0.0 0.0
O -0.926436 0.312094 1.12565 -0.152296 -0.204095 0.0
N -0.597674 0.0946303 0.135638 -0.0714128 0.0 0.0
S -0.91549 0.0266239 0.725076 -0.0150638 0.0 0.0
NH1 -0.88164 0.405362 0.708166 -0.0220969 0.0 0.0
NH3 -0.201861 0.0 0.575046 0.0522034 0.0 0.0
NH2 -0.505035 0.00235682 0.683086 0.034431 0.0 0.0
OH1 -0.517054 0.00183286 1.00564 -0.0349838 0.0 0.0
CT1 -0.465857 0.114133 0.19326 2.9295e-05 0.0 0.0
CT2 -0.599088 0.0480863 0.184594 0.00503921 0.0 0.0
CT3 -1.02476 0.0697202 0.0825232 -0.0158226 0.0 0.0
OC -0.351822 0.0 0.669489 -0.236904 0.0 0.0
CY -0.668233 0.0298661 0.152303 -0.00277961 0.0 0.0
SM -1.00795 0.0644779 0.792458 -0.00768815 0.0 -1.5188
CP1 -0.400749 0.14462 0.132948 0.00150886 0.0 0.0
CP2 -0.560509 0.0317467 0.153246 -0.00762374 0.0 0.0
CP3 -0.694081 0.62866 0.240478 0.0 0.0 0.0
CPH1 -0.678594 0.0419392 0.186814 0.000107691 0.0 0.0
CPH2 -0.602885 0.0618983 0.181084 -0.00895942 0.0 0.0
#Begin NCAA atom types derived from substitution into crystal structures.
BR -1.39411 0.0270705 0.774708 -0.00683293 0.0 0.0
CAP -0.616463 0.0148849 0.0990268 -0.0109953 0.0 0.0
CE1 -0.596635 0.00520873 0.126131 0.00145516 0.0 0.0
CE2 -0.754406 0.0556217 0.111712 -0.00766445 0.0 0.0
CF1 -0.723227 0.0732259 0.101248 -0.007406 0.0 0.0
CF3 -0.437057 0.0273807 0.148691 -0.00308388 0.0 0.0
CL -1.16323 0.000416782 0.953859 -0.00610366 0.0 0.0
F1 -0.443381 0.0147879 0.838812 -0.0189234 0.0 0.0
F3 -0.485752 0.035072 0.955543 -0.02324 0.0 0.0
HE1 0.0 0.0 0.0 -0.00630982 0.0 0.0
HE2 0.0 0.00107676 0.0 0.0101738 0.0 0.0
I -2.01146 0.000584995 0.850097 -0.00176339 0.0 0.0
OE -0.467991 0.00345494 0.910236 -0.0271877 0.0 0.0