#Split unfolded energy two body component using mode values
#Author: Riley Simmons-Edler (rse231@nyu.edu)
ATOM fa_atr fa_rep fa_sol fa_elec hbond_sc dslf_fa13
WEIGHT 0.8 0.44 0.65 1.0 1.15 1.0
HIS/8 -0.833714 0.0146629 0.1765 0.00457993 0.0 0.0
HIS/9 -0.415277 0.00775016 0.155691 0.00495726 0.0 0.0
TYR/19 0.0 0.0 0.0 0.0153496 0.0 0.0
TYR/18 0.0 0.00017066 0.0 0.00568189 0.0 0.0
LYS/18 0.0 0.0 0.0 -0.00729365 0.0 0.0
LYS/19 0.0 0.0 0.0 -0.00288301 0.0 0.0
LYS/16 0.0 0.0 0.0 -0.00658068 0.0 0.0
LYS/17 0.0 0.0 0.0 -0.00587607 0.0 0.0
LYS/14 0.0 0.0 0.0 -0.0135621 0.0 0.0
LYS/15 0.0 0.0 0.0 -0.0103293 0.0 0.0
LYS/12 0.0 0.0 0.0 -0.0158346 0.0 0.0
LYS/13 0.0 0.0 0.0 0.0128524 0.0 0.0
HIS/6 -0.631398 0.00808123 0.112935 0.0133986 0.0 0.0
LYS/11 0.0 0.00367783 0.0 -0.00369218 0.0 0.0
THR/8 0.0 0.00226523 0.0 -0.105336 0.0 0.0
THR/9 0.0 0.0127451 0.0 -0.00357036 0.0 0.0
THR/2 -0.321965 0.0 0.143638 -0.00768168 0.0 0.0
THR/3 -0.875982 0.0154979 0.109791 -0.028533 0.0 0.0
THR/1 -0.678597 0.0158209 0.550255 -0.0417697 0.0 0.0
THR/6 -0.604444 0.000191904 1.15537 -0.0289099 0.0 0.0
THR/7 -1.07955 0.0183861 0.0854105 -0.0026621 0.0 0.0
THR/4 -0.914868 0.0339619 1.15579 -0.274924 0.0 0.0
THR/5 -0.310405 0.00164171 0.228964 -0.00848901 0.0 0.0
CYD/10 0.0 0.00300278 0.0 -0.00414156 0.0 0.0
TYR/13 0.0 0.00276069 0.0 -0.143728 0.0 0.0
TYR/15 0.0 0.000601931 0.0 -0.00429383 0.0 0.0
TYR/14 0.0 0.0119356 0.0 0.00368812 0.0 0.0
TYR/17 0.0 0.000139043 0.0 -0.0109747 0.0 0.0
TYR/16 0.0 0.000855517 0.0 -0.00162915 0.0 0.0
TYR/12 -0.32694 0.00148622 1.05153 -0.00421393 0.0 0.0
TYR/11 -0.65773 0.0158513 0.0541937 0.0302839 0.0 0.0
TYR/10 -0.762661 0.0206705 0.0519145 0.000431629 0.0 0.0
LYS/8 -0.0210036 0.0 0.0722869 -0.00642254 0.0 0.0
LYS/10 0.0 0.00411142 0.0 -0.0732783 0.0 0.0
LYS/4 -0.900604 0.0340923 1.15162 0.161592 0.0 0.0
LYS/5 -0.42332 0.00157265 0.156832 0.00807533 0.0 0.0
LYS/6 -0.403013 0.00415412 0.154224 0.0176389 0.0 0.0
HIS/7 -0.386481 0.000216838 0.251537 -0.00105259 0.0 0.0
LYS/1 -0.874767 0.0205363 0.648923 0.0240711 0.0 0.0
LYS/2 -0.307821 0.0 0.176067 -0.00740878 0.0 0.0
LYS/3 -0.838002 0.0206238 0.11137 -0.00903792 0.0 0.0
ARG/18 0.0 0.0 0.0 -0.01039 0.0 0.0
ARG/19 0.0 0.0 0.0 -0.0130665 0.0 0.0
ARG/16 0.0 0.0 0.0 -0.0034169 0.0 0.0
ARG/17 0.0 0.0 0.0 -0.0404712 0.0 0.0
ARG/14 0.0 0.0 0.0 -0.0319155 0.0 0.0
ARG/15 0.0 0.0 0.0 -0.0139233 0.0 0.0
ARG/12 0.0 0.00385994 0.0 -0.0761984 0.0 0.0
ARG/13 0.0 0.00465634 0.0 -0.00471471 0.0 0.0
ARG/10 -0.00187319 0.000399583 0.00991986 0.0145702 0.0 0.0
ARG/11 -0.45956 0.00101632 0.00267374 0.0 0.0 0.0
PHE/19 0.0 0.000691998 0.0 0.0190135 0.0 0.0
PHE/18 0.0 0.000707936 0.0 0.0298316 0.0 0.0
ALA/10 0.0 0.000507787 0.0 0.0134571 0.0 0.0
PHE/15 0.0 0.000858548 0.0 0.00257153 0.0 0.0
PHE/14 0.0 0.000538961 0.0 -0.011097 0.0 0.0
PHE/17 0.0 0.000241816 0.0 0.00948163 0.0 0.0
PHE/16 0.0 0.000301072 0.0 0.0155976 0.0 0.0
PHE/11 -0.812322 0.022649 0.0115279 -0.0194757 0.0 0.0
PHE/10 -0.814585 0.0223122 0.0245408 -0.00666173 0.0 0.0
PHE/13 0.0 0.0114544 0.0 -0.00271502 0.0 0.0
PHE/12 0.0 0.00249256 0.0 -0.108579 0.0 0.0
PHE/9 -0.815149 0.0219607 0.0215809 -0.0227306 0.0 0.0
PHE/8 -0.75732 0.0195995 0.0555233 -0.00987012 0.0 0.0
PHE/5 -0.689338 0.00843903 0.140134 0.0227057 0.0 0.0
PHE/4 -0.939299 0.0382626 1.16592 -0.338607 0.0 0.0
PHE/7 -0.784116 0.0184623 0.0551889 -0.0167073 0.0 0.0
PHE/6 -0.567678 0.00754095 0.0931672 0.0 0.0 0.0
PHE/1 -0.687783 0.0191038 0.551571 -0.0370084 0.0 0.0
PHE/3 -0.921599 0.0139875 0.125265 -0.0147385 0.0 0.0
PHE/2 -0.446278 3.20705e-05 0.137972 -0.00273357 0.0 0.0
MET/10 0.0 0.00570481 0.0 0.000411337 0.0 0.0
MET/11 0.0 0.000309394 0.0 -0.0175214 0.0 0.0
MET/12 0.0 5.52749e-05 0.0 0.014664 0.0 0.0
MET/13 0.0 0.000456061 0.0 0.00225308 0.0 0.0
MET/14 0.0 0.00150947 0.0 -0.00330962 0.0 0.0
MET/15 0.0 9.91819e-05 0.0 0.0222425 0.0 0.0
MET/16 0.0 6.57084e-06 0.0 0.00704868 0.0 0.0
MET/17 0.0 0.0 0.0 0.00473471 0.0 0.0
HIS_D/17 0.0 0.0 0.0 0.00057686 0.0 0.0
HIS_D/16 0.0 0.0 0.0 0.00280758 0.0 0.0
HIS_D/15 0.0 0.0 0.0 -0.0215117 0.0 0.0
HIS_D/14 0.0 0.0 0.0 0.00385765 0.0 0.0
HIS_D/13 0.0 0.0 0.0 -0.0129932 0.0 0.0
HIS_D/12 0.0 0.00158028 0.0 -0.00167944 0.0 0.0
HIS_D/11 0.0 0.000469489 0.0 0.123612 0.0 0.0
HIS_D/10 -0.0628425 0.0 0.0368334 -0.0022912 0.0 0.0
SER/10 0.0 0.0 0.0 0.00538941 0.0 0.0
TRP/15 0.0 0.0027294 0.0 -0.134436 0.0 0.0
CYS/7 0.0 0.00311345 0.0 -0.163887 -0.371045 0.0
CYS/6 -1.08507 0.0218776 0.857861 0.0170931 0.0 0.0
CYS/5 -0.807205 0.0180125 0.131841 0.0170025 0.0 0.0
CYS/4 -0.965017 0.0418334 1.1814 -0.266492 0.0 0.0
CYS/3 -0.832492 0.0164927 0.12455 -0.0542388 0.0 0.0
CYS/2 -0.434442 0.000820223 0.162051 -0.00348846 0.0 0.0
CYS/1 -0.769644 0.0213474 0.692596 -0.0230425 0.0 0.0
CYS/9 0.0 0.00340859 0.0 0.00768265 0.0 0.0
CYS/8 0.0 0.0106619 0.0 0.00274703 0.0 0.0
TYR/20 0.0 1.7907e-06 0.0 0.0219742 0.0 0.0
TYR/21 0.0 0.0 0.0 0.029267 0.0 0.0
ASN/10 0.0 0.00790004 0.0 0.0148337 0.0 0.0
ASN/11 0.0 0.000236048 0.0 -0.0383784 0.0 0.0
ASN/12 0.0 0.0 0.0 -0.017957 0.0 0.0
ASN/13 0.0 0.0 0.0 -0.0089137 0.0 0.0
PRO/11 0.0 0.0 0.0 0.00250365 0.0 0.0
PRO/10 0.0 5.05674e-06 0.0 0.021917 0.0 0.0
PRO/13 0.0 0.0 0.0 -0.00195096 0.0 0.0
PRO/12 0.0 0.0 0.0 0.00685044 0.0 0.0
PRO/15 0.0 0.0149368 0.0 -0.0111779 0.0 0.0
PRO/14 0.0 0.00823827 0.0 -0.0105048 0.0 0.0
HIS_D/9 -0.00826773 0.0 0.0229642 -2.20837e-06 0.0 0.0
HIS_D/8 -0.403802 0.0 0.0413366 -0.0161028 0.0 0.0
HIS_D/3 -0.292827 0.0123194 0.073752 -0.0944915 0.0 0.0
HIS_D/2 -0.190625 0.0 0.0728224 -0.000678356 0.0 0.0
HIS_D/1 -0.449653 0.0083004 0.499751 -0.0192911 0.0 0.0
HIS_D/7 -0.156021 0.0 0.0280275 0.0175576 0.0 0.0
HIS_D/6 -0.27492 0.00060858 0.0500349 -0.00248916 0.0 0.0
HIS_D/5 -0.0947127 0.0 0.0346045 -0.00352987 0.0 0.0
HIS_D/4 -0.241806 0.0209459 0.438151 0.0387379 0.0 0.0
VAL/15 0.0 0.00018546 0.0 0.0112539 0.0 0.0
VAL/14 0.0 2.58738e-05 0.0 0.0123476 0.0 0.0
VAL/16 0.0 0.00463207 0.0 0.00378703 0.0 0.0
VAL/11 0.0 0.0 0.0 -0.000244138 0.0 0.0
VAL/10 0.0 0.000397273 0.0 0.000762602 0.0 0.0
VAL/13 0.0 4.77889e-05 0.0 0.00643896 0.0 0.0
VAL/12 0.0 0.00150354 0.0 0.00109325 0.0 0.0
GLN/5 -0.501983 0.00263919 0.119722 0.0255497 0.0 0.0
GLN/4 -0.904151 0.0356133 1.17287 -0.214082 0.0 0.0
GLN/7 -0.331932 0.000623158 0.102357 -0.0468936 0.0 0.0
GLN/6 -0.391004 0.00772435 0.136861 0.0354792 0.0 0.0
GLN/1 -0.865281 0.0217611 0.657014 0.047801 0.0 0.0
GLN/3 -0.918893 0.0205518 0.114466 -0.027567 0.0 0.0
GLN/2 -0.389319 0.0 0.13108 -0.00426197 0.0 0.0
GLN/9 -0.29007 3.88366e-05 0.0297643 0.00837445 0.0 0.0
GLN/8 -0.213361 0.0 0.0429837 -0.0108346 0.0 0.0
GLY/6 0.0 0.000248442 0.0 -0.0130739 0.0 0.0
GLY/7 0.0 0.00335922 0.0 -0.000243379 0.0 0.0
GLY/4 -0.975507 0.031485 1.2503 0.126071 0.0 0.0
GLY/5 0.0 0.00461714 0.0 -0.0509137 0.0 0.0
GLY/2 -0.304127 0.00416605 0.123091 0.00111972 0.0 0.0
GLY/3 -0.879716 0.0213041 0.0871792 -0.0118955 0.0 0.0
GLY/1 -0.806402 0.0265461 0.64972 0.0388474 0.0 0.0
CYD/8 0.0 0.0205858 0.0 -0.0215337 0.0 0.0
CYD/9 0.0 0.00271816 0.0 -0.0299721 0.0 0.0
CYD/4 -0.961399 0.034865 1.15919 -0.222768 0.0 0.0
CYD/5 -0.813183 0.0185708 0.175275 0.00965805 0.0 0.0
CYD/6 -0.872176 0.0272627 0.757174 0.01392 0.0 -0.519486
CYD/7 0.0 0.00121336 0.0 0.00340927 0.0 0.0
CYD/1 -0.806106 0.0186471 0.692574 -0.0309708 0.0 0.0
CYD/2 -0.47081 0.00931614 0.179268 -0.00148701 0.0 0.0
CYD/3 -0.834519 0.019465 0.0817727 -0.0421668 0.0 0.0
HIS/1 -0.694806 0.0198368 0.648845 0.0553786 0.0 0.0
HIS/2 -0.412312 0.0 0.147957 0.00138041 0.0 0.0
HIS/3 -0.882949 0.0180149 0.136664 -0.0240299 0.0 0.0
HIS/4 -0.923171 0.0358647 1.15748 -0.294751 0.0 0.0
PHE/20 0.0 0.000474185 0.0 0.0228599 0.0 0.0
HIS/5 -0.729768 0.00827455 0.123085 0.0100265 0.0 0.0
THR/14 0.0 0.000186823 0.0 0.0187803 0.0 0.0
THR/10 0.0 0.000437004 0.0 0.0153359 0.0 0.0
THR/11 0.0 0.0 0.0 0.0316632 0.0 0.0
THR/12 0.0 0.0 0.0 0.00147607 0.0 0.0
THR/13 0.0 0.0 0.0 -0.0217579 0.0 0.0
GLU/8 -0.0235247 0.0 0.0295399 -0.0124361 0.0 0.0
GLU/9 -0.0702905 0.0 0.0207479 -0.0270485 0.0 0.0
GLU/2 -0.328792 0.0 0.133783 0.00293449 0.0 0.0
GLU/3 -0.835839 0.0238687 0.117127 0.0136051 0.0 0.0
GLU/1 -0.842245 0.0199857 0.651048 0.0386019 0.0 0.0
GLU/6 -0.386176 0.0047315 0.12492 -0.029296 0.0 0.0
GLU/7 -0.346246 0.000165045 0.147115 0.0160221 0.0 0.0
GLU/4 -0.878031 0.036113 1.17011 -0.252568 0.0 0.0
GLU/5 -0.400615 0.000871021 0.122936 -0.0247488 0.0 0.0
GLU/14 0.0 0.0 0.0 0.00693793 0.0 0.0
GLU/15 0.0 0.0 0.0 0.0176591 0.0 0.0
GLU/10 0.0 0.00433147 0.0 -0.0993694 0.0 0.0
GLU/11 0.0 0.00194807 0.0 0.0136806 0.0 0.0
GLU/12 0.0 0.0 0.0 -0.0198012 0.0 0.0
GLU/13 0.0 0.0 0.0 0.0153793 0.0 0.0
VAL/5 -0.389452 0.000122886 0.209439 0.00188311 0.0 0.0
VAL/4 -0.926346 0.0376984 1.15042 -0.264052 0.0 0.0
VAL/7 -1.11568 0.0281723 -0.00715098 0.0276058 0.0 0.0
VAL/6 -1.02518 0.02819 0.058155 -0.0564449 0.0 0.0
VAL/1 -0.650897 0.0171384 0.552136 -0.0378604 0.0 0.0
VAL/3 -0.839583 0.00997546 0.113419 -0.00940205 0.0 0.0
VAL/2 -0.397781 0.0 0.144321 -0.00252805 0.0 0.0
VAL/9 0.0 0.0145383 0.0 0.00243431 0.0 0.0
VAL/8 0.0 0.00102107 0.0 -0.120981 -0.383253 0.0
LYS/7 -0.285265 0.0 0.124469 0.0594049 0.0 0.0
PRO/9 0.0 0.00111124 0.0 0.000149348 0.0 0.0
PRO/8 0.0 0.0 0.0 0.0 0.0 0.0
PRO/1 -0.47986 0.00324896 0.127254 -0.0482624 0.0 0.0
PRO/3 -0.550781 0.0484195 0.0989271 -0.0547913 0.0 0.0
PRO/2 -0.301614 0.0 0.0714977 0.00150528 0.0 0.0
PRO/5 -0.118524 0.000193691 0.0764274 3.11169e-05 0.0 0.0
PRO/4 -0.830438 0.0372891 1.05157 0.0886722 0.0 0.0
PRO/7 -0.459003 0.141057 0.108929 0.0 0.0 0.0
PRO/6 -0.194838 0.0017105 0.0762703 -0.0168351 0.0 0.0
LEU/2 -0.400713 0.0 0.126364 -0.00199238 0.0 0.0
LEU/3 -0.886629 0.017436 0.110761 0.0184258 0.0 0.0
LEU/1 -0.953758 0.0246817 0.658062 -0.0170293 0.0 0.0
LEU/6 -0.393685 0.0020022 0.185477 0.00628315 0.0 0.0
LEU/7 -1.06462 0.0155725 0.00176892 -0.00319052 0.0 0.0
LEU/4 -1.01953 0.0406802 1.16568 -0.332501 0.0 0.0
LEU/5 -0.635268 0.00222439 0.11408 0.0255426 0.0 0.0
LEU/8 -1.00157 0.0133853 -0.0190602 -0.0624948 0.0 0.0
LEU/9 0.0 0.00337237 0.0 -0.104989 -0.376824 0.0
ILE/8 -1.09418 0.0201806 -0.0228347 -0.00731995 0.0 0.0
ILE/9 0.0 0.0018139 0.0 -0.118063 -0.369904 0.0
TRP/24 0.0 0.000203705 0.0 0.0252793 0.0 0.0
TRP/21 0.0 0.00190143 0.0 0.00305027 0.0 0.0
TRP/20 0.0 0.0 0.0 0.00454814 0.0 0.0
TRP/23 0.0 0.000855407 0.0 0.035948 0.0 0.0
TRP/22 0.0 0.0 0.0 0.0 0.0 0.0
ILE/4 -0.94296 0.0390709 1.17409 -0.269308 -0.351545 0.0
ILE/5 -0.353097 1.74231e-05 0.207007 -0.00185111 0.0 0.0
MET/8 -1.08575 0.019765 -0.013335 -0.0296863 0.0 0.0
MET/9 0.0 0.00371658 0.0 -0.152986 -0.37166 0.0
MET/6 -0.783882 0.0169056 0.112814 0.00789261 0.0 0.0
MET/7 -0.900731 0.00936151 0.650295 -0.00730669 0.0 0.0
MET/4 -1.00601 0.041855 1.19306 -0.284506 0.0 0.0
MET/5 -0.735203 0.00558227 0.1347 0.0395791 0.0 0.0
MET/2 -0.415995 0.0 0.15207 -0.005284 0.0 0.0
MET/3 -0.875122 0.0187124 0.117764 -0.0398792 0.0 0.0
CYS/11 0.0 0.0019242 0.0 0.0448945 0.0 0.0
CYS/10 0.0 0.00214167 0.0 0.0136153 0.0 0.0
ILE/12 0.0 0.000122412 0.0 0.00961959 0.0 0.0
ILE/13 0.0 0.0036341 0.0 0.00443798 0.0 0.0
ILE/10 0.0 0.0117518 0.0 0.001948 0.0 0.0
ILE/11 0.0 0.000370301 0.0 0.00798079 0.0 0.0
ILE/16 0.0 9.36212e-06 0.0 -0.0118827 0.0 0.0
ILE/17 0.0 0.000197784 0.0 0.0249223 0.0 0.0
ILE/14 0.0 0.0 0.0 0.0119433 0.0 0.0
ILE/15 0.0 0.00136847 0.0 -0.00284224 0.0 0.0
ILE/18 0.0 2.43337e-05 0.0 0.00494828 0.0 0.0
ILE/19 0.0 0.0 0.0 0.0186015 0.0 0.0
ASP/8 -0.0309727 0.0 0.0414384 -0.0492652 0.0 0.0
ASP/9 0.0 0.00331344 0.0 0.0823409 0.0 0.0
ASP/1 -0.684625 0.0201246 0.649043 -0.0370221 0.0 0.0
ASP/2 -0.346803 0.0 0.117101 0.00239927 0.0 0.0
ASP/3 -0.784809 0.0280634 0.0998732 -0.00261354 0.0 0.0
ASP/4 -0.903193 0.0355449 1.15928 -0.220641 0.0 0.0
ASP/5 -0.490252 0.00336214 0.136464 -0.0452033 0.0 0.0
ASP/6 -0.581135 0.00806796 0.152945 0.0152955 0.0 0.0
ASP/7 -0.222576 9.35169e-05 0.450414 -0.121005 0.0 0.0
SER/2 -0.337878 0.0 0.12577 0.000426817 0.0 0.0
SER/3 -0.86109 0.0220006 0.132517 0.0163441 0.0 0.0
SER/1 -0.771115 0.0172962 0.649167 0.0146621 0.0 0.0
SER/6 -0.532471 0.000249063 1.05105 -0.0643355 0.0 0.0
SER/7 0.0 0.00355832 0.0 -0.112797 0.0 0.0
SER/4 -0.953259 0.0336306 1.16677 -0.241922 0.0 0.0
SER/5 -0.479222 0.00860566 0.220521 0.00195201 0.0 0.0
SER/8 0.0 0.00577253 0.0 0.00360282 0.0 0.0
SER/9 0.0 2.7199e-05 0.0 0.0123575 0.0 0.0
ASN/14 0.0 0.0 0.0 0.015961 0.0 0.0
ASN/8 -0.397953 0.000317196 0.451456 -0.00604252 0.0 0.0
ASN/9 0.0 0.00378399 0.0 -0.0846414 0.0 0.0
ASN/2 -0.33522 0.0 0.126035 0.00713195 0.0 0.0
ASN/3 -0.785145 0.0240843 0.118187 -0.0220546 0.0 0.0
ASN/1 -0.789849 0.0216304 0.649997 0.0102026 0.0 0.0
ASN/6 -0.357085 0.00712637 0.119417 -0.00220097 0.0 0.0
ASN/7 -0.169022 0.000419773 0.250295 0.025499 0.0 0.0
ASN/4 -0.939407 0.0352634 1.15315 -0.224994 0.0 0.0
ASN/5 -0.466263 0.00743766 0.164932 0.0237855 0.0 0.0
LYS/9 -0.0135215 0.0 0.00412824 0.00487486 0.0 0.0
MET/1 -0.907919 0.0225854 0.661317 0.0357304 0.0 0.0
LYS/22 0.0 0.0 0.0 0.0 0.0 0.0
LYS/21 0.0 0.0 0.0 0.00109923 0.0 0.0
LYS/20 0.0 0.0 0.0 0.0 0.0 0.0
TRP/10 -0.651233 0.017905 0.06938 0.00752343 0.0 0.0
TRP/11 -0.766127 0.0257713 0.0395413 -0.0234752 0.0 0.0
TRP/12 -0.756674 0.0238089 0.0318696 -0.023074 0.0 0.0
TRP/13 -0.886285 0.0243962 0.0255837 -0.0302494 0.0 0.0
TRP/14 -0.890413 0.0238429 0.0259789 -0.0275281 0.0 0.0
SER/11 0.0 8.09734e-05 0.0 0.0138074 0.0 0.0
TRP/16 0.0 0.00796264 0.0 -0.00328072 0.0 0.0
TRP/17 0.0 0.000357724 0.0 0.0051208 0.0 0.0
TRP/18 0.0 0.000617933 0.0 0.0247692 0.0 0.0
TRP/19 0.0 5.30571e-05 0.0 -0.0331022 0.0 0.0
ALA/4 -0.885508 0.0414329 1.15171 -0.222021 0.0 0.0
ALA/5 -1.2442 0.0148713 0.181893 0.0131698 0.0 0.0
ALA/6 0.0 0.00483932 0.0 -0.126236 0.0 0.0
ALA/7 0.0 0.00237797 0.0 0.00621755 0.0 0.0
ALA/1 -0.875769 0.022386 0.658889 0.00923695 0.0 0.0
ALA/2 -0.508854 5.1807e-05 0.179078 0.00143413 0.0 0.0
ALA/3 -0.888224 0.0277198 0.101612 0.0206869 0.0 0.0
ALA/8 0.0 0.0 0.0 0.0122832 0.0 0.0
ALA/9 0.0 0.0 0.0 -0.0193865 0.0 0.0
GLN/15 0.0 0.0 0.0 -0.00973418 0.0 0.0
GLN/14 0.0 0.0 0.0 -0.0316021 0.0 0.0
GLN/17 0.0 0.0 0.0 -0.0173626 0.0 0.0
GLN/16 0.0 0.0 0.0 0.0079747 0.0 0.0
GLN/11 0.0 0.00364436 0.0 -0.00176964 0.0 0.0
GLN/10 0.0 0.00470156 0.0 -0.149989 0.0 0.0
GLN/13 0.0 0.0 0.0 0.000225946 0.0 0.0
GLN/12 0.0 8.14006e-06 0.0 -0.0136141 0.0 0.0
HIS/12 0.0 0.00846776 0.0 -0.00604683 0.0 0.0
HIS/13 0.0 0.00037389 0.0 -0.00891408 0.0 0.0
HIS/10 -0.323811 0.000458044 0.549871 0.0359384 0.0 0.0
HIS/11 0.0 0.00376908 0.0 -0.140472 0.0 0.0
HIS/16 0.0 0.0 0.0 -0.0322687 0.0 0.0
HIS/17 0.0 0.0 0.0 0.0204747 0.0 0.0
HIS/14 0.0 0.000130661 0.0 0.017773 0.0 0.0
HIS/15 0.0 0.0 0.0 -0.00181589 0.0 0.0
LEU/14 0.0 2.85116e-06 0.0 0.0117298 0.0 0.0
LEU/15 0.0 0.0 0.0 -0.00116261 0.0 0.0
LEU/16 0.0 0.0 0.0 0.0119957 0.0 0.0
LEU/17 0.0 0.0 0.0 0.0148236 0.0 0.0
LEU/10 0.0 0.00529243 0.0 -0.00918038 0.0 0.0
LEU/11 0.0 4.78488e-05 0.0 0.00571466 0.0 0.0
LEU/12 0.0 4.06843e-05 0.0 0.0117861 0.0 0.0
LEU/13 0.0 0.00116881 0.0 0.0101776 0.0 0.0
ILE/1 -0.66166 0.0198613 0.550484 0.0106195 0.0 0.0
ILE/2 -0.354534 0.0 0.135636 -0.00168928 0.0 0.0
ILE/3 -0.792244 0.00995015 0.104034 -0.0140301 0.0 0.0
LEU/18 0.0 0.0 0.0 0.00445046 0.0 0.0
LEU/19 0.0 0.0 0.0 0.0115091 0.0 0.0
ILE/6 -0.721246 0.0152205 0.0958101 0.000898001 0.0 0.0
ILE/7 -0.91067 0.026626 -0.0244539 -0.0770138 0.0 0.0
TRP/6 -0.573213 0.00866182 0.0919468 -0.00278652 0.0 0.0
TRP/7 -0.91608 0.0232317 0.186895 0.000503072 0.0 0.0
TRP/4 -0.987501 0.0377053 1.15408 -0.304013 0.0 0.0
TRP/5 -0.621107 0.00777542 0.149271 0.0109223 0.0 0.0
TRP/2 -0.394057 7.27991e-06 0.14447 -0.000226113 0.0 0.0
TRP/3 -0.926989 0.0162955 0.128088 0.0191826 0.0 0.0
TRP/1 -0.744236 0.0176006 0.651651 0.0125159 0.0 0.0
TRP/8 -0.560325 0.0119616 0.0759976 -0.00396992 0.0 0.0
TRP/9 -0.880232 0.00945538 1.45234 -0.0207918 0.0 0.0
ARG/8 -0.23123 0.0 0.350584 0.0390865 0.0 0.0
ARG/9 -0.413103 0.00282408 0.0914697 0.0223661 0.0 0.0
ARG/4 -0.896915 0.0371551 1.17695 -0.200586 0.0 0.0
ARG/5 -0.433056 0.00264939 0.164712 0.0481094 0.0 0.0
ARG/6 -0.473258 0.00745799 0.149638 0.0434116 0.0 0.0
ARG/7 -0.269187 1.75899e-05 0.0456624 -0.0385203 0.0 0.0
ARG/1 -0.884337 0.0212587 0.657424 0.0627545 0.0 0.0
ARG/2 -0.357496 0.0 0.14686 -0.00419947 0.0 0.0
ARG/3 -0.8317 0.0204683 0.112085 -0.0465373 0.0 0.0
ARG/23 0.0 0.0 0.0 0.0 0.0 0.0
ARG/22 0.0 0.0 0.0 0.00158432 0.0 0.0
ASP/12 0.0 0.0 0.0 0.0301851 0.0 0.0
ASP/10 0.0 0.00465539 0.0 0.0194712 0.0 0.0
ASP/11 0.0 0.0 0.0 0.00880326 0.0 0.0
ARG/24 0.0 0.0 0.0 0.0 0.0 0.0
TYR/9 -0.808143 0.0196659 0.0555994 -0.0182518 0.0 0.0
TYR/8 -0.799759 0.0193144 0.148143 -0.0161696 0.0 0.0
ARG/21 0.0 0.0 0.0 -0.0186744 0.0 0.0
ARG/20 0.0 0.0 0.0 0.0130439 0.0 0.0
TYR/5 -0.645667 0.00836267 0.138447 0.00839111 0.0 0.0
TYR/4 -0.975997 0.0382503 1.19799 -0.342626 0.0 0.0
TYR/7 -0.755704 0.0180714 0.155607 -0.0157579 0.0 0.0
TYR/6 -0.648551 0.00799592 0.0915193 0.0 0.0 0.0
TYR/1 -0.753448 0.0194294 0.564649 -0.00266735 0.0 0.0
TYR/3 -0.948068 0.0146967 0.1271 0.00295502 0.0 0.0
TYR/2 -0.437304 4.31915e-05 0.138737 -0.00823993 0.0 0.0
