#Split unfolded energy two body component using median values
#Author: Riley Simmons-Edler (rse231@nyu.edu)
ATOM fa_atr fa_rep fa_sol fa_elec hbond_sc dslf_fa13
WEIGHT 0.8 0.44 0.65 1.0 1.15 1.0
HIS/8 -0.690069 0.0537368 0.183157 0.00237798 0.0 0.0
HIS/9 -0.60404 0.0622911 0.181751 -0.00909932 0.0 0.0
TYR/19 0.0 0.000222473 0.0 0.00908672 0.0 0.0
TYR/18 0.0 0.00126845 0.0 0.00193271 0.0 0.0
LYS/18 0.0 0.0 0.0 -0.00754253 0.0 0.0
LYS/19 0.0 0.0 0.0 -0.00760364 0.0 0.0
LYS/16 0.0 0.0 0.0 -0.0112866 0.0 0.0
LYS/17 0.0 0.0 0.0 -0.0104684 0.0 0.0
LYS/14 0.0 0.0 0.0 -0.0127952 0.0 0.0
LYS/15 0.0 0.0 0.0 -0.0164744 0.0 0.0
LYS/12 0.0 0.0 0.0 -0.0219668 0.0 0.0
LYS/13 0.0 0.0 0.0 -0.00201988 0.0 0.0
HIS/6 -0.583666 0.0146669 0.164166 -0.012831 0.0 0.0
LYS/11 0.0 0.00567302 0.0 -0.00809094 0.0 0.0
THR/8 0.0 0.00348068 0.0 -0.041375 -0.232201 0.0
THR/9 0.0 0.0178276 0.0 -0.00356733 0.0 0.0
THR/2 -0.354193 0.0 0.172316 -2.37495e-05 0.0 0.0
THR/3 -0.750552 0.0970271 0.098781 -0.0139722 0.0 0.0
THR/1 -0.686393 0.0562091 0.546524 -0.031861 0.0 0.0
THR/6 -0.460675 0.000906202 0.941243 -0.00180613 0.0 0.0
THR/7 -0.829486 0.0372229 0.150016 0.00259285 0.0 0.0
THR/4 -0.806801 0.107822 1.01854 -0.167047 -0.228742 0.0
THR/5 -0.363772 0.00188969 0.258132 -0.00535664 0.0 0.0
CYD/10 0.0 0.00495627 0.0 0.012455 0.0 0.0
TYR/13 0.0 0.0038337 0.0 -0.0687086 -0.291682 0.0
TYR/15 0.0 0.00137865 0.0 -0.00778343 0.0 0.0
TYR/14 0.0 0.0166745 0.0 -0.00322056 0.0 0.0
TYR/17 0.0 0.00137027 0.0 0.00293248 0.0 0.0
TYR/16 0.0 0.00158073 0.0 0.00595934 0.0 0.0
TYR/12 -0.455934 0.00449893 0.89072 -0.0481008 0.0 0.0
TYR/11 -0.64019 0.0471466 0.131181 0.0154282 0.0 0.0
TYR/10 -0.699698 0.0575672 0.133113 -0.0136424 0.0 0.0
LYS/8 -0.26273 0.0 0.127332 -0.0390238 0.0 0.0
LYS/10 0.0 0.00531 0.0 -0.0527903 -0.254059 0.0
LYS/4 -0.747856 0.096137 0.940692 -0.0624866 -0.147667 0.0
LYS/5 -0.479777 0.0021191 0.164882 0.0325703 0.0 0.0
LYS/6 -0.432991 0.00553252 0.161872 0.0344199 0.0 0.0
HIS/7 -0.647602 0.0122859 0.440821 0.0155901 0.0 0.0
LYS/1 -0.743154 0.0995173 0.587069 -0.00552175 0.0 0.0
LYS/2 -0.343577 0.0 0.168695 -0.00386643 0.0 0.0
LYS/3 -0.722696 0.113472 0.109454 -0.0512436 0.0 0.0
ARG/18 0.0 0.0 0.0 -0.01521 0.0 0.0
ARG/19 0.0 0.0 0.0 -0.01483 0.0 0.0
ARG/16 0.0 0.0 0.0 -0.015528 0.0 0.0
ARG/17 0.0 0.000148055 0.0 -0.0218241 0.0 0.0
ARG/14 0.0 4.00965e-05 0.0 -0.0257059 0.0 0.0
ARG/15 0.0 2.42379e-07 0.0 -0.0062682 0.0 0.0
ARG/12 0.0 0.00483659 0.0 -0.0760206 -0.285282 0.0
ARG/13 0.0 0.00746951 0.0 -0.00740925 0.0 0.0
ARG/10 -0.463274 0.00340938 0.670712 0.15153 0.0 0.0
ARG/11 -0.484791 0.00576105 0.695453 0.208491 0.0 0.0
PHE/19 0.0 0.00237881 0.0 0.0179749 0.0 0.0
PHE/18 0.0 0.00248365 0.0 0.0179351 0.0 0.0
ALA/10 0.0 0.000838926 0.0 -0.00665234 0.0 0.0
PHE/15 0.0 0.0015856 0.0 0.0051206 0.0 0.0
PHE/14 0.0 0.0012197 0.0 -0.00908263 0.0 0.0
PHE/17 0.0 0.00127381 0.0 0.00292777 0.0 0.0
PHE/16 0.0 0.0017889 0.0 0.00463451 0.0 0.0
PHE/11 -0.774009 0.0594004 0.0816185 -0.0228943 0.0 0.0
PHE/10 -0.780641 0.0539125 0.0929634 -0.0193953 0.0 0.0
PHE/13 0.0 0.0160523 0.0 -0.00341853 0.0 0.0
PHE/12 0.0 0.00348873 0.0 -0.0781821 -0.297651 0.0
PHE/9 -0.774246 0.0545167 0.0925867 -0.019538 0.0 0.0
PHE/8 -0.736703 0.0420704 0.116447 -0.0132325 0.0 0.0
PHE/5 -0.63922 0.0119829 0.135723 0.00918237 0.0 0.0
PHE/4 -0.84172 0.123209 1.05689 -0.212581 -0.27013 0.0
PHE/7 -0.727062 0.0428188 0.117361 -0.0142253 0.0 0.0
PHE/6 -0.579748 0.0118292 0.105504 0.0 0.0 0.0
PHE/1 -0.721899 0.0670134 0.576642 -0.015829 0.0 0.0
PHE/3 -0.801729 0.0902133 0.0997991 -0.0212371 0.0 0.0
PHE/2 -0.390932 4.88106e-05 0.157617 -0.000893786 0.0 0.0
MET/10 0.0 0.00959702 0.0 -0.00090081 0.0 0.0
MET/11 0.0 0.000763899 0.0 -0.013477 0.0 0.0
MET/12 0.0 0.000239 0.0 0.00690536 0.0 0.0
MET/13 0.0 0.00279326 0.0 -0.00437931 0.0 0.0
MET/14 0.0 0.00565795 0.0 -0.00659021 0.0 0.0
MET/15 0.0 0.00129158 0.0 0.0104984 0.0 0.0
MET/16 0.0 0.000671109 0.0 0.00681431 0.0 0.0
MET/17 0.0 0.000392554 0.0 0.00653067 0.0 0.0
HIS_D/17 0.0 0.0 0.0 0.0 0.0 0.0
HIS_D/16 0.0 0.0 0.0 0.00280758 0.0 0.0
HIS_D/15 0.0 0.0 0.0 -0.0162082 0.0 0.0
HIS_D/14 0.0 0.0 0.0 0.00550691 0.0 0.0
HIS_D/13 0.0 0.0 0.0 0.00183823 0.0 0.0
HIS_D/12 0.0 0.00345415 0.0 -0.00792446 0.0 0.0
HIS_D/11 0.0 0.00185481 0.0 0.0724022 0.0 0.0
HIS_D/10 -0.212659 0.0 0.145987 -0.00547872 0.0 0.0
SER/10 0.0 0.000101546 0.0 -0.00646578 0.0 0.0
TRP/15 0.0 0.0036867 0.0 -0.0458898 -0.277307 0.0
CYS/7 0.0 0.00423133 0.0 -0.0902716 -0.297809 0.0
CYS/6 -1.07644 0.0439899 0.875581 -0.0191752 0.0 0.0
CYS/5 -0.794808 0.0298257 0.178417 0.00566968 0.0 0.0
CYS/4 -0.86739 0.12349 1.08992 -0.213934 -0.278292 0.0
CYS/3 -0.840503 0.108591 0.0984456 -0.0146825 0.0 0.0
CYS/2 -0.444689 0.000964576 0.165494 7.52146e-05 0.0 0.0
CYS/1 -0.788519 0.0739545 0.626586 -0.0165699 0.0 0.0
CYS/9 0.0 0.00683318 0.0 -0.01091 0.0 0.0
CYS/8 0.0 0.0173761 0.0 -0.00163601 0.0 0.0
TYR/20 0.0 0.000376513 0.0 0.00982286 0.0 0.0
TYR/21 0.0 0.0 0.0 0.0422194 0.0 0.0
ASN/10 0.0 0.0107203 0.0 0.0018939 0.0 0.0
ASN/11 0.0 0.00110957 0.0 -0.0267207 0.0 0.0
ASN/12 0.0 0.0 0.0 -0.00308075 0.0 0.0
ASN/13 0.0 0.0 0.0 -0.0106889 0.0 0.0
PRO/11 0.0 0.0 0.0 0.00558916 0.0 0.0
PRO/10 0.0 8.22789e-05 0.0 0.0189114 0.0 0.0
PRO/13 0.0 0.0 0.0 -0.00123523 0.0 0.0
PRO/12 0.0 0.0 0.0 -0.000259688 0.0 0.0
PRO/15 0.0 0.0340466 0.0 -0.019515 0.0 0.0
PRO/14 0.0 0.0170935 0.0 -0.00856314 0.0 0.0
HIS_D/9 -0.185102 0.0 0.0815164 -6.23163e-06 0.0 0.0
HIS_D/8 -0.333013 0.00110579 0.111995 0.000455837 0.0 0.0
HIS_D/3 -0.451005 0.0680919 0.0867859 -0.0559064 0.0 0.0
HIS_D/2 -0.189422 0.0 0.100797 -0.000678356 0.0 0.0
HIS_D/1 -0.449082 0.0584537 0.350708 -0.0583505 0.0 0.0
HIS_D/7 -0.211371 0.0 0.269278 0.0201626 0.0 0.0
HIS_D/6 -0.235478 0.00114994 0.0888988 -0.00304413 0.0 0.0
HIS_D/5 -0.186251 0.0 0.073055 0.0015451 0.0 0.0
HIS_D/4 -0.393101 0.0640695 0.4815 0.0387379 0.0 0.0
VAL/15 0.0 0.000907096 0.0 0.00711331 0.0 0.0
VAL/14 0.0 0.000339595 0.0 0.00866561 0.0 0.0
VAL/16 0.0 0.00820834 0.0 0.000446936 0.0 0.0
VAL/11 0.0 9.33429e-05 0.0 0.0081723 0.0 0.0
VAL/10 0.0 0.000894711 0.0 0.00541811 0.0 0.0
VAL/13 0.0 0.000420036 0.0 0.000962214 0.0 0.0
VAL/12 0.0 0.00238789 0.0 -0.00496331 0.0 0.0
GLN/5 -0.505544 0.00363636 0.165603 0.0198887 0.0 0.0
GLN/4 -0.806645 0.106766 0.999223 -0.111589 -0.224137 0.0
GLN/7 -0.443872 0.00307553 0.111731 0.0 0.0 0.0
GLN/6 -0.48081 0.011939 0.169227 0.0222706 0.0 0.0
GLN/1 -0.767837 0.114426 0.603683 -0.0112507 0.0 0.0
GLN/3 -0.768374 0.123627 0.111537 -0.0382308 0.0 0.0
GLN/2 -0.359724 0.0 0.174014 -0.00166109 0.0 0.0
GLN/9 -0.455573 0.00155375 0.624839 0.0243985 0.0 0.0
GLN/8 -0.305447 0.0 0.469441 -0.0534413 0.0 0.0
GLY/6 0.0 0.00112503 0.0 -0.00729877 0.0 0.0
GLY/7 0.0 0.00515995 0.0 -0.0109182 0.0 0.0
GLY/4 -0.715226 0.0826887 0.934912 -0.062016 0.0 0.0
GLY/5 0.0 0.0105614 0.0 -0.0152899 -0.160585 0.0
GLY/2 -0.411686 0.00779837 0.175683 0.00111972 0.0 0.0
GLY/3 -0.758808 0.0775711 0.099163 -0.0429775 0.0 0.0
GLY/1 -0.791476 0.0821464 0.63391 -0.0174854 0.0 0.0
CYD/8 0.0 0.0320787 0.0 -0.00746689 0.0 0.0
CYD/9 0.0 0.00581787 0.0 -0.00699063 0.0 0.0
CYD/4 -0.787274 0.108277 1.01053 -0.120659 -0.189793 0.0
CYD/5 -0.72903 0.0269995 0.182829 0.0055442 0.0 0.0
CYD/6 -0.924858 0.0561981 0.751413 -0.00767929 0.0 -0.510673
CYD/7 0.0 0.00261153 0.0 -0.0566291 -0.247546 0.0
CYD/1 -0.785624 0.0513404 0.620463 -0.0300734 0.0 0.0
CYD/2 -0.425377 0.00958613 0.172813 -0.000441845 0.0 0.0
CYD/3 -0.803913 0.0795871 0.114047 -0.0389549 0.0 0.0
HIS/1 -0.720638 0.0815664 0.576045 -0.0143762 0.0 0.0
HIS/2 -0.369595 0.0 0.173462 -0.00180241 0.0 0.0
HIS/3 -0.761865 0.106509 0.104612 -0.0331646 0.0 0.0
HIS/4 -0.805649 0.112815 1.01272 -0.14013 -0.220019 0.0
PHE/20 0.0 0.00199623 0.0 0.0210227 0.0 0.0
HIS/5 -0.610488 0.0126652 0.171073 0.00785067 0.0 0.0
THR/14 0.0 0.000874925 0.0 -0.000984179 0.0 0.0
THR/10 0.0 0.000922348 0.0 0.00415018 0.0 0.0
THR/11 0.0 0.00367637 0.0 0.0287971 0.0 0.0
THR/12 0.0 0.0 0.0 0.000650371 0.0 0.0
THR/13 0.0 5.73401e-05 0.0 -0.00549054 0.0 0.0
GLU/8 -0.28819 0.0 0.564446 -0.195559 0.0 0.0
GLU/9 -0.269544 0.0 0.529728 -0.176033 0.0 0.0
GLU/2 -0.338004 0.0 0.164668 0.00258594 0.0 0.0
GLU/3 -0.750919 0.133162 0.111866 -0.0187787 0.0 0.0
GLU/1 -0.718204 0.110733 0.568892 -0.0481322 0.0 0.0
GLU/6 -0.413938 0.00832116 0.149259 -0.0227529 0.0 0.0
GLU/7 -0.384765 0.00770765 0.149787 0.137596 0.0 0.0
GLU/4 -0.791919 0.0994546 0.977302 -0.132727 -0.207473 0.0
GLU/5 -0.449068 0.00138294 0.153575 -0.000387257 0.0 0.0
GLU/14 0.0 0.0 0.0 0.00428289 0.0 0.0
GLU/15 0.0 0.0 0.0 0.00346774 0.0 0.0
GLU/10 0.0 0.00534827 0.0 0.00321314 -0.198185 0.0
GLU/11 0.0 0.00285434 0.0 0.00228917 0.0 0.0
GLU/12 0.0 0.0 0.0 -0.000563887 0.0 0.0
GLU/13 0.0 0.0 0.0 0.01103 0.0 0.0
VAL/5 -0.39338 0.000139316 0.201429 0.000770315 0.0 0.0
VAL/4 -0.848341 0.118645 1.06337 -0.224397 -0.291298 0.0
VAL/7 -1.03677 0.0528654 0.0705425 0.0155275 0.0 0.0
VAL/6 -0.975863 0.0530566 0.0531029 -0.0446283 0.0 0.0
VAL/1 -0.709611 0.0440602 0.567027 -0.0209473 0.0 0.0
VAL/3 -0.781762 0.045514 0.0874103 -0.0183926 0.0 0.0
VAL/2 -0.371415 0.0 0.147555 -0.000805802 0.0 0.0
VAL/9 0.0 0.0200342 0.0 -0.00497753 0.0 0.0
VAL/8 0.0 0.00132443 0.0 -0.103614 -0.322267 0.0
LYS/7 -0.331855 0.0 0.136131 0.0310869 0.0 0.0
PRO/9 0.0 0.00251133 0.0 0.00308269 0.0 0.0
PRO/8 0.0 0.0 0.0 0.0 0.0 0.0
PRO/1 -0.463081 0.00444941 0.103777 -0.0714446 0.0 0.0
PRO/3 -0.636297 0.147936 0.0857627 0.0056341 0.0 0.0
PRO/2 -0.305477 4.90308e-06 0.12501 0.00150528 0.0 0.0
PRO/5 -0.441198 0.0011223 0.105904 -0.00775272 0.0 0.0
PRO/4 -0.660466 0.122533 0.86025 -0.0139691 0.0 0.0
PRO/7 -0.534724 0.145939 0.154132 0.0 0.0 0.0
PRO/6 -0.475225 0.00375103 0.120538 -0.00747494 0.0 0.0
LEU/2 -0.39356 0.0 0.155032 -0.000120528 0.0 0.0
LEU/3 -0.832463 0.123189 0.099149 -0.0162249 0.0 0.0
LEU/1 -0.78925 0.0868254 0.620447 -0.00645751 0.0 0.0
LEU/6 -0.391056 0.00208519 0.183633 -0.00100738 0.0 0.0
LEU/7 -0.970284 0.0346369 0.00697694 -0.0192145 0.0 0.0
LEU/4 -0.869587 0.123682 1.08474 -0.214232 -0.279398 0.0
LEU/5 -0.586038 0.0026722 0.130571 0.0117415 0.0 0.0
LEU/8 -0.91167 0.0304942 0.0119496 -0.0315483 0.0 0.0
LEU/9 0.0 0.00397956 0.0 -0.0978477 -0.321292 0.0
ILE/8 -1.0284 0.0486672 -0.00918611 -0.02573 0.0 0.0
ILE/9 0.0 0.00220129 0.0 -0.105458 -0.330048 0.0
TRP/24 0.0 0.00123883 0.0 0.0222265 0.0 0.0
TRP/21 0.0 0.00529638 0.0 0.0156537 0.0 0.0
TRP/20 0.0 0.0 0.0 -0.0714199 0.0 0.0
TRP/23 0.0 0.00232891 0.0 0.0251614 0.0 0.0
TRP/22 0.0 0.000181071 0.0 0.00914032 0.0 0.0
ILE/4 -0.862254 0.126458 1.07755 -0.22623 -0.294253 0.0
ILE/5 -0.356078 2.06266e-05 0.193761 0.00201644 0.0 0.0
MET/8 -1.01786 0.0616672 0.0224278 -0.0223176 0.0 0.0
MET/9 0.0 0.0045189 0.0 -0.0941519 -0.311784 0.0
MET/6 -0.693486 0.0256139 0.134175 0.00613648 0.0 0.0
MET/7 -0.805969 0.0164419 0.635144 -0.0143954 0.0 0.0
MET/4 -0.874588 0.122602 1.08985 -0.200912 -0.275788 0.0
MET/5 -0.642206 0.00738169 0.150009 0.0170551 0.0 0.0
MET/2 -0.416289 0.0 0.164421 -0.000964885 0.0 0.0
MET/3 -0.848057 0.121106 0.101129 -0.0189548 0.0 0.0
CYS/11 0.0 0.0372353 0.0 0.0347613 0.0 0.0
CYS/10 0.0 0.00520177 0.0 0.00483799 0.0 0.0
ILE/12 0.0 0.000644003 0.0 0.0074863 0.0 0.0
ILE/13 0.0 0.00670607 0.0 0.00199662 0.0 0.0
ILE/10 0.0 0.0167824 0.0 -0.00309391 0.0 0.0
ILE/11 0.0 0.000765241 0.0 0.00143069 0.0 0.0
ILE/16 0.0 0.000232648 0.0 0.00146212 0.0 0.0
ILE/17 0.0 0.000846558 0.0 0.0141476 0.0 0.0
ILE/14 0.0 0.0 0.0 0.00819756 0.0 0.0
ILE/15 0.0 0.00206895 0.0 -0.0054031 0.0 0.0
ILE/18 0.0 0.000265554 0.0 0.00994864 0.0 0.0
ILE/19 0.0 4.07413e-06 0.0 0.0143479 0.0 0.0
ASP/8 -0.387543 1.23941e-05 0.735936 -0.244729 0.0 0.0
ASP/9 0.0 0.00488949 0.0 0.0506692 -0.100611 0.0
ASP/1 -0.663187 0.0830708 0.532845 -0.096821 0.0 0.0
ASP/2 -0.321841 0.0 0.163847 0.0104208 0.0 0.0
ASP/3 -0.722896 0.144796 0.104248 0.0198376 0.0 0.0
ASP/4 -0.772242 0.0917313 0.966202 -0.164014 -0.190183 0.0
ASP/5 -0.471334 0.00533451 0.172141 -0.0347051 0.0 0.0
ASP/6 -0.537617 0.0327675 0.211677 0.240835 0.0 0.0
ASP/7 -0.53378 0.00300049 0.95196 -0.408103 0.0 0.0
SER/2 -0.372127 0.0 0.180874 0.000931684 0.0 0.0
SER/3 -0.748141 0.130795 0.10676 -0.00512828 0.0 0.0
SER/1 -0.714531 0.071387 0.570748 -0.0384062 0.0 0.0
SER/6 -0.491204 0.00115204 0.984003 -0.05168 0.0 0.0
SER/7 0.0 0.00534763 0.0 -0.0264604 -0.19196 0.0
SER/4 -0.785713 0.0956801 0.99297 -0.145985 -0.183132 0.0
SER/5 -0.60663 0.0183058 0.201078 -0.00225748 0.0 0.0
SER/8 0.0 0.00905383 0.0 -0.0022548 0.0 0.0
SER/9 0.0 0.000197663 0.0 -0.00157073 0.0 0.0
ASN/14 0.0 0.0 0.0 -0.0457091 0.0 0.0
ASN/8 -0.556121 0.00325189 0.743028 0.0451293 0.0 0.0
ASN/9 0.0 0.0058496 0.0 -0.0294738 -0.187309 0.0
ASN/2 -0.342411 0.0 0.173695 0.00105845 0.0 0.0
ASN/3 -0.725356 0.122515 0.107463 -0.0250065 0.0 0.0
ASN/1 -0.704723 0.0868776 0.567024 -0.0317686 0.0 0.0
ASN/6 -0.557509 0.0133212 0.147494 0.000153897 0.0 0.0
ASN/7 -0.493039 0.0042706 0.732184 -0.130142 0.0 0.0
ASN/4 -0.740393 0.0911676 0.943475 -0.112149 -0.113743 0.0
ASN/5 -0.497532 0.0105203 0.179089 0.0140554 0.0 0.0
LYS/9 -0.203694 0.0 0.579356 0.0530277 0.0 0.0
MET/1 -0.813292 0.0937278 0.638305 -0.00535244 0.0 0.0
LYS/22 0.0 0.0 0.0 -0.051927 0.0 0.0
LYS/21 0.0 0.0 0.0 -0.0532219 0.0 0.0
LYS/20 0.0 0.0 0.0 -0.0419633 0.0 0.0
TRP/10 -0.608754 0.0688151 0.1134 0.0190588 0.0 0.0
TRP/11 -0.732669 0.0711694 0.108974 -0.023995 0.0 0.0
TRP/12 -0.715213 0.0749919 0.124653 -0.0185652 0.0 0.0
TRP/13 -0.811598 0.0618752 0.10373 -0.0281031 0.0 0.0
TRP/14 -0.773959 0.063139 0.103848 -0.0266203 0.0 0.0
SER/11 0.0 0.00900954 0.0 0.0352406 0.0 0.0
TRP/16 0.0 0.0116379 0.0 0.000320168 0.0 0.0
TRP/17 0.0 0.000994816 0.0 -0.00406371 0.0 0.0
TRP/18 0.0 0.00118832 0.0 0.00862721 0.0 0.0
TRP/19 0.0 0.00191965 0.0 -0.00967522 0.0 0.0
ALA/4 -0.853709 0.113607 1.05778 -0.172872 -0.260898 0.0
ALA/5 -1.00595 0.0372316 0.139169 0.0277336 0.0 0.0
ALA/6 0.0 0.00551437 0.0 -0.0681456 -0.292033 0.0
ALA/7 0.0 0.00459182 0.0 -0.000565157 0.0 0.0
ALA/1 -0.844092 0.105343 0.655913 -0.0184088 0.0 0.0
ALA/2 -0.44521 8.75956e-05 0.165399 0.00060636 0.0 0.0
ALA/3 -0.848797 0.142814 0.105456 -0.0172049 0.0 0.0
ALA/8 0.0 1.2455e-06 0.0 0.0107222 0.0 0.0
ALA/9 0.0 0.000109135 0.0 -0.0193645 0.0 0.0
GLN/15 0.0 0.000126772 0.0 -0.0141181 0.0 0.0
GLN/14 0.0 0.0 0.0 -0.0103173 0.0 0.0
GLN/17 0.0 0.0 0.0 -0.0356857 0.0 0.0
GLN/16 0.0 0.0 0.0 0.0 0.0 0.0
GLN/11 0.0 0.0056696 0.0 -0.00320392 0.0 0.0
GLN/10 0.0 0.00614285 0.0 -0.0519905 -0.260135 0.0
GLN/13 0.0 0.0 0.0 0.00462539 0.0 0.0
GLN/12 0.0 0.000136812 0.0 -0.012417 0.0 0.0
HIS/12 0.0 0.0122092 0.0 -0.00409768 0.0 0.0
HIS/13 0.0 0.00132112 0.0 -0.0164482 0.0 0.0
HIS/10 -0.623428 0.00615074 0.87503 0.0233301 0.0 0.0
HIS/11 0.0 0.00556495 0.0 -0.0457628 -0.24184 0.0
HIS/16 0.0 0.0 0.0 -0.00802106 0.0 0.0
HIS/17 0.0 0.0 0.0 -0.0221149 0.0 0.0
HIS/14 0.0 0.000563401 0.0 0.000386105 0.0 0.0
HIS/15 0.0 0.00079343 0.0 -0.00872521 0.0 0.0
LEU/14 0.0 0.000189074 0.0 0.0135474 0.0 0.0
LEU/15 0.0 4.42536e-05 0.0 0.00633811 0.0 0.0
LEU/16 0.0 0.0 0.0 0.0128225 0.0 0.0
LEU/17 0.0 8.30086e-05 0.0 0.01447 0.0 0.0
LEU/10 0.0 0.00750439 0.0 9.82611e-05 0.0 0.0
LEU/11 0.0 0.000177858 0.0 -0.0111311 0.0 0.0
LEU/12 0.0 0.000143299 0.0 0.0114779 0.0 0.0
LEU/13 0.0 0.00245131 0.0 -0.00267727 0.0 0.0
ILE/1 -0.724713 0.0560603 0.577198 -0.0145373 0.0 0.0
ILE/2 -0.371459 0.0 0.150767 -0.000530159 0.0 0.0
ILE/3 -0.797848 0.0599774 0.0931966 -0.0188156 0.0 0.0
LEU/18 0.0 0.0 0.0 0.0133108 0.0 0.0
LEU/19 0.0 2.02289e-06 0.0 0.00987727 0.0 0.0
ILE/6 -0.700047 0.0188016 0.115858 0.00993875 0.0 0.0
ILE/7 -0.911805 0.049107 0.0409112 -0.0488977 0.0 0.0
TRP/6 -0.579147 0.0163004 0.123285 -0.00278652 0.0 0.0
TRP/7 -0.772769 0.0722888 0.187636 0.000529655 0.0 0.0
TRP/4 -0.844894 0.123178 1.06038 -0.222518 -0.264805 0.0
TRP/5 -0.627485 0.0113254 0.13731 0.00198447 0.0 0.0
TRP/2 -0.392941 1.82237e-05 0.158558 0.00175746 0.0 0.0
TRP/3 -0.802335 0.111301 0.101394 -0.00568899 0.0 0.0
TRP/1 -0.727063 0.0694775 0.578493 -0.035695 0.0 0.0
TRP/8 -0.574362 0.0398663 0.0954625 -0.00396992 0.0 0.0
TRP/9 -0.776185 0.0211246 1.09069 0.0103669 0.0 0.0
ARG/8 -0.400016 0.0 0.611356 0.168203 0.0 0.0
ARG/9 -0.431589 0.0100898 0.16205 -0.164847 0.0 0.0
ARG/4 -0.810749 0.105394 1.00706 -0.11795 -0.230694 0.0
ARG/5 -0.526944 0.00345022 0.181857 0.0397022 0.0 0.0
ARG/6 -0.504731 0.0104602 0.181867 0.0428488 0.0 0.0
ARG/7 -0.406455 0.000897149 0.15708 -0.0427197 0.0 0.0
ARG/1 -0.769935 0.0958596 0.605186 0.000479347 0.0 0.0
ARG/2 -0.371895 0.0 0.176164 -0.00420831 0.0 0.0
ARG/3 -0.776284 0.118823 0.110379 -0.0445497 0.0 0.0
ARG/23 0.0 0.0 0.0 -0.13356 0.0 0.0
ARG/22 0.0 0.0 0.0 -0.0598266 0.0 0.0
ASP/12 0.0 0.0 0.0 0.0145018 0.0 0.0
ASP/10 0.0 0.00630162 0.0 0.0104763 0.0 0.0
ASP/11 0.0 8.39873e-05 0.0 0.00489828 0.0 0.0
ARG/24 0.0 0.0 0.0 -0.0854259 0.0 0.0
TYR/9 -0.689975 0.0546279 0.134298 -0.0133403 0.0 0.0
TYR/8 -0.725805 0.0453913 0.136338 -0.0108409 0.0 0.0
ARG/21 0.0 0.0 0.0 -0.0813141 0.0 0.0
ARG/20 0.0 0.0 0.0 -0.106711 0.0 0.0
TYR/5 -0.641117 0.012079 0.138777 0.00745146 0.0 0.0
TYR/4 -0.845464 0.122724 1.06116 -0.216074 -0.270348 0.0
TYR/7 -0.712064 0.0451889 0.138227 -0.0114741 0.0 0.0
TYR/6 -0.582495 0.012768 0.115324 0.0 0.0 0.0
TYR/1 -0.724369 0.0671891 0.577232 -0.019836 0.0 0.0
TYR/3 -0.80286 0.0916542 0.0975153 -0.0165103 0.0 0.0
TYR/2 -0.390681 6.6012e-05 0.156467 -0.000340155 0.0 0.0
