#Split unfolded energy two body component using boltzmann weighted mean values
#Author: Riley Simmons-Edler (rse231@nyu.edu)
ATOM fa_atr fa_rep fa_sol fa_elec hbond_sc dslf_fa13
WEIGHT 0.8 0.634454 1.16497 0.73 1.199257 1.0
HIS/8 -0.754510280592 0.0977837127566 0.187806848811 0.00350005923111 0.0 0.0
HIS/9 -0.738772955411 0.115590134424 0.186472956951 -0.0295728076535 0.0 0.0
TYR/19 0.0 0.0265233958428 0.0 0.000346163182774 0.0 0.0
TYR/18 0.0 0.0327812772173 0.0 -0.00351085507137 0.0 0.0
LYS/18 0.0 0.016287768793 0.0 -0.0147670620911 0.0 0.0
LYS/19 0.0 0.0185115149295 0.0 -0.0152110453249 0.0 0.0
LYS/16 0.0 0.0131533500089 0.0 -0.0236065325437 0.0 0.0
LYS/17 0.0 0.0128134761564 0.0 -0.0219873318368 0.0 0.0
LYS/14 0.0 0.0182293787761 0.0 -0.0212005572778 0.0 0.0
LYS/15 0.0 0.0235536620713 0.0 -0.0230377734215 0.0 0.0
LYS/12 0.0 0.0193202210628 0.0 -0.0227766022755 0.0 0.0
LYS/13 0.0 0.0148978495025 0.0 -0.00478077184228 0.0 0.0
HIS/6 -0.711760089867 0.0769705975441 0.199182640083 -0.0196925118198 0.0 0.0
LYS/11 0.0 0.110128001907 0.0 -0.010933379146 0.0 0.0
THR/8 0.0 0.0694052077352 0.0 -0.0884383322858 -0.230809159266 0.0
THR/9 0.0 0.16259673598 0.0 -0.00617931559655 0.0 0.0
THR/2 -0.464702042184 0.135017578408 0.186340973594 8.29005457777e-05 0.0 0.0
THR/3 -0.981377142742 0.411735595158 0.132990702617 -0.0306880657067 0.0 0.0
THR/1 -0.861714016939 0.301008623671 0.624927318014 -0.0770408795134 0.0 0.0
THR/6 -0.566430511304 0.0286538706532 0.839545807912 -0.162287549356 -0.103124983246 0.0
THR/7 -1.06416997986 0.113986672352 0.184566791438 0.00138565790467 0.0 0.0
THR/4 -0.944452621996 0.348086270722 0.941817657878 -0.202867413296 -0.227179349392 0.0
THR/5 -0.456967710415 0.0566827542541 0.313433097101 -0.00737089876599 0.0 0.0
CYD/10 0.0 0.0404928016923 0.0 0.00803718704028 0.0 0.0
TYR/13 0.0 0.0712303068648 0.0 -0.0891103218429 -0.26036352983 0.0
TYR/15 0.0 0.0269482085423 0.0 -0.00973490243648 0.0 0.0
TYR/14 0.0 0.148666502806 0.0 -0.0060287189475 0.0 0.0
TYR/17 0.0 0.0347079828992 0.0 -0.00222883014211 0.0 0.0
TYR/16 0.0 0.0271210142197 0.0 0.00256712108578 0.0 0.0
TYR/12 -0.521143054322 0.0365431960996 0.698682762136 -0.129432518442 -0.0716184523289 0.0
TYR/11 -0.68546616993 0.0905627258663 0.135802878517 0.0154196686326 0.0 0.0
TYR/10 -0.733332316103 0.0973643764064 0.138030647188 -0.0135400900311 0.0 0.0
LYS/8 -0.386353180106 0.0294230935029 0.138639830095 -0.0626961055149 0.0 0.0
LYS/10 0.0 0.0777384234353 0.0 -0.0830973607326 -0.231945447432 0.0
LYS/4 -0.908147801936 0.338463602498 0.890777169153 -0.130049084854 -0.206713333187 0.0
LYS/5 -0.625576756799 0.0747415181908 0.201976162973 0.0291296558828 0.0 0.0
LYS/6 -0.582349045318 0.0398722375552 0.193132884732 0.0331692503084 0.0 0.0
HIS/7 -0.75684595046 0.0844176162587 0.40266173547 -0.114148364407 -0.0829674747554 0.0
LYS/1 -0.906249904856 0.368800273266 0.647255358839 -0.0504744332272 0.0 0.0
LYS/2 -0.460700558805 0.130185619044 0.183066926566 -0.0037685259329 0.0 0.0
LYS/3 -0.976579958505 0.463985636238 0.144628173533 -0.0711203972963 0.0 0.0
ARG/18 0.0 0.0198452307092 0.0 -0.0263953848841 0.0 0.0
ARG/19 0.0 0.0202531036131 0.0 -0.0262809357535 0.0 0.0
ARG/16 0.0 0.0226225274907 0.0 -0.0232560198065 0.0 0.0
ARG/17 0.0 0.028665433693 0.0 -0.0267998545042 0.0 0.0
ARG/14 0.0 0.0204809397773 0.0 -0.0276496773473 0.0 0.0
ARG/15 0.0 0.0173449346436 0.0 -0.0111747668884 0.0 0.0
ARG/12 0.0 0.0736634897682 0.0 -0.101306675426 -0.251146332845 0.0
ARG/13 0.0 0.117255936295 0.0 -0.0111226516397 0.0 0.0
ARG/10 -0.666801688209 0.0390029348446 0.552251619529 0.160597717609 0.0 0.0
ARG/11 -0.698920536042 0.0437000920513 0.559749074557 0.186058018972 0.0 0.0
PHE/19 0.0 0.033448399792 0.0 0.0125404162782 0.0 0.0
PHE/18 0.0 0.0341754156098 0.0 0.0127316183965 0.0 0.0
ALA/10 0.0 0.0203378960548 0.0 -0.00761026422858 0.0 0.0
PHE/15 0.0 0.0272471664435 0.0 0.00185307371641 0.0 0.0
PHE/14 0.0 0.0260576318463 0.0 -0.0106515479852 0.0 0.0
PHE/17 0.0 0.0316647556999 0.0 -0.00194137687273 0.0 0.0
PHE/16 0.0 0.0348476408363 0.0 -0.00023954826199 0.0 0.0
PHE/11 -0.79170099244 0.0971103669647 0.091533056204 -0.021710476138 0.0 0.0
PHE/10 -0.797780138591 0.090529121567 0.100529052387 -0.0182960444518 0.0 0.0
PHE/13 0.0 0.145963524328 0.0 -0.00690080675847 0.0 0.0
PHE/12 0.0 0.0689000036238 0.0 -0.0968705732373 -0.264957587087 0.0
PHE/9 -0.793286132944 0.0909241645228 0.101231486252 -0.0186305604485 0.0 0.0
PHE/8 -0.749593675573 0.0771061019624 0.123486504334 -0.0128307782742 0.0 0.0
PHE/5 -0.754537111874 0.0972480974406 0.18073678364 0.00885572558285 0.0 0.0
PHE/4 -0.967976881075 0.357715253139 1.00576012197 -0.227291468384 -0.248247547426 0.0
PHE/7 -0.741063279593 0.0790214000934 0.12330689636 -0.0138289926171 0.0 0.0
PHE/6 -0.678329891919 0.0613556821224 0.141231915925 0.0 0.0 0.0
PHE/1 -0.907328027923 0.306994245771 0.657542057505 -0.0545194812997 0.0 0.0
PHE/3 -1.02495348212 0.389447652608 0.135036751174 -0.0416502139831 0.0 0.0
PHE/2 -0.494705721747 0.133990497629 0.174467333271 -0.000945042459101 0.0 0.0
MET/10 0.0 0.127923023721 0.0 -0.00538733583031 0.0 0.0
MET/11 0.0 0.023490721887 0.0 -0.0140201542171 0.0 0.0
MET/12 0.0 0.0208977253324 0.0 0.00419390572407 0.0 0.0
MET/13 0.0 0.0388871261628 0.0 -0.00863393841082 0.0 0.0
MET/14 0.0 0.043085721208 0.0 -0.00981216737093 0.0 0.0
MET/15 0.0 0.0379948181771 0.0 0.00796495835149 0.0 0.0
MET/16 0.0 0.0345453076053 0.0 0.00383503090665 0.0 0.0
MET/17 0.0 0.032982752301 0.0 0.00355773835839 0.0 0.0
HIS_D/17 0.0 0.00137620812974 0.0 0.00315407446182 0.0 0.0
HIS_D/16 0.0 0.00767977071565 0.0 -0.000732017798988 0.0 0.0
HIS_D/15 0.0 0.00179352253251 0.0 -0.112224302447 -0.0200092288572 0.0
HIS_D/14 0.0 0.0296797604672 0.0 0.00237572262251 0.0 0.0
HIS_D/13 0.0 0.0152257212965 0.0 -0.0124641731621 0.0 0.0
HIS_D/12 0.0 0.0810262319339 0.0 -0.00876027424785 0.0 0.0
HIS_D/11 0.0 0.0930290730065 0.0 0.0239227342737 -0.0976102732134 0.0
HIS_D/10 -0.371531446014 0.0178682391032 0.166656995695 -0.171818575057 -0.00795570068217 0.0
SER/10 0.0 0.0250081537915 0.0 -0.0114610571699 0.0 0.0
TRP/15 0.0 0.0691746620171 0.0 -0.067571104553 -0.245946913141 0.0
CYS/7 0.0 0.0726198930419 0.0 -0.0988037626984 -0.263595122517 0.0
CYS/6 -1.20011664665 0.0900229409436 0.836986489272 -0.0484904715824 0.0 0.0
CYS/5 -0.915585571914 0.127618450295 0.222700711032 0.00264320455166 0.0 0.0
CYS/4 -1.00826915781 0.359222489109 1.05025108769 -0.227821152575 -0.253321830298 0.0
CYS/3 -1.07798626016 0.409276594656 0.135294288751 -0.0332884957625 0.0 0.0
CYS/2 -0.544601942808 0.140349838665 0.185290477663 0.000111105371276 0.0 0.0
CYS/1 -0.956855912307 0.317038465503 0.704217264743 -0.059802069142 0.0 0.0
CYS/9 0.0 0.0430667070933 0.0 -0.0101247347891 0.0 0.0
CYS/8 0.0 0.153191144953 0.0 -0.00563994963766 0.0 0.0
TYR/20 0.0 0.027204744426 0.0 0.000399300969771 0.0 0.0
TYR/21 0.0 0.0333195797948 0.0 -0.260385387127 -0.0916126758288 0.0
ASN/10 0.0 0.127838393769 0.0 6.1384872269e-05 0.0 0.0
ASN/11 0.0 0.0349004787854 0.0 -0.0273804886578 0.0 0.0
ASN/12 0.0 0.0242541347788 0.0 -0.00696331068731 0.0 0.0
ASN/13 0.0 0.00652562699011 0.0 -0.105806456797 -0.0830503231573 0.0
PRO/11 0.0 0.0208025287966 0.0 0.00168550590345 0.0 0.0
PRO/10 0.0 0.0212960462486 0.0 0.0183870631014 0.0 0.0
PRO/13 0.0 0.0189679568009 0.0 -0.00534795631652 0.0 0.0
PRO/12 0.0 0.0199204589604 0.0 -0.00511745313898 0.0 0.0
PRO/15 0.0 0.0967338360728 0.0 -0.0238983255707 0.0 0.0
PRO/14 0.0 0.0729464741674 0.0 -0.0169362885362 0.0 0.0
HIS_D/9 -0.252432825223 0.0241571378197 0.0732432132307 0.0074442728057 0.0 0.0
HIS_D/8 -0.444292455573 0.0511757782656 0.116609673361 0.00405257933874 0.0 0.0
HIS_D/3 -0.738117514117 0.438408897274 0.1219306205 -0.0621531822104 0.0 0.0
HIS_D/2 -0.349947905153 0.113122613311 0.13672047778 -0.000651043271628 0.0 0.0
HIS_D/1 -0.730243930764 0.315972004456 0.482828065733 -0.0698722976914 0.0 0.0
HIS_D/7 -0.320571478502 0.00426054060889 0.243901560183 0.0135786842907 0.0 0.0
HIS_D/6 -0.409315842965 0.0366196531826 0.129384841127 -0.00208178918015 0.0 0.0
HIS_D/5 -0.471522345825 0.0912221407343 0.148449874524 0.00475686403039 0.0 0.0
HIS_D/4 -0.661137105787 0.275486045943 0.64132385302 -0.027112969181 -0.100134497357 0.0
VAL/15 0.0 0.0280759769961 0.0 0.00236986265656 0.0 0.0
VAL/14 0.0 0.0241295322738 0.0 0.00569790330278 0.0 0.0
VAL/16 0.0 0.0355747524263 0.0 -0.00309885711107 0.0 0.0
VAL/11 0.0 0.0222585527786 0.0 0.00488491911902 0.0 0.0
VAL/10 0.0 0.0245064841356 0.0 0.00351817112049 0.0 0.0
VAL/13 0.0 0.0239294176095 0.0 -0.000496095070584 0.0 0.0
VAL/12 0.0 0.0233288569771 0.0 -0.00800623584077 0.0 0.0
GLN/5 -0.655300860894 0.0778061343048 0.203817510516 0.0167080714363 0.0 0.0
GLN/4 -0.94077260211 0.352761361004 0.930899608648 -0.154756091312 -0.219908065813 0.0
GLN/7 -0.575678632848 0.038415795498 0.120789401699 -0.0120826048764 0.0 0.0
GLN/6 -0.649022931778 0.0527352027691 0.200127884177 0.0201538945845 0.0 0.0
GLN/1 -0.927914531684 0.387516760793 0.665771721268 -0.0635412447424 0.0 0.0
GLN/3 -1.01243337621 0.475202137238 0.147229361444 -0.0580439426048 0.0 0.0
GLN/2 -0.475231588347 0.132595692126 0.1875779055 -0.00135788805216 0.0 0.0
GLN/9 -0.707852451394 0.0353552809804 0.532930376942 0.0302558555517 0.0 0.0
GLN/8 -0.438102971969 0.0304799792387 0.435754408358 -0.259104333633 -0.110419215843 0.0
GLY/6 0.0 0.0641321843868 0.0 -0.011456825114 0.0 0.0
GLY/7 0.0 0.0796795503378 0.0 -0.0120396285575 0.0 0.0
GLY/4 -0.913492834018 0.319036530354 0.894297660517 -0.159426558968 -0.18907800007 0.0
GLY/5 0.0 0.112411069075 0.0 -0.0718876275299 -0.19944400037 0.0
GLY/2 -0.561290166094 0.162026007659 0.194830757029 0.00111155276631 0.0 0.0
GLY/3 -1.0448675252 0.411463475389 0.138470702685 -0.0648621926856 0.0 0.0
GLY/1 -0.968872213552 0.370364441692 0.687341188791 -0.0602731327665 0.0 0.0
CYD/8 0.0 0.178298313666 0.0 -0.00991640067576 0.0 0.0
CYD/9 0.0 0.0436653326222 0.0 -0.010763198184 0.0 0.0
CYD/4 -0.943036368729 0.339532553312 0.970872484424 -0.167753285424 -0.21872823951 0.0
CYD/5 -0.847976444411 0.118008892802 0.225841731797 0.0057575294753 0.0 0.0
CYD/6 -1.03842806221 0.0980941629381 0.741653285162 -0.0134176144377 0.0 -1.45279814335
CYD/7 0.0 0.0772187660395 0.0 -0.109927930883 -0.235969898247 0.0
CYD/1 -0.940164661825 0.276007157174 0.682186465766 -0.0662568079276 0.0 0.0
CYD/2 -0.529989989608 0.149392141006 0.187416787102 -0.000462930835265 0.0 0.0
CYD/3 -1.04500364819 0.400867526679 0.153170321276 -0.0590194703361 0.0 0.0
HIS/1 -0.893185234986 0.334920741544 0.648505011812 -0.0646322670083 0.0 0.0
HIS/2 -0.481285213474 0.137172250134 0.189476367523 -0.00226128692438 0.0 0.0
HIS/3 -0.999925472945 0.42324605735 0.140345335345 -0.054447536771 0.0 0.0
HIS/4 -0.941478740712 0.353298663148 0.952389059701 -0.184405840397 -0.225102775986 0.0
PHE/20 0.0 0.0334511785279 0.0 0.0161065014737 0.0 0.0
HIS/5 -0.741761230284 0.101640245133 0.215902105499 0.00833336703825 0.0 0.0
THR/14 0.0 0.0256485666003 0.0 -0.0048566037825 0.0 0.0
THR/10 0.0 0.0267107507865 0.0 0.00344389931954 0.0 0.0
THR/11 0.0 0.0635588197085 0.0 -0.0505275763021 -0.00244716508745 0.0
THR/12 0.0 0.0156494490129 0.0 -0.00187240773844 0.0 0.0
THR/13 0.0 0.0215311307573 0.0 -0.00883433555219 0.0 0.0
GLU/8 -0.450013969155 0.0283237596065 0.484868785125 -0.782967992688 -0.125563074796 0.0
GLU/9 -0.437349119395 0.0307908556506 0.467376041356 -0.837306605151 -0.136151439709 0.0
GLU/2 -0.455585601147 0.129702080755 0.177215970381 0.00332770014845 0.0 0.0
GLU/3 -0.993468548175 0.5005201742 0.146429375203 -0.0374639840361 0.0 0.0
GLU/1 -0.895093892259 0.392916080435 0.636760654566 -0.105188182681 0.0 0.0
GLU/6 -0.584376255175 0.0500931630663 0.183524140869 -0.0333300453488 0.0 0.0
GLU/7 -0.512525978726 0.0635866540071 0.157189428168 0.15448923599 0.0 0.0
GLU/4 -0.923433724186 0.346632254195 0.913932269265 -0.169787877129 -0.21478583251 0.0
GLU/5 -0.601428331337 0.0716131273095 0.187514688456 -0.00153751315122 0.0 0.0
GLU/14 0.0 0.0214443158685 0.0 0.00419467714428 0.0 0.0
GLU/15 0.0 0.0275146366141 0.0 0.00176882056631 0.0 0.0
GLU/10 0.0 0.073835126368 0.0 -0.0190076406784 -0.208469522431 0.0
GLU/11 0.0 0.0983402176308 0.0 0.00145723817442 0.0 0.0
GLU/12 0.0 0.0176933122184 0.0 -0.00201941402662 0.0 0.0
GLU/13 0.0 0.0139408801662 0.0 0.0125273937639 0.0 0.0
VAL/5 -0.458154057231 0.0361815098264 0.263120585529 0.00126533038384 0.0 0.0
VAL/4 -0.968811741067 0.352339146985 1.00446257558 -0.231324776153 -0.264088257885 0.0
VAL/7 -1.17442732687 0.119052059227 0.0892014599972 0.0127063959408 0.0 0.0
VAL/6 -1.12537184856 0.137503878282 0.111167711887 -0.0386655685676 0.0 0.0
VAL/1 -0.882251122388 0.263547438081 0.645368850267 -0.0540480181605 0.0 0.0
VAL/3 -0.999043693576 0.35668091716 0.123394242867 -0.0333244915867 0.0 0.0
VAL/2 -0.467163017786 0.129780748216 0.162776845946 -0.000710317337396 0.0 0.0
VAL/9 0.0 0.169702946802 0.0 -0.00770063027652 0.0 0.0
VAL/8 0.0 0.0524233504393 0.0 -0.118783241498 -0.28109754401 0.0
LYS/7 -0.424642566582 0.0175631508642 0.145065371924 0.0379073910605 0.0 0.0
PRO/9 0.0 0.0865188876529 0.0 -0.00176808591733 0.0 0.0
PRO/8 0.0 0.0 0.0 0.0 0.0 0.0
PRO/1 -0.628429002877 0.155213611724 0.133754007285 -0.076377212634 0.0 0.0
PRO/3 -0.895948457322 0.601566035806 0.130732363491 -0.00898533145589 0.0 0.0
PRO/2 -0.413483365705 0.163292129811 0.139518449395 0.00146515118531 0.0 0.0
PRO/5 -0.643563889716 0.0642654105679 0.1490552083 -0.00705253292564 0.0 0.0
PRO/4 -0.875898571205 0.357620280946 0.893725415654 -0.112109250973 -0.169410353352 0.0
PRO/7 -0.7656363836 0.575442247441 0.240469522534 0.0 0.0 0.0
PRO/6 -0.701929056603 0.0423767974617 0.177786991627 -0.00641458965369 0.0 0.0
LEU/2 -0.496980055956 0.131029273781 0.172408676437 -0.000473332431917 0.0 0.0
LEU/3 -1.06049132888 0.447897127486 0.138368390567 -0.0357681448569 0.0 0.0
LEU/1 -0.953794360247 0.345726779765 0.692554567651 -0.0425671561452 0.0 0.0
LEU/6 -0.444550116444 0.0131256404931 0.221341312822 -0.00231909792721 0.0 0.0
LEU/7 -1.01123471035 0.0715495251503 -0.00477858706764 -0.0192627057121 0.0 0.0
LEU/4 -0.99864939257 0.371230720596 1.02516941787 -0.222578808732 -0.25264135207 0.0
LEU/5 -0.694520721266 0.0647313891243 0.169024376101 0.0102690211041 0.0 0.0
LEU/8 -0.950424216666 0.0681808225337 -0.00215499074764 -0.0297922009621 0.0 0.0
LEU/9 0.0 0.0645005659736 0.0 -0.112043237501 -0.285330006476 0.0
ILE/8 -1.06854142737 0.0895723525468 -0.0220855746048 -0.0244371882286 0.0 0.0
ILE/9 0.0 0.0540711380432 0.0 -0.121403549849 -0.290571278511 0.0
TRP/24 0.0 0.0304107982443 0.0 0.0184178311093 0.0 0.0
TRP/21 0.0 0.0379618671033 0.0 0.0120481847996 0.0 0.0
TRP/20 0.0 0.0134187965745 0.0 -0.262257229483 -0.146807020967 0.0
TRP/23 0.0 0.030170633599 0.0 0.0205987694482 0.0 0.0
TRP/22 0.0 0.0303608961423 0.0 0.00369014020723 0.0 0.0
ILE/4 -0.984436934559 0.364832254222 1.02533877901 -0.232576091809 -0.266607842654 0.0
ILE/5 -0.421092851166 0.0327577001449 0.251476310995 0.00215789021555 0.0 0.0
MET/8 -1.0808691459 0.106575417541 0.0125103119034 -0.0225813562176 0.0 0.0
MET/9 0.0 0.0700687737742 0.0 -0.103983841235 -0.275182080857 0.0
MET/6 -0.786774695683 0.0686659614184 0.166819489901 0.00432949514419 0.0 0.0
MET/7 -0.825873243493 0.0454055147859 0.555591387773 -0.0146819064904 0.0 0.0
MET/4 -1.00359465495 0.370366019327 1.03214427079 -0.21081369713 -0.247665654105 0.0
MET/5 -0.756246525056 0.0832555871566 0.191632637793 0.0157382506552 0.0 0.0
MET/2 -0.519358386122 0.13656715772 0.182057040549 -0.00148780303508 0.0 0.0
MET/3 -1.07610903052 0.450548399873 0.140250431179 -0.0406011638347 0.0 0.0
CYS/11 0.0 0.116966716168 0.0 0.0364528568079 0.0 0.0
CYS/10 0.0 0.0431055148162 0.0 0.000108861414194 0.0 0.0
ILE/12 0.0 0.0258128130179 0.0 0.00281605006374 0.0 0.0
ILE/13 0.0 0.0340342902553 0.0 -0.000908922391004 0.0 0.0
ILE/10 0.0 0.156606251009 0.0 -0.00656853496608 0.0 0.0
ILE/11 0.0 0.021761205514 0.0 -2.39503745607e-05 0.0 0.0
ILE/16 0.0 0.0224553145077 0.0 -0.000199561145505 0.0 0.0
ILE/17 0.0 0.0281255890063 0.0 0.0105099453814 0.0 0.0
ILE/14 0.0 0.0165656091044 0.0 0.00502941073314 0.0 0.0
ILE/15 0.0 0.0215420833192 0.0 -0.00873893666082 0.0 0.0
ILE/18 0.0 0.0238450399995 0.0 0.00696685092934 0.0 0.0
ILE/19 0.0 0.020981266861 0.0 0.0111709285861 0.0 0.0
ASP/8 -0.580877844495 0.0372534763778 0.61275193021 -0.889677186135 -0.185981455872 0.0
ASP/9 0.0 0.0804654358028 0.0 -0.0062092073495 -0.191299675668 0.0
ASP/1 -0.846760429869 0.35724596682 0.609686540735 -0.139608495211 0.0 0.0
ASP/2 -0.44114169774 0.13113293288 0.177157840676 0.0100763494063 0.0 0.0
ASP/3 -0.966783568885 0.493318112502 0.139465072777 0.00142275869136 0.0 0.0
ASP/4 -0.917432757123 0.341839308814 0.901942961867 -0.214368353419 -0.213711665132 0.0
ASP/5 -0.652503127102 0.0865660811819 0.21105759529 -0.0427306314956 0.0 0.0
ASP/6 -0.744576072057 0.0924806063696 0.230606869295 0.195869288544 0.0 0.0
ASP/7 -0.691274517809 0.0407386677817 0.756596939122 -0.898975482535 -0.175289069065 0.0
SER/2 -0.493530893383 0.136238520784 0.196335498866 0.000941983536827 0.0 0.0
SER/3 -0.99182041929 0.460058798212 0.14255506732 -0.0237580874875 0.0 0.0
SER/1 -0.890973390881 0.327229199973 0.638745501486 -0.0866142758073 0.0 0.0
SER/6 -0.607881691733 0.0297481413045 0.856432805972 -0.240970436952 -0.127985457664 0.0
SER/7 0.0 0.0805626724664 0.0 -0.0764069434342 -0.212575312866 0.0
SER/4 -0.937028483978 0.33713428443 0.92261017183 -0.196714519103 -0.211653176501 0.0
SER/5 -0.82342670247 0.120773437244 0.242721783942 -0.00300271652789 0.0 0.0
SER/8 0.0 0.126733203123 0.0 -0.00496425384111 0.0 0.0
SER/9 0.0 0.0244655046075 0.0 -0.0037775532924 0.0 0.0
ASN/14 0.0 0.00784955913285 0.0 -0.177622555048 -0.0968831376358 0.0
ASN/8 -0.827632669352 0.0393969534353 0.629916643631 0.0339449687416 0.0 0.0
ASN/9 0.0 0.0891361123784 0.0 -0.0744129045773 -0.206234080954 0.0
ASN/2 -0.459071393237 0.134332029735 0.187488501917 0.000814696275922 0.0 0.0
ASN/3 -0.969698004926 0.461074429536 0.143146123 -0.0461609155111 0.0 0.0
ASN/1 -0.87295694809 0.35953563399 0.634850180084 -0.0771276025234 0.0 0.0
ASN/6 -0.76275609443 0.062902423667 0.172283890907 -0.0186728674989 0.0 0.0
ASN/7 -0.611864377423 0.0418894935667 0.610950483919 -0.332489720402 -0.147264962809 0.0
ASN/4 -0.901611943152 0.338511899408 0.886723370913 -0.175540869823 -0.201200888608 0.0
ASN/5 -0.67868076201 0.104292102718 0.224546584873 0.0137716267225 0.0 0.0
LYS/9 -0.426263932981 0.0283931863623 0.472484122874 0.0988274376443 0.0 0.0
MET/1 -0.968763589926 0.353986660612 0.699685057038 -0.0444664450591 0.0 0.0
LYS/22 0.0 0.00718808661216 0.0 -0.276177408368 -0.0351438293818 0.0
LYS/21 0.0 0.00722202922919 0.0 -0.279704610615 -0.0360709204997 0.0
LYS/20 0.0 0.00450328269337 0.0 -0.224878989591 -0.019323355301 0.0
TRP/10 -0.627704592455 0.113512065573 0.118794657876 0.0193537009943 0.0 0.0
TRP/11 -0.757097449562 0.109418174652 0.111397282955 -0.0243330162079 0.0 0.0
TRP/12 -0.747059261027 0.114153875427 0.12797943067 -0.0192417392034 0.0 0.0
TRP/13 -0.842020001763 0.0990607177465 0.107752166214 -0.0276920769103 0.0 0.0
TRP/14 -0.799755476527 0.100818285018 0.110795776162 -0.0270513987152 0.0 0.0
SER/11 0.0 0.0763433117219 0.0 -0.0481211538738 -0.0020609092119 0.0
TRP/16 0.0 0.128798571233 0.0 -0.00233610116598 0.0 0.0
TRP/17 0.0 0.0262572834361 0.0 -0.00620094613831 0.0 0.0
TRP/18 0.0 0.0253359363504 0.0 0.00548518340195 0.0 0.0
TRP/19 0.0 0.0433482980645 0.0 -0.0171013873211 0.0 0.0
ALA/4 -0.992409222156 0.359443399563 0.997907495974 -0.192449045975 -0.235013009185 0.0
ALA/5 -1.2016331003 0.147285052466 0.159602300854 0.0240840792846 0.0 0.0
ALA/6 0.0 0.0690134071595 0.0 -0.0729788925278 -0.25444820042 0.0
ALA/7 0.0 0.102355162865 0.0 -0.00381136202491 0.0 0.0
ALA/1 -1.00062802185 0.386283917536 0.716836366299 -0.0637106019649 0.0 0.0
ALA/2 -0.556580584084 0.134694313115 0.181565888411 0.00037604685228 0.0 0.0
ALA/3 -1.08129120664 0.504844359167 0.143474159229 -0.0391967438719 0.0 0.0
ALA/8 0.0 0.0212347670411 0.0 0.00952526542952 0.0 0.0
ALA/9 0.0 0.0244368799781 0.0 -0.0208333907039 0.0 0.0
GLN/15 0.0 0.0326454063363 0.0 -0.0213134060688 0.0 0.0
GLN/14 0.0 0.0255625928562 0.0 -0.0174253189856 0.0 0.0
GLN/17 0.0 0.00877474008837 0.0 -0.187838915008 -0.0960263093801 0.0
GLN/16 0.0 0.0052453126433 0.0 -0.0831313019918 -0.0607640941826 0.0
GLN/11 0.0 0.111913521934 0.0 -0.0056702008814 0.0 0.0
GLN/10 0.0 0.0831341194863 0.0 -0.0667675121707 -0.234649448342 0.0
GLN/13 0.0 0.0164992226703 0.0 0.00443200344374 0.0 0.0
GLN/12 0.0 0.0218124262592 0.0 -0.0128372484858 0.0 0.0
HIS/12 0.0 0.132841293665 0.0 -0.00879746023876 0.0 0.0
HIS/13 0.0 0.0317335630355 0.0 -0.0194765070535 0.0 0.0
HIS/10 -0.778218816071 0.0505636656966 0.703922981477 0.0223017065728 0.0 0.0
HIS/11 0.0 0.0837329512037 0.0 -0.0831478997869 -0.230541390693 0.0
HIS/16 0.0 0.0394692223898 0.0 -0.0266104369134 0.0 0.0
HIS/17 0.0 0.0202873553282 0.0 -0.266126318804 -0.117508335813 0.0
HIS/14 0.0 0.0275679746566 0.0 -0.00390387367054 0.0 0.0
HIS/15 0.0 0.0486189830223 0.0 -0.0185823281273 0.0 0.0
LEU/14 0.0 0.023596234525 0.0 0.0106952023407 0.0 0.0
LEU/15 0.0 0.0206304367492 0.0 0.00307086402118 0.0 0.0
LEU/16 0.0 0.0201212671642 0.0 0.0104429880369 0.0 0.0
LEU/17 0.0 0.0220352755848 0.0 0.0115790302716 0.0 0.0
LEU/10 0.0 0.117339999669 0.0 -0.00387272165146 0.0 0.0
LEU/11 0.0 0.0180452524858 0.0 -0.0114622979585 0.0 0.0
LEU/12 0.0 0.0181443898937 0.0 0.00948591495227 0.0 0.0
LEU/13 0.0 0.0269287640429 0.0 -0.00502957975387 0.0 0.0
ILE/1 -0.903419997531 0.287201604627 0.659436400437 -0.0463809328234 0.0 0.0
ILE/2 -0.46921652421 0.129666316777 0.166611176949 -0.000650324152255 0.0 0.0
ILE/3 -1.01561564172 0.373854668878 0.130031166685 -0.0347712006209 0.0 0.0
LEU/18 0.0 0.0199492810718 0.0 0.0108067414664 0.0 0.0
LEU/19 0.0 0.0195145884539 0.0 0.00639858702774 0.0 0.0
ILE/6 -0.792389000127 0.0587812509227 0.142258770801 0.00781044685226 0.0 0.0
ILE/7 -1.06289126157 0.128274506879 0.105554306042 -0.0431187800934 0.0 0.0
TRP/6 -0.681200322382 0.0717537397755 0.160600130359 -0.00302747403856 0.0 0.0
TRP/7 -0.807619234299 0.112784385666 0.186855945749 0.000378385037728 0.0 0.0
TRP/4 -0.973112091627 0.359813359992 1.00383897083 -0.242461536627 -0.24906156881 0.0
TRP/5 -0.737923390483 0.0938092606 0.181198376887 0.00170958663487 0.0 0.0
TRP/2 -0.496245035642 0.132432817969 0.17454815084 0.00188154362243 0.0 0.0
TRP/3 -1.02563256801 0.410909396522 0.137185510407 -0.0227350812171 0.0 0.0
TRP/1 -0.907858736491 0.316402488825 0.655019913688 -0.0797646208939 0.0 0.0
TRP/8 -0.585958973514 0.0842250938946 0.104060880484 -0.00410652157863 0.0 0.0
TRP/9 -0.852954626028 0.0581809855018 0.891552814863 -0.011530435903 0.0 0.0
ARG/8 -0.517344999974 0.0225707136546 0.530346583595 0.190637336095 0.0 0.0
ARG/9 -0.537497635245 0.0502797445914 0.161526942717 -0.255179981478 0.0 0.0
ARG/4 -0.944498147341 0.348462823945 0.942730367068 -0.158623950253 -0.226233947335 0.0
ARG/5 -0.673412490542 0.0791378894469 0.221647043696 0.0368561370305 0.0 0.0
ARG/6 -0.656610329579 0.0497585634065 0.213745484653 0.0414567608298 0.0 0.0
ARG/7 -0.514291072509 0.0302171890646 0.163020823227 -0.0541182452379 0.0 0.0
ARG/1 -0.932314853827 0.361501693605 0.668245577984 -0.0421624576349 0.0 0.0
ARG/2 -0.484304777216 0.132598375777 0.190815602695 -0.00440875799438 0.0 0.0
ARG/3 -1.01274524994 0.458024029978 0.14451480774 -0.0647168584251 0.0 0.0
ARG/23 0.0 0.0106120322106 0.0 -0.589445037649 -0.106050667073 0.0
ARG/22 0.0 0.00763090265453 0.0 -0.442600030215 -0.0753551743406 0.0
ASP/12 0.0 0.0205179453759 0.0 0.0153566895225 0.0 0.0
ASP/10 0.0 0.112661746588 0.0 0.0109264298463 0.0 0.0
ASP/11 0.0 0.0268391668075 0.0 0.00315637287913 0.0 0.0
ARG/24 0.0 0.00791633091073 0.0 -0.455870633867 -0.0679562511938 0.0
TYR/9 -0.727788517594 0.0945303706586 0.138721595192 -0.0135730140271 0.0 0.0
TYR/8 -0.743045875772 0.0832527103967 0.142678440055 -0.0109883413045 0.0 0.0
ARG/21 0.0 0.00661018164723 0.0 -0.380767006233 -0.082226235638 0.0
ARG/20 0.0 0.0150604500409 0.0 -0.612126118397 -0.123390852179 0.0
TYR/5 -0.757745776769 0.0983796242808 0.184221210273 0.00735095688453 0.0 0.0
TYR/4 -0.970210634897 0.356773468346 1.00322322203 -0.234864640676 -0.249623079663 0.0
TYR/7 -0.733050522122 0.0833827643528 0.142927833039 -0.0115924845766 0.0 0.0
TYR/6 -0.684461724933 0.0665342164625 0.151785845091 0.0 0.0 0.0
TYR/1 -0.906766353764 0.308943888809 0.658788489944 -0.0589006183668 0.0 0.0
TYR/3 -1.02462735782 0.389538122943 0.13178145962 -0.0362360145333 0.0 0.0
TYR/2 -0.495126599658 0.134806591109 0.173334776338 -0.000284806655027 0.0 0.0
