#Split unfolded energy two body component using mode values
#Author: Riley Simmons-Edler (rse231@nyu.edu)
ATOM fa_atr fa_rep fa_sol fa_elec hbond_sc dslf_fa13
WEIGHT 0.8 0.634454 1.16497 0.73 1.199257 1.0
HIS/8 -0.833716 0.0146165 0.176474 0.00457713 0.0 0.0
HIS/9 -0.415277 0.00768218 0.155731 0.0050316 0.0 0.0
TYR/19 0.0 0.0 0.0 0.0153266 0.0 0.0
TYR/18 0.0 0.000170231 0.0 0.00567411 0.0 0.0
LYS/18 0.0 0.0 0.0 -0.00722882 0.0 0.0
LYS/19 0.0 0.0 0.0 -0.00273905 0.0 0.0
LYS/16 0.0 0.0 0.0 -0.006476 0.0 0.0
LYS/17 0.0 0.0 0.0 -0.00584197 0.0 0.0
LYS/14 0.0 0.0 0.0 -0.0135785 0.0 0.0
LYS/15 0.0 0.0 0.0 -0.0102718 0.0 0.0
LYS/12 0.0 0.0 0.0 -0.015851 0.0 0.0
LYS/13 0.0 0.0 0.0 0.0128847 0.0 0.0
HIS/6 -0.722318 0.0119179 0.124661 0.0175769 0.0 0.0
LYS/11 0.0 0.0343064 0.0 -0.00369288 0.0 0.0
THR/8 0.0 0.0189551 0.0 -0.105391 0.0 0.0
THR/9 0.0 0.0417849 0.0 -0.00356474 0.0 0.0
THR/2 -0.4374 0.125957 0.14515 -0.00767747 0.0 0.0
THR/3 -0.994417 0.244218 0.122167 -0.0285202 0.0 0.0
THR/1 -0.817307 0.0580572 0.65492 -0.0417981 0.0 0.0
THR/6 -0.669883 0.00023549 1.25861 -0.0290261 0.0 0.0
THR/7 -1.18731 0.0209482 0.129624 -0.0026621 0.0 0.0
THR/4 -1.10649 0.245416 1.26092 -0.274887 0.0 0.0
THR/5 -0.373876 0.0315715 0.24996 -0.00849826 0.0 0.0
CYD/10 0.0 0.00371585 0.0 -0.00413991 0.0 0.0
TYR/13 0.0 0.0210544 0.0 -0.143733 0.0 0.0
TYR/15 0.0 0.000798015 0.0 -0.00429041 0.0 0.0
TYR/14 0.0 0.0376593 0.0 0.00368109 0.0 0.0
TYR/17 0.0 0.000138553 0.0 -0.0109491 0.0 0.0
TYR/16 0.0 0.00168366 0.0 -0.00161938 0.0 0.0
TYR/12 -0.326906 0.00148435 1.05163 -0.00421093 0.0 0.0
TYR/11 -0.65771 0.0158399 0.0541571 0.0302816 0.0 0.0
TYR/10 -0.762666 0.0206506 0.0518696 0.000413702 0.0 0.0
LYS/8 -0.0209058 0.0 0.0723587 -0.00608488 0.0 0.0
LYS/10 0.0 0.023561 0.0 -0.07328 0.0 0.0
LYS/4 -1.0531 0.2454 1.35019 0.161629 0.0 0.0
LYS/5 -0.525441 0.0452733 0.177749 0.0412385 0.0 0.0
LYS/6 -0.396943 0.00601518 0.157795 0.0173954 0.0 0.0
HIS/7 -0.385861 0.000209941 0.251662 -0.0011609 0.0 0.0
LYS/1 -0.919838 0.0596347 0.749961 0.0240093 0.0 0.0
LYS/2 -0.425906 0.123952 0.193944 -0.00739563 0.0 0.0
LYS/3 -1.07651 0.247653 0.132156 -0.00903441 0.0 0.0
ARG/18 0.0 0.0 0.0 -0.0103312 0.0 0.0
ARG/19 0.0 0.0 0.0 -0.0111512 0.0 0.0
ARG/16 0.0 0.0 0.0 -0.00340898 0.0 0.0
ARG/17 0.0 0.0 0.0 -0.0404712 0.0 0.0
ARG/14 0.0 0.0 0.0 -0.0319088 0.0 0.0
ARG/15 0.0 0.0 0.0 -0.013951 0.0 0.0
ARG/12 0.0 0.0233188 0.0 -0.0761822 0.0 0.0
ARG/13 0.0 0.0354232 0.0 -0.00471261 0.0 0.0
ARG/10 -0.00150678 0.000364762 0.0082249 0.0133521 0.0 0.0
ARG/11 -0.459617 0.000973054 0.00115565 0.0 0.0 0.0
PHE/19 0.0 0.00069128 0.0 0.0190212 0.0 0.0
PHE/18 0.0 0.00070555 0.0 0.0298316 0.0 0.0
ALA/10 0.0 0.000882646 0.0 0.0134479 0.0 0.0
PHE/15 0.0 0.00165995 0.0 0.00257696 0.0 0.0
PHE/14 0.0 0.000711134 0.0 -0.011101 0.0 0.0
PHE/17 0.0 0.000241116 0.0 0.00948031 0.0 0.0
PHE/16 0.0 0.000300051 0.0 0.0156045 0.0 0.0
PHE/11 -0.812363 0.0226436 0.0114867 -0.0194697 0.0 0.0
PHE/10 -0.814606 0.0223057 0.024516 -0.00667024 0.0 0.0
PHE/13 0.0 0.0378572 0.0 -0.00272103 0.0 0.0
PHE/12 0.0 0.0205062 0.0 -0.108581 0.0 0.0
PHE/9 -0.815146 0.0219502 0.0215514 -0.0227278 0.0 0.0
PHE/8 -0.75732 0.0195926 0.0554858 -0.00987177 0.0 0.0
PHE/5 -0.793819 0.0466693 0.171021 0.0227033 0.0 0.0
PHE/4 -1.08805 0.246159 1.28017 -0.328391 0.0 0.0
PHE/7 -0.784094 0.0184588 0.0551665 -0.0167069 0.0 0.0
PHE/6 -0.657605 0.0117133 0.108133 0.0 0.0 0.0
PHE/1 -0.864944 0.059398 0.747487 -0.0370038 0.0 0.0
PHE/3 -1.14448 0.242818 0.144325 -0.0147811 0.0 0.0
PHE/2 -0.471039 0.126108 0.143995 -0.00272862 0.0 0.0
MET/10 0.0 0.0390739 0.0 0.000410147 0.0 0.0
MET/11 0.0 0.000396206 0.0 -0.017524 0.0 0.0
MET/12 0.0 9.56062e-05 0.0 0.014664 0.0 0.0
MET/13 0.0 0.000454144 0.0 0.00225308 0.0 0.0
MET/14 0.0 0.00150272 0.0 -0.00331889 0.0 0.0
MET/15 0.0 9.68833e-05 0.0 0.0222419 0.0 0.0
MET/16 0.0 5.8433e-06 0.0 0.00703497 0.0 0.0
MET/17 0.0 0.0 0.0 0.00471102 0.0 0.0
HIS_D/17 0.0 0.0 0.0 0.0 0.0 0.0
HIS_D/16 0.0 0.0 0.0 -0.000410065 0.0 0.0
HIS_D/15 0.0 0.0 0.0 -0.0101615 0.0 0.0
HIS_D/14 0.0 0.0 0.0 0.00209872 0.0 0.0
HIS_D/13 0.0 0.0 0.0 -0.0140726 0.0 0.0
HIS_D/12 0.0 0.0251423 0.0 -0.019936 0.0 0.0
HIS_D/11 0.0 0.0175422 0.0 0.0296148 0.0 0.0
HIS_D/10 -0.0278275 0.0 0.028301 -0.00220792 0.0 0.0
SER/10 0.0 0.0 0.0 0.00540339 0.0 0.0
TRP/15 0.0 0.021055 0.0 -0.134281 0.0 0.0
CYS/7 0.0 0.0210217 0.0 -0.163887 -0.371045 0.0
CYS/6 -1.19483 0.0248552 0.969013 0.0171087 0.0 0.0
CYS/5 -0.902656 0.0531381 0.161957 0.0170071 0.0 0.0
CYS/4 -1.11849 0.24765 1.29836 -0.266529 0.0 0.0
CYS/3 -1.03854 0.243052 0.12935 -0.0541909 0.0 0.0
CYS/2 -0.540476 0.129185 0.170111 -0.00348846 0.0 0.0
CYS/1 -0.943213 0.0605234 0.725975 -0.0230425 0.0 0.0
CYS/9 0.0 0.00459709 0.0 0.00768265 0.0 0.0
CYS/8 0.0 0.0393299 0.0 0.00274703 0.0 0.0
TYR/20 0.0 1.74811e-06 0.0 0.0219329 0.0 0.0
TYR/21 0.0 0.0 0.0 0.0292099 0.0 0.0
ASN/10 0.0 0.0363885 0.0 0.0148214 0.0 0.0
ASN/11 0.0 0.000201205 0.0 -0.0384058 0.0 0.0
ASN/12 0.0 0.0 0.0 -0.0179597 0.0 0.0
ASN/13 0.0 0.0 0.0 -0.00897398 0.0 0.0
PRO/11 0.0 0.0 0.0 0.00251532 0.0 0.0
PRO/10 0.0 7.49678e-06 0.0 0.0219171 0.0 0.0
PRO/13 0.0 0.0 0.0 -0.00195096 0.0 0.0
PRO/12 0.0 0.0 0.0 0.00684249 0.0 0.0
PRO/15 0.0 0.0243307 0.0 -0.0111682 0.0 0.0
PRO/14 0.0 0.0169867 0.0 -0.0104922 0.0 0.0
HIS_D/9 -0.0056894 0.0 0.00912854 0.00642935 0.0 0.0
HIS_D/8 -0.139215 0.0 0.0413366 -0.00783575 0.0 0.0
HIS_D/3 -0.414435 0.319501 0.0886749 -0.0375172 0.0 0.0
HIS_D/2 -0.369955 0.0991329 0.183626 0.00132723 0.0 0.0
HIS_D/1 -0.606489 0.0439025 0.687932 -0.105203 0.0 0.0
HIS_D/7 -0.0470245 0.0 0.0339097 0.0046115 0.0 0.0
HIS_D/6 -0.259922 0.000371416 0.0728498 -0.00304413 0.0 0.0
HIS_D/5 -0.239919 0.042919 0.127991 -0.00638781 0.0 0.0
HIS_D/4 -0.382799 0.171259 0.51136 0.0122137 0.0 0.0
VAL/15 0.0 0.000185279 0.0 0.0112463 0.0 0.0
VAL/14 0.0 2.58182e-05 0.0 0.0123371 0.0 0.0
VAL/16 0.0 0.00463447 0.0 0.00378672 0.0 0.0
VAL/11 0.0 0.0 0.0 -0.000243295 0.0 0.0
VAL/10 0.0 0.000640411 0.0 0.000770776 0.0 0.0
VAL/13 0.0 4.75659e-05 0.0 0.00669426 0.0 0.0
VAL/12 0.0 0.00150021 0.0 0.00108913 0.0 0.0
GLN/5 -0.595079 0.0457445 0.210393 0.0255668 0.0 0.0
GLN/4 -1.05146 0.245092 1.28733 -0.213973 0.0 0.0
GLN/7 -0.331736 0.000598336 0.102436 -0.0465813 0.0 0.0
GLN/6 -0.488025 0.0105716 0.146892 0.0353593 0.0 0.0
GLN/1 -1.0128 0.551026 0.780591 0.047442 0.0 0.0
GLN/3 -1.10843 0.246691 0.141875 -0.0275248 0.0 0.0
GLN/2 -0.488172 0.125599 0.156995 -0.00425137 0.0 0.0
GLN/9 -0.290164 2.88204e-05 0.0281671 0.00753891 0.0 0.0
GLN/8 -0.213431 0.0 0.0418861 -0.0110859 0.0 0.0
GLY/6 0.0 0.0130368 0.0 -0.0130553 0.0 0.0
GLY/7 0.0 0.0306362 0.0 -0.000261225 0.0 0.0
GLY/4 -1.12519 0.244501 1.35108 0.126061 0.0 0.0
GLY/5 0.0 0.0182649 0.0 -0.0508673 0.0 0.0
GLY/2 -0.406801 0.134362 0.132908 0.00112069 0.0 0.0
GLY/3 -0.839336 0.251437 0.111875 -0.0118923 0.0 0.0
GLY/1 -0.953121 0.059489 0.750211 0.0387102 0.0 0.0
CYD/8 0.0 0.0514125 0.0 -0.0215337 0.0 0.0
CYD/9 0.0 0.00296276 0.0 -0.0299721 0.0 0.0
CYD/4 -1.00608 0.246765 1.3129 -0.222768 0.0 0.0
CYD/5 -0.911294 0.0496907 0.207301 0.00968222 0.0 0.0
CYD/6 -0.968382 0.030059 0.821727 0.0138853 0.0 -1.6962
CYD/7 0.0 0.0183997 0.0 0.00345747 0.0 0.0
CYD/1 -0.944102 0.0611484 0.822662 -0.0309708 0.0 0.0
CYD/2 -0.584511 0.13751 0.18411 -0.00151915 0.0 0.0
CYD/3 -1.0772 0.260186 0.184276 -0.0420424 0.0 0.0
HIS/1 -0.918322 0.0593623 0.763522 0.0553291 0.0 0.0
HIS/2 -0.522877 0.126097 0.155985 0.001378 0.0 0.0
HIS/3 -1.0063 0.24497 0.153927 -0.0238359 0.0 0.0
HIS/4 -1.07359 0.245385 1.26365 -0.294728 0.0 0.0
PHE/20 0.0 0.000473176 0.0 0.022849 0.0 0.0
HIS/5 -0.774436 0.0444373 0.145875 0.0100309 0.0 0.0
THR/14 0.0 0.000186749 0.0 0.0187746 0.0 0.0
THR/10 0.0 0.000952366 0.0 0.0153359 0.0 0.0
THR/11 0.0 0.0 0.0 0.0416288 0.0 0.0
THR/12 0.0 0.0 0.0 0.00147085 0.0 0.0
THR/13 0.0 0.0 0.0 -0.0217564 0.0 0.0
GLU/8 -0.0214325 0.0 0.0277208 -0.0117656 0.0 0.0
GLU/9 -0.0699428 0.0 0.0209944 -0.0274362 0.0 0.0
GLU/2 -0.443377 0.124913 0.217859 0.00292637 0.0 0.0
GLU/3 -1.12447 0.247433 0.146972 -0.0312021 0.0 0.0
GLU/1 -1.00217 0.550886 0.773979 0.038557 0.0 0.0
GLU/6 -0.472791 0.00608019 0.135255 -0.0290994 0.0 0.0
GLU/7 -0.346236 0.00013713 0.147186 0.0163381 0.0 0.0
GLU/4 -1.02409 0.246376 1.2843 -0.252622 0.0 0.0
GLU/5 -0.514677 0.0451581 0.222008 -0.0247099 0.0 0.0
GLU/14 0.0 0.0 0.0 0.00701198 0.0 0.0
GLU/15 0.0 0.0 0.0 0.0175375 0.0 0.0
GLU/10 0.0 0.0248141 0.0 -0.0994001 0.0 0.0
GLU/11 0.0 0.0345924 0.0 0.0136322 0.0 0.0
GLU/12 0.0 0.0 0.0 -0.019878 0.0 0.0
GLU/13 0.0 0.0 0.0 0.0154032 0.0 0.0
VAL/5 -0.451114 0.0257639 0.246092 0.00188321 0.0 0.0
VAL/4 -1.08223 0.245999 1.25575 -0.264062 0.0 0.0
VAL/7 -1.22482 0.0306777 0.0864927 0.0276091 0.0 0.0
VAL/6 -1.13716 0.0329798 0.081467 -0.0564299 0.0 0.0
VAL/1 -0.85471 0.0582672 0.747411 -0.0378682 0.0 0.0
VAL/3 -1.04092 0.239458 0.104552 -0.00942773 0.0 0.0
VAL/2 -0.50277 0.124256 0.137825 -0.00252646 0.0 0.0
VAL/9 0.0 0.0377008 0.0 0.00243572 0.0 0.0
VAL/8 0.0 0.0186102 0.0 -0.121015 -0.383253 0.0
LYS/7 -0.285168 0.0 0.124432 0.0594394 0.0 0.0
PRO/9 0.0 0.0395916 0.0 0.000172162 0.0 0.0
PRO/8 0.0 0.0 0.0 0.0 0.0 0.0
PRO/1 -0.642114 0.0476463 0.143132 -0.0482602 0.0 0.0
PRO/3 -0.871395 0.652204 0.123895 -0.0547836 0.0 0.0
PRO/2 -0.403883 0.140567 0.0864782 0.00150886 0.0 0.0
PRO/5 -0.220395 0.0368839 0.110206 1.90213e-05 0.0 0.0
PRO/4 -1.05617 0.247007 1.15227 0.0886886 0.0 0.0
PRO/7 -0.55349 0.650035 0.157098 0.0 0.0 0.0
PRO/6 -0.307066 0.0117104 0.114368 -0.0168237 0.0 0.0
LEU/2 -0.506185 0.124142 0.126979 -0.00199342 0.0 0.0
LEU/3 -1.14332 0.243718 0.133425 0.018563 0.0 0.0
LEU/1 -0.915471 0.0598859 0.783525 -0.017029 0.0 0.0
LEU/6 -0.465331 0.00368688 0.198989 0.00628297 0.0 0.0
LEU/7 -1.06462 0.0155689 0.00172371 -0.0031783 0.0 0.0
LEU/4 -1.16838 0.246921 1.28038 -0.332502 0.0 0.0
LEU/5 -0.739984 0.0446617 0.133695 0.0255429 0.0 0.0
LEU/8 -1.00159 0.0133851 -0.0190584 -0.0624811 0.0 0.0
LEU/9 0.0 0.0230551 0.0 -0.104989 -0.376824 0.0
ILE/8 -1.09419 0.0201803 -0.0228403 -0.00732601 0.0 0.0
ILE/9 0.0 0.0201085 0.0 -0.118069 -0.369904 0.0
TRP/24 0.0 0.000203909 0.0 0.0252553 0.0 0.0
TRP/21 0.0 0.00189905 0.0 0.00305082 0.0 0.0
TRP/20 0.0 0.0 0.0 0.00453228 0.0 0.0
TRP/23 0.0 0.000852899 0.0 0.0359494 0.0 0.0
TRP/22 0.0 0.0 0.0 0.0 0.0 0.0
ILE/4 -1.09844 0.246061 1.28842 -0.269305 -0.351545 0.0
ILE/5 -0.420019 0.0238695 0.222955 -0.00185818 0.0 0.0
MET/8 -1.0858 0.0197316 -0.0133443 -0.0296869 0.0 0.0
MET/9 0.0 0.0228016 0.0 -0.152977 -0.37166 0.0
MET/6 -0.788383 0.0199561 0.147808 0.00787579 0.0 0.0
MET/7 -0.900756 0.00935597 0.65029 -0.00729508 0.0 0.0
MET/4 -1.15511 0.248035 1.31251 -0.284376 0.0 0.0
MET/5 -0.82984 0.0480453 0.170707 0.0396171 0.0 0.0
MET/2 -0.527841 0.127438 0.161116 -0.00527624 0.0 0.0
MET/3 -1.07728 0.245064 0.153502 -0.0398955 0.0 0.0
CYS/11 0.0 0.0019242 0.0 0.044903 0.0 0.0
CYS/10 0.0 0.00307197 0.0 0.0135803 0.0 0.0
ILE/12 0.0 0.00012284 0.0 0.00962008 0.0 0.0
ILE/13 0.0 0.00363166 0.0 0.0044376 0.0 0.0
ILE/10 0.0 0.0362281 0.0 0.001948 0.0 0.0
ILE/11 0.0 0.000518365 0.0 0.00797621 0.0 0.0
ILE/16 0.0 9.2409e-06 0.0 -0.0118825 0.0 0.0
ILE/17 0.0 0.000196974 0.0 0.0249171 0.0 0.0
ILE/14 0.0 0.0 0.0 0.0025821 0.0 0.0
ILE/15 0.0 0.00136559 0.0 -0.00284662 0.0 0.0
ILE/18 0.0 2.45304e-05 0.0 0.00495124 0.0 0.0
ILE/19 0.0 0.0 0.0 0.0185969 0.0 0.0
ASP/8 -0.0316708 0.0 0.0422143 -0.0496522 0.0 0.0
ASP/9 0.0 0.0207068 0.0 0.0823546 0.0 0.0
ASP/1 -0.82591 0.061173 0.750033 -0.0370379 0.0 0.0
ASP/2 -0.457881 0.123866 0.122831 0.00239438 0.0 0.0
ASP/3 -0.990838 0.250178 0.106338 -0.00261354 0.0 0.0
ASP/4 -1.05849 0.245871 1.27527 -0.220731 0.0 0.0
ASP/5 -0.5861 0.0363855 0.167682 -0.0404239 0.0 0.0
ASP/6 -0.669967 0.0103922 0.247672 0.015283 0.0 0.0
ASP/7 -0.222609 8.47756e-05 0.450481 -0.120934 0.0 0.0
SER/2 -0.431451 0.126353 0.21444 0.000432574 0.0 0.0
SER/3 -1.009 0.247459 0.128245 0.0163393 0.0 0.0
SER/1 -0.840692 0.0592603 0.75045 0.0147067 0.0 0.0
SER/6 -0.611888 0.000270598 1.14919 -0.0642604 0.0 0.0
SER/7 0.0 0.0197592 0.0 -0.112803 0.0 0.0
SER/4 -1.10007 0.24594 1.27754 -0.241902 0.0 0.0
SER/5 -0.589214 0.0452994 0.171133 0.00195138 0.0 0.0
SER/8 0.0 0.0422469 0.0 0.00358619 0.0 0.0
SER/9 0.0 4.41332e-05 0.0 0.0123722 0.0 0.0
ASN/14 0.0 0.0 0.0 0.0161264 0.0 0.0
ASN/8 -0.397825 0.000305579 0.45141 -0.00597724 0.0 0.0
ASN/9 0.0 0.0213273 0.0 -0.0846116 0.0 0.0
ASN/2 -0.449791 0.124986 0.222715 0.00713681 0.0 0.0
ASN/3 -0.945353 0.248395 0.144291 -0.0221462 0.0 0.0
ASN/1 -0.933076 0.060422 0.754706 0.0102278 0.0 0.0
ASN/6 -0.448368 0.0107328 0.132439 -0.0021968 0.0 0.0
ASN/7 -0.169171 0.000406423 0.250464 0.0194204 0.0 0.0
ASN/4 -1.09906 0.246085 1.25573 -0.225004 0.0 0.0
ASN/5 -0.505531 0.0370277 0.173465 0.0237714 0.0 0.0
LYS/9 -0.0119646 0.0 0.00407954 0.00399246 0.0 0.0
MET/1 -1.03484 0.0597037 0.789981 0.035695 0.0 0.0
LYS/22 0.0 0.0 0.0 0.0 0.0 0.0
LYS/21 0.0 0.0 0.0 0.000725718 0.0 0.0
LYS/20 0.0 0.0 0.0 0.0 0.0 0.0
TRP/10 -0.651252 0.0179115 0.06935 0.0172462 0.0 0.0
TRP/11 -0.766094 0.0257713 0.0395491 -0.023465 0.0 0.0
TRP/12 -0.756674 0.0237897 0.0318901 -0.0230506 0.0 0.0
TRP/13 -0.886233 0.0243962 0.0256059 -0.030252 0.0 0.0
TRP/14 -0.890394 0.0238429 0.0259799 -0.02752 0.0 0.0
SER/11 0.0 7.43782e-05 0.0 0.0522798 0.0 0.0
TRP/16 0.0 0.0379444 0.0 -0.00327898 0.0 0.0
TRP/17 0.0 0.000456799 0.0 0.00511158 0.0 0.0
TRP/18 0.0 0.00111396 0.0 0.0247505 0.0 0.0
TRP/19 0.0 5.24841e-05 0.0 -0.0330661 0.0 0.0
ALA/4 -1.03703 0.248223 1.35194 -0.222021 0.0 0.0
ALA/5 -1.27943 0.0600742 0.207713 0.0131616 0.0 0.0
ALA/6 0.0 0.0266621 0.0 -0.126074 0.0 0.0
ALA/7 0.0 0.035336 0.0 0.00620753 0.0 0.0
ALA/1 -0.979624 0.550609 0.768421 0.00925285 0.0 0.0
ALA/2 -0.528573 0.125908 0.184564 0.00143413 0.0 0.0
ALA/3 -1.11811 0.949488 0.134202 0.0206707 0.0 0.0
ALA/8 0.0 0.0 0.0 0.0122724 0.0 0.0
ALA/9 0.0 0.0 0.0 -0.0193846 0.0 0.0
GLN/15 0.0 0.0 0.0 -0.00966277 0.0 0.0
GLN/14 0.0 0.0 0.0 -0.031613 0.0 0.0
GLN/17 0.0 0.0 0.0 -0.0170149 0.0 0.0
GLN/16 0.0 0.0 0.0 0.007757 0.0 0.0
GLN/11 0.0 0.0355936 0.0 -0.00175209 0.0 0.0
GLN/10 0.0 0.0250463 0.0 -0.150025 0.0 0.0
GLN/13 0.0 0.0 0.0 0.000195508 0.0 0.0
GLN/12 0.0 4.4971e-06 0.0 -0.0137089 0.0 0.0
HIS/12 0.0 0.0370672 0.0 -0.00604414 0.0 0.0
HIS/13 0.0 0.000435742 0.0 -0.00891263 0.0 0.0
HIS/10 -0.323725 0.000451707 0.549875 0.035816 0.0 0.0
HIS/11 0.0 0.0216029 0.0 -0.140446 0.0 0.0
HIS/16 0.0 0.0 0.0 -0.0322602 0.0 0.0
HIS/17 0.0 0.0 0.0 0.0204644 0.0 0.0
HIS/14 0.0 0.000220505 0.0 0.017774 0.0 0.0
HIS/15 0.0 0.0 0.0 -0.00180126 0.0 0.0
LEU/14 0.0 2.77117e-06 0.0 0.0117294 0.0 0.0
LEU/15 0.0 0.0 0.0 -0.00115859 0.0 0.0
LEU/16 0.0 0.0 0.0 0.0119918 0.0 0.0
LEU/17 0.0 0.0 0.0 0.0148154 0.0 0.0
LEU/10 0.0 0.0369146 0.0 -0.00917001 0.0 0.0
LEU/11 0.0 6.23903e-05 0.0 0.00571466 0.0 0.0
LEU/12 0.0 7.65321e-05 0.0 0.0117769 0.0 0.0
LEU/13 0.0 0.00116775 0.0 0.0101736 0.0 0.0
ILE/1 -0.872916 0.0591703 0.747722 0.0106519 0.0 0.0
ILE/2 -0.465536 0.12382 0.128004 -0.00168846 0.0 0.0
ILE/3 -1.04167 0.239833 0.129263 -0.014039 0.0 0.0
LEU/18 0.0 0.0 0.0 0.00444514 0.0 0.0
LEU/19 0.0 0.0 0.0 0.0115034 0.0 0.0
ILE/6 -0.83303 0.0199959 0.122974 0.000898001 0.0 0.0
ILE/7 -1.1182 0.0332679 0.112861 -0.0769969 0.0 0.0
TRP/6 -0.7357 0.0122138 0.115461 -0.00277961 0.0 0.0
TRP/7 -0.916044 0.0232285 0.186863 0.000529655 0.0 0.0
TRP/4 -1.12742 0.245636 1.35638 -0.304003 0.0 0.0
TRP/5 -0.724433 0.0458858 0.164853 0.0109134 0.0 0.0
TRP/2 -0.494135 0.125308 0.154873 -0.00022959 0.0 0.0
TRP/3 -1.12904 0.244418 0.148821 0.0191915 0.0 0.0
TRP/1 -0.81009 0.0587481 0.757078 0.0124871 0.0 0.0
TRP/8 -0.560332 0.0119616 0.0759995 -0.00396988 0.0 0.0
TRP/9 -0.880237 0.009444 1.4523 -0.0207877 0.0 0.0
ARG/8 -0.231246 0.0 0.350587 0.038118 0.0 0.0
ARG/9 -0.41314 0.00274348 0.0914646 0.0210936 0.0 0.0
ARG/4 -1.04776 0.24658 1.2939 -0.20048 0.0 0.0
ARG/5 -0.547376 0.047117 0.182678 0.0480898 0.0 0.0
ARG/6 -0.5702 0.00996739 0.187097 0.0433634 0.0 0.0
ARG/7 -0.269378 1.25597e-05 0.0454897 -0.0376344 0.0 0.0
ARG/1 -1.03282 0.0589559 0.766953 0.0627438 0.0 0.0
ARG/2 -0.469745 0.126001 0.225175 -0.00418737 0.0 0.0
ARG/3 -1.05587 0.246209 0.145138 -0.0464757 0.0 0.0
ARG/23 0.0 0.0 0.0 0.0 0.0 0.0
ARG/22 0.0 0.0 0.0 0.00118669 0.0 0.0
ASP/12 0.0 0.0 0.0 0.0301645 0.0 0.0
ASP/10 0.0 0.0375262 0.0 0.0194518 0.0 0.0
ASP/11 0.0 0.0 0.0 0.00880527 0.0 0.0
ARG/24 0.0 0.0 0.0 0.0 0.0 0.0
TYR/9 -0.808128 0.0196515 0.0555715 -0.0182368 0.0 0.0
TYR/8 -0.799759 0.0193144 0.148126 -0.0161737 0.0 0.0
ARG/21 0.0 0.0 0.0 -0.0182862 0.0 0.0
ARG/20 0.0 0.0 0.0 0.0127533 0.0 0.0
TYR/5 -0.744281 0.0476028 0.171048 0.00880363 0.0 0.0
TYR/4 -1.12091 0.246344 1.31437 -0.342638 0.0 0.0
TYR/7 -0.755683 0.0180658 0.155601 -0.0157518 0.0 0.0
TYR/6 -0.741667 0.0125941 0.114688 0.0 0.0 0.0
TYR/1 -0.839995 0.059799 0.683891 -0.00270244 0.0 0.0
TYR/3 -1.15304 0.242436 0.153678 0.00298827 0.0 0.0
TYR/2 -0.530064 0.125666 0.144178 -0.00824198 0.0 0.0
