#Split unfolded energy two body component using mean values
#Author: Riley Simmons-Edler (rse231@nyu.edu)
ATOM fa_atr fa_rep fa_sol fa_elec hbond_sc dslf_fa13
WEIGHT 0.8 0.44 0.65 1.0 1.15 1.0
HIS/8 -0.674340743205 0.115393530947 0.202312847691 0.00373088085736 0.0 0.0
HIS/9 -0.62978643305 0.140605640916 0.205315637745 -0.0204727847391 0.0 0.0
TYR/19 0.0 0.0312668038981 0.0 0.00280541288125 0.0 0.0
TYR/18 0.0 0.0391812699841 0.0 -0.00200257069877 0.0 0.0
LYS/18 0.0 0.020878907086 0.0 -0.0143825121031 0.0 0.0
LYS/19 0.0 0.0238552795475 0.0 -0.0148522102837 0.0 0.0
LYS/16 0.0 0.0165438746462 0.0 -0.0225342835572 0.0 0.0
LYS/17 0.0 0.0160363967386 0.0 -0.0209421177984 0.0 0.0
LYS/14 0.0 0.0223538007201 0.0 -0.0201956710462 0.0 0.0
LYS/15 0.0 0.0286958559859 0.0 -0.0220844118652 0.0 0.0
LYS/12 0.0 0.0208013384527 0.0 -0.0217375670575 0.0 0.0
LYS/13 0.0 0.0158239584783 0.0 -0.00378906748952 0.0 0.0
HIS/6 -0.574882382112 0.0564558616807 0.182785645372 -0.0145295924618 0.0 0.0
LYS/11 0.0 0.0318443349673 0.0 -0.0101334618805 0.0 0.0
THR/8 0.0 0.0286735050209 0.0 -0.0338029681873 -0.203313403977 0.0
THR/9 0.0 0.0507640906573 0.0 -0.0052978976461 0.0 0.0
THR/2 -0.352510832154 0.00754697708493 0.182227254061 0.000299022673672 0.0 0.0
THR/3 -0.731404157002 0.152312708644 0.103491948817 -0.0113419910702 0.0 0.0
THR/1 -0.679245178579 0.113883065158 0.535205083886 -0.0467695060019 0.0 0.0
THR/6 -0.458228635311 0.0319324673266 0.925409002801 -0.0262242971345 -0.0766569628896 0.0
THR/7 -0.818155376097 0.0857452342699 0.170463696317 0.00724813361314 0.0 0.0
THR/4 -0.731350573589 0.151564639533 0.921553392963 -0.144598534071 -0.196762985484 0.0
THR/5 -0.365515289111 0.0144774114405 0.273657300737 -0.00605074712102 0.0 0.0
CYD/10 0.0 0.0451709278043 0.0 0.009221733382 0.0 0.0
TYR/13 0.0 0.0283434791139 0.0 -0.0500924146645 -0.236010140919 0.0
TYR/15 0.0 0.0294895687164 0.0 -0.00883189186532 0.0 0.0
TYR/14 0.0 0.0485927222894 0.0 -0.00518232729965 0.0 0.0
TYR/17 0.0 0.0416352734725 0.0 -0.000767412762384 0.0 0.0
TYR/16 0.0 0.0290291701245 0.0 0.00349091432001 0.0 0.0
TYR/12 -0.462446046205 0.0427241503837 0.888491714083 -0.04321730832 -0.0495643529327 0.0
TYR/11 -0.626336292923 0.106062205188 0.146925678193 0.0162873704904 0.0 0.0
TYR/10 -0.674599748127 0.11314814134 0.149246506961 -0.0127406187069 0.0 0.0
LYS/8 -0.318802392992 0.0355456990582 0.155009224682 -0.0581118183162 0.0 0.0
LYS/10 0.0 0.0323321683306 0.0 -0.0388335872188 -0.207194870282 0.0
LYS/4 -0.691072095406 0.141165840407 0.868859056956 -0.0717740569232 -0.176782477234 0.0
LYS/5 -0.484074322058 0.0195830807865 0.17425381584 0.030578079915 0.0 0.0
LYS/6 -0.45388158744 0.0287369400182 0.175775630352 0.0354046503079 0.0 0.0
HIS/7 -0.659730029436 0.108628074558 0.445228707901 0.028688097149 -0.054893203715 0.0
LYS/1 -0.718141410258 0.14218446392 0.559238121938 -0.0238164169918 0.0 0.0
LYS/2 -0.346357503076 0.00589792152022 0.176079791082 -0.00358478433747 0.0 0.0
LYS/3 -0.719173471735 0.151863298761 0.111266772087 -0.0532165432543 0.0 0.0
ARG/18 0.0 0.0245532246063 0.0 -0.0250981440411 0.0 0.0
ARG/19 0.0 0.0249583724226 0.0 -0.0249673500658 0.0 0.0
ARG/16 0.0 0.0275000053152 0.0 -0.0222206915639 0.0 0.0
ARG/17 0.0 0.0345211298863 0.0 -0.0257019451991 0.0 0.0
ARG/14 0.0 0.0223217841081 0.0 -0.0264356543576 0.0 0.0
ARG/15 0.0 0.018252565735 0.0 -0.0100520710822 0.0 0.0
ARG/12 0.0 0.0297163937591 0.0 -0.0589372241246 -0.226751917589 0.0
ARG/13 0.0 0.0370235603753 0.0 -0.0102688883839 0.0 0.0
ARG/10 -0.524698541406 0.0469658008113 0.744264404493 0.273537219726 0.0 0.0
ARG/11 -0.544231009233 0.0525924205275 0.766229667838 0.334477807008 0.0 0.0
PHE/19 0.0 0.0397151146803 0.0 0.0138684323437 0.0 0.0
PHE/18 0.0 0.0406209202388 0.0 0.0140402578861 0.0 0.0
ALA/10 0.0 0.0226158694022 0.0 -0.00664295210929 0.0 0.0
PHE/15 0.0 0.0293058342186 0.0 0.00276851662766 0.0 0.0
PHE/14 0.0 0.0285037953537 0.0 -0.00975758305598 0.0 0.0
PHE/17 0.0 0.0376833727116 0.0 -0.00056256937583 0.0 0.0
PHE/16 0.0 0.0417493637399 0.0 0.00110592961238 0.0 0.0
PHE/11 -0.731964192886 0.112097323039 0.103097543433 -0.0212107836842 0.0 0.0
PHE/10 -0.742289144124 0.104156942368 0.111160142148 -0.0177981570056 0.0 0.0
PHE/13 0.0 0.0474213714742 0.0 -0.0060527512955 0.0 0.0
PHE/12 0.0 0.0272109659289 0.0 -0.0591822562015 -0.241132057496 0.0
PHE/9 -0.734783849163 0.104479977967 0.112229818031 -0.0181361160559 0.0 0.0
PHE/8 -0.709809965889 0.0879093019797 0.13144859737 -0.0123653086595 0.0 0.0
PHE/5 -0.617506996652 0.038222892609 0.151153866527 0.0100562390936 0.0 0.0
PHE/4 -0.768940201008 0.163380289447 0.96605243672 -0.171977840032 -0.21874366378 0.0
PHE/7 -0.697296715889 0.0905032424999 0.131747447579 -0.0133775090383 0.0 0.0
PHE/6 -0.566072372149 0.045114050832 0.119962657053 0.0 0.0 0.0
PHE/1 -0.722687442685 0.120902280892 0.568301664799 -0.0325787051129 0.0 0.0
PHE/3 -0.775880171983 0.143047582029 0.103739664667 -0.024871227343 0.0 0.0
PHE/2 -0.382585355432 0.00893706650592 0.168495497278 -0.000776440809469 0.0 0.0
MET/10 0.0 0.044908252147 0.0 -0.00449575716496 0.0 0.0
MET/11 0.0 0.0258957355208 0.0 -0.0131802685576 0.0 0.0
MET/12 0.0 0.0224819549317 0.0 0.00496254221304 0.0 0.0
MET/13 0.0 0.0467061773677 0.0 -0.00775037684351 0.0 0.0
MET/14 0.0 0.0513496596957 0.0 -0.00896393306263 0.0 0.0
MET/15 0.0 0.0474056344303 0.0 0.00885004623182 0.0 0.0
MET/16 0.0 0.0428531443188 0.0 0.00462832966553 0.0 0.0
MET/17 0.0 0.0408569075349 0.0 0.00438056979081 0.0 0.0
HIS_D/17 0.0 0.00848309054545 0.0 -0.00414832179221 0.0 0.0
HIS_D/16 0.0 0.0307140294945 0.0 0.00342275045455 0.0 0.0
HIS_D/15 0.0 0.00531910657895 0.0 -0.102874309913 -0.0155085012987 0.0
HIS_D/14 0.0 0.0207607224151 0.0 0.00245721200779 0.0 0.0
HIS_D/13 0.0 0.00635633156667 0.0 -0.00826110298182 0.0 0.0
HIS_D/12 0.0 0.0209005914863 0.0 -0.0107345036364 0.0 0.0
HIS_D/11 0.0 0.0431394432318 0.0 0.0849438652065 -0.0496595547922 0.0
HIS_D/10 -0.283174172351 0.0294975440845 0.200232272013 -0.0750221649351 -0.0031672038961 0.0
SER/10 0.0 0.0274013185685 0.0 -0.0100170918686 0.0 0.0
TRP/15 0.0 0.0271574093891 0.0 -0.028257367909 -0.21988211946 0.0
CYS/7 0.0 0.0304181546536 0.0 -0.0574180376044 -0.239699513816 0.0
CYS/6 -1.03913831532 0.0995473084428 0.85018540866 -0.0387306423953 0.0 0.0
CYS/5 -0.768974285224 0.0646896469604 0.195506854982 0.00345507346402 0.0 0.0
CYS/4 -0.807787324354 0.164821276248 1.01127578397 -0.173531334975 -0.222925260022 0.0
CYS/3 -0.825989729022 0.154138415099 0.105184895313 -0.014846415992 0.0 0.0
CYS/2 -0.431051645747 0.0131001064578 0.179854662492 0.000347666618509 0.0 0.0
CYS/1 -0.778773462786 0.120715795758 0.611857869626 -0.0357460067184 0.0 0.0
CYS/9 0.0 0.0477303831881 0.0 -0.00885132069912 0.0 0.0
CYS/8 0.0 0.0601032970592 0.0 -0.00459680990111 0.0 0.0
TYR/20 0.0 0.032267406274 0.0 0.00291867295119 0.0 0.0
TYR/21 0.0 0.0431761188589 0.0 -0.0438997627681 -0.0653565088114 0.0
ASN/10 0.0 0.038517629454 0.0 0.00109767843291 0.0 0.0
ASN/11 0.0 0.0347588773186 0.0 -0.0255372908256 0.0 0.0
ASN/12 0.0 0.0269290039055 0.0 -0.00573614837189 0.0 0.0
ASN/13 0.0 0.00810988523416 0.0 -0.064897552949 -0.0615775570127 0.0
PRO/11 0.0 0.025351736131 0.0 0.00247219774207 0.0 0.0
PRO/10 0.0 0.0225501433129 0.0 0.0192866132342 0.0 0.0
PRO/13 0.0 0.0229800682749 0.0 -0.00460850607857 0.0 0.0
PRO/12 0.0 0.0241481168572 0.0 -0.00423873651278 0.0 0.0
PRO/15 0.0 0.0879901685025 0.0 -0.0227911566729 0.0 0.0
PRO/14 0.0 0.0717711129861 0.0 -0.0154151825041 0.0 0.0
HIS_D/9 -0.228035591688 0.084315759257 0.0928519123636 -0.000620768467532 0.0 0.0
HIS_D/8 -0.361261646753 0.0820679778727 0.127304438831 0.00894394137662 0.0 0.0
HIS_D/3 -0.465493750649 0.144993202429 0.0872779079351 -0.0495847337662 0.0 0.0
HIS_D/2 -0.211985068831 0.00860794328571 0.121189425844 -0.00140771045455 0.0 0.0
HIS_D/1 -0.457522316883 0.126782594147 0.363827011688 -0.0569883283117 0.0 0.0
HIS_D/7 -0.275733397403 0.0225030542108 0.348592557403 0.0450598758597 0.0 0.0
HIS_D/6 -0.265232337662 0.044426524007 0.103124307987 -0.000391970597403 0.0 0.0
HIS_D/5 -0.26306374026 0.0395130988147 0.107667460377 0.00497121431169 0.0 0.0
HIS_D/4 -0.455761687922 0.144326106974 0.593815742857 0.0200390091948 -0.0704619715584 0.0
VAL/15 0.0 0.033374215237 0.0 0.00303938153761 0.0 0.0
VAL/14 0.0 0.0285908104296 0.0 0.00631320270508 0.0 0.0
VAL/16 0.0 0.0405905054605 0.0 -0.00213833342119 0.0 0.0
VAL/11 0.0 0.0262809221286 0.0 0.00549506949607 0.0 0.0
VAL/10 0.0 0.0271149908228 0.0 0.00427578871505 0.0 0.0
VAL/13 0.0 0.0278832020127 0.0 0.000161774941314 0.0 0.0
VAL/12 0.0 0.0269308363942 0.0 -0.00723273599107 0.0 0.0
GLN/5 -0.511179557449 0.0237297065636 0.176294346339 0.0183009663681 0.0 0.0
GLN/4 -0.726952153612 0.14775624086 0.910185430473 -0.0983924824007 -0.191572190116 0.0
GLN/7 -0.496030078751 0.0456684641419 0.127760181021 0.0109987416661 0.0 0.0
GLN/6 -0.508128256132 0.0432745527526 0.18523218166 0.022472196681 0.0 0.0
GLN/1 -0.740324106088 0.153551925494 0.576225603705 -0.0358215316501 0.0 0.0
GLN/3 -0.754193538184 0.153495315986 0.113215667794 -0.0407405374826 0.0 0.0
GLN/2 -0.35932443098 0.0062121100137 0.180478906089 -0.00116493765286 0.0 0.0
GLN/9 -0.544250265514 0.0424129663298 0.730804206042 0.0782791736374 0.0 0.0
GLN/8 -0.366630591489 0.036938822032 0.553697160546 -0.160177330643 -0.0789575721575 0.0
GLY/6 0.0 0.0356016478207 0.0 -0.0102734914113 0.0 0.0
GLY/7 0.0 0.0393510048864 0.0 -0.0108734851101 0.0 0.0
GLY/4 -0.690971736414 0.133821843156 0.887273487453 -0.0882505462421 -0.157888529079 0.0
GLY/5 0.0 0.0506350804289 0.0 -0.0178481258533 -0.173577091152 0.0
GLY/2 -0.428927807546 0.0353109828351 0.194744800446 0.00113968904151 0.0 0.0
GLY/3 -0.766312565573 0.143695736817 0.106801580705 -0.0410304688784 0.0 0.0
GLY/1 -0.772436252724 0.141690808724 0.616118217922 -0.024206010285 0.0 0.0
CYD/8 0.0 0.0744292402024 0.0 -0.00898002563481 0.0 0.0
CYD/9 0.0 0.0482710787839 0.0 -0.00954874693408 0.0 0.0
CYD/4 -0.733504034391 0.159142466992 0.935109860225 -0.105159467723 -0.188170806386 0.0
CYD/5 -0.701399823133 0.0568763816654 0.198091329581 0.00633864405522 0.0 0.0
CYD/6 -0.904601811639 0.102465464898 0.738359910986 -0.00866778074485 0.0 -0.467747673557
CYD/7 0.0 0.0352632892318 0.0 -0.0645648371461 -0.208047513902 0.0
CYD/1 -0.756073983865 0.115766837376 0.594712668963 -0.0398775194807 0.0 0.0
CYD/2 -0.418305154206 0.0179180759356 0.183394819133 -0.000251688223622 0.0 0.0
CYD/3 -0.792035073949 0.150624951311 0.119063159758 -0.0404418694925 0.0 0.0
HIS/1 -0.707819303027 0.139460600079 0.558023858377 -0.0341623680745 0.0 0.0
HIS/2 -0.366512745154 0.00903283379878 0.184990728749 -0.00198692863247 0.0 0.0
HIS/3 -0.748875349827 0.157872875688 0.109274509692 -0.0344976814171 0.0 0.0
HIS/4 -0.734767723095 0.158786948819 0.925292637457 -0.125014242089 -0.195099566911 0.0
PHE/20 0.0 0.0398322071365 0.0 0.0174059973346 0.0 0.0
HIS/5 -0.58601505645 0.0412210217642 0.189116941908 0.00879401115307 0.0 0.0
THR/14 0.0 0.0300607962463 0.0 -0.00367696648707 0.0 0.0
THR/10 0.0 0.0275459805819 0.0 0.00489424090815 0.0 0.0
THR/11 0.0 0.0824654550832 0.0 0.0327534876409 -0.00190037081334 0.0
THR/12 0.0 0.0186490391433 0.0 -0.000995006894219 0.0 0.0
THR/13 0.0 0.0253451074762 0.0 -0.00796407268715 0.0 0.0
GLU/8 -0.360561726964 0.0351828109431 0.664382068664 -0.408509438447 -0.0883040470866 0.0
GLU/9 -0.345718032092 0.0389590334003 0.641831823686 -0.410918550128 -0.0928960315 0.0
GLU/2 -0.340143897732 0.00518549097331 0.170875544953 0.003538616617 0.0 0.0
GLU/3 -0.736238741885 0.160956451117 0.112444470982 -0.0200210248853 0.0 0.0
GLU/1 -0.702351762274 0.147995053181 0.546112211629 -0.076156072135 0.0 0.0
GLU/6 -0.444707951338 0.0426521029425 0.16646930236 -0.0269870578154 0.0 0.0
GLU/7 -0.43201316569 0.0786881235352 0.168437456665 0.219918342357 0.0 0.0
GLU/4 -0.71102156105 0.14112065473 0.889926129368 -0.114674344465 -0.186746511561 0.0
GLU/5 -0.457533407049 0.0206722436361 0.16146479882 0.000145672848232 0.0 0.0
GLU/14 0.0 0.0264601483664 0.0 0.0052213523911 0.0 0.0
GLU/15 0.0 0.0345242450624 0.0 0.00287657743172 0.0 0.0
GLU/10 0.0 0.031607431347 0.0 0.0287995618799 -0.182858634095 0.0
GLU/11 0.0 0.0288020522784 0.0 0.00231236632579 0.0 0.0
GLU/12 0.0 0.019453813138 0.0 -0.000816829504243 0.0 0.0
GLU/13 0.0 0.0150359211247 0.0 0.0135493803223 0.0 0.0
VAL/5 -0.378282337597 0.00731412311989 0.216367777068 0.00148744634639 0.0 0.0
VAL/4 -0.769292836943 0.15960370144 0.965047850138 -0.179892418091 -0.23298548039 0.0
VAL/7 -0.989358086581 0.0977773018394 0.0929037384037 0.0160238746013 0.0 0.0
VAL/6 -0.931644754149 0.0988547033603 0.0735562799655 -0.0347118332831 0.0 0.0
VAL/1 -0.70428343049 0.087613948374 0.553280419822 -0.0346512384676 0.0 0.0
VAL/3 -0.752266458556 0.113545692509 0.0930765251158 -0.0193677032142 0.0 0.0
VAL/2 -0.358691771963 0.00575123836029 0.156461807027 -0.000570305762605 0.0 0.0
VAL/9 0.0 0.0510070132152 0.0 -0.00696669398423 0.0 0.0
VAL/8 0.0 0.0178282156955 0.0 -0.0834367205824 -0.256651831534 0.0
LYS/7 -0.369431417869 0.020819447952 0.157202628853 0.040193476942 0.0 0.0
PRO/9 0.0 0.049145679531 0.0 -0.000642809205866 0.0 0.0
PRO/8 0.0 0.0 0.0 0.0 0.0 0.0
PRO/1 -0.467231296663 0.0255422652238 0.103591347838 -0.068657770756 0.0 0.0
PRO/3 -0.642516958664 0.211114774715 0.0924770656944 0.0106695397064 0.0 0.0
PRO/2 -0.304709392117 0.014782078685 0.140150230788 0.00148150205234 0.0 0.0
PRO/5 -0.472606134206 0.0298958847057 0.129497298759 -0.00570031890217 0.0 0.0
PRO/4 -0.662690687583 0.17308264719 0.846247549501 -0.0473355439832 -0.141582333388 0.0
PRO/7 -0.548886680101 0.189197333387 0.168066071229 0.0 0.0 0.0
PRO/6 -0.511664126923 0.0355071043612 0.141351631886 -0.00494219458465 0.0 0.0
LEU/2 -0.384310027297 0.00461918404798 0.164624454341 -0.000318106951259 0.0 0.0
LEU/3 -0.805566305638 0.158697282271 0.103239414838 -0.0202252232811 0.0 0.0
LEU/1 -0.771864877546 0.12403980923 0.600317655419 -0.0224627351184 0.0 0.0
LEU/6 -0.38171661414 0.00964897242769 0.199290611323 -0.00200914198096 0.0 0.0
LEU/7 -0.924164233325 0.0829196094403 0.0219400694184 -0.01674783662 0.0 0.0
LEU/4 -0.793766388814 0.163666387564 0.989769564897 -0.167502957922 -0.223448821876 0.0
LEU/5 -0.569426498497 0.0174968449131 0.141682190966 0.011235949686 0.0 0.0
LEU/8 -0.865233737109 0.0792654819847 0.0254818767898 -0.0273052196003 0.0 0.0
LEU/9 0.0 0.0230421250402 0.0 -0.0795733005975 -0.264028801891 0.0
ILE/8 -0.983422951103 0.105163730974 0.00712675485961 -0.0215978657984 0.0 0.0
ILE/9 0.0 0.0176283749501 0.0 -0.0886073156332 -0.267764385259 0.0
TRP/24 0.0 0.0360634339154 0.0 0.0197838629054 0.0 0.0
TRP/21 0.0 0.0441708573439 0.0 0.0131755714257 0.0 0.0
TRP/20 0.0 0.0166208430788 0.0 -0.167969743676 -0.115904409112 0.0
TRP/23 0.0 0.0352270453198 0.0 0.0217513167979 0.0 0.0
TRP/22 0.0 0.0364267866002 0.0 0.00546958905569 0.0 0.0
ILE/4 -0.786374573187 0.165371191535 0.983280048525 -0.182023075966 -0.236651311896 0.0
ILE/5 -0.345551965507 0.00516774385446 0.204622933817 0.00235377232329 0.0 0.0
MET/8 -0.949316405751 0.127126406284 0.043382317583 -0.0201501042083 0.0 0.0
MET/9 0.0 0.027421607634 0.0 -0.0691659259018 -0.253446607337 0.0
MET/6 -0.66114781032 0.0585880761257 0.151262432526 0.00535729376561 0.0 0.0
MET/7 -0.758351932888 0.0515091957485 0.605266167462 -0.0143586716549 0.0 0.0
MET/4 -0.799226656251 0.162700640957 0.997373957103 -0.157299831634 -0.219374863477 0.0
MET/5 -0.618755711306 0.0299071918045 0.163324000732 0.0169261156366 0.0 0.0
MET/2 -0.404422202408 0.00821521167168 0.174559978374 -0.00130577106118 0.0 0.0
MET/3 -0.819168336933 0.156127219079 0.105957284357 -0.0245594930833 0.0 0.0
CYS/11 0.0 0.151817521681 0.0 0.0415417087593 0.0 0.0
CYS/10 0.0 0.0484425371903 0.0 0.00138174335109 0.0 0.0
ILE/12 0.0 0.0304804642244 0.0 0.00344139280274 0.0 0.0
ILE/13 0.0 0.0389874578765 0.0 -0.000121323978159 0.0 0.0
ILE/10 0.0 0.0461917323867 0.0 -0.00583972989068 0.0 0.0
ILE/11 0.0 0.0240618857159 0.0 0.000661841182641 0.0 0.0
ILE/16 0.0 0.0260788742358 0.0 0.000432105977009 0.0 0.0
ILE/17 0.0 0.0340817171979 0.0 0.0111589408389 0.0 0.0
ILE/14 0.0 0.0192100545748 0.0 0.00554518750193 0.0 0.0
ILE/15 0.0 0.0246356444105 0.0 -0.00797078452978 0.0 0.0
ILE/18 0.0 0.0287950177204 0.0 0.00756008061679 0.0 0.0
ILE/19 0.0 0.0252402184587 0.0 0.0116721045743 0.0 0.0
ASP/8 -0.465705144455 0.0460663615198 0.838400236075 -0.467962966026 -0.128468808423 0.0
ASP/9 0.0 0.0363545953715 0.0 0.0495945163882 -0.164601146308 0.0
ASP/1 -0.654646894845 0.143673196484 0.517124891981 -0.10823789772 0.0 0.0
ASP/2 -0.326776059263 0.00539403027502 0.172999013568 0.0103367484491 0.0 0.0
ASP/3 -0.712956865402 0.192464543423 0.108408278219 0.0234460560769 0.0 0.0
ASP/4 -0.702894253688 0.137453342779 0.884199966903 -0.151468371296 -0.18494412411 0.0
ASP/5 -0.490573957191 0.030408418369 0.186133466647 -0.0368990388424 0.0 0.0
ASP/6 -0.564314189165 0.0977746388833 0.221659813079 0.277294943459 0.0 0.0
ASP/7 -0.577465522958 0.0493343449611 0.988601965851 -0.545758620557 -0.132721239446 0.0
SER/2 -0.375786520423 0.0103020288824 0.193186413407 0.00121317477732 0.0 0.0
SER/3 -0.736543005822 0.180474693299 0.111614054713 -0.00157870487625 0.0 0.0
SER/1 -0.70307510822 0.133026275457 0.55443198558 -0.0533012788744 0.0 0.0
SER/6 -0.488057266401 0.0344670053848 0.97462384647 -0.0823308600499 -0.0952631413127 0.0
SER/7 0.0 0.0342109730324 0.0 -0.0185885028163 -0.185694102675 0.0
SER/4 -0.719059504536 0.145382781041 0.908643014449 -0.133677630633 -0.182699252179 0.0
SER/5 -0.629202666278 0.0590015883438 0.220110842766 -0.00276194543436 0.0 0.0
SER/8 0.0 0.0440231526774 0.0 -0.00392992593077 0.0 0.0
SER/9 0.0 0.0262390470264 0.0 -0.00216869780313 0.0 0.0
ASN/14 0.0 0.00967310193322 0.0 -0.127102403843 -0.0731009080608 0.0
ASN/8 -0.648436283707 0.0471836624376 0.853817955547 0.0827459054679 0.0 0.0
ASN/9 0.0 0.0401115178098 0.0 -0.0198859975072 -0.180998688592 0.0
ASN/2 -0.34412017395 0.00720964920458 0.18263987319 0.00106541788751 0.0 0.0
ASN/3 -0.715863376927 0.171872599348 0.112024349635 -0.0236953526915 0.0 0.0
ASN/1 -0.684136325154 0.148617837685 0.542262443337 -0.0456109967243 0.0 0.0
ASN/6 -0.587474824493 0.0557480630289 0.162040294472 0.0134895632154 0.0 0.0
ASN/7 -0.526121425236 0.0501710534905 0.757557668176 -0.228765604357 -0.112138238144 0.0
ASN/4 -0.686694880089 0.139773120389 0.868714950294 -0.111769583436 -0.171993390838 0.0
ASN/5 -0.515295623975 0.0352666343369 0.195068298467 0.0158659994137 0.0 0.0
LYS/9 -0.304004361784 0.0350537588199 0.803357191778 0.121763051574 0.0 0.0
MET/1 -0.78539853717 0.131388481419 0.611106677122 -0.0226110403768 0.0 0.0
LYS/22 0.0 0.00908976898583 0.0 -0.175417412919 -0.0270653458124 0.0
LYS/21 0.0 0.00922268398919 0.0 -0.178545426793 -0.0278291160405 0.0
LYS/20 0.0 0.00578726593084 0.0 -0.145400383629 -0.0147481542548 0.0
TRP/10 -0.58844165537 0.133981702202 0.127263187808 0.0201097390231 0.0 0.0
TRP/11 -0.712250966642 0.126690408776 0.121283432919 -0.0238250679139 0.0 0.0
TRP/12 -0.682916309323 0.132742171387 0.139772106201 -0.0185808716254 0.0 0.0
TRP/13 -0.777837275127 0.1140099998 0.119576864577 -0.0271513335542 0.0 0.0
TRP/14 -0.731707134362 0.116208987485 0.122670580233 -0.0264750107552 0.0 0.0
SER/11 0.0 0.0992592608515 0.0 0.0438537231897 -0.00163511500074 0.0
TRP/16 0.0 0.0428342425564 0.0 -0.00148488328308 0.0 0.0
TRP/17 0.0 0.0285491489875 0.0 -0.00525915170214 0.0 0.0
TRP/18 0.0 0.0272739716388 0.0 0.00641956201516 0.0 0.0
TRP/19 0.0 0.0530068943 0.0 -0.014967489436 0.0 0.0
ALA/4 -0.780533018911 0.151865502049 0.974035623447 -0.136780684189 -0.207253637507 0.0
ALA/5 -0.946452754653 0.0879930026179 0.150742763781 0.027982605984 0.0 0.0
ALA/6 0.0 0.0248252437026 0.0 -0.0366442581486 -0.231079448876 0.0
ALA/7 0.0 0.0405088846875 0.0 -0.00296977766222 0.0 0.0
ALA/1 -0.811278847613 0.137228814239 0.631241621088 -0.0392264757881 0.0 0.0
ALA/2 -0.436000776905 0.010989516418 0.175942038388 0.000571293952398 0.0 0.0
ALA/3 -0.820489979917 0.171469583044 0.108545742509 -0.0220765710109 0.0 0.0
ALA/8 0.0 0.02393283594 0.0 0.0102686685811 0.0 0.0
ALA/9 0.0 0.0279130795118 0.0 -0.0200533661675 0.0 0.0
GLN/15 0.0 0.0400551766798 0.0 -0.0201420552036 0.0 0.0
GLN/14 0.0 0.0312367456189 0.0 -0.0162957190323 0.0 0.0
GLN/17 0.0 0.0107533008576 0.0 -0.130561698178 -0.0748880169809 0.0
GLN/16 0.0 0.00654739826131 0.0 -0.0481252313576 -0.0448985917914 0.0
GLN/11 0.0 0.0337517691093 0.0 -0.00487936636448 0.0 0.0
GLN/10 0.0 0.0370480442692 0.0 -0.0231686331461 -0.21067147997 0.0
GLN/13 0.0 0.0177462357052 0.0 0.00543405361812 0.0 0.0
GLN/12 0.0 0.023706987624 0.0 -0.0116342317653 0.0 0.0
HIS/12 0.0 0.0464575504333 0.0 -0.00752002174329 0.0 0.0
HIS/13 0.0 0.0341696872326 0.0 -0.0180253015602 0.0 0.0
HIS/10 -0.652515519991 0.061225509704 0.908215138058 0.0501880974553 0.0 0.0
HIS/11 0.0 0.0364906692862 0.0 -0.0320800722259 -0.204857291676 0.0
HIS/16 0.0 0.0510353656385 0.0 -0.0218945925397 0.0 0.0
HIS/17 0.0 0.0257415005548 0.0 -0.139625184505 -0.0874029316307 0.0
HIS/14 0.0 0.0303399982561 0.0 -0.00248417843184 0.0 0.0
HIS/15 0.0 0.0611529067704 0.0 -0.0168784782029 0.0 0.0
LEU/14 0.0 0.0281120226451 0.0 0.0112390532226 0.0 0.0
LEU/15 0.0 0.0245453099913 0.0 0.00369633522074 0.0 0.0
LEU/16 0.0 0.0240092142654 0.0 0.0109344685369 0.0 0.0
LEU/17 0.0 0.0262329268537 0.0 0.0121460743867 0.0 0.0
LEU/10 0.0 0.0307653041702 0.0 -0.00314882611189 0.0 0.0
LEU/11 0.0 0.020114291648 0.0 -0.0107843977878 0.0 0.0
LEU/12 0.0 0.0195773505427 0.0 0.0100893182946 0.0 0.0
LEU/13 0.0 0.0309532419694 0.0 -0.00436232009066 0.0 0.0
ILE/1 -0.724853579468 0.0947314435425 0.566682123505 -0.0278083965384 0.0 0.0
ILE/2 -0.360039115266 0.00491656443643 0.159307327148 -0.000516225836524 0.0 0.0
ILE/3 -0.768850907305 0.124434409749 0.0979968135973 -0.0208095835251 0.0 0.0
LEU/18 0.0 0.0238511213268 0.0 0.0113422118654 0.0 0.0
LEU/19 0.0 0.0231273288905 0.0 0.00701511035977 0.0 0.0
ILE/6 -0.677303253797 0.040694984582 0.133141726234 0.00895908040281 0.0 0.0
ILE/7 -0.880535034176 0.0926670294206 0.0628445885785 -0.039683985831 0.0 0.0
TRP/6 -0.564974281557 0.0591178940836 0.137885686901 -0.00298979888367 0.0 0.0
TRP/7 -0.747832822328 0.131715049306 0.197873670844 0.000447676738625 0.0 0.0
TRP/4 -0.770938664598 0.16506657479 0.967856577944 -0.184449467496 -0.218758392648 0.0
TRP/5 -0.600995439436 0.037577026871 0.153457057789 0.00295509510939 0.0 0.0
TRP/2 -0.384666949719 0.00878553905841 0.16870678437 0.00206296511653 0.0 0.0
TRP/3 -0.774956601499 0.159052052576 0.1048332873 -0.00599520851683 0.0 0.0
TRP/1 -0.723063402832 0.124398671772 0.566554627452 -0.0549881114513 0.0 0.0
TRP/8 -0.560864459435 0.0987430278111 0.110072956086 -0.0040934315654 0.0 0.0
TRP/9 -0.764090351995 0.0674995954719 1.06229607441 0.0276873187871 0.0 0.0
ARG/8 -0.439339653475 0.026288393624 0.656653361435 0.268953398586 0.0 0.0
ARG/9 -0.461404659639 0.0595540169166 0.177633911017 -0.202962636093 0.0 0.0
ARG/4 -0.733431655664 0.14896080407 0.918254027858 -0.102536701631 -0.196613022306 0.0
ARG/5 -0.53093156076 0.022048359548 0.194465837201 0.0384990336119 0.0 0.0
ARG/6 -0.521232270109 0.0372883798066 0.197705468445 0.0438245454279 0.0 0.0
ARG/7 -0.445511054198 0.0353413584496 0.177390499104 -0.0512765607102 0.0 0.0
ARG/1 -0.745344084097 0.137026499985 0.5804646677 -0.0167353864398 0.0 0.0
ARG/2 -0.369531768337 0.00693521998652 0.184648869053 -0.00422356720906 0.0 0.0
ARG/3 -0.757660157787 0.154128455703 0.111890258193 -0.0473604211635 0.0 0.0
ARG/23 0.0 0.0126137401956 0.0 -0.341005726414 -0.083736354017 0.0
ARG/22 0.0 0.0093446189341 0.0 -0.238333842084 -0.0584376465908 0.0
ASP/12 0.0 0.0232126480788 0.0 0.0165158766384 0.0 0.0
ASP/10 0.0 0.0309919644606 0.0 0.0119308833322 0.0 0.0
ASP/11 0.0 0.0268759599264 0.0 0.00478652922371 0.0 0.0
ARG/24 0.0 0.00983488444222 0.0 -0.246087551405 -0.0527158749276 0.0
TYR/9 -0.66464158798 0.110032456784 0.150187769353 -0.0127827361846 0.0 0.0
TYR/8 -0.698382503153 0.0958426033755 0.151423144427 -0.0104419181458 0.0 0.0
ARG/21 0.0 0.00817535457376 0.0 -0.231471788186 -0.0649640989287 0.0
ARG/20 0.0 0.0179495321278 0.0 -0.359230067934 -0.0981418840158 0.0
TYR/5 -0.618289829415 0.0384526686732 0.155107539024 0.00856315027739 0.0 0.0
TYR/4 -0.769762457431 0.164472264362 0.966557976803 -0.178212841883 -0.219729187676 0.0
TYR/7 -0.683339532201 0.0962184973724 0.151996517739 -0.0110715616455 0.0 0.0
TYR/6 -0.568567246391 0.0472775222923 0.130479287702 0.0 0.0 0.0
TYR/1 -0.723498232953 0.121888594887 0.568828774101 -0.0366555338857 0.0 0.0
TYR/3 -0.776084336752 0.145572908238 0.101399231483 -0.0194934953757 0.0 0.0
TYR/2 -0.382712808423 0.00958570815625 0.167545786171 -0.00011045168512 0.0 0.0
