0 0 5 5 180 6
0 1 5 15 179.782382394773 6.1636654415002
0 2 5 25 178.468485249356 6.92806502956946
0 3 5 35 180 6
0 4 5 45 180 6
0 5 5 55 180 6
0 6 5 65 180.235771010924 5.90629838206533
0 7 5 75 180.188539895504 5.9259393648539
0 8 5 85 180.007882926303 5.99212906462506
0 9 5 95 180.111083909064 5.89665080665643
0 10 5 105 180.303058289454 5.35248863515749
0 11 5 115 179.994087199214 5.39023940379803
0 12 5 125 179.075985969903 5.40831839509428
0 13 5 135 180 6
0 14 5 145 180 6
0 15 5 155 180 6
0 16 5 165 180 6
0 17 5 175 180 6
0 18 5 185 180.720458520281 6.78883720149635
0 19 5 195 181.746214729599 7.65900774081726
0 20 5 205 180 6
0 21 5 215 180 6
0 22 5 225 180 6
0 23 5 235 180 6
0 24 5 245 180 6
0 25 5 255 180 6
0 26 5 265 180 6
0 27 5 275 180.130150107448 5.84753295966386
0 28 5 285 180.210910872958 5.87168698692056
0 29 5 295 180.25466956987 6.11290069707542
0 30 5 305 180 6
0 31 5 315 180 6
0 32 5 325 180 6
0 33 5 335 180 6
0 34 5 345 180 6
0 35 5 355 180 6
1 0 15 5 180 6
1 1 15 15 179.945696071968 6.04198993384255
1 2 15 25 179.58381547622 6.302747550052
1 3 15 35 180 6
1 4 15 45 180 6
1 5 15 55 180.041448456899 6.01115301201115
1 6 15 65 180.724755939773 6.83393592297944
1 7 15 75 178.90442344299 7.57397730065306
1 8 15 85 180.505396344124 7.11104245320725
1 9 15 95 180.158214606283 6.99186241359377
1 10 15 105 176.077958091959 10.6019030228527
1 11 15 115 177.5150722704 7.82306079100951
1 12 15 125 179.316524754485 5.6281390934547
1 13 15 135 180 6
1 14 15 145 180 6
1 15 15 155 180 6
1 16 15 165 180 6
1 17 15 175 180 6
1 18 15 185 180.184262859452 6.21924148780223
1 19 15 195 180.468801036806 6.53317858678245
1 20 15 205 180 6
1 21 15 215 180 6
1 22 15 225 180 6
1 23 15 235 179.741103074653 5.8268757099473
1 24 15 245 179.937516507419 5.95970753487315
1 25 15 255 180.612301815208 6.48168319673932
1 26 15 265 182.345237123803 8.73810324023624
1 27 15 275 180.602184831865 6.61249185767868
1 28 15 285 180.230893583934 5.95715507795002
1 29 15 295 180.111403362196 5.79219367979042
1 30 15 305 180 6
1 31 15 315 180 6
1 32 15 325 180 6
1 33 15 335 180 6
1 34 15 345 180 6
1 35 15 355 180 6
2 0 25 5 180 6
2 1 25 15 180 6
2 2 25 25 180 6
2 3 25 35 180 6
2 4 25 45 180.217520140737 6.22664770567474
2 5 25 55 179.790071319298 7.78624102410375
2 6 25 65 181.958927230506 10.9002010926815
2 7 25 75 177.930496911417 7.8880020701803
2 8 25 85 179.360918398171 7.45372973856255
2 9 25 95 179.742900452889 6.42530495616586
2 10 25 105 179.742215532613 6.42680494675088
2 11 25 115 179.962001568219 6.04933873518027
2 12 25 125 179.99948081116 5.99959192083193
2 13 25 135 180 6
2 14 25 145 180 6
2 15 25 155 180 6
2 16 25 165 180 6
2 17 25 175 180 6
2 18 25 185 180 6
2 19 25 195 180 6
2 20 25 205 180 6
2 21 25 215 180 6
2 22 25 225 179.999132589146 5.95721704346584
2 23 25 235 179.786534598321 5.46951392490597
2 24 25 245 179.894707996366 5.88911014432055
2 25 25 255 181.287316122073 6.64190364517954
2 26 25 265 181.501859847747 7.45247500197712
2 27 25 275 181.428380334917 6.87861030137957
2 28 25 285 181.376892143281 6.7073872648782
2 29 25 295 180.665863780799 5.95623194570301
2 30 25 305 180.096085096324 5.92734842018805
2 31 25 315 180 6
2 32 25 325 180 6
2 33 25 335 180 6
2 34 25 345 180 6
2 35 25 355 180 6
3 0 35 5 179.949353297983 5.77304788512236
3 1 35 15 179.025880232099 6.40431798648327
3 2 35 25 179.772755074575 6.11062204463239
3 3 35 35 179.447767759085 6.35836037309528
3 4 35 45 177.464665295243 8.31709115862835
3 5 35 55 179.807588366948 7.77499518648777
3 6 35 65 180.852684544306 6.9389969688763
3 7 35 75 179.950464464159 5.77437894814048
3 8 35 85 179.567450899902 5.2697144866029
3 9 35 95 177.981105857433 6.4887767854472
3 10 35 105 178.50131715055 7.17873511959769
3 11 35 115 180.40046543806 5.7427096169881
3 12 35 125 180.044748624832 5.97313273407016
3 13 35 135 180 6
3 14 35 145 180 6
3 15 35 155 180 6
3 16 35 165 180 6
3 17 35 175 180 6
3 18 35 185 180 6
3 19 35 195 180 6
3 20 35 205 180 6
3 21 35 215 179.948128414396 6.04287137343844
3 22 35 225 177.079515009853 7.15882130241025
3 23 35 235 178.210513820134 7.38506444642447
3 24 35 245 179.735439988896 5.70320980687122
3 25 35 255 180.799091705805 5.32141476411619
3 26 35 265 179.961093495242 5.59149928652359
3 27 35 275 180.273790098874 5.97016878071515
3 28 35 285 180.147034871937 5.63439903101189
3 29 35 295 180.19560074715 5.80452144248819
3 30 35 305 180.103753709173 5.9214444589678
3 31 35 315 180 6
3 32 35 325 180 6
3 33 35 335 180 6
3 34 35 345 180.224911001329 6.05323293513817
3 35 35 355 180.077702770048 5.72457367659727
4 0 45 5 179.999987039552 5.99994307595301
4 1 45 15 178.882526726833 6.27344707159638
4 2 45 25 179.696587555885 6.41299115914295
4 3 45 35 179.95354346701 6.26066397348087
4 4 45 45 179.392905169982 5.86922800690622
4 5 45 55 180.180196847539 6.13897274745518
4 6 45 65 181.10177740064 5.75361504385697
4 7 45 75 180.920139355248 5.90401090940416
4 8 45 85 179.233092437453 5.74424456213438
4 9 45 95 180.829441587729 7.17898121478206
4 10 45 105 180.097120730956 9.2958881374024
4 11 45 115 180.248230337924 6.02324849465514
4 12 45 125 180.2857162222 5.94880168817714
4 13 45 135 180.253494056081 5.95996535695955
4 14 45 145 180 6
4 15 45 155 180 6
4 16 45 165 180 6
4 17 45 175 179.64881747318 5.73234834709794
4 18 45 185 179.679397830476 5.77680063298925
4 19 45 195 180 6
4 20 45 205 181.411657868644 7.03647047487605
4 21 45 215 180.521623550275 6.28374540750828
4 22 45 225 178.576181095621 6.61318391222718
4 23 45 235 180.513528488215 5.45345072695127
4 24 45 245 182.138439835976 4.28537565098667
4 25 45 255 183.42200389499 5.34204937170696
4 26 45 265 181.697774941604 6.88092955877186
4 27 45 275 178.423988601519 6.28116216458446
4 28 45 285 178.97778739284 6.61085550569796
4 29 45 295 179.712368728474 5.86844132470056
4 30 45 305 180.162019322874 5.78785407059936
4 31 45 315 180.026033064342 5.96671798270042
4 32 45 325 180 6
4 33 45 335 180 6
4 34 45 345 180.601807363789 6.12978841422858
4 35 45 355 180.102332440273 6.3057354198297
5 0 55 5 179.560444861483 5.77792280309141
5 1 55 15 179.03537550549 6.06440486128909
5 2 55 25 179.651457394217 5.71329933991265
5 3 55 35 179.373991500971 5.00458592786009
5 4 55 45 179.156950833382 4.86616301233059
5 5 55 55 180.139672579066 5.31342608309984
5 6 55 65 181.428472125009 5.38068724489286
5 7 55 75 181.160994549549 6.19279096355609
5 8 55 85 180.101585695197 5.54443832441359
5 9 55 95 179.863122829833 6.56781347774875
5 10 55 105 179.09659678931 8.28184052323005
5 11 55 115 179.57923518567 7.0469837358274
5 12 55 125 180.941964433859 6.04389888126614
5 13 55 135 180.309665026677 5.94846945029487
5 14 55 145 180.000138583006 5.99973471997051
5 15 55 155 180.233198119021 5.94384135558848
5 16 55 165 180.102726285297 6.12603371036906
5 17 55 175 180.207577953401 5.76903591409266
5 18 55 185 180.257534034842 5.31352523702382
5 19 55 195 181.781463963089 8.41281493479523
5 20 55 205 181.923189381375 7.19082476794444
5 21 55 215 182.413554668239 5.6134368155414
5 22 55 225 181.399312907772 4.98686066229008
5 23 55 235 181.168520215089 4.4091321662156
5 24 55 245 181.482965109921 3.81011304321415
5 25 55 255 181.944645509289 4.13403071835188
5 26 55 265 181.543219526134 4.94545592441787
5 27 55 275 179.337209629251 6.27134886590882
5 28 55 285 180.281468667644 6.24534642712399
5 29 55 295 180.705896035441 7.55703408428889
5 30 55 305 179.508589504808 6.37406507232678
5 31 55 315 180.050672656817 5.94237939602151
5 32 55 325 180.045946079199 5.77572599275712
5 33 55 335 183.41207892065 10.2132554747595
5 34 55 345 180.566282774867 6.52710084905256
5 35 55 355 178.561895520021 6.46378681463853
6 0 65 5 179.065492415566 6.19845311808296
6 1 65 15 178.591889015906 5.49667922603838
6 2 65 25 178.252708566199 5.33575727212247
6 3 65 35 178.245324920886 5.08636262610197
6 4 65 45 178.6138407908 4.76244849541158
6 5 65 55 179.296013629423 5.00771009634222
6 6 65 65 180.576207665909 5.2405066352063
6 7 65 75 181.533103740698 5.7623810724488
6 8 65 85 181.744109469518 5.4701406475913
6 9 65 95 180.481626810798 5.39820634155516
6 10 65 105 178.630689394548 5.58807680071875
6 11 65 115 180.02851395483 5.22149647158927
6 12 65 125 180.170694901814 6.33325161654262
6 13 65 135 180.273480522459 5.32953801120909
6 14 65 145 180.144138004691 5.71195528644776
6 15 65 155 180.267041781019 7.85308103613753
6 16 65 165 180.56675750674 7.27222945911982
6 17 65 175 181.374916082951 7.14043586684272
6 18 65 185 180.061956949093 5.27207663762585
6 19 65 195 182.054937819393 6.59553630578519
6 20 65 205 184.092214503924 6.45677344783826
6 21 65 215 184.250265578796 5.74539974878191
6 22 65 225 182.927367096146 5.01950959220118
6 23 65 235 181.010891550104 4.48906033423988
6 24 65 245 180.088349937308 4.07663203243285
6 25 65 255 180.388184879902 4.51506339649507
6 26 65 265 179.632931811955 5.36524721172204
6 27 65 275 179.752706468109 5.70182962106409
6 28 65 285 179.791728871009 5.66065039909043
6 29 65 295 179.746772713156 5.66262423533244
6 30 65 305 180.213580559961 5.72393439645628
6 31 65 315 180.799057931932 6.67586008492317
6 32 65 325 181.348729374229 6.50389267910064
6 33 65 335 181.893423876909 6.55063840249258
6 34 65 345 180.944467021987 5.80526953383956
6 35 65 355 180.598972234147 7.11143161809931
7 0 75 5 178.793966461147 5.58678650430173
7 1 75 15 177.821893616296 5.42087650754241
7 2 75 25 177.064900175241 5.26908115662668
7 3 75 35 176.691479499652 5.36679321782406
7 4 75 45 177.45340961862 5.38688510743978
7 5 75 55 178.256253762013 5.70247211983313
7 6 75 65 180.22168190577 5.99286684505689
7 7 75 75 182.371534356455 6.23759403066548
7 8 75 85 183.322595161478 5.78459994246121
7 9 75 95 180.708169035559 5.46224190304377
7 10 75 105 180.398209527461 4.9471134470716
7 11 75 115 182.127494873353 4.90908856286258
7 12 75 125 179.294698164393 6.44666987207965
7 13 75 135 179.035943701019 5.59336905765355
7 14 75 145 179.094162879544 6.5183917247069
7 15 75 155 178.517351672726 6.98912438548372
7 16 75 165 180.7078101541 6.57418342293098
7 17 75 175 181.077078000885 6.30096144424582
7 18 75 185 182.444159319955 6.17688919830846
7 19 75 195 184.186298407077 7.05385514250491
7 20 75 205 185.937547728252 7.16015064966607
7 21 75 215 187.020308674903 8.1512546808701
7 22 75 225 183.000868002736 6.50093079768034
7 23 75 235 179.630461574974 5.67580591705129
7 24 75 245 177.564684795977 6.10151313852631
7 25 75 255 178.559501456243 6.6414559314642
7 26 75 265 178.040817457242 5.81012861371233
7 27 75 275 179.543510356268 5.20836367736664
7 28 75 285 178.734630161809 6.09784941646073
7 29 75 295 178.879235171715 7.3995823601931
7 30 75 305 180.727011060011 6.34878335409271
7 31 75 315 182.583839242043 6.62298771596135
7 32 75 325 183.000131300234 6.51126554129851
7 33 75 335 181.963481483946 6.6069536383187
7 34 75 345 181.08827070822 5.99815478748411
7 35 75 355 180.668617049082 6.25786789622987
8 0 85 5 178.07804332852 5.30267954864299
8 1 85 15 177.367981932875 5.30222051357027
8 2 85 25 176.007167302188 5.37300981084214
8 3 85 35 175.741284450602 5.87205764301069
8 4 85 45 178.018284261643 6.40666527453449
8 5 85 55 180.327975866087 6.21681986956172
8 6 85 65 180.024747366991 6.2709157710213
8 7 85 75 180.946512725485 5.50131481533745
8 8 85 85 182.273408456677 6.21795818377924
8 9 85 95 181.096526594325 5.16212718238477
8 10 85 105 181.926742499892 5.51202067754727
8 11 85 115 183.086347908483 4.85108829589855
8 12 85 125 181.658704739937 6.29523100183617
8 13 85 135 178.727482606588 5.77765722317335
8 14 85 145 179.292467798628 6.80061821753288
8 15 85 155 179.095348009481 6.5818339301402
8 16 85 165 180.806830893158 5.98149709172061
8 17 85 175 181.072368352586 5.66420151438821
8 18 85 185 181.767828078086 5.76772772779645
8 19 85 195 183.802082121558 8.06322392405823
8 20 85 205 182.153504561609 6.43267458386724
8 21 85 215 181.687460680088 6.52472340049466
8 22 85 225 180.061197348759 6.78999768946385
8 23 85 235 178.150942915256 8.24449921781918
8 24 85 245 179.163960289544 9.02313852901478
8 25 85 255 181.579892235477 7.5147321093916
8 26 85 265 179.808389506732 5.62551362402917
8 27 85 275 182.034195716478 6.28884944940158
8 28 85 285 179.405138424127 6.5363146850729
8 29 85 295 179.032839887497 7.37371622967106
8 30 85 305 180.605840962624 7.51082877129127
8 31 85 315 182.026071974133 6.98408333812368
8 32 85 325 182.883822548668 6.66768998966137
8 33 85 335 180.973050945015 6.71911566767303
8 34 85 345 181.674196751902 5.66671283451536
8 35 85 355 179.84072607743 5.7820916080095
9 0 95 5 179.080081308315 5.52937861946519
9 1 95 15 177.695906683936 5.75062163944689
9 2 95 25 179.65508298585 6.68449587229229
9 3 95 35 179.669257939343 5.62779534714047
9 4 95 45 179.186886192158 5.40516730687983
9 5 95 55 180.110322253749 5.96888322679844
9 6 95 65 179.721828669489 5.80859998073195
9 7 95 75 179.901057740439 5.83787592557892
9 8 95 85 180.002158390432 5.78924548628868
9 9 95 95 181.185320692302 5.75045969364092
9 10 95 105 180.66212925752 5.19828205384989
9 11 95 115 180.828467072348 5.17487226195759
9 12 95 125 180.215801876481 5.47075000759414
9 13 95 135 179.512865754103 5.009888016221
9 14 95 145 178.666470465057 5.91905644913522
9 15 95 155 178.740953885931 6.24202944565826
9 16 95 165 179.944180248277 6.84215389636281
9 17 95 175 180.381834766706 6.27544862907669
9 18 95 185 184.696388240736 8.24062546883706
9 19 95 195 182.936158854355 7.98362474460306
9 20 95 205 180.072611701433 6.07981379277739
9 21 95 215 181.387630408391 6.88904398388719
9 22 95 225 180.640433102545 6.08737515776973
9 23 95 235 180.321963904294 5.88174375470516
9 24 95 245 180.088249722502 5.99492602559404
9 25 95 255 179.901414551101 5.65383730920273
9 26 95 265 180.006224858262 5.95628519850582
9 27 95 275 180.068426354719 6.01822652882463
9 28 95 285 180.041634094323 5.95985065704947
9 29 95 295 179.668149792756 5.62357968175193
9 30 95 305 180.919799685719 8.23229005580908
9 31 95 315 180.658482010802 6.76514815378173
9 32 95 325 178.774922982557 8.84151371620831
9 33 95 335 178.47428996301 7.97057859189864
9 34 95 345 179.751702642885 5.93984360274206
9 35 95 355 179.336458908901 5.35828860370735
10 0 105 5 181.100474010985 6.51322648519203
10 1 105 15 179.428589089915 6.31717543679547
10 2 105 25 180.805974524566 6.48737790946322
10 3 105 35 178.931148152689 6.91422995652892
10 4 105 45 179.828100592763 5.98843148662393
10 5 105 55 179.996547865387 5.9994899178683
10 6 105 65 180 6
10 7 105 75 180 6
10 8 105 85 180.165558463427 6.11058170897746
10 9 105 95 180.876198335477 6.08024535658336
10 10 105 105 180.307456347824 5.84127043083787
10 11 105 115 178.613278811283 6.05323993342489
10 12 105 125 180.093768629022 5.5585111368098
10 13 105 135 180.468219136099 5.99754122148424
10 14 105 145 179.682689013343 5.69226678800186
10 15 105 155 179.109280226088 5.86436681517778
10 16 105 165 179.201147004784 6.48373525116339
10 17 105 175 180.884978659829 7.30513450475827
10 18 105 185 180.984269223788 6.75712888513145
10 19 105 195 180.099104931324 6.0799346356162
10 20 105 205 179.730399915241 6.01160114800025
10 21 105 215 180.875708845141 6.91904675727381
10 22 105 225 180.219865340234 6.21993107060835
10 23 105 235 180 6
10 24 105 245 180 6
10 25 105 255 180 6
10 26 105 265 180 6
10 27 105 275 180 6
10 28 105 285 180.022295088985 5.95884478571437
10 29 105 295 179.0974491086 5.70715662000514
10 30 105 305 179.382585176819 5.83472566952679
10 31 105 315 179.872411413658 5.37560600360175
10 32 105 325 180.142390084511 6.32837301705015
10 33 105 335 180.850967546238 6.32914557656418
10 34 105 345 178.085772992437 7.52954403139118
10 35 105 355 178.375325441063 6.50713137442385
11 0 115 5 181.134265161103 6.83962164360545
11 1 115 15 178.989247946183 6.43446358747835
11 2 115 25 179.979679264893 5.96297917893867
11 3 115 35 178.611314221829 6.90906550922171
11 4 115 45 179.980568700853 6.01829710552991
11 5 115 55 180 6
11 6 115 65 180 6
11 7 115 75 180 6
11 8 115 85 180.493972584606 6.40087204004097
11 9 115 95 180.951244126003 6.69351575284252
11 10 115 105 179.797190480304 5.83412207144993
11 11 115 115 179.458997329276 6.24310995023086
11 12 115 125 180.548737218241 5.8870885594576
11 13 115 135 179.97719754813 6.07182414025687
11 14 115 145 179.9894442834 5.43865192659503
11 15 115 155 179.945100841068 5.8584403952593
11 16 115 165 179.762260303486 6.18775358419945
11 17 115 175 180.715122321737 6.41651218569937
11 18 115 185 180.214665935955 6.04883822796141
11 19 115 195 180 6
11 20 115 205 179.481658876942 6.0115707255174
11 21 115 215 179.722880152444 6.01175109527793
11 22 115 225 180 6
11 23 115 235 180 6
11 24 115 245 180 6
11 25 115 255 180 6
11 26 115 265 179.999703782464 5.92836216680221
11 27 115 275 179.999190389794 5.8021076654648
11 28 115 285 179.998399192998 5.96250901668084
11 29 115 295 179.997269577502 5.93591060355313
11 30 115 305 179.989738935944 5.96508746533903
11 31 115 315 179.949607926121 5.81242139042482
11 32 115 325 179.987199328502 5.94947111678398
11 33 115 335 179.380673102794 5.88322404453292
11 34 115 345 178.611857891191 5.58549296537359
11 35 115 355 179.119362529682 6.25018521782248
12 0 125 5 179.640820068168 5.6905265612133
12 1 125 15 179.995838650995 5.99817801241553
12 2 125 25 179.953908251965 5.91559529723118
12 3 125 35 179.848768400322 5.71700901779451
12 4 125 45 180 6
12 5 125 55 179.190180676783 6.34005520171497
12 6 125 65 179.540278769745 6.23426417710714
12 7 125 75 180 6
12 8 125 85 180 6
12 9 125 95 179.903680499819 5.98112622606146
12 10 125 105 179.803419320598 5.93533585822004
12 11 125 115 180.587117333881 5.59977429589348
12 12 125 125 180.507848220138 5.51273818998936
12 13 125 135 179.531006132282 6.14517460453171
12 14 125 145 178.979964603057 6.16201722066006
12 15 125 155 181.159229919714 6.84758536381263
12 16 125 165 180.9766646818 6.74000019948126
12 17 125 175 180.973476106612 7.28770714535955
12 18 125 185 179.729825910113 5.97355065374971
12 19 125 195 179.916083289614 5.98953963758787
12 20 125 205 179.46322038474 5.91224883568043
12 21 125 215 180 6
12 22 125 225 180 6
12 23 125 235 180 6
12 24 125 245 180 6
12 25 125 255 180 6
12 26 125 265 179.999669473878 5.92000889321128
12 27 125 275 179.999101037932 5.77985232456466
12 28 125 285 179.992686757395 5.82675392295728
12 29 125 295 179.987912820651 5.71082286986687
12 30 125 305 179.936484907729 5.92384607279138
12 31 125 315 180.23975096888 5.8058788437417
12 32 125 325 180.531456479037 6.07269206512921
12 33 125 335 181.412443664714 5.97138441815968
12 34 125 345 179.909443128218 5.96638959191764
12 35 125 355 179.778937735857 5.96294010979786
13 0 135 5 178.542083253591 6.32934074749058
13 1 135 15 179.896906107276 6.04278068240295
13 2 135 25 180 6
13 3 135 35 180 6
13 4 135 45 180 6
13 5 135 55 179.617787381124 6.23742623501202
13 6 135 65 179.805872964852 6.12780130636987
13 7 135 75 180 6
13 8 135 85 180 6
13 9 135 95 180.065759485397 6.03601779866417
13 10 135 105 180.472428109953 6.2387738587168
13 11 135 115 180.241981716903 5.80304610734458
13 12 135 125 180.029428304836 5.71391805825122
13 13 135 135 179.938428274084 5.9725967163388
13 14 135 145 179.510314208923 6.14739863195287
13 15 135 155 180.196735317301 6.16641258382127
13 16 135 165 180.161385419415 5.88096103743117
13 17 135 175 180.842661222062 6.61626342215519
13 18 135 185 180.23826838329 5.69391641405331
13 19 135 195 179.952614174459 5.99423991310735
13 20 135 205 179.68504371679 5.9545382014301
13 21 135 215 180 6
13 22 135 225 180 6
13 23 135 235 180 6
13 24 135 245 180 6
13 25 135 255 180 6
13 26 135 265 180 6
13 27 135 275 180 6
13 28 135 285 180 6
13 29 135 295 180.177961803195 5.82941900418955
13 30 135 305 180.219119342613 5.75240071407713
13 31 135 315 180.062403632156 5.83982232754491
13 32 135 325 180.719013824674 5.75484300052497
13 33 135 335 181.408643987773 5.74848075115689
13 34 135 345 180.489403574095 5.84879816583411
13 35 135 355 179.98591448523 5.97985772141122
14 0 145 5 179.751375328713 5.91345431493884
14 1 145 15 180 6
14 2 145 25 180 6
14 3 145 35 180 6
14 4 145 45 180 6
14 5 145 55 180 6
14 6 145 65 180 6
14 7 145 75 180 6
14 8 145 85 180 6
14 9 145 95 180.170719561231 6.09159484815623
14 10 145 105 182.494247215742 8.72303070184482
14 11 145 115 183.083329347681 9.8224995822592
14 12 145 125 179.757696617877 5.74178955978122
14 13 145 135 179.439240913712 6.06926756233501
14 14 145 145 180.323375678533 6.93341172668417
14 15 145 155 177.853611562285 7.11543000760353
14 16 145 165 179.835772733507 5.90288476273192
14 17 145 175 180 6
14 18 145 185 180 6
14 19 145 195 180 6
14 20 145 205 180 6
14 21 145 215 180 6
14 22 145 225 180 6
14 23 145 235 179.942261319891 5.97920778699315
14 24 145 245 179.161260850368 5.97130754075539
14 25 145 255 179.832481759863 6.09513059890956
14 26 145 265 178.589554290156 6.752860989115
14 27 145 275 179.858620273968 6.09433990075044
14 28 145 285 179.773180483812 5.69534116387609
14 29 145 295 180.028398872602 5.97206958491153
14 30 145 305 180.039519121674 5.96300021325173
14 31 145 315 180.127651747955 5.66894683035954
14 32 145 325 181.468660077083 5.51245528951063
14 33 145 335 180.462458742184 6.04261007319159
14 34 145 345 179.761869524226 5.50460777943809
14 35 145 355 179.292888345981 5.63265652136778
15 0 155 5 179.559004092275 5.78199609668019
15 1 155 15 180 6
15 2 155 25 179.801052233869 6.17080934664139
15 3 155 35 179.90873152 6.07976397980244
15 4 155 45 180 6
15 5 155 55 180 6
15 6 155 65 180 6
15 7 155 75 180 6
15 8 155 85 180 6
15 9 155 95 180 6
15 10 155 105 180.388724942729 6.83394721023498
15 11 155 115 180.418691479047 7.38906474448627
15 12 155 125 180.070175696169 5.53396744236461
15 13 155 135 179.960736811674 6.00936184636936
15 14 155 145 179.043504708545 6.26774398990587
15 15 155 155 175.465269003265 9.19432588908163
15 16 155 165 177.3112538363 8.41599792266254
15 17 155 175 178.634959894265 7.49925781581235
15 18 155 185 179.790452948244 5.52799311059216
15 19 155 195 179.973430808009 5.94208397477654
15 20 155 205 180 6
15 21 155 215 180 6
15 22 155 225 180 6
15 23 155 235 179.815588468733 5.93136763481312
15 24 155 245 179.232476606964 5.84993729226131
15 25 155 255 179.897807283044 6.0599098836483
15 26 155 265 178.266177658789 6.87288022543612
15 27 155 275 179.502636819946 6.31164195163331
15 28 155 285 179.858649444602 5.8130557279937
15 29 155 295 179.15712689245 6.3214144003556
15 30 155 305 179.813367566873 6.43834207369786
15 31 155 315 181.337339627793 6.78009167288639
15 32 155 325 180.032354541681 6.00465297936646
15 33 155 335 180.729640651368 6.68601109189756
15 34 155 345 179.999209989419 6.11728971816911
15 35 155 355 179.670432813192 5.20058139357072
16 0 165 5 181.370365416606 7.30962459241941
16 1 165 15 181.22712247714 6.74133676508481
16 2 165 25 178.555356463285 7.01431067010484
16 3 165 35 179.296841466445 6.55690902827778
16 4 165 45 180 6
16 5 165 55 180 6
16 6 165 65 180 6
16 7 165 75 180 6
16 8 165 85 180 6
16 9 165 95 179.997368030077 5.99502722192534
16 10 165 105 179.260246564622 5.91390091207614
16 11 165 115 179.508103289832 6.04095952637098
16 12 165 125 180.28134731435 5.658788977427
16 13 165 135 180.017670384196 5.79906449925227
16 14 165 145 179.619481431125 5.84868643895563
16 15 165 155 178.08544095904 7.6061753462738
16 16 165 165 178.045782063778 6.99974586508587
16 17 165 175 178.951832794223 6.33168377354174
16 18 165 185 179.282901213023 5.97997513181528
16 19 165 195 178.45253530542 6.81604144531117
16 20 165 205 180.158341912268 5.91311952812972
16 21 165 215 180.425479911803 5.9107156670602
16 22 165 225 180.063475434777 5.95033137557793
16 23 165 235 180 6
16 24 165 245 180 6
16 25 165 255 180 6
16 26 165 265 180 6
16 27 165 275 180 6
16 28 165 285 180 6
16 29 165 295 179.628165944283 6.05878128555937
16 30 165 305 181.090205148088 6.99579399517534
16 31 165 315 180.641529868858 7.18996058612452
16 32 165 325 179.673040636811 5.93234764845797
16 33 165 335 181.274440993108 7.06005542165597
16 34 165 345 180.656298008178 6.18510279876841
16 35 165 355 180.599252324167 5.4394043422322
17 0 175 5 180.188792982865 6.21874496133691
17 1 175 15 180.884395998899 6.73848292519728
17 2 175 25 180.293334782771 6.27306976813102
17 3 175 35 180 6
17 4 175 45 180 6
17 5 175 55 180 6
17 6 175 65 180 6
17 7 175 75 180.009157900299 5.98541552654506
17 8 175 85 180.09379830749 5.85882887654734
17 9 175 95 180.045231314174 5.75708552314455
17 10 175 105 180.755471173965 6.7198106306168
17 11 175 115 181.265372351118 6.39032448788043
17 12 175 125 180.614243489374 5.6902132670575
17 13 175 135 179.3528676582 5.66736841270096
17 14 175 145 178.402172980999 5.83986151197118
17 15 175 155 177.22225963735 7.21736743575644
17 16 175 165 176.940098481337 7.16562703280912
17 17 175 175 176.736640640606 7.65727644705447
17 18 175 185 177.461605765456 6.64124630028444
17 19 175 195 178.638203143492 5.80362695230302
17 20 175 205 181.112500373586 7.00411990865836
17 21 175 215 182.462368967246 8.71951483575391
17 22 175 225 180.023807460671 5.98149828055829
17 23 175 235 179.520089630429 6.13987027817652
17 24 175 245 179.362810182818 6.17691447509744
17 25 175 255 180 6
17 26 175 265 180 6
17 27 175 275 180.02917224729 5.9747731632152
17 28 175 285 180.278595035293 5.74852966827869
17 29 175 295 180.02240228666 5.8795068314423
17 30 175 305 179.947745067687 5.80210947761649
17 31 175 315 179.831282043011 6.02990345059193
17 32 175 325 179.177320058281 6.46938085728905
17 33 175 335 180.391723526065 7.41966095703882
17 34 175 345 180.025988408641 5.90318945698891
17 35 175 355 180.033553774354 5.91071300408089
18 0 185 5 179.765484542537 6.08172658214639
18 1 185 15 180.158741500229 7.33935160891699
18 2 185 25 180.350708340457 5.67710644618132
18 3 185 35 180.164612213695 6.04202766818688
18 4 185 45 180.839175525276 6.16656543687762
18 5 185 55 180.26880518076 5.91565312273623
18 6 185 65 180.377776391382 5.64198674118942
18 7 185 75 180.402891924893 5.27797306414919
18 8 185 85 180.406959431891 5.44354117476886
18 9 185 95 181.306619609432 5.52589376081473
18 10 185 105 182.231180049599 6.04663429588671
18 11 185 115 182.184803651656 5.79298927324039
18 12 185 125 180.601432283992 5.8963696859527
18 13 185 135 178.76125420589 6.5296102793903
18 14 185 145 176.882861128739 5.87684522707311
18 15 185 155 176.409759758623 6.40826640574877
18 16 185 165 175.878043164336 6.31148840755252
18 17 185 175 176.47169768152 6.18343417305627
18 18 185 185 177.536813543013 6.45257344166821
18 19 185 195 179.154074054438 6.58177535655823
18 20 185 205 180.910653487793 6.44695555253509
18 21 185 215 179.725157609065 5.81526925085176
18 22 185 225 180.122738135112 5.65528935115836
18 23 185 235 179.806813860377 6.06126369509607
18 24 185 245 179.740392079785 6.08076727073839
18 25 185 255 179.548962650189 6.08208079460248
18 26 185 265 179.891889200495 6.06814667178113
18 27 185 275 180.186413485541 6.01688077919683
18 28 185 285 180.122142554695 5.84723642145293
18 29 185 295 180.288095028368 5.76171225713832
18 30 185 305 181.102992888286 5.59668842002021
18 31 185 315 181.067621716722 5.7584490079912
18 32 185 325 179.863979971852 5.96356697190234
18 33 185 335 179.869862678799 6.50294131570243
18 34 185 345 180.038900568016 5.81814200367049
18 35 185 355 179.830631242507 5.97873365157809
19 0 195 5 180.828671923502 5.43108978836194
19 1 195 15 179.942905568598 6.19318867419267
19 2 195 25 178.471316557545 5.99136921042961
19 3 195 35 179.799057283895 5.29556539192478
19 4 195 45 180.598006278362 5.4099724350818
19 5 195 55 181.355074579902 7.23782964511895
19 6 195 65 182.993128614176 5.96751019303515
19 7 195 75 184.44216909058 6.47010382467945
19 8 195 85 184.1525950384 6.63873101887176
19 9 195 95 183.517200968159 5.40176808526943
19 10 195 105 183.523349657304 5.06828996583322
19 11 195 115 183.10728057618 5.1098742599866
19 12 195 125 180.62057161095 5.08358676546847
19 13 195 135 178.514441875145 5.865800686288
19 14 195 145 176.895563672909 5.81744664509661
19 15 195 155 175.729953583051 6.09862870089899
19 16 195 165 176.05527018006 6.05181367094408
19 17 195 175 177.462397565083 6.02911750918859
19 18 195 185 179.657841928813 6.11506597617541
19 19 195 195 181.061430498956 6.43084984510055
19 20 195 205 181.225348968457 5.74388994906729
19 21 195 215 180.754313703313 6.47896922118726
19 22 195 225 179.328952662999 5.55210089831421
19 23 195 235 180.266116560225 5.62389907202978
19 24 195 245 180.215174879977 5.67587851122665
19 25 195 255 179.21757766229 5.80063166602935
19 26 195 265 180.362490557475 6.0372719558126
19 27 195 275 181.135090703029 6.41146739151448
19 28 195 285 179.751204096424 6.23415452920868
19 29 195 295 181.048844674731 5.8407680673427
19 30 195 305 181.918869944072 5.50717941672418
19 31 195 315 183.160447451023 6.46868333302712
19 32 195 325 181.097813098448 5.72309626904969
19 33 195 335 180.489724054853 5.76971731313167
19 34 195 345 180.265525179152 6.02439509643993
19 35 195 355 180.347766801281 5.23193693788588
20 0 205 5 181.375824080488 5.85697887209059
20 1 205 15 181.383350176224 5.43074113829439
20 2 205 25 180.719260796022 6.17691872124173
20 3 205 35 180.307219305106 4.62831433809117
20 4 205 45 180.189416361643 5.15196291703486
20 5 205 55 181.287599595977 5.87426527708267
20 6 205 65 182.835539516557 5.56203996760136
20 7 205 75 184.931379194319 6.2389964243463
20 8 205 85 183.749327732515 7.15879150382354
20 9 205 95 184.531881136517 5.69469002323815
20 10 205 105 183.731840905445 5.13103246973102
20 11 205 115 182.389435251997 5.23946243060965
20 12 205 125 180.090674021429 5.18424403780978
20 13 205 135 178.586797971545 5.53067280868601
20 14 205 145 177.129111860771 5.68242249484698
20 15 205 155 176.4780064371 5.92354030398991
20 16 205 165 177.121282734386 5.83821800424657
20 17 205 175 178.794699758282 5.84191321259381
20 18 205 185 180.532979910332 5.6709193908005
20 19 205 195 181.590173269698 5.40908184854598
20 20 205 205 181.424276557803 5.00662212455113
20 21 205 215 182.281934542912 6.12847897301553
20 22 205 225 180.366856428815 5.97921574295459
20 23 205 235 180.585633629956 5.55347232965793
20 24 205 245 179.72368977312 5.77135716987599
20 25 205 255 179.755716988885 5.10052211278577
20 26 205 265 180.204763108749 5.61694592748724
20 27 205 275 181.110455632086 5.9987961092929
20 28 205 285 183.375057340948 7.85016030542231
20 29 205 295 183.315058856357 6.59052913496779
20 30 205 305 181.788552441314 6.73494080308213
20 31 205 315 182.925268938041 6.68425622137262
20 32 205 325 184.05539327986 6.8798351557955
20 33 205 335 184.254886247983 5.66195463842788
20 34 205 345 182.379210792097 5.69454675450163
20 35 205 355 182.156784358669 6.45511548118607
21 0 215 5 180.965966742724 5.53372528021758
21 1 215 15 180.825736234312 5.22176198199217
21 2 215 25 180.770420922014 5.12962099543729
21 3 215 35 180.075760642022 5.16727249742646
21 4 215 45 180.33327673698 5.88429370616115
21 5 215 55 181.572067982866 5.51427692149124
21 6 215 65 183.313821754881 6.45097345243052
21 7 215 75 184.113586060132 6.28224993560713
21 8 215 85 184.205099733151 6.17244274737981
21 9 215 95 183.767998762211 5.56957223026319
21 10 215 105 183.254166374151 5.09295345663327
21 11 215 115 182.330382070291 5.10521114314844
21 12 215 125 180.444583373963 5.52964889162096
21 13 215 135 178.654563294358 5.65133797213176
21 14 215 145 177.261094463049 5.72722193925395
21 15 215 155 176.941612310033 5.95969529673965
21 16 215 165 177.68847278746 5.78279406638775
21 17 215 175 179.323512411988 5.81497574590648
21 18 215 185 181.145341130829 5.46670844070503
21 19 215 195 182.023759427313 4.97151238803788
21 20 215 205 182.93728627336 4.83372049440769
21 21 215 215 182.789971790074 5.90948608614071
21 22 215 225 182.035617776506 6.3819068405199
21 23 215 235 181.090255725023 5.73693936208336
21 24 215 245 179.244567214774 5.70895112353038
21 25 215 255 179.571491216172 6.0809878908974
21 26 215 265 178.665750770142 5.85311354700772
21 27 215 275 181.57536938424 6.68314588994962
21 28 215 285 181.618848919919 7.59324689235467
21 29 215 295 182.42626944424 6.9091011346118
21 30 215 305 182.919165003647 5.84281976572135
21 31 215 315 185.019480599218 6.27293533338793
21 32 215 325 185.348933150652 6.68507179336264
21 33 215 335 184.800266776076 6.3131492422339
21 34 215 345 184.448878663635 6.31424204929159
21 35 215 355 183.10481169601 6.43991954156699
22 0 225 5 181.329414432909 5.10615920014858
22 1 225 15 180.854595002653 5.5151527496258
22 2 225 25 180.034460817646 5.21140761769691
22 3 225 35 179.977448863274 5.36117224204213
22 4 225 45 180.309645370233 5.86176696107945
22 5 225 55 181.913556287939 6.30124406788069
22 6 225 65 182.80519569222 6.73350778065821
22 7 225 75 184.059921016619 6.50025334084726
22 8 225 85 184.413788813971 5.92750723957491
22 9 225 95 184.212477417196 5.28177639130201
22 10 225 105 183.491363702128 5.42566777527675
22 11 225 115 182.269486703612 5.29849260276216
22 12 225 125 180.724947331573 5.57129714655006
22 13 225 135 178.704286961668 5.90623151029864
22 14 225 145 177.298100564581 5.91447210258082
22 15 225 155 176.769381487919 6.05573773052604
22 16 225 165 177.321793450046 5.89028883144293
22 17 225 175 178.285220756983 5.73220079152797
22 18 225 185 180.045996770682 5.65489042445716
22 19 225 195 181.773821719155 5.16412828180538
22 20 225 205 182.908269437773 5.245546213212
22 21 225 215 183.174325506542 6.03554392512527
22 22 225 225 183.295179407869 7.37037994018097
22 23 225 235 182.022646425921 7.95894146934608
22 24 225 245 180.783208097091 6.22640944754183
22 25 225 255 180.200420300817 7.08559207109533
22 26 225 265 180.527512872363 6.8749966528965
22 27 225 275 181.656825220879 7.41894790033765
22 28 225 285 181.510836887127 5.96139108720164
22 29 225 295 182.188289341118 6.06629844186102
22 30 225 305 183.500115410877 6.18295165111478
22 31 225 315 184.49861188692 6.74536517166726
22 32 225 325 185.210273313033 5.97039780313896
22 33 225 335 185.243086702086 5.78816164956475
22 34 225 345 184.600983978621 5.77372257418456
22 35 225 355 183.109740402147 5.0977422545021
23 0 235 5 181.202545402883 5.2629714033773
23 1 235 15 180.349025319708 5.42028739942761
23 2 235 25 179.860695831534 5.40610719138605
23 3 235 35 179.631702574204 5.37711067469009
23 4 235 45 180.236583269186 5.76501885074737
23 5 235 55 181.263820096629 6.1282841917502
23 6 235 65 183.44212719424 6.42478270773436
23 7 235 75 183.832157340647 5.98431685059919
23 8 235 85 184.860330534131 5.86199808766511
23 9 235 95 184.161086380145 5.5713203080918
23 10 235 105 183.195511877487 5.57113461625669
23 11 235 115 182.219414944071 5.06765592762684
23 12 235 125 180.710188433151 5.27359342106561
23 13 235 135 179.09989641429 5.57184453070073
23 14 235 145 177.513382169371 5.8813547496667
23 15 235 155 176.98340090089 5.88610178089481
23 16 235 165 177.57039378676 5.89464817461149
23 17 235 175 178.317154177662 5.89075390429905
23 18 235 185 179.549218694301 5.57941816894764
23 19 235 195 181.4304493261 5.56873158523734
23 20 235 205 182.488634949088 5.63086499097634
23 21 235 215 182.9800458252 5.69864022780922
23 22 235 225 181.816720761475 7.09919074316888
23 23 235 235 180.865078345642 8.37622237143533
23 24 235 245 179.67060600778 5.92671737635013
23 25 235 255 181.054487212617 6.72176853039077
23 26 235 265 182.755155475629 5.98979468230444
23 27 235 275 182.035403600325 5.8026043427692
23 28 235 285 180.568145918918 5.94116303557563
23 29 235 295 181.303242752722 5.89329002512786
23 30 235 305 182.867577062776 6.30592193439884
23 31 235 315 184.265432470453 6.34861964734138
23 32 235 325 185.021204904024 5.63932215949842
23 33 235 335 184.961570678553 5.52975272526636
23 34 235 345 184.114638192803 5.16378819448113
23 35 235 355 182.94549503938 5.27196099851163
24 0 245 5 181.295746981792 5.37616283756354
24 1 245 15 180.166235637227 5.29672120917258
24 2 245 25 179.673088618402 5.33138649921887
24 3 245 35 179.544860067935 5.58164257917081
24 4 245 45 179.952021173602 5.7596335195825
24 5 245 55 180.26396034909 6.36213841459151
24 6 245 65 182.687185920657 6.70276900567988
24 7 245 75 184.081693234659 5.86258418649435
24 8 245 85 184.714551502304 5.89891109852839
24 9 245 95 184.718077759493 5.73931451353494
24 10 245 105 184.02978137007 5.13860603018752
24 11 245 115 182.413208457323 5.09679140520624
24 12 245 125 180.796826710857 5.19409296679182
24 13 245 135 179.207611353145 5.46160439600553
24 14 245 145 177.601721347978 5.90825670973567
24 15 245 155 177.167374865994 6.10187789974328
24 16 245 165 177.673515427945 5.89868799784604
24 17 245 175 178.678455482741 5.87035010354735
24 18 245 185 179.995362978134 5.43469882046544
24 19 245 195 181.855492253709 5.4182780960529
24 20 245 205 183.130285640438 6.06095966023867
24 21 245 215 184.054082689014 6.14346621346383
24 22 245 225 183.551494994243 6.4496609675221
24 23 245 235 182.32790612631 5.59340209676939
24 24 245 245 181.528310294215 5.36632736860014
24 25 245 255 181.861092993775 6.83323820585109
24 26 245 265 181.787362081956 5.83262741527616
24 27 245 275 180.311144318858 5.58593530645909
24 28 245 285 180.463734461445 6.29673953665297
24 29 245 295 182.093092506695 5.96256586374437
24 30 245 305 182.907851747977 6.01254872697039
24 31 245 315 183.200685255042 5.7893076370107
24 32 245 325 184.163220266708 5.70885732819455
24 33 245 335 184.388063805183 5.52265677026011
24 34 245 345 183.613240420799 5.19766381549207
24 35 245 355 182.611236667756 5.26708758525869
25 0 255 5 181.244194196881 5.36046806857357
25 1 255 15 180.171811745478 5.24771255350985
25 2 255 25 179.346041222929 5.3370788808421
25 3 255 35 179.187160712366 5.63461346069344
25 4 255 45 179.46658235373 5.91192243858871
25 5 255 55 180.153592189715 6.26965466455574
25 6 255 65 182.044105800735 6.28158391005162
25 7 255 75 183.652463733712 5.89922131187712
25 8 255 85 184.762121347248 5.93201226342027
25 9 255 95 184.492920487117 5.56567482915128
25 10 255 105 183.713177339446 5.25204425562227
25 11 255 115 182.602165395839 5.08061596970497
25 12 255 125 180.833891209408 5.44200423521613
25 13 255 135 179.01501771236 5.57395514948347
25 14 255 145 177.470556730612 5.88515444467479
25 15 255 155 177.002220794392 5.97929402028512
25 16 255 165 177.637811065146 5.7615193482809
25 17 255 175 178.966715718269 5.7170251540611
25 18 255 185 180.604743937602 5.64717857656947
25 19 255 195 181.864146672482 5.51979863210351
25 20 255 205 182.929509574132 5.76457736679399
25 21 255 215 182.76213205655 5.47620648637656
25 22 255 225 182.724450566282 6.06230627175185
25 23 255 235 182.082684695681 5.58564023699727
25 24 255 245 181.104838914518 5.18813794770266
25 25 255 255 181.578827478229 6.05996335823671
25 26 255 265 180.383998892425 6.24607548222339
25 27 255 275 179.934031517158 5.77900430449012
25 28 255 285 180.471409659097 5.90149078450184
25 29 255 295 182.369044282069 5.89013197252257
25 30 255 305 182.867216161369 5.98882545488162
25 31 255 315 182.781829667375 5.42103853827279
25 32 255 325 183.773156140171 5.39479942547551
25 33 255 335 183.755536373639 5.35892601716338
25 34 255 345 183.31842735719 5.35167365722672
25 35 255 355 182.240217752408 5.39735621510463
26 0 265 5 180.827665860692 5.20806149880121
26 1 265 15 179.752411400531 5.1856920503384
26 2 265 25 179.143005982131 5.42611497869837
26 3 265 35 178.819561225582 5.5473899074334
26 4 265 45 179.104824354288 5.76222545634726
26 5 265 55 180.522481397993 6.02137556818085
26 6 265 65 181.748921991871 6.22099322793691
26 7 265 75 183.835729014715 6.139467339646
26 8 265 85 184.625911123784 6.03778123148694
26 9 265 95 184.665808790792 5.58135561374385
26 10 265 105 184.063754600446 5.10005366688017
26 11 265 115 182.84348398016 4.99263204241882
26 12 265 125 180.727641866427 5.23500794249658
26 13 265 135 179.038329912269 5.45270221168595
26 14 265 145 177.416330749041 5.66901363460833
26 15 265 155 176.8527588684 5.87279317790813
26 16 265 165 177.596478806318 5.62401638127244
26 17 265 175 179.117719080008 5.76217853827003
26 18 265 185 181.321999206091 5.58231235631271
26 19 265 195 182.530357041294 5.34769848332825
26 20 265 205 182.834200557848 6.43952229592666
26 21 265 215 182.992773094663 5.98100059862747
26 22 265 225 182.82058184998 5.8629252575352
26 23 265 235 182.63794171651 6.10842468031695
26 24 265 245 182.129070714184 6.49235960613279
26 25 265 255 181.341917012905 5.91775014809233
26 26 265 265 180.788265659235 5.24138476513336
26 27 265 275 179.811193105892 5.68950805759315
26 28 265 285 180.160262744157 5.84204595392963
26 29 265 295 182.85137970634 6.26090980415804
26 30 265 305 182.842813824669 5.92508095419911
26 31 265 315 183.229176407731 5.52624286150389
26 32 265 325 183.73791999254 5.39491159668613
26 33 265 335 183.372117623618 5.35245210047099
26 34 265 345 182.941174561173 5.5246366806292
26 35 265 355 181.884473630103 5.43442432556397
27 0 275 5 180.41118316283 5.02132873306439
27 1 275 15 179.201353630528 5.19654043178598
27 2 275 25 178.751177832067 5.54066940487886
27 3 275 35 178.644117733594 5.5311816262185
27 4 275 45 179.370342022072 6.20512539554858
27 5 275 55 180.034251566717 6.05957544689734
27 6 275 65 182.273293478164 6.18395015014744
27 7 275 75 184.001374729886 5.9191333221059
27 8 275 85 184.602366592439 5.70524888909036
27 9 275 95 184.401317790383 5.45902886740685
27 10 275 105 184.116149482258 5.16961818042411
27 11 275 115 182.928014322316 4.97617325369211
27 12 275 125 180.998900515359 5.29993303365606
27 13 275 135 178.788916573642 5.53050412404767
27 14 275 145 177.177830590158 5.66864598934891
27 15 275 155 176.772057599376 5.89390974256119
27 16 275 165 177.503524604764 5.78877328609538
27 17 275 175 179.154451739205 5.67180093431261
27 18 275 185 181.940064690213 5.38677837302838
27 19 275 195 183.210600191619 4.88058943957837
27 20 275 205 183.139883267759 6.32489966216157
27 21 275 215 183.226940417255 6.35396072160314
27 22 275 225 182.37247456553 6.07406143430011
27 23 275 235 182.056777304233 6.50523215299486
27 24 275 245 181.978146532675 5.06813340835965
27 25 275 255 179.925800891219 5.23874800782912
27 26 275 265 180.430376354359 5.52213231367572
27 27 275 275 180.056164062112 5.63945396469501
27 28 275 285 180.0480434489 6.25237311646258
27 29 275 295 181.73262983025 6.32544611989893
27 30 275 305 182.544313382476 5.79695231892942
27 31 275 315 183.294472731671 5.46779261563541
27 32 275 325 183.27845479873 5.38281357391823
27 33 275 335 183.044400424877 5.40538367885055
27 34 275 345 182.605860851519 5.47510303807488
27 35 275 355 181.703654919563 5.17228084540982
28 0 285 5 179.237586002184 5.29886337359982
28 1 285 15 178.149184896036 5.49572335508651
28 2 285 25 177.815537536549 5.77615007881245
28 3 285 35 179.027880443348 5.70701481060108
28 4 285 45 179.39153025522 6.34197105591988
28 5 285 55 180.075492372274 5.90667737542151
28 6 285 65 181.912024190209 5.63719193365205
28 7 285 75 183.452763846935 5.64733385099375
28 8 285 85 184.322624099039 5.56390275306201
28 9 285 95 184.611025250452 5.50800884591237
28 10 285 105 183.939282322333 5.15690413512365
28 11 285 115 182.834254880807 5.07715291490143
28 12 285 125 181.041406611903 5.26114383191658
28 13 285 135 178.756904857136 5.60702139169382
28 14 285 145 177.199447879928 5.84111204654177
28 15 285 155 176.835918389084 5.97545688219447
28 16 285 165 177.587937282393 5.65227326069937
28 17 285 175 179.216614114193 5.58861968728088
28 18 285 185 182.179519343259 5.51681781719608
28 19 285 195 183.86026128412 4.9182236420544
28 20 285 205 183.127390290219 6.09199896977575
28 21 285 215 182.765614555183 6.51813637180935
28 22 285 225 181.85740512816 5.58004531906229
28 23 285 235 180.715398808087 6.04676397758302
28 24 285 245 180.926902702331 6.30725497474705
28 25 285 255 181.46505750716 6.9212969740537
28 26 285 265 180.311140433008 6.37894332074936
28 27 285 275 180.158224938217 4.95329305073414
28 28 285 285 181.007968677111 6.20332722287067
28 29 285 295 181.466380072794 6.77110434616662
28 30 285 305 182.523834219089 5.81679977222296
28 31 285 315 182.648693817425 5.54070952227416
28 32 285 325 182.787309725167 5.41284835153301
28 33 285 335 182.469714291768 5.42239695107196
28 34 285 345 181.922891217349 5.46082669940993
28 35 285 355 180.779674475161 5.30837952197717
29 0 295 5 177.435845629167 5.38965119059109
29 1 295 15 177.294668272611 5.91200829165354
29 2 295 25 179.158356490398 6.36462538651106
29 3 295 35 178.667308935905 6.18767725377665
29 4 295 45 178.960663160227 6.21996379594808
29 5 295 55 179.540274061194 5.86629035595837
29 6 295 65 181.422598969671 6.18151036505932
29 7 295 75 183.022551989262 5.70357323105651
29 8 295 85 183.496923791569 6.36632302258721
29 9 295 95 183.597688293531 6.12619512327082
29 10 295 105 183.614449329009 5.36404696238599
29 11 295 115 182.661162736893 5.17463791018544
29 12 295 125 181.112380024245 5.21967077178318
29 13 295 135 179.076092929452 5.32043786953831
29 14 295 145 177.816041561934 5.47746856121863
29 15 295 155 177.517406929719 5.8103642159124
29 16 295 165 178.125244513692 5.61826884564463
29 17 295 175 179.385307778411 5.78044001747633
29 18 295 185 181.580197333195 6.14148893756579
29 19 295 195 183.284980221607 5.22329320862843
29 20 295 205 181.685977955483 5.87021066710747
29 21 295 215 180.631296669912 5.41447691318461
29 22 295 225 180.133960498228 5.82855559871377
29 23 295 235 179.218327229913 5.85640573411403
29 24 295 245 180.163864226248 5.81933805925217
29 25 295 255 180.537246241211 5.66103499148713
29 26 295 265 180.329139912375 5.33467124948274
29 27 295 275 179.960590980671 4.92685314892483
29 28 295 285 181.734985224271 6.07952417957178
29 29 295 295 181.377044805641 6.3438321449069
29 30 295 305 181.822668915961 6.05687248414985
29 31 295 315 182.095490042138 5.61797685852061
29 32 295 325 182.149935204644 5.28797976374741
29 33 295 335 181.605250141951 5.17041368631052
29 34 295 345 180.53949661585 4.97086383814408
29 35 295 355 179.049547398314 5.0150537744611
30 0 305 5 177.938338694309 5.52780357967473
30 1 305 15 179.514518878844 5.46360751340913
30 2 305 25 179.197441253496 6.83665124104517
30 3 305 35 178.642196017427 6.82555036312755
30 4 305 45 178.935383269364 6.38599793931949
30 5 305 55 178.988496458178 5.72577325218602
30 6 305 65 181.134223082758 7.56005999794587
30 7 305 75 179.900709316116 6.78159410068588
30 8 305 85 180.704368555238 8.08430341966448
30 9 305 95 181.923848638102 6.6372440890343
30 10 305 105 181.737143855741 5.79047881376553
30 11 305 115 181.833831852741 5.39790555100423
30 12 305 125 180.772492638915 4.85350473450973
30 13 305 135 179.464865246265 4.87518972664072
30 14 305 145 178.512648028864 5.37043649885143
30 15 305 155 178.141592809422 5.76952438303835
30 16 305 165 178.452043390855 5.92343621939145
30 17 305 175 179.436028867302 6.15425717065817
30 18 305 185 180.38285371878 6.53273317819141
30 19 305 195 180.754422546569 5.01836052531578
30 20 305 205 180.4509234639 5.94637279280719
30 21 305 215 180.203616975813 5.99285627812519
30 22 305 225 180 6
30 23 305 235 178.972941080266 6.06332382201533
30 24 305 245 180.018931370249 5.68175659544166
30 25 305 255 180.271405997939 5.45385758791965
30 26 305 265 180.491341141141 5.49664672604729
30 27 305 275 179.155339011736 6.55527323597702
30 28 305 285 180.957795199092 5.56865832293841
30 29 305 295 181.049829824481 6.22870872374414
30 30 305 305 181.514543450836 6.04013561033903
30 31 305 315 181.689258115882 5.61375682273746
30 32 305 325 181.821428393394 4.94919590190242
30 33 305 335 181.363670361841 4.29206822533128
30 34 305 345 180.289641553292 3.96108597092945
30 35 305 355 178.981829184552 4.06998560513255
31 0 315 5 177.438428737896 6.63733361181686
31 1 315 15 180.585623878719 6.45831835370818
31 2 315 25 179.660676269747 7.51591429939664
31 3 315 35 179.992481809164 6.00253312810355
31 4 315 45 180 6
31 5 315 55 180 6
31 6 315 65 180.357072122662 6.44746777141567
31 7 315 75 180.001006900457 6.01463196906141
31 8 315 85 180.791486883233 6.15148990700934
31 9 315 95 180.357112485108 5.28227110662518
31 10 315 105 180.681342893181 5.81108937182117
31 11 315 115 181.021284321583 5.42692079290092
31 12 315 125 180.10714671447 4.93638004280043
31 13 315 135 179.533084668522 4.73314911098368
31 14 315 145 179.037103061464 5.29167798692407
31 15 315 155 178.514159292358 6.04071494321102
31 16 315 165 178.219940344462 6.53587911374551
31 17 315 175 178.486556054212 6.7190416741908
31 18 315 185 179.32639546461 7.26783075522964
31 19 315 195 180.105642755812 5.44080382728874
31 20 315 205 180 6
31 21 315 215 180 6
31 22 315 225 180 6
31 23 315 235 180 6
31 24 315 245 179.985238610106 5.8921796556531
31 25 315 255 180.52640878372 5.97567362512254
31 26 315 265 181.706066303076 5.97885587928078
31 27 315 275 179.953725102115 6.09256192697511
31 28 315 285 180.25207288351 6.54178277142007
31 29 315 295 181.110011270666 5.85487776810561
31 30 315 305 181.956516664729 5.53724574940158
31 31 315 315 182.168411782257 5.44577586736804
31 32 315 325 182.64852148599 4.56636099754403
31 33 315 335 182.312167592653 3.9308673741385
31 34 315 345 181.291889220069 4.00363643999943
31 35 315 355 179.136757752924 5.76734494512461
32 0 325 5 179.697200012911 6.25586525229342
32 1 325 15 180 6
32 2 325 25 180 6
32 3 325 35 180 6
32 4 325 45 179.946802331157 5.93197635724028
32 5 325 55 179.914793549473 5.89043685430354
32 6 325 65 180 6
32 7 325 75 180 6
32 8 325 85 181.251012536721 7.07597155793329
32 9 325 95 179.03999952747 5.6755034435426
32 10 325 105 179.523633623546 5.64655719457136
32 11 325 115 180.08559213605 5.44618684348428
32 12 325 125 179.752713044424 5.37587109901588
32 13 325 135 179.165029116765 5.03819306929195
32 14 325 145 179.112826219624 5.57832059938721
32 15 325 155 178.755219137778 6.64486731527719
32 16 325 165 178.494319747778 6.73186321657071
32 17 325 175 179.183430216881 6.97740300275615
32 18 325 185 181.11999380769 6.23663452374062
32 19 325 195 180 6
32 20 325 205 180 6
32 21 325 215 179.857295411548 5.76983209777737
32 22 325 225 179.906852912568 5.85118407960196
32 23 325 235 180 6
32 24 325 245 180.053566591936 5.96959816638603
32 25 325 255 180.849176424501 5.65919535292637
32 26 325 265 180.697633253252 6.0372494028985
32 27 325 275 181.536964086917 5.87870731496635
32 28 325 285 180.437941732307 6.06167645271302
32 29 325 295 181.246624439716 5.40426999186845
32 30 325 305 183.125121655084 5.42591701236744
32 31 325 315 183.471245357916 5.21416494403022
32 32 325 325 183.698044450362 5.01924220708525
32 33 325 335 183.020259509495 5.2165603125218
32 34 325 345 180.036048937749 8.21753505498222
32 35 325 355 178.524793826431 9.00033972006317
33 0 335 5 180 6
33 1 335 15 180 6
33 2 335 25 180.00352315843 5.99388851089436
33 3 335 35 180.003111814485 5.99460248163745
33 4 335 45 179.901926824856 5.87360708869477
33 5 335 55 180.722978916433 6.17162941193501
33 6 335 65 180.727055529811 6.28256184054383
33 7 335 75 180 6
33 8 335 85 180 6
33 9 335 95 179.725616218287 5.93825081418351
33 10 335 105 180.982785030058 6.33749739692129
33 11 335 115 180.235118834926 6.45437374332854
33 12 335 125 179.817587276223 5.86338122762092
33 13 335 135 178.625254000039 6.46713822450341
33 14 335 145 178.664273435288 5.68389566239129
33 15 335 155 180.277710761023 5.95929709499125
33 16 335 165 180 6
33 17 335 175 180 6
33 18 335 185 180 6
33 19 335 195 180 6
33 20 335 205 180 6
33 21 335 215 179.94417142292 5.91143184107189
33 22 335 225 179.964234608261 5.94347298747974
33 23 335 235 180 6
33 24 335 245 180.279108141629 5.77511754042114
33 25 335 255 180.458506546628 5.5612364864421
33 26 335 265 180.672836187902 5.93767067627837
33 27 335 275 183.040213281992 7.10110976246857
33 28 335 285 181.534298321054 5.89296972487604
33 29 335 295 183.182382007339 5.21966763225802
33 30 335 305 183.237521663925 5.56852315660089
33 31 335 315 183.002224138304 6.4461623908065
33 32 335 325 184.935869795911 9.25448070532458
33 33 335 335 179.532734815679 6.47949299250486
33 34 335 345 179.198655640916 6.57186996025228
33 35 335 355 179.996173122909 6.31041442667986
34 0 345 5 180 6
34 1 345 15 180 6
34 2 345 25 180.150991739291 5.73029655108143
34 3 345 35 180.134814280484 5.75998635060338
34 4 345 45 180 6
34 5 345 55 180.028765411378 6.01310216520346
34 6 345 65 180.022062893506 6.01006413486917
34 7 345 75 180 6
34 8 345 85 180 6
34 9 345 95 179.084499992553 6.22704987368182
34 10 345 105 180.032409245944 7.52332929620582
34 11 345 115 178.633196940789 8.11876978469279
34 12 345 125 180.227909684793 7.15465138212713
34 13 345 135 178.887698406508 7.31628462309219
34 14 345 145 179.995086241476 5.61179462688032
34 15 345 155 180.40611923225 5.95316942944723
34 16 345 165 180 6
34 17 345 175 180 6
34 18 345 185 180 6
34 19 345 195 180 6
34 20 345 205 180 6
34 21 345 215 180 6
34 22 345 225 180 6
34 23 345 235 180.000184145195 5.99421545693691
34 24 345 245 180.110378165934 5.45635117146469
34 25 345 255 180.092631592166 5.91150299479086
34 26 345 265 180.00093951302 6.00003348974548
34 27 345 275 180.446716756805 6.08025740126207
34 28 345 285 181.269447910217 6.09613168551689
34 29 345 295 181.46567435087 5.83750385922478
34 30 345 305 180.236971111339 5.36812316858567
34 31 345 315 179.201714026269 6.00786123329492
34 32 345 325 180.182465867451 6.16241327386827
34 33 345 335 179.546112807541 5.96802041780347
34 34 345 345 179.777001546156 5.84941359554731
34 35 345 355 180 6
35 0 355 5 180 6
35 1 355 15 180 6
35 2 355 25 180 6
35 3 355 35 180 6
35 4 355 45 180 6
35 5 355 55 180 6
35 6 355 65 180 6
35 7 355 75 180 6
35 8 355 85 180 6
35 9 355 95 179.92721289742 6.09477795157874
35 10 355 105 180.394852908694 5.83177523591624
35 11 355 115 180.212919727709 6.4422035096392
35 12 355 125 180.109835068399 5.88976578912871
35 13 355 135 180.435873160051 6.0468344584629
35 14 355 145 179.956085109028 5.79349355249824
35 15 355 155 180 6
35 16 355 165 180 6
35 17 355 175 180 6
35 18 355 185 180 6
35 19 355 195 180 6
35 20 355 205 180 6
35 21 355 215 180 6
35 22 355 225 180 6
35 23 355 235 180.000024115831 5.99924276840741
35 24 355 245 180.002121534017 5.93301422479609
35 25 355 255 180 6
35 26 355 265 180 6
35 27 355 275 180.223731823491 5.91632692800342
35 28 355 285 181.918630898664 6.38020958482136
35 29 355 295 180.944421010376 6.34470216649567
35 30 355 305 179.840999247825 5.90041631114933
35 31 355 315 179.971414819143 5.98253063150983
35 32 355 325 180.278850424561 6.01768456757933
35 33 355 335 180.300081034246 6.01849962120735
35 34 355 345 180 6
35 35 355 355 180 6
