0 0 5 5 180 6
0 1 5 15 179.731130943176 5.95142777460644
0 2 5 25 179.922657725562 5.98730537369011
0 3 5 35 180 6
0 4 5 45 180 6
0 5 5 55 180 6
0 6 5 65 180 6
0 7 5 75 180 6
0 8 5 85 180 6
0 9 5 95 179.959077528993 5.96467071016878
0 10 5 105 179.926450930114 5.93615067472922
0 11 5 115 180 6
0 12 5 125 180 6
0 13 5 135 180 6
0 14 5 145 180 6
0 15 5 155 180 6
0 16 5 165 180 6
0 17 5 175 180 6
0 18 5 185 180 6
0 19 5 195 180 6
0 20 5 205 180 6
0 21 5 215 180 6
0 22 5 225 180 6
0 23 5 235 180 6
0 24 5 245 180 6
0 25 5 255 180.00421747862 5.94298369181207
0 26 5 265 180.011698812926 5.83970129627943
0 27 5 275 180.979044608717 6.07696492500601
0 28 5 285 180.224193957702 6.0458685603934
0 29 5 295 180 6
0 30 5 305 180.308597672585 5.89716638945009
0 31 5 315 180.041917059079 5.98706933509588
0 32 5 325 180 6
0 33 5 335 180 6
0 34 5 345 180 6
0 35 5 355 180 6
1 0 15 5 180.341741432196 6.10219368247272
1 1 15 15 180 6
1 2 15 25 180 6
1 3 15 35 180 6
1 4 15 45 180 6
1 5 15 55 180 6
1 6 15 65 180.055035547166 5.91766997450801
1 7 15 75 180.049925797715 5.92538356757207
1 8 15 85 180 6
1 9 15 95 179.85474754864 5.87234872858792
1 10 15 105 179.766167218404 5.73998915368357
1 11 15 115 180.01559625777 5.96602391029819
1 12 15 125 179.993062572387 5.96380865891218
1 13 15 135 179.992760876057 5.96222959441561
1 14 15 145 180 6
1 15 15 155 180 6
1 16 15 165 180 6
1 17 15 175 180 6
1 18 15 185 180 6
1 19 15 195 180 6
1 20 15 205 180 6
1 21 15 215 180 6
1 22 15 225 180 6
1 23 15 235 180 6
1 24 15 245 180 6
1 25 15 255 180.009764931976 5.86713911124242
1 26 15 265 180.024184266451 5.71268036898777
1 27 15 275 180.021350642558 5.89636636114879
1 28 15 285 180 6
1 29 15 295 180 6
1 30 15 305 180 6
1 31 15 315 180 6
1 32 15 325 180 6
1 33 15 335 180 6
1 34 15 345 180 6
1 35 15 355 180.59393858723 6.16438834564322
2 0 25 5 180.229877798321 6.07104986097843
2 1 25 15 180 6
2 2 25 25 180 6
2 3 25 35 180 6
2 4 25 45 180 6
2 5 25 55 180 6
2 6 25 65 180.12567722787 5.80952057322484
2 7 25 75 180.114432666248 5.8269271592147
2 8 25 85 180.972038675978 6.24525304445583
2 9 25 95 180.114651499513 6.037592652485
2 10 25 105 180.4284333324 5.98292780701971
2 11 25 115 181.519576939266 6.63593058944865
2 12 25 125 179.955038505801 5.76125894995734
2 13 25 135 179.953220446994 5.75138938398912
2 14 25 145 180 6
2 15 25 155 180 6
2 16 25 165 180 6
2 17 25 175 179.891501612866 5.76351918958334
2 18 25 185 180.104684815708 5.76751980741658
2 19 25 195 180.181576513098 5.84350033700112
2 20 25 205 180.039037305926 5.92790816179413
2 21 25 215 180.181393461851 5.65495216003027
2 22 25 225 180 6
2 23 25 235 180.001247581551 5.99567268640278
2 24 25 245 180.003498498333 5.98785667395284
2 25 25 255 180 6
2 26 25 265 180.019026547114 5.90773917890982
2 27 25 275 180.067305745183 5.66660643577113
2 28 25 285 180 6
2 29 25 295 180.306402079054 6.12527711842916
2 30 25 305 180.783002801218 6.2855896389249
2 31 25 315 180 6
2 32 25 325 180 6
2 33 25 335 180 6
2 34 25 345 180 6
2 35 25 355 180.403717763402 6.11849982690357
3 0 35 5 180 6
3 1 35 15 178.93529237168 6.90304553501275
3 2 35 25 179.654393465863 6.32256484000641
3 3 35 35 180.08140406102 5.87763586399448
3 4 35 45 180.078589807055 5.95322172133313
3 5 35 55 181.708323377429 6.50767095751993
3 6 35 65 180.824681648358 6.10447018358951
3 7 35 75 180.317888619992 5.93547868300327
3 8 35 85 180.415194294737 5.92443366484931
3 9 35 95 179.769467331686 5.98786081609964
3 10 35 105 179.895349399868 6.01643897843651
3 11 35 115 180.195889861322 6.13857703711982
3 12 35 125 180 6
3 13 35 135 180 6
3 14 35 145 180 6
3 15 35 155 180 6
3 16 35 165 180 6
3 17 35 175 179.935721503993 5.86129444861629
3 18 35 185 180.05844315868 5.86626807001459
3 19 35 195 180.102370166357 5.9129628943996
3 20 35 205 180.009720803912 5.98215323608151
3 21 35 215 180.048659587598 5.90996358226637
3 22 35 225 180 6
3 23 35 235 180.153110914411 6.56064191991008
3 24 35 245 181.106181875144 7.29059620249209
3 25 35 255 180.109156938639 5.77507041814203
3 26 35 265 180 6
3 27 35 275 180 6
3 28 35 285 179.696434757755 5.83169378560983
3 29 35 295 179.937405822712 5.95328982625703
3 30 35 305 180.457783646561 6.18063179949472
3 31 35 315 180 6
3 32 35 325 180 6
3 33 35 335 180 6
3 34 35 345 180 6
3 35 35 355 180 6
4 0 45 5 180 6
4 1 45 15 179.013974047669 6.84605993495177
4 2 45 25 179.860566500452 5.79192605771058
4 3 45 35 180.229800958806 4.97300056556548
4 4 45 45 181.953452744531 6.14786016972441
4 5 45 55 181.305424398144 5.38450963248845
4 6 45 65 179.94391789499 4.89413452874898
4 7 45 75 180.281687492847 5.06345921096867
4 8 45 85 180.033503404523 5.46008495801732
4 9 45 95 179.589707801029 5.95313915188406
4 10 45 105 179.780084852514 5.97843096924936
4 11 45 115 180.144763654642 6.09376844382316
4 12 45 125 181.207851054487 6.64663183353618
4 13 45 135 180 6
4 14 45 145 180 6
4 15 45 155 179.996908779916 5.99898601770368
4 16 45 165 179.759096268635 5.91561789128184
4 17 45 175 180.662268412613 6.43761580991394
4 18 45 185 180.385065386135 6.26669186755308
4 19 45 195 180.210838303418 6.23239736189253
4 20 45 205 180.682295267163 6.70732703103194
4 21 45 215 179.990247993552 5.97497910909283
4 22 45 225 180.080709944691 5.40959251290118
4 23 45 235 180.484261747351 5.241795225393
4 24 45 245 182.330266075249 6.38006513627321
4 25 45 255 181.429399680745 6.04288445159683
4 26 45 265 180.144320758206 6.08351498538688
4 27 45 275 180.415181563875 6.22821617520682
4 28 45 285 179.916940126218 5.95595948857982
4 29 45 295 180.978920840534 6.70825731390142
4 30 45 305 181.011184807415 6.7116595215917
4 31 45 315 180 6
4 32 45 325 180 6
4 33 45 335 180 6
4 34 45 345 180 6
4 35 45 355 180 6
5 0 55 5 180.169566590866 5.28030139994894
5 1 55 15 180.14111521643 6.10503117264156
5 2 55 25 180.906770782787 5.03151180812983
5 3 55 35 181.132071262995 4.41639724435546
5 4 55 45 181.738331750369 5.15860861901053
5 5 55 55 182.284265043836 5.23805281523022
5 6 55 65 181.904882880765 5.12990450119639
5 7 55 75 182.995649264257 7.94929880789631
5 8 55 85 180.157602253989 5.76363343860186
5 9 55 95 180.050396166328 5.74863777481741
5 10 55 105 180 6
5 11 55 115 180.071366603659 6.0468415071635
5 12 55 125 180.626035070877 6.37203158290498
5 13 55 135 179.947707298476 5.78814213981576
5 14 55 145 179.951451944182 5.92315817167743
5 15 55 155 180.159589627944 6.16810017614908
5 16 55 165 181.235475281691 7.35364932728513
5 17 55 175 180.738826496523 6.42463020161073
5 18 55 185 180.455705919177 5.73723890164982
5 19 55 195 182.137443688826 6.7419811873842
5 20 55 205 182.48265530009 6.66801469871251
5 21 55 215 180.743029233346 4.54536762753712
5 22 55 225 180.137961931242 4.58867257730201
5 23 55 235 180.935181191912 3.63458193624917
5 24 55 245 181.710107858099 3.50556381584707
5 25 55 255 181.4019384278 4.39229966466933
5 26 55 265 182.17504916982 7.38655174342285
5 27 55 275 181.091330762339 6.42767188314503
5 28 55 285 180 6
5 29 55 295 180.16928222217 6.11326056710001
5 30 55 305 180.162972925689 6.10795530568072
5 31 55 315 180.165325567028 6.32876003757931
5 32 55 325 180.020704893 5.96697050288251
5 33 55 335 180.762851269979 6.39699576490993
5 34 55 345 180.33711924687 6.19729055673929
5 35 55 355 180 6
6 0 65 5 180.780337427403 5.83108610934278
6 1 65 15 182.085305092523 4.9808197006073
6 2 65 25 181.402063722057 4.42187460039843
6 3 65 35 181.232811378687 4.16300519345726
6 4 65 45 181.278218519891 4.43960772451385
6 5 65 55 181.743466858023 5.07872939260094
6 6 65 65 182.19564374318 6.83895322032217
6 7 65 75 181.085417302133 5.5340802551963
6 8 65 85 180.787862976084 5.29089124692024
6 9 65 95 180.156838902844 5.72452985108331
6 10 65 105 180 6
6 11 65 115 180 6
6 12 65 125 179.996201389836 5.95651656641764
6 13 65 135 180.584875322423 5.74104042859264
6 14 65 145 180.077419217419 5.99695802542533
6 15 65 155 180.045348649121 5.97295816244692
6 16 65 165 181.516951566364 7.62185525863317
6 17 65 175 181.123994689638 6.79950589782619
6 18 65 185 180.959652626022 5.92790840168045
6 19 65 195 182.16613284954 5.12268214289379
6 20 65 205 182.742263722103 5.35121998600202
6 21 65 215 182.471237744695 4.98342023566547
6 22 65 225 181.122402469505 4.27059633235148
6 23 65 235 180.524212590816 3.29152466161818
6 24 65 245 180.521284479441 3.02387394071191
6 25 65 255 180.610408674991 3.96202181103483
6 26 65 265 182.233579879312 6.71929958333071
6 27 65 275 180.635701932699 6.07922564924498
6 28 65 285 179.954225884183 5.88246351562689
6 29 65 295 180.606459119633 5.60930485556777
6 30 65 305 180.61891947462 5.93636254936408
6 31 65 315 184.356491837012 10.7846134207054
6 32 65 325 180.304817212528 5.65513062219331
6 33 65 335 180.701050467855 5.97745255866389
6 34 65 345 181.930912583934 6.96688140957353
6 35 65 355 181.259095856079 6.03276559464944
7 0 75 5 181.675218126702 4.27480814169245
7 1 75 15 181.46969103135 4.29134409434359
7 2 75 25 180.804893753036 4.13435746927991
7 3 75 35 180.723681628843 4.033208645968
7 4 75 45 180.599917578335 4.13872513577745
7 5 75 55 180.754758472854 5.26728999377059
7 6 75 65 181.489991284175 5.86297433574834
7 7 75 75 180.307170235122 5.51850196135814
7 8 75 85 179.917237688997 5.40557888311635
7 9 75 95 180.364953502889 6.15244438545163
7 10 75 105 179.916809961061 6.03226984344559
7 11 75 115 179.414922087586 7.13119213502385
7 12 75 125 179.498716281509 6.2424449988018
7 13 75 135 181.159313080692 8.04848303712969
7 14 75 145 183.632987902448 10.5003381707937
7 15 75 155 179.639153112756 5.11058165186307
7 16 75 165 180.305352107193 6.55813179646977
7 17 75 175 180.647663156673 5.80764540548158
7 18 75 185 181.868998361364 5.70563930490396
7 19 75 195 183.126950409173 5.22898144281048
7 20 75 205 183.809815516833 5.13268950843935
7 21 75 215 183.774260247993 5.00376907535827
7 22 75 225 182.672480152186 5.04981898906516
7 23 75 235 180.665163467274 4.1547296811388
7 24 75 245 179.960348061915 3.84855457711532
7 25 75 255 179.480201281398 5.51877336169303
7 26 75 265 178.306652804314 6.20985501233491
7 27 75 275 180.254138573618 5.88755361935101
7 28 75 285 181.185433069031 5.60457886579257
7 29 75 295 180.455999929838 5.29059772366767
7 30 75 305 179.907568277578 6.02045094944054
7 31 75 315 181.730759111476 5.42964440366678
7 32 75 325 181.684446291895 5.31782811081562
7 33 75 335 180.273124411253 6.01071165513382
7 34 75 345 182.011562441819 5.82163097966043
7 35 75 355 181.763958375517 4.63865170720149
8 0 85 5 181.109496669036 4.04319522451165
8 1 85 15 180.502831202907 4.16261635786883
8 2 85 25 180.062612846105 4.15848633673446
8 3 85 35 179.888495944791 4.30041102727585
8 4 85 45 179.251860972358 4.71042402427788
8 5 85 55 180.270627276877 5.62311460828058
8 6 85 65 181.196282821335 6.24274112920562
8 7 85 75 179.097136952523 5.32920826655025
8 8 85 85 180.101873500374 5.52097531557726
8 9 85 95 182.678773680916 5.93913462440773
8 10 85 105 181.581123707797 5.81108206326962
8 11 85 115 179.546952321953 8.59404915918458
8 12 85 125 179.163612620168 5.57442917594363
8 13 85 135 180.416094489502 5.67979870981004
8 14 85 145 180.195427330464 5.65415637100966
8 15 85 155 179.605653018707 5.94201982066245
8 16 85 165 180.340318339225 5.48080143013873
8 17 85 175 180.98762714752 5.16662459516535
8 18 85 185 182.380062895307 5.25140419690339
8 19 85 195 184.122519770025 5.21242488004787
8 20 85 205 184.824947127612 5.28112417900297
8 21 85 215 185.052458698379 5.08268640402006
8 22 85 225 183.5076284482 5.68908857835362
8 23 85 235 181.782862697973 5.4549943388858
8 24 85 245 182.650226329507 7.94232069850405
8 25 85 255 179.473776196244 6.90158765313989
8 26 85 265 178.035282066631 6.07855958459288
8 27 85 275 177.771510039791 7.25487629312321
8 28 85 285 179.144603091995 6.7880253737904
8 29 85 295 179.71317621536 4.82108057257816
8 30 85 305 179.555088378149 4.91646626608648
8 31 85 315 181.4464693924 4.73670229689355
8 32 85 325 181.520448540698 5.94821834671049
8 33 85 335 182.250140956143 5.55959079543407
8 34 85 345 181.719237900795 4.82188248771473
8 35 85 355 181.290123758984 4.32916074816564
9 0 95 5 180.193569771453 4.13831194733469
9 1 95 15 179.508543509425 4.03298947978602
9 2 95 25 179.315739303817 4.2222044771712
9 3 95 35 179.098782523036 4.95811955825099
9 4 95 45 178.414137572047 5.55893980695267
9 5 95 55 180.610721057293 5.82710264498227
9 6 95 65 180.814010505008 6.16772913542071
9 7 95 75 181.19783034742 6.56229298215718
9 8 95 85 181.467107307084 6.53107913197249
9 9 95 95 182.719442301001 5.78792608324113
9 10 95 105 181.544578594752 5.32177893789031
9 11 95 115 181.946109977681 6.05354109386238
9 12 95 125 180.435198885528 4.49657525803607
9 13 95 135 180.837335838572 4.6293808682705
9 14 95 145 180.437588147661 4.9716620394042
9 15 95 155 180.271593086609 5.01103869350806
9 16 95 165 181.084128058153 5.37719997848541
9 17 95 175 181.862630099616 5.44565202400638
9 18 95 185 183.283346057796 5.28816367860148
9 19 95 195 184.742034983323 5.47243958604875
9 20 95 205 185.378992660171 5.20932067794139
9 21 95 215 185.626459089444 5.50690755862785
9 22 95 225 183.667276674223 5.58994596026483
9 23 95 235 181.868662757937 5.30565680201875
9 24 95 245 182.150018645308 6.22875146757848
9 25 95 255 181.077947758667 5.9520835318252
9 26 95 265 179.436258104313 5.83145627276045
9 27 95 275 178.849373894996 7.22709316085348
9 28 95 285 180.102356283152 7.83233839990286
9 29 95 295 178.106445273239 5.14820676074624
9 30 95 305 179.457117511408 4.99981650705739
9 31 95 315 180.802508607219 5.54600717490862
9 32 95 325 181.040021145942 5.78802560631975
9 33 95 335 181.429895182457 5.12152623200086
9 34 95 345 180.555903023718 4.22809997719893
9 35 95 355 180.382221629226 4.23835962782309
10 0 105 5 179.722739572539 4.13862657135081
10 1 105 15 179.122121542815 3.95476015471724
10 2 105 25 178.803415316968 4.3131922087246
10 3 105 35 179.221755178815 5.10516991262895
10 4 105 45 178.85051490772 6.05268706497256
10 5 105 55 179.680218346797 4.78184114576445
10 6 105 65 181.626131970574 6.37414109150996
10 7 105 75 181.389598576821 6.08562964188719
10 8 105 85 179.945991389705 6.57485710794219
10 9 105 95 182.503786730697 6.66950296210636
10 10 105 105 182.089393164678 5.57597487035629
10 11 105 115 181.955758939021 5.28349226875588
10 12 105 125 181.622634212034 4.24915795804684
10 13 105 135 180.857521895708 4.42415234772745
10 14 105 145 180.927086902485 4.81013991009055
10 15 105 155 180.646903352025 4.94973059845157
10 16 105 165 180.988910638115 4.87471009240742
10 17 105 175 182.676484885829 5.21123060197911
10 18 105 185 183.262254944425 4.95476429807415
10 19 105 195 184.610672039853 5.33830809220419
10 20 105 205 185.633641297438 5.54641214385212
10 21 105 215 185.729542107925 6.1113188815477
10 22 105 225 183.232477711921 5.44784664048677
10 23 105 235 182.436621224829 5.3602284585536
10 24 105 245 181.448667417527 5.51827822326164
10 25 105 255 179.814305724194 5.51679115748814
10 26 105 265 180.682107938657 4.8778875884425
10 27 105 275 179.472663420543 5.52979848867455
10 28 105 285 181.088996939104 5.42403064673942
10 29 105 295 180.016965396042 4.94885301373876
10 30 105 305 179.958851262342 6.86091523796374
10 31 105 315 181.042332078092 6.3502143283279
10 32 105 325 182.11833018588 5.52495651930295
10 33 105 335 180.627078003813 4.75763096128308
10 34 105 345 179.861715601596 4.09778318785876
10 35 105 355 179.918774804192 4.20046762379399
11 0 115 5 179.398255400776 4.12180423955009
11 1 115 15 178.723815068814 4.26206584080988
11 2 115 25 179.013290187615 4.63811660870104
11 3 115 35 179.596104595941 4.91630442280037
11 4 115 45 178.806296682986 6.03080105876764
11 5 115 55 180.009383925363 5.4718383649381
11 6 115 65 181.406506664535 6.45229320017325
11 7 115 75 180.509055777531 5.37831169747301
11 8 115 85 179.605939025892 5.89215492500086
11 9 115 95 182.356221795625 6.35406056713663
11 10 115 105 181.486094065597 5.85665856289352
11 11 115 115 180.931256539959 5.69308642832419
11 12 115 125 180.705855436865 4.68915985157709
11 13 115 135 180.848841048233 4.64806116697605
11 14 115 145 180.736675259617 4.7923472167869
11 15 115 155 180.037604241458 4.79259557067501
11 16 115 165 180.81461126197 5.19332218501044
11 17 115 175 182.057739027227 5.24967062565916
11 18 115 185 182.981526935694 4.77980978630279
11 19 115 195 183.919198859828 5.36240957797169
11 20 115 205 183.443738197094 5.2510386578419
11 21 115 215 184.586539792371 5.31971485987225
11 22 115 225 182.94841826774 5.68617352138646
11 23 115 235 181.800884998006 5.5791298022541
11 24 115 245 182.092109253058 5.55348415215702
11 25 115 255 180.550025536865 5.32437370490089
11 26 115 265 180.845449205 5.35015135352594
11 27 115 275 180.326417413937 4.86615037633623
11 28 115 285 180.055742236965 5.54279343555113
11 29 115 295 179.830070686559 5.48907136543079
11 30 115 305 179.892848052308 5.50789410288544
11 31 115 315 179.045769805385 6.19864682447001
11 32 115 325 180.458365195284 6.48840517818788
11 33 115 335 179.64184985535 5.01169260653664
11 34 115 345 179.873758237839 4.2095413403322
11 35 115 355 179.794468032389 4.08973958730456
12 0 125 5 178.942497393367 4.24960940460061
12 1 125 15 178.674076630399 4.50692103244024
12 2 125 25 179.476619939917 5.16976764491729
12 3 125 35 178.852887339632 5.95773824689811
12 4 125 45 178.63115332617 5.29948002341411
12 5 125 55 179.569344964842 6.5519947175073
12 6 125 65 179.350745587509 5.48823477739871
12 7 125 75 179.898348198089 5.65055063588539
12 8 125 85 180.421151010541 5.08475612508355
12 9 125 95 180.598032083645 4.95853273727286
12 10 125 105 180.706100997816 4.93170019494704
12 11 125 115 179.449525608611 5.33619487887872
12 12 125 125 180.10053883539 4.27069913337302
12 13 125 135 180.627200449621 4.73418279442361
12 14 125 145 180.654290243292 5.69939514006475
12 15 125 155 180.292393216755 4.79021724852831
12 16 125 165 180.918297366808 4.22848949946359
12 17 125 175 181.580826672493 5.2513726689682
12 18 125 185 182.121896693473 5.40991507257759
12 19 125 195 183.320539309229 5.823464601275
12 20 125 205 182.68575412388 4.65222153538736
12 21 125 215 184.253875994928 5.0800968019492
12 22 125 225 184.097688637104 5.65997871664398
12 23 125 235 181.350125634889 5.30364797611568
12 24 125 245 179.986063868531 5.17029118824258
12 25 125 255 179.48764828753 5.31759034303892
12 26 125 265 181.367429360542 6.88600974859604
12 27 125 275 179.479940881993 6.56057097507641
12 28 125 285 178.54778225569 6.32083925022651
12 29 125 295 179.012388163392 5.25742925458266
12 30 125 305 179.300395650561 5.25867252551093
12 31 125 315 180.902339499233 5.38403925596679
12 32 125 325 179.630263522832 6.10748964696833
12 33 125 335 180.067807138746 4.74642886978339
12 34 125 345 180.42960648477 4.26798669316215
12 35 125 355 179.800799571357 4.29024840520641
13 0 135 5 178.975691776742 4.48232098601455
13 1 135 15 178.615216445191 5.07814184025433
13 2 135 25 179.510853660447 4.77346527998204
13 3 135 35 178.430207057854 5.19012490858081
13 4 135 45 179.715727063998 4.53466411797631
13 5 135 55 178.214253957227 6.3588284958922
13 6 135 65 179.039474081429 5.78448479006929
13 7 135 75 180.007139886923 5.75279102336206
13 8 135 85 179.881352427236 5.29533957705139
13 9 135 95 180.430608528979 4.79407951263414
13 10 135 105 179.726868952364 4.33619732176706
13 11 135 115 179.049410035263 4.97445403697532
13 12 135 125 180.237967030152 4.99660616157598
13 13 135 135 180.207654483807 5.89726340050154
13 14 135 145 180.360032508044 5.27376078149071
13 15 135 155 179.760229020331 4.45498316375249
13 16 135 165 180.670068678796 4.63283979023651
13 17 135 175 181.385067246191 4.55236695590274
13 18 135 185 182.154648972607 5.12851040031506
13 19 135 195 182.522680356371 4.88407265038924
13 20 135 205 182.715228992347 5.19955474528711
13 21 135 215 183.099539632143 7.52721280621392
13 22 135 225 183.163133327347 6.31217146416433
13 23 135 235 181.015238961604 4.80515793489476
13 24 135 245 179.924546288352 5.53174550486399
13 25 135 255 178.775808283444 5.25982715654851
13 26 135 265 180.439038592242 6.22603074322957
13 27 135 275 179.814904190329 6.27707868891628
13 28 135 285 180.076766337732 7.32893737865586
13 29 135 295 179.745783611007 5.37065339683883
13 30 135 305 179.119802561096 5.13482913369173
13 31 135 315 180.203956200433 5.65607467532249
13 32 135 325 181.661236592371 5.32177083593423
13 33 135 335 180.004379548297 4.76984876765219
13 34 135 345 180.399044578223 4.14363901020121
13 35 135 355 179.851231848734 3.77220913418642
14 0 145 5 179.432651913103 4.59905839499571
14 1 145 15 179.737580708194 4.99030275166197
14 2 145 25 180.375285659809 4.88787206214033
14 3 145 35 179.585826778953 5.11831251881761
14 4 145 45 180.545485904312 5.65771200915735
14 5 145 55 180.192374572549 5.62410658298019
14 6 145 65 180.031083819113 5.72615792490514
14 7 145 75 180.013742519339 5.84029755675402
14 8 145 85 179.935536215864 5.9207719765412
14 9 145 95 179.975361785492 5.5379934634363
14 10 145 105 179.80115837978 4.92871567505281
14 11 145 115 179.453786499117 4.97742031608015
14 12 145 125 180.651230560604 5.16304867043895
14 13 145 135 181.246352232566 5.84860403823719
14 14 145 145 179.759227944784 4.59915836539933
14 15 145 155 179.845066396324 5.33049199311866
14 16 145 165 180.215775564572 4.72049592164733
14 17 145 175 181.984962924396 4.6281226204332
14 18 145 185 181.803159982095 4.43088416114665
14 19 145 195 182.308665511199 4.45259937435687
14 20 145 205 182.998702787223 5.57743558762068
14 21 145 215 182.891718770374 5.80607429142362
14 22 145 225 181.672770467305 5.88879739624942
14 23 145 235 180.427330476842 6.02298728628161
14 24 145 245 179.145467939769 5.7550450591521
14 25 145 255 179.774797905366 5.49013163850573
14 26 145 265 178.862783541623 5.95339498743839
14 27 145 275 179.491186877727 5.76954151662957
14 28 145 285 180.195481185673 5.73921339102431
14 29 145 295 179.658253945261 5.42903228830857
14 30 145 305 179.786527311227 5.43707034561237
14 31 145 315 180.692790479305 5.41031317990158
14 32 145 325 181.522267724075 4.76070787040098
14 33 145 335 180.740395959207 4.59965046131963
14 34 145 345 181.476470983257 5.00400772196892
14 35 145 355 179.696411152174 4.26564770607604
15 0 155 5 179.185931221468 5.36648833360829
15 1 155 15 179.690668358614 5.43301179711427
15 2 155 25 179.615366005259 5.77053702506191
15 3 155 35 179.317381407924 5.92151308587155
15 4 155 45 180 6
15 5 155 55 180 6
15 6 155 65 180.010977682882 5.87277941881259
15 7 155 75 180.013846160404 5.83907642135027
15 8 155 85 180 6
15 9 155 95 179.717741395146 5.77163777509931
15 10 155 105 180.460949848206 5.48901587576876
15 11 155 115 181.229570638207 5.70414209665551
15 12 155 125 180.661952430498 5.28597530694464
15 13 155 135 180.39006336617 5.06305523404617
15 14 155 145 180.273456902124 5.65574865375171
15 15 155 155 179.633965119702 5.53000776585378
15 16 155 165 179.982508308393 4.73550034963529
15 17 155 175 180.900258396349 4.70573208910558
15 18 155 185 181.555386135042 4.49317388375279
15 19 155 195 181.960741888137 5.00238577290622
15 20 155 205 182.862152647498 5.12901631898118
15 21 155 215 182.611932590752 5.22645915493793
15 22 155 225 181.363276765637 5.37800346512766
15 23 155 235 181.253395899174 6.47398536866431
15 24 155 245 179.110932659928 5.80500336243977
15 25 155 255 179.578132823599 5.56266163013322
15 26 155 265 180.134784508102 5.81174694995368
15 27 155 275 179.814947742859 5.81768339741141
15 28 155 285 179.431335188095 5.36204419460901
15 29 155 295 179.602683965372 5.49993846838342
15 30 155 305 181.558986710381 6.69085573632286
15 31 155 315 179.449702146764 7.24148845243619
15 32 155 325 180.947635326332 6.06471533455053
15 33 155 335 181.289679352562 4.73653674387318
15 34 155 345 180.252879201111 5.23843804616825
15 35 155 355 178.920365933231 5.39306801112202
16 0 165 5 180.997426496485 5.58916479488209
16 1 165 15 179.52222728651 5.49212284032665
16 2 165 25 178.997070233256 6.32400615814058
16 3 165 35 179.75131598049 5.38465202349101
16 4 165 45 179.956964659593 5.92387129377352
16 5 165 55 180 6
16 6 165 65 180 6
16 7 165 75 179.930284109604 6.04211146784105
16 8 165 85 178.38700320844 6.72633451907997
16 9 165 95 180.241438124981 5.14063281716013
16 10 165 105 181.104536327683 4.92383760382063
16 11 165 115 182.865983994151 8.1564093576364
16 12 165 125 182.175538911197 7.33051995757299
16 13 165 135 180.724462715539 4.64674178102445
16 14 165 145 180.10410489783 4.98130429642835
16 15 165 155 180.133417679279 5.30651403874318
16 16 165 165 180.513628538947 4.92483322520938
16 17 165 175 180.234654283278 4.57053696726629
16 18 165 185 181.06028568895 4.95272923295868
16 19 165 195 181.835903642428 5.0715884244525
16 20 165 205 182.35918171781 5.37403505640387
16 21 165 215 182.003077281916 4.64942728833294
16 22 165 225 181.033633961295 4.77545898651533
16 23 165 235 181.420216826541 5.57052836436524
16 24 165 245 179.974946969818 5.56150429766141
16 25 165 255 179.121111645879 5.92527255532708
16 26 165 265 179.975516907635 6.11952573189959
16 27 165 275 179.361194116383 5.63434383050941
16 28 165 285 179.669857774291 5.57395466354537
16 29 165 295 179.773422778573 5.29156558908843
16 30 165 305 181.23255298051 5.66514066931838
16 31 165 315 180.878380558947 6.41553010169701
16 32 165 325 179.873719905468 5.14806660212983
16 33 165 335 179.803379516392 5.15051216746816
16 34 165 345 179.741860708571 5.15060581277813
16 35 165 355 180.142213007187 5.7068793571387
17 0 175 5 180.097420214485 5.37896339720519
17 1 175 15 179.941457030457 5.99422717589181
17 2 175 25 179.681076918593 6.14213008006677
17 3 175 35 179.766465652315 5.54491736867957
17 4 175 45 179.989697651455 5.81141488993502
17 5 175 55 180.002933824564 5.97184693191035
17 6 175 65 180.544874342107 6.53662480939083
17 7 175 75 181.489891223569 7.27432088706528
17 8 175 85 179.839124505588 6.09553422341692
17 9 175 95 180.170763128472 5.83467572991584
17 10 175 105 180.498983426004 5.8224249999659
17 11 175 115 180.851959589561 6.23009750496781
17 12 175 125 180.09152929799 5.46413277756707
17 13 175 135 180.088893387212 4.31970614289852
17 14 175 145 179.084261875534 4.60491837083689
17 15 175 155 179.951059525595 5.52873638605262
17 16 175 165 179.62501826135 4.80606847373728
17 17 175 175 180.24926491003 4.53718693999866
17 18 175 185 181.226036935003 4.92917008664875
17 19 175 195 181.976269179855 4.9616794190711
17 20 175 205 182.729422043016 5.08216062009095
17 21 175 215 182.758972423957 4.7925760950703
17 22 175 225 181.603992489939 4.84007971362224
17 23 175 235 180.497439905188 5.1212532707007
17 24 175 245 179.972053500677 5.81757042560962
17 25 175 255 178.253543619893 7.6305771935606
17 26 175 265 177.438744365433 7.46671296431732
17 27 175 275 180.29465064046 6.08634829681867
17 28 175 285 180.070792762112 5.94962631103123
17 29 175 295 180.420169551519 5.8135082961752
17 30 175 305 180.696631672071 5.86441902815514
17 31 175 315 180.516162144803 5.33318697654493
17 32 175 325 179.860274360982 4.71183613585638
17 33 175 335 179.100635662122 5.42265642737094
17 34 175 345 180.870586829175 5.84717341817179
17 35 175 355 180.045264624938 5.59252266138307
18 0 185 5 179.968332872804 5.7280000299304
18 1 185 15 179.998264381528 5.98699638802828
18 2 185 25 180.046411662015 6.00415464263103
18 3 185 35 180.048505411212 5.77774270558872
18 4 185 45 180.922544840851 5.71465221073835
18 5 185 55 180.546363712673 5.53636335006086
18 6 185 65 180.634129265411 5.84583075665073
18 7 185 75 180.123661963778 6.74391773476057
18 8 185 85 178.315850183135 7.49887026353756
18 9 185 95 180.222959123867 5.7870664765928
18 10 185 105 180.71200254249 6.69531491159661
18 11 185 115 182.141034466111 7.73499391706221
18 12 185 125 179.850013541374 5.62716548772452
18 13 185 135 180.231443633093 5.81673809820541
18 14 185 145 179.455982906324 4.68369941534457
18 15 185 155 179.094577919382 5.2754130080886
18 16 185 165 179.961934501078 5.24067029697117
18 17 185 175 180.350557734038 4.51608793726774
18 18 185 185 181.573391041756 4.94841087132254
18 19 185 195 182.200141902831 4.85262571572343
18 20 185 205 182.746473566339 4.81541542318518
18 21 185 215 180.977751284668 4.13961237916535
18 22 185 225 179.795623154245 4.28229454635595
18 23 185 235 181.013578448657 5.52902072172564
18 24 185 245 178.371570639702 6.04894995023436
18 25 185 255 178.229984201145 6.22032990024131
18 26 185 265 178.422843983053 6.49613425711374
18 27 185 275 180.198785724414 6.39873764897403
18 28 185 285 181.418041114484 6.16739720508481
18 29 185 295 181.6335799959 6.83200693462433
18 30 185 305 180.936850240606 5.86785736488064
18 31 185 315 181.107590085035 5.45515380488118
18 32 185 325 180.134398900794 5.55281964987665
18 33 185 335 180.314223264794 5.83681421813725
18 34 185 345 180.773809220095 5.84448034687564
18 35 185 355 180.101954528114 5.4389927166551
19 0 195 5 181.460321248094 6.58379293292768
19 1 195 15 180.010162579116 5.99745687619876
19 2 195 25 180.23623168364 6.08198495039006
19 3 195 35 181.014366296139 6.28203920874083
19 4 195 45 181.047312331309 5.24889777982087
19 5 195 55 181.088800427116 5.13898388191343
19 6 195 65 180.921077177087 5.8823113143519
19 7 195 75 180.488667207005 6.32257729133126
19 8 195 85 179.478792566295 6.58067209915568
19 9 195 95 179.98550723403 5.88425613681498
19 10 195 105 180.471373296549 5.84706324149497
19 11 195 115 181.602526982287 6.27803068108023
19 12 195 125 179.95172120704 4.73104457900939
19 13 195 135 179.989562537081 6.80949583752755
19 14 195 145 179.022871688197 5.44002153580218
19 15 195 155 178.574065519782 4.96228674115344
19 16 195 165 179.947120449819 4.53822242870227
19 17 195 175 180.607915102554 4.82468620097948
19 18 195 185 181.054204247866 4.87482972759535
19 19 195 195 181.883598748073 5.0841102723231
19 20 195 205 182.590277766587 5.04976594157088
19 21 195 215 181.836036676298 4.40842782926571
19 22 195 225 181.489919919552 4.6346829959345
19 23 195 235 180.615410445513 5.11818217249584
19 24 195 245 179.709461848006 4.99606763222
19 25 195 255 179.344542500392 5.06621967651274
19 26 195 265 180.501599374343 7.49292429672715
19 27 195 275 180.11329743037 6.50880901335775
19 28 195 285 181.261229726474 6.430910488235
19 29 195 295 182.615538288386 7.5912828156472
19 30 195 305 180.725202037385 5.38978828802029
19 31 195 315 180.414737427359 5.46928047612343
19 32 195 325 178.872567490388 6.8140918470482
19 33 195 335 179.340677298603 5.72151755325006
19 34 195 345 179.797134176107 5.98741310979822
19 35 195 355 181.438091656175 6.60251665640512
20 0 205 5 182.477067609924 7.16522458106971
20 1 205 15 180.279715666964 6.69006458603128
20 2 205 25 180.049617011732 5.88943180489884
20 3 205 35 179.874737701173 5.49080465958403
20 4 205 45 179.777376936372 5.66649744452308
20 5 205 55 180.048765137005 5.52757807600441
20 6 205 65 180.322092185181 6.08776275065093
20 7 205 75 181.119065062994 6.14358846756619
20 8 205 85 180.74155801671 6.38462345297715
20 9 205 95 181.077978595289 5.81071928951694
20 10 205 105 181.1585375302 5.64030840885251
20 11 205 115 181.207057837682 6.22860944071234
20 12 205 125 179.774664911828 5.12231966579654
20 13 205 135 180.219159241683 4.82583560304776
20 14 205 145 179.504491577317 5.36425052136881
20 15 205 155 178.468420755985 5.39676915797522
20 16 205 165 179.813542840724 5.98474415977953
20 17 205 175 180.288064350014 5.29485398544361
20 18 205 185 180.667732222273 4.59315564349634
20 19 205 195 181.675306564287 4.65915294254209
20 20 205 205 182.932194326871 6.09137786386039
20 21 205 215 182.054816727204 5.52530073058167
20 22 205 225 181.625745273377 5.39705318339557
20 23 205 235 181.228338744857 5.5212599214345
20 24 205 245 180.840021099014 4.99173181486481
20 25 205 255 180.397853003241 5.47072386186329
20 26 205 265 179.123809840443 4.8480428643554
20 27 205 275 181.182018829701 7.03841582565791
20 28 205 285 179.901177468489 5.76858603642987
20 29 205 295 180.39015148373 5.86343254453673
20 30 205 305 180.382639366218 5.7560675607409
20 31 205 315 181.049855706029 6.82796143890194
20 32 205 325 178.570630415652 7.848071058039
20 33 205 335 179.636353589762 6.14937474302373
20 34 205 345 180.312546940916 5.9549730009571
20 35 205 355 180.779998257869 6.54260191170098
21 0 215 5 181.270398167877 6.2471583228743
21 1 215 15 181.761247070785 5.64298275935678
21 2 215 25 180.136786495808 4.90380250086683
21 3 215 35 180.589872528818 5.38876647976717
21 4 215 45 179.693237262979 5.63032010411812
21 5 215 55 179.838426899028 6.11789736932348
21 6 215 65 179.445539616242 6.67346744553757
21 7 215 75 180.388517781059 7.87491481416609
21 8 215 85 181.713585958843 6.42276791562992
21 9 215 95 180.744640306719 6.03568236658439
21 10 215 105 181.07797018515 5.59724661369046
21 11 215 115 179.976092151853 6.47425251362957
21 12 215 125 180.939088279383 5.00043053040158
21 13 215 135 180.257907699035 5.59792632680544
21 14 215 145 179.294535504405 5.09223891723144
21 15 215 155 178.759175193719 5.23152652916918
21 16 215 165 179.177124785724 6.02451014447946
21 17 215 175 180.293882818265 5.96863914331504
21 18 215 185 181.802784281254 5.57333557050565
21 19 215 195 182.564532444039 5.23797700557606
21 20 215 205 183.142968653521 5.2373031431332
21 21 215 215 182.50997498954 5.65821587640036
21 22 215 225 182.090762255304 5.34485230923553
21 23 215 235 180.800772521398 5.57119711648277
21 24 215 245 180.08669992196 5.60912446990975
21 25 215 255 180.002451175189 7.16064489514646
21 26 215 265 180.808213077662 5.94887274629006
21 27 215 275 179.855528679209 6.20159699988764
21 28 215 285 179.494830338113 6.15538181977205
21 29 215 295 179.398678712294 5.7620835475551
21 30 215 305 179.426026915758 5.80605145636741
21 31 215 315 182.043431886372 6.94520062299828
21 32 215 325 182.277249695207 6.95692017575841
21 33 215 335 180.858759478021 6.51180317111806
21 34 215 345 180.923321153463 6.12038403545295
21 35 215 355 180.294747587713 5.71248289536632
22 0 225 5 182.571725510849 5.09454102033903
22 1 225 15 181.612992238948 4.66094740999264
22 2 225 25 180.599716548169 4.61269543659196
22 3 225 35 180.295878977289 4.78485368675626
22 4 225 45 180.091456992603 4.48058107621155
22 5 225 55 179.409955234962 6.92069031745199
22 6 225 65 180.578619142759 7.43941426067933
22 7 225 75 182.047373049329 8.26917808816103
22 8 225 85 182.271396946802 5.84622579604194
22 9 225 95 181.852699233064 5.7506070866817
22 10 225 105 181.073312586044 5.60167350521668
22 11 225 115 180.977080079788 5.93463993454314
22 12 225 125 181.08366470855 5.26288933912348
22 13 225 135 179.803090380168 6.102025814952
22 14 225 145 178.775986376155 5.59179722778062
22 15 225 155 178.844885241426 5.43502234883035
22 16 225 165 178.31121980151 5.96588798423781
22 17 225 175 179.449918807361 5.2805224572799
22 18 225 185 181.010415440047 4.91085152790856
22 19 225 195 181.722947151121 4.7204002131273
22 20 225 205 183.61432678376 6.1589408443008
22 21 225 215 183.549117760694 5.63023878431802
22 22 225 225 182.331393588955 5.48961871584815
22 23 225 235 180.703563828663 5.69986906100951
22 24 225 245 180.276045457282 5.47210468612987
22 25 225 255 179.805738178294 6.6242590316544
22 26 225 265 181.013419567163 5.10673822906275
22 27 225 275 180.291730929074 5.68671058546901
22 28 225 285 179.970681347694 5.49935768923901
22 29 225 295 179.951390828574 5.91297356325461
22 30 225 305 179.555996933465 5.92957328094109
22 31 225 315 178.933095553766 6.26080457858144
22 32 225 325 181.866480700147 6.51678853880056
22 33 225 335 181.357895231206 6.0942619874333
22 34 225 345 180.543969818436 5.61361557732225
22 35 225 355 181.42346935451 5.6513909122534
23 0 235 5 181.872021551465 5.24821623502297
23 1 235 15 180.715469315288 4.50817677070874
23 2 235 25 180.382112722211 4.57135397720615
23 3 235 35 179.424392825399 4.50285637045082
23 4 235 45 180.429246665767 4.25667414251268
23 5 235 55 181.619184849684 7.01532478185701
23 6 235 65 182.875384075141 6.29030022388438
23 7 235 75 180.693231311571 5.80368795829153
23 8 235 85 181.305867855796 5.39718996381948
23 9 235 95 180.339287602608 5.41365735733009
23 10 235 105 181.118415105206 6.04175079914179
23 11 235 115 180.295488828764 5.08175807862505
23 12 235 125 181.134627651423 5.00093517682543
23 13 235 135 179.524014619334 5.54412758920854
23 14 235 145 178.74044467715 4.89941998445274
23 15 235 155 178.917590232285 5.23857765620348
23 16 235 165 178.146161637129 5.20007528241698
23 17 235 175 179.227811102842 4.79447574817421
23 18 235 185 180.592899895822 4.34768225341289
23 19 235 195 182.010857292228 4.99655937615786
23 20 235 205 182.891385728499 5.63812943268371
23 21 235 215 183.10167338972 5.01028650479609
23 22 235 225 182.111341686495 5.42327581217677
23 23 235 235 182.010200830533 5.13204276638555
23 24 235 245 181.769858240524 5.70193173637185
23 25 235 255 180.562846855694 6.4487853649067
23 26 235 265 180.369859069071 5.86755280049065
23 27 235 275 181.733353558765 6.44604131617789
23 28 235 285 181.187302468051 6.59069428411156
23 29 235 295 181.485373088178 7.26162033185406
23 30 235 305 180.758252820297 5.94437540775604
23 31 235 315 179.530488101714 6.22763699490492
23 32 235 325 181.156640353519 7.21980892823797
23 33 235 335 183.104058496187 8.12990130715989
23 34 235 345 182.070883609292 6.5492442135739
23 35 235 355 181.761196359926 6.41817279581401
24 0 245 5 182.361664171385 4.24960887482237
24 1 245 15 181.261056352632 4.33822367638872
24 2 245 25 180.555820951165 4.58913694284519
24 3 245 35 179.647351323111 5.77232432096992
24 4 245 45 179.745240589675 7.3030075952036
24 5 245 55 179.922845802917 6.2906950588989
24 6 245 65 180.488737031993 5.24565084996001
24 7 245 75 181.537202723751 6.08048401379117
24 8 245 85 180.162851937044 5.67628889613316
24 9 245 95 179.603879254363 6.14822114919912
24 10 245 105 181.221164825008 6.00760878172077
24 11 245 115 182.089739421806 5.77330993310321
24 12 245 125 180.817573976481 5.58692983616918
24 13 245 135 180.069080097258 5.43195756349237
24 14 245 145 178.848271740843 5.51917337873546
24 15 245 155 177.512972550696 5.5250564896942
24 16 245 165 178.27870445022 5.37991790080766
24 17 245 175 180.32527142132 4.98826412744317
24 18 245 185 180.508019949525 3.98076229570782
24 19 245 195 181.61655331049 4.64702165038108
24 20 245 205 182.134144232385 4.94745377790359
24 21 245 215 182.996702691654 5.00009006551927
24 22 245 225 181.5819070953 5.16719431924691
24 23 245 235 181.597194902323 5.57886747958372
24 24 245 245 180.499467122963 5.81014494958423
24 25 245 255 180.971909761998 6.35520827388893
24 26 245 265 180.481423136729 6.26270501059945
24 27 245 275 179.825779894088 6.3943351726736
24 28 245 285 182.039139580887 6.23787765003548
24 29 245 295 181.725794449875 5.34069007024494
24 30 245 305 181.498737740788 5.88435794584105
24 31 245 315 179.992877384493 5.73272912271194
24 32 245 325 181.528196166573 6.13541829122395
24 33 245 335 182.938518575596 5.72343896658746
24 34 245 345 183.028502323599 5.14509453291298
24 35 245 355 183.552544199232 5.9275977546246
25 0 255 5 182.432247960204 4.64697535795093
25 1 255 15 182.00538138118 4.9791097302795
25 2 255 25 181.428940057414 4.95743400078079
25 3 255 35 181.064720020579 6.25065369636445
25 4 255 45 178.418413713657 7.15513857018288
25 5 255 55 178.632680134171 6.57535773537235
25 6 255 65 180.589294536316 5.51223307064891
25 7 255 75 181.566090650881 6.02035344158318
25 8 255 85 181.464751813262 6.52403708857412
25 9 255 95 181.079320049672 6.38005850822972
25 10 255 105 181.262789599069 5.92641181648645
25 11 255 115 182.481660061627 6.25598432152235
25 12 255 125 180.772026355296 5.4283737455385
25 13 255 135 179.945507945252 4.82124863723268
25 14 255 145 179.892995850963 5.27531279617991
25 15 255 155 178.726036639893 5.80369119121917
25 16 255 165 179.300184283894 5.49074887434091
25 17 255 175 179.691397586464 4.83977454030017
25 18 255 185 180.788775450816 4.53868685985792
25 19 255 195 181.554914298463 4.86848442384945
25 20 255 205 181.934947526201 5.00428773685985
25 21 255 215 182.832697948608 4.78291116309532
25 22 255 225 182.56533778767 5.71438147831879
25 23 255 235 181.588723043664 6.1179630746121
25 24 255 245 181.069180823935 5.53951457928597
25 25 255 255 181.287480581906 5.20634024823551
25 26 255 265 181.899968880383 5.2734112567181
25 27 255 275 181.689740137204 5.99950406649373
25 28 255 285 181.20365479808 6.19007430277308
25 29 255 295 183.350923609736 5.79223984023687
25 30 255 305 180.997248179465 5.03684151531114
25 31 255 315 181.408468731773 5.57707158147627
25 32 255 325 181.916404011845 5.57432652196415
25 33 255 335 182.582173033874 5.91231871264811
25 34 255 345 182.559323655478 5.28753030107321
25 35 255 355 182.587753686285 4.86485872810923
26 0 265 5 182.264722203822 4.71030024802621
26 1 265 15 181.937672755328 5.26108812172017
26 2 265 25 181.67149090053 5.35197454221722
26 3 265 35 181.753164993624 5.66501378730194
26 4 265 45 179.683256679764 6.59443987617495
26 5 265 55 180.693046899059 6.91845013255948
26 6 265 65 180.70981749947 5.57239281572668
26 7 265 75 180.635846096047 5.95796014869458
26 8 265 85 178.059458130645 9.80670556944807
26 9 265 95 178.862142644977 8.22349310544821
26 10 265 105 182.053954239492 7.27201163047985
26 11 265 115 181.859775088501 6.1533971118263
26 12 265 125 180.179465487367 5.20422483057939
26 13 265 135 178.937592857081 4.82920431900449
26 14 265 145 178.865204114231 5.23146497103381
26 15 265 155 178.262176627929 5.398149347719
26 16 265 165 177.792997461061 5.19852025905631
26 17 265 175 179.254842806651 4.60114515957952
26 18 265 185 180.458938656513 4.60229856462213
26 19 265 195 181.835984669783 4.53933433129954
26 20 265 205 182.557000544565 4.6382499411757
26 21 265 215 182.81814353423 4.89082830112846
26 22 265 225 183.396018769212 5.33255037930904
26 23 265 235 183.001688004878 5.74105042579399
26 24 265 245 181.753408800845 5.93263156277383
26 25 265 255 181.336911458689 5.04530758638548
26 26 265 265 181.550888665288 5.66999758719892
26 27 265 275 181.67861427154 5.56621098030124
26 28 265 285 181.914597069865 5.51036721609748
26 29 265 295 182.027262558093 5.19777629742219
26 30 265 305 180.169706176427 5.79326200594525
26 31 265 315 181.896274668661 6.52660173604601
26 32 265 325 182.232647962446 5.52404612995636
26 33 265 335 182.547371044789 5.03465888408579
26 34 265 345 183.268399256073 5.5701693305379
26 35 265 355 182.293125971712 4.56595955708081
27 0 275 5 182.011846856111 4.87129569570542
27 1 275 15 181.761389520798 5.20978030772495
27 2 275 25 181.875592321976 5.43813872761362
27 3 275 35 181.477168282691 5.63338176114922
27 4 275 45 180.840854317498 7.01625830186789
27 5 275 55 182.136192900002 6.3237963798294
27 6 275 65 182.375116307758 6.10715001822079
27 7 275 75 182.042349795331 5.35336807961802
27 8 275 85 181.551968028762 6.47258074033866
27 9 275 95 180.109024686371 6.95404227671461
27 10 275 105 182.323284424411 6.41025129351327
27 11 275 115 182.443433051262 5.71872237578737
27 12 275 125 180.523773364319 4.93054082768473
27 13 275 135 178.828272707443 6.11697541379322
27 14 275 145 178.264726083943 5.6479768043961
27 15 275 155 177.883455890299 5.10634220982579
27 16 275 165 178.099365830971 5.23778217489517
27 17 275 175 179.648118013883 4.84885753818795
27 18 275 185 180.913623392702 4.81768286365228
27 19 275 195 181.920426927619 4.94446663185395
27 20 275 205 182.645739699503 5.09203836394349
27 21 275 215 182.923983069713 5.18512723858882
27 22 275 225 182.380333339097 5.73713796523829
27 23 275 235 181.365251969881 5.80221796180178
27 24 275 245 181.742301007051 5.76260320059702
27 25 275 255 181.508911954444 4.86062245138047
27 26 275 265 181.107314851659 5.89652682145147
27 27 275 275 179.042107851555 6.76404094014809
27 28 275 285 181.208171379523 4.61788512029736
27 29 275 295 180.863034308678 5.12091914636687
27 30 275 305 181.401301357747 5.51525367074196
27 31 275 315 182.863240638293 6.10550116471474
27 32 275 325 183.903958429314 5.74426439952161
27 33 275 335 182.710164269134 5.03123813675784
27 34 275 345 182.078028185813 5.06268970585086
27 35 275 355 181.778993566698 4.61331411375362
28 0 285 5 180.814934403756 5.24035159556908
28 1 285 15 181.086504812212 5.62278738274636
28 2 285 25 182.420758290043 7.28359302828375
28 3 285 35 180.524004239345 5.55190046764258
28 4 285 45 179.480984150842 5.87858567580383
28 5 285 55 181.064541051872 5.88500409126379
28 6 285 65 181.479274227863 6.07208188972848
28 7 285 75 182.126214471735 6.3056270185637
28 8 285 85 182.660288785102 5.51405880888943
28 9 285 95 180.725763750874 6.25236213990469
28 10 285 105 181.581743985636 5.76851728630167
28 11 285 115 180.392796326621 6.15139063236016
28 12 285 125 180.415379171795 5.60166784017886
28 13 285 135 178.64547131471 6.25740139584485
28 14 285 145 177.892596290543 5.17361451295296
28 15 285 155 178.230588397022 5.2443418166222
28 16 285 165 178.617497256015 5.16568886065159
28 17 285 175 180.486452983304 5.17570220308043
28 18 285 185 181.744061354775 4.91766107688773
28 19 285 195 182.368046511092 4.9258422181085
28 20 285 205 182.608679919578 4.78232317628515
28 21 285 215 182.493108288408 4.99812753643096
28 22 285 225 182.531724159674 6.21948179937552
28 23 285 235 181.449801776245 5.48544483004343
28 24 285 245 181.245020689984 5.14218334248498
28 25 285 255 180.343870147215 5.84360452531986
28 26 285 265 181.851351133703 7.33004598107309
28 27 285 275 178.935452566554 7.72388980165739
28 28 285 285 180.190243462949 5.61897205153482
28 29 285 295 182.402664455946 6.83280018499992
28 30 285 305 182.656788103594 6.90837062307017
28 31 285 315 182.647604380686 6.27050313241274
28 32 285 325 183.914233689694 5.8301553469104
28 33 285 335 183.298186589383 5.00242888634051
28 34 285 345 181.817136535707 4.89613067966067
28 35 285 355 181.094801633602 5.04175665006112
29 0 295 5 179.334198081579 6.14054912618561
29 1 295 15 180.642157242844 8.64348166873733
29 2 295 25 182.114674691675 7.46373519432358
29 3 295 35 180.247580476149 5.16694392637361
29 4 295 45 179.401554682072 5.33706791564728
29 5 295 55 181.030182016748 6.36639051533704
29 6 295 65 180.602466436655 5.65739894271651
29 7 295 75 181.677404868005 6.65032846312227
29 8 295 85 180.738901955109 6.20086636899041
29 9 295 95 179.623306301585 7.89468040985175
29 10 295 105 181.015632608768 5.32518979988252
29 11 295 115 181.178839699933 5.8046762183936
29 12 295 125 181.885650378046 5.70466330149745
29 13 295 135 180.204972198524 4.71369994060565
29 14 295 145 179.181230230519 4.8462682182367
29 15 295 155 178.614227265863 5.02394397958492
29 16 295 165 179.5921602811 5.0503543030658
29 17 295 175 181.28267994658 5.13606251626493
29 18 295 185 182.017382925884 5.13090643583694
29 19 295 195 182.178587645389 5.14920878083043
29 20 295 205 181.93519691321 5.77579167878348
29 21 295 215 182.248762050623 5.3744534463108
29 22 295 225 181.147733549143 5.69537964382582
29 23 295 235 180.773740605962 5.86834279571191
29 24 295 245 181.031769244567 5.82908355120597
29 25 295 255 180.004397793976 5.45558715019468
29 26 295 265 180.086963649968 5.56834141108972
29 27 295 275 180.288270706106 5.46677486868302
29 28 295 285 180.453400605608 5.73865319295215
29 29 295 295 180.220995867376 6.33468693564714
29 30 295 305 181.014842223125 5.34937218766571
29 31 295 315 182.127933804953 5.74488699046626
29 32 295 325 182.190418111358 5.48030380142461
29 33 295 335 181.486008548105 5.12781341182855
29 34 295 345 180.064958399859 4.48229604063775
29 35 295 355 179.024401411849 4.85359681904334
30 0 305 5 178.770744555312 6.14238113719508
30 1 305 15 179.199023872992 6.91498986065172
30 2 305 25 182.26122703331 8.46130298208656
30 3 305 35 180.31951040745 5.54715057391637
30 4 305 45 179.892790424173 5.76515189874845
30 5 305 55 179.217717461659 6.08648994116196
30 6 305 65 179.477882451269 5.74449570468394
30 7 305 75 179.986653422602 5.93074435893718
30 8 305 85 180.008648566089 5.99267887312056
30 9 305 95 179.786282414414 5.95894267022825
30 10 305 105 179.648544635555 5.56619511760699
30 11 305 115 180.378752852362 4.94318707512714
30 12 305 125 180.828617220535 4.09252602150503
30 13 305 135 180.42991353832 4.70489657335801
30 14 305 145 180.103552461446 5.11192178533635
30 15 305 155 180.084744747862 5.12786955969216
30 16 305 165 180.573646521443 5.32477518084178
30 17 305 175 181.45528065126 5.39313806764029
30 18 305 185 181.855834708711 5.882537145785
30 19 305 195 180.359004254261 6.77999129355896
30 20 305 205 180.806522870623 5.7798552271636
30 21 305 215 179.295163023567 6.07447251233058
30 22 305 225 180.11951457276 5.51960056597707
30 23 305 235 180.069802158119 5.96462544426201
30 24 305 245 180 6
30 25 305 255 180.134850693878 5.93777578871965
30 26 305 265 180.105345845999 5.9025147157414
30 27 305 275 179.940342120431 5.99378210784049
30 28 305 285 179.6719125925 7.24986126196271
30 29 305 295 181.295160605075 5.65647940722594
30 30 305 305 181.155004322021 4.84774519535963
30 31 305 315 181.053753539907 5.14182063543141
30 32 305 325 180.838206961215 4.23277786410116
30 33 305 335 180.230378340665 3.90844969725798
30 34 305 345 179.406811581898 3.4808896886842
30 35 305 355 178.532678931784 3.71362557178436
31 0 315 5 179.83844055032 5.93860716421568
31 1 315 15 178.930264671148 7.1870131317857
31 2 315 25 180.019967789782 5.98191214937824
31 3 315 35 180.043594852591 5.8774628637997
31 4 315 45 179.987704311489 5.67578675345836
31 5 315 55 179.930221749373 6.01766623327127
31 6 315 65 179.953391153947 6.0118958490777
31 7 315 75 180 6
31 8 315 85 180 6
31 9 315 95 180.002086297807 5.98715756854745
31 10 315 105 180.176257592329 5.6258996411768
31 11 315 115 180.001226892762 5.59292721234345
31 12 315 125 180.874169575405 4.66823866868324
31 13 315 135 181.458834779445 4.8910402028234
31 14 315 145 181.362600757379 4.89019466586005
31 15 315 155 180.781813836937 4.99735911288779
31 16 315 165 180.775204338581 6.02160648810716
31 17 315 175 180.488981061795 6.90924596386315
31 18 315 185 180.485199972575 5.25072818139233
31 19 315 195 180.013571220351 5.92641429024429
31 20 315 205 180 6
31 21 315 215 179.293972754574 6.21152377953962
31 22 315 225 179.938049768128 6.02217137015826
31 23 315 235 179.826825762883 5.93210469970396
31 24 315 245 179.970965765846 5.98901984447967
31 25 315 255 180.478762344008 5.95224950135048
31 26 315 265 180.347959442857 5.96914705249712
31 27 315 275 179.990101955088 6.00659279981761
31 28 315 285 180.783631206664 6.3452304660127
31 29 315 295 181.510120764126 5.88979616380998
31 30 315 305 181.211102952824 4.3981812060034
31 31 315 315 181.051681534106 4.3779785572141
31 32 315 325 180.992027358903 3.93117774417648
31 33 315 335 180.742903917199 3.44561611770537
31 34 315 345 179.654324333039 3.78557034027887
31 35 315 355 179.927060957589 4.62448771307041
32 0 325 5 180 6
32 1 325 15 180 6
32 2 325 25 180 6
32 3 325 35 180 6
32 4 325 45 180 6
32 5 325 55 180 6
32 6 325 65 180 6
32 7 325 75 180 6
32 8 325 85 180 6
32 9 325 95 180.014541684363 5.90989116136186
32 10 325 105 180.104793942228 5.55556512065791
32 11 325 115 180.14500729553 5.56870742235043
32 12 325 125 180.800859880582 5.26854921284609
32 13 325 135 181.044129783028 5.25914337979885
32 14 325 145 181.607292501411 5.79203059910973
32 15 325 155 179.581125581332 6.19128887241744
32 16 325 165 179.997497699542 6.37430071292672
32 17 325 175 180.700961273215 6.37648192217773
32 18 325 185 180.221272630923 5.98142434913686
32 19 325 195 180.175111752256 6.05164895555316
32 20 325 205 180 6
32 21 325 215 180.370445781475 5.81968442671315
32 22 325 225 180.009341961631 5.99580074939358
32 23 325 235 179.528851379581 5.80133684561287
32 24 325 245 179.915737134091 5.96768784347449
32 25 325 255 180 6
32 26 325 265 182.69296981934 8.4885149708626
32 27 325 275 180.086814939394 6.1146199332246
32 28 325 285 180.243946176279 5.97501630601596
32 29 325 295 179.441711284343 6.44382212525277
32 30 325 305 180.844247841534 5.10548946907774
32 31 325 315 181.286565003221 4.99919377789301
32 32 325 325 180.419472219544 4.4470861187436
32 33 325 335 179.877500580385 5.52558132311467
32 34 325 345 178.937467558372 6.44993571517059
32 35 325 355 179.968362241738 5.97825622483561
33 0 335 5 180 6
33 1 335 15 179.751463411273 5.97299446889702
33 2 335 25 179.385664871123 5.91405524306853
33 3 335 35 180 6
33 4 335 45 180 6
33 5 335 55 180 6
33 6 335 65 180 6
33 7 335 75 180 6
33 8 335 85 180 6
33 9 335 95 180 6
33 10 335 105 180 6
33 11 335 115 180 6
33 12 335 125 180.014824156877 5.98928399206948
33 13 335 135 180.311926006276 5.76942288063174
33 14 335 145 180.096294288422 5.8125039010852
33 15 335 155 180.005517121791 5.93376791573399
33 16 335 165 180.020206004964 5.75368875806386
33 17 335 175 180 6
33 18 335 185 180.322413649213 6.09085910661367
33 19 335 195 180.933178623558 6.21366881204927
33 20 335 205 180 6
33 21 335 215 180.317922886034 5.84701661133716
33 22 335 225 180.007901726198 5.99644928186854
33 23 335 235 180 6
33 24 335 245 180 6
33 25 335 255 180 6
33 26 335 265 180.343791794284 6.43509846263897
33 27 335 275 180.009654773738 6.0129169254926
33 28 335 285 180 6
33 29 335 295 180.167717232352 6.10372881181961
33 30 335 305 181.418715220717 5.8514223098437
33 31 335 315 180.466340263322 6.01451197339527
33 32 335 325 179.975050220656 5.82654181498538
33 33 335 335 180.180886013867 5.62260553302191
33 34 335 345 180 6
33 35 335 355 180 6
34 0 345 5 180 6
34 1 345 15 179.959997723599 5.99635725574901
34 2 345 25 179.894980017173 5.98986184551829
34 3 345 35 180 6
34 4 345 45 180 6
34 5 345 55 180 6
34 6 345 65 180 6
34 7 345 75 180 6
34 8 345 85 180 6
34 9 345 95 180 6
34 10 345 105 180 6
34 11 345 115 180 6
34 12 345 125 180 6
34 13 345 135 180.058011664027 5.77215657227814
34 14 345 145 180.069973917679 5.72397340703552
34 15 345 155 180.004468694046 5.94641127558687
34 16 345 165 180.016555593741 5.79896684911366
34 17 345 175 180 6
34 18 345 185 180 6
34 19 345 195 180 6
34 20 345 205 180 6
34 21 345 215 180 6
34 22 345 225 180 6
34 23 345 235 180 6
34 24 345 245 180 6
34 25 345 255 180 6
34 26 345 265 180 6
34 27 345 275 180 6
34 28 345 285 180 6
34 29 345 295 180 6
34 30 345 305 180.563016500561 6.07160024243647
34 31 345 315 180.322293095289 6.0475085915377
34 32 345 325 180 6
34 33 345 335 180 6
34 34 345 345 180 6
34 35 345 355 180 6
35 0 355 5 180 6
35 1 355 15 179.53085872971 5.90704110555022
35 2 355 25 179.860949580384 5.976439707408
35 3 355 35 180 6
35 4 355 45 180 6
35 5 355 55 180 6
35 6 355 65 180 6
35 7 355 75 180 6
35 8 355 85 180 6
35 9 355 95 180 6
35 10 355 105 180 6
35 11 355 115 180 6
35 12 355 125 180 6
35 13 355 135 180 6
35 14 355 145 180 6
35 15 355 155 180 6
35 16 355 165 180 6
35 17 355 175 180 6
35 18 355 185 180 6
35 19 355 195 180 6
35 20 355 205 180 6
35 21 355 215 180 6
35 22 355 225 180 6
35 23 355 235 180 6
35 24 355 245 180 6
35 25 355 255 180 6
35 26 355 265 180.013147657566 5.81738811310947
35 27 355 275 180.108881041412 5.75795444624303
35 28 355 285 180.020077056152 6.00446317573649
35 29 355 295 180 6
35 30 355 305 180.665119420584 5.88759247162651
35 31 355 315 180.219146078639 6.00741282719963
35 32 355 325 180 6
35 33 355 335 180 6
35 34 355 345 180 6
35 35 355 355 180 6
