0 0 5 5 180 6
0 1 5 15 180 6
0 2 5 25 180 6
0 3 5 35 180 6
0 4 5 45 180 6
0 5 5 55 180 6
0 6 5 65 180 6
0 7 5 75 180 6
0 8 5 85 180 6
0 9 5 95 179.252307810978 6.93207199089709
0 10 5 105 178.756448266958 7.44518619022445
0 11 5 115 180 6
0 12 5 125 180 6
0 13 5 135 180 6
0 14 5 145 180 6
0 15 5 155 180 6
0 16 5 165 180 6
0 17 5 175 180 6
0 18 5 185 180 6
0 19 5 195 180 6
0 20 5 205 180 6
0 21 5 215 180 6
0 22 5 225 180 6
0 23 5 235 180 6
0 24 5 245 180.095541085528 5.98257598054448
0 25 5 255 180.260541109133 5.9487522861966
0 26 5 265 180 6
0 27 5 275 180 6
0 28 5 285 180 6
0 29 5 295 180 6
0 30 5 305 180 6
0 31 5 315 180 6
0 32 5 325 180 6
0 33 5 335 180 6
0 34 5 345 180 6
0 35 5 355 180 6
1 0 15 5 180 6
1 1 15 15 180 6
1 2 15 25 180 6
1 3 15 35 180 6
1 4 15 45 180 6
1 5 15 55 180 6
1 6 15 65 180 6
1 7 15 75 180 6
1 8 15 85 180 6
1 9 15 95 180 6
1 10 15 105 179.943429647403 6.07482650706961
1 11 15 115 179.843650729879 6.2033492764243
1 12 15 125 180 6
1 13 15 135 180 6
1 14 15 145 180 6
1 15 15 155 180 6
1 16 15 165 180 6
1 17 15 175 180 6
1 18 15 185 180 6
1 19 15 195 180 6
1 20 15 205 180 6
1 21 15 215 180 6
1 22 15 225 180 6
1 23 15 235 180 6
1 24 15 245 180.160309409157 5.96986558082043
1 25 15 255 180.427464869544 5.90965151827176
1 26 15 265 180 6
1 27 15 275 180 6
1 28 15 285 180 6
1 29 15 295 180 6
1 30 15 305 180 6
1 31 15 315 180 6
1 32 15 325 180 6
1 33 15 335 180 6
1 34 15 345 180 6
1 35 15 355 180 6
2 0 25 5 180 6
2 1 25 15 180 6
2 2 25 25 180 6
2 3 25 35 180 6
2 4 25 45 180 6
2 5 25 55 180 6
2 6 25 65 180 6
2 7 25 75 180 6
2 8 25 85 180 6
2 9 25 95 180 6
2 10 25 105 179.146001707746 6.99704848847225
2 11 25 115 177.811167655018 8.14198471604752
2 12 25 125 180 6
2 13 25 135 180 6
2 14 25 145 180 6
2 15 25 155 180 6
2 16 25 165 180 6
2 17 25 175 180 6
2 18 25 185 180 6
2 19 25 195 180 6
2 20 25 205 180 6
2 21 25 215 180 6
2 22 25 225 180 6
2 23 25 235 180 6
2 24 25 245 180 6
2 25 25 255 180 6
2 26 25 265 180 6
2 27 25 275 180 6
2 28 25 285 180 6
2 29 25 295 180 6
2 30 25 305 180 6
2 31 25 315 180 6
2 32 25 325 180 6
2 33 25 335 180 6
2 34 25 345 180 6
2 35 25 355 180 6
3 0 35 5 180 6
3 1 35 15 180 6
3 2 35 25 180 6
3 3 35 35 180 6
3 4 35 45 180 6
3 5 35 55 180 6
3 6 35 65 180 6
3 7 35 75 180 6
3 8 35 85 180 6
3 9 35 95 180 6
3 10 35 105 180 6
3 11 35 115 180 6
3 12 35 125 180 6
3 13 35 135 180 6
3 14 35 145 180 6
3 15 35 155 180 6
3 16 35 165 180 6
3 17 35 175 180 6
3 18 35 185 180 6
3 19 35 195 180 6
3 20 35 205 180 6
3 21 35 215 180 6
3 22 35 225 180 6
3 23 35 235 180 6
3 24 35 245 180 6
3 25 35 255 180 6
3 26 35 265 180 6
3 27 35 275 180 6
3 28 35 285 180 6
3 29 35 295 180 6
3 30 35 305 180 6
3 31 35 315 180 6
3 32 35 325 180 6
3 33 35 335 180 6
3 34 35 345 180 6
3 35 35 355 180 6
4 0 45 5 180 6
4 1 45 15 180 6
4 2 45 25 180 6
4 3 45 35 180 6
4 4 45 45 180 6
4 5 45 55 180 6
4 6 45 65 180.019037228817 5.91044889567871
4 7 45 75 180.055286723139 5.73589235192927
4 8 45 85 180 6
4 9 45 95 180 6
4 10 45 105 180 6
4 11 45 115 180 6
4 12 45 125 180 6
4 13 45 135 180 6
4 14 45 145 180 6
4 15 45 155 180 6
4 16 45 165 180 6
4 17 45 175 180 6
4 18 45 185 180 6
4 19 45 195 180 6
4 20 45 205 180 6
4 21 45 215 180 6
4 22 45 225 180 6
4 23 45 235 180 6
4 24 45 245 180 6
4 25 45 255 180 6
4 26 45 265 180 6
4 27 45 275 180 6
4 28 45 285 180 6
4 29 45 295 180 6
4 30 45 305 180 6
4 31 45 315 180 6
4 32 45 325 180 6
4 33 45 335 180 6
4 34 45 345 180 6
4 35 45 355 180 6
5 0 55 5 180 6
5 1 55 15 180 6
5 2 55 25 180 6
5 3 55 35 180 6
5 4 55 45 180 6
5 5 55 55 180 6
5 6 55 65 180.011180780655 5.94757641068067
5 7 55 75 180.033280727046 5.84250933724483
5 8 55 85 180 6
5 9 55 95 180 6
5 10 55 105 180 6
5 11 55 115 180 6
5 12 55 125 180 6
5 13 55 135 180 6
5 14 55 145 180 6
5 15 55 155 180 6
5 16 55 165 180 6
5 17 55 175 180 6
5 18 55 185 180 6
5 19 55 195 180 6
5 20 55 205 180 6
5 21 55 215 180 6
5 22 55 225 180 6
5 23 55 235 180 6
5 24 55 245 180 6
5 25 55 255 180 6
5 26 55 265 180 6
5 27 55 275 180 6
5 28 55 285 180 6
5 29 55 295 180 6
5 30 55 305 180 6
5 31 55 315 180 6
5 32 55 325 180 6
5 33 55 335 180 6
5 34 55 345 180 6
5 35 55 355 180 6
6 0 65 5 180 6
6 1 65 15 180 6
6 2 65 25 180 6
6 3 65 35 180 6
6 4 65 45 180 6
6 5 65 55 180 6
6 6 65 65 180 6
6 7 65 75 180 6
6 8 65 85 180 6
6 9 65 95 180 6
6 10 65 105 180 6
6 11 65 115 180 6
6 12 65 125 180 6
6 13 65 135 180 6
6 14 65 145 180 6
6 15 65 155 180 6
6 16 65 165 180 6
6 17 65 175 180 6
6 18 65 185 180 6
6 19 65 195 180 6
6 20 65 205 180 6
6 21 65 215 180 6
6 22 65 225 180 6
6 23 65 235 180 6
6 24 65 245 180 6
6 25 65 255 180 6
6 26 65 265 180 6
6 27 65 275 180 6
6 28 65 285 180 6
6 29 65 295 180 6
6 30 65 305 180 6
6 31 65 315 180 6
6 32 65 325 180 6
6 33 65 335 180 6
6 34 65 345 180 6
6 35 65 355 180 6
7 0 75 5 180 6
7 1 75 15 180 6
7 2 75 25 180 6
7 3 75 35 180 6
7 4 75 45 180 6
7 5 75 55 180 6
7 6 75 65 180 6
7 7 75 75 180 6
7 8 75 85 180 6
7 9 75 95 180 6
7 10 75 105 180 6
7 11 75 115 180 6
7 12 75 125 180 6
7 13 75 135 180 6
7 14 75 145 180 6
7 15 75 155 180 6
7 16 75 165 180 6
7 17 75 175 180 6
7 18 75 185 180 6
7 19 75 195 180 6
7 20 75 205 180 6
7 21 75 215 180 6
7 22 75 225 180 6
7 23 75 235 180 6
7 24 75 245 180 6
7 25 75 255 180 6
7 26 75 265 180 6
7 27 75 275 180 6
7 28 75 285 180 6
7 29 75 295 180 6
7 30 75 305 180 6
7 31 75 315 180 6
7 32 75 325 180 6
7 33 75 335 180 6
7 34 75 345 180 6
7 35 75 355 180 6
8 0 85 5 180 6
8 1 85 15 180 6
8 2 85 25 180 6
8 3 85 35 180 6
8 4 85 45 180 6
8 5 85 55 180 6
8 6 85 65 180 6
8 7 85 75 180 6
8 8 85 85 180 6
8 9 85 95 180 6
8 10 85 105 180 6
8 11 85 115 180 6
8 12 85 125 180 6
8 13 85 135 180 6
8 14 85 145 180 6
8 15 85 155 180 6
8 16 85 165 180 6
8 17 85 175 180 6
8 18 85 185 180 6
8 19 85 195 180 6
8 20 85 205 180 6
8 21 85 215 180 6
8 22 85 225 180 6
8 23 85 235 180 6
8 24 85 245 180 6
8 25 85 255 180 6
8 26 85 265 180 6
8 27 85 275 180 6
8 28 85 285 180 6
8 29 85 295 180 6
8 30 85 305 180 6
8 31 85 315 180 6
8 32 85 325 180 6
8 33 85 335 180 6
8 34 85 345 180 6
8 35 85 355 180 6
9 0 95 5 180 6
9 1 95 15 180 6
9 2 95 25 180 6
9 3 95 35 180 6
9 4 95 45 180 6
9 5 95 55 180 6
9 6 95 65 180 6
9 7 95 75 180 6
9 8 95 85 180 6
9 9 95 95 180.241239471489 5.7521552347604
9 10 95 105 180.068511696885 5.93166317049653
9 11 95 115 180 6
9 12 95 125 180 6
9 13 95 135 180 6
9 14 95 145 180 6
9 15 95 155 180 6
9 16 95 165 180 6
9 17 95 175 180 6
9 18 95 185 180 6
9 19 95 195 180 6
9 20 95 205 180 6
9 21 95 215 180 6
9 22 95 225 180 6
9 23 95 235 180 6
9 24 95 245 180 6
9 25 95 255 180 6
9 26 95 265 180 6
9 27 95 275 180 6
9 28 95 285 180 6
9 29 95 295 180 6
9 30 95 305 180 6
9 31 95 315 180 6
9 32 95 325 180 6
9 33 95 335 180 6
9 34 95 345 180 6
9 35 95 355 180 6
10 0 105 5 180 6
10 1 105 15 180 6
10 2 105 25 180 6
10 3 105 35 180 6
10 4 105 45 180 6
10 5 105 55 180 6
10 6 105 65 180 6
10 7 105 75 180 6
10 8 105 85 180 6
10 9 105 95 180.123774490372 5.87538030958655
10 10 105 105 180.033894963752 5.96638770791767
10 11 105 115 180 6
10 12 105 125 180 6
10 13 105 135 180 6
10 14 105 145 180 6
10 15 105 155 180 6
10 16 105 165 180 6
10 17 105 175 180 6
10 18 105 185 180 6
10 19 105 195 180 6
10 20 105 205 180 6
10 21 105 215 180 6
10 22 105 225 180 6
10 23 105 235 180 6
10 24 105 245 180 6
10 25 105 255 180 6
10 26 105 265 180 6
10 27 105 275 180 6
10 28 105 285 180 6
10 29 105 295 180 6
10 30 105 305 180 6
10 31 105 315 180 6
10 32 105 325 180 6
10 33 105 335 180 6
10 34 105 345 180 6
10 35 105 355 180 6
11 0 115 5 180 6
11 1 115 15 180 6
11 2 115 25 180 6
11 3 115 35 180 6
11 4 115 45 180 6
11 5 115 55 180 6
11 6 115 65 180 6
11 7 115 75 180 6
11 8 115 85 180 6
11 9 115 95 180 6
11 10 115 105 180 6
11 11 115 115 180 6
11 12 115 125 180 6
11 13 115 135 180 6
11 14 115 145 180 6
11 15 115 155 180 6
11 16 115 165 180 6
11 17 115 175 180 6
11 18 115 185 180 6
11 19 115 195 180 6
11 20 115 205 180 6
11 21 115 215 180 6
11 22 115 225 180 6
11 23 115 235 180 6
11 24 115 245 180 6
11 25 115 255 180 6
11 26 115 265 180 6
11 27 115 275 180 6
11 28 115 285 180 6
11 29 115 295 180 6
11 30 115 305 180 6
11 31 115 315 180 6
11 32 115 325 180 6
11 33 115 335 180 6
11 34 115 345 180 6
11 35 115 355 180 6
12 0 125 5 180 6
12 1 125 15 180 6
12 2 125 25 180 6
12 3 125 35 180 6
12 4 125 45 180 6
12 5 125 55 180 6
12 6 125 65 180 6
12 7 125 75 180 6
12 8 125 85 180 6
12 9 125 95 180 6
12 10 125 105 180 6
12 11 125 115 180 6
12 12 125 125 180 6
12 13 125 135 180 6
12 14 125 145 180 6
12 15 125 155 180 6
12 16 125 165 180 6
12 17 125 175 180 6
12 18 125 185 180 6
12 19 125 195 180 6
12 20 125 205 180 6
12 21 125 215 180 6
12 22 125 225 180 6
12 23 125 235 180 6
12 24 125 245 180 6
12 25 125 255 180 6
12 26 125 265 180 6
12 27 125 275 180 6
12 28 125 285 180 6
12 29 125 295 180 6
12 30 125 305 180 6
12 31 125 315 180 6
12 32 125 325 180 6
12 33 125 335 180 6
12 34 125 345 180 6
12 35 125 355 180 6
13 0 135 5 180 6
13 1 135 15 180 6
13 2 135 25 180 6
13 3 135 35 180 6
13 4 135 45 180 6
13 5 135 55 180 6
13 6 135 65 180 6
13 7 135 75 180 6
13 8 135 85 180 6
13 9 135 95 180 6
13 10 135 105 180 6
13 11 135 115 180 6
13 12 135 125 180 6
13 13 135 135 180 6
13 14 135 145 180 6
13 15 135 155 180 6
13 16 135 165 180 6
13 17 135 175 180 6
13 18 135 185 180 6
13 19 135 195 180 6
13 20 135 205 180 6
13 21 135 215 180 6
13 22 135 225 180 6
13 23 135 235 180 6
13 24 135 245 180 6
13 25 135 255 180 6
13 26 135 265 180 6
13 27 135 275 180 6
13 28 135 285 180 6
13 29 135 295 180 6
13 30 135 305 180 6
13 31 135 315 180 6
13 32 135 325 180 6
13 33 135 335 180 6
13 34 135 345 180 6
13 35 135 355 180 6
14 0 145 5 180 6
14 1 145 15 180 6
14 2 145 25 180 6
14 3 145 35 180 6
14 4 145 45 180 6
14 5 145 55 180 6
14 6 145 65 180 6
14 7 145 75 180 6
14 8 145 85 180 6
14 9 145 95 180 6
14 10 145 105 180 6
14 11 145 115 180 6
14 12 145 125 180 6
14 13 145 135 180 6
14 14 145 145 180 6
14 15 145 155 180 6
14 16 145 165 180 6
14 17 145 175 180 6
14 18 145 185 180 6
14 19 145 195 180 6
14 20 145 205 180 6
14 21 145 215 180 6
14 22 145 225 180 6
14 23 145 235 180 6
14 24 145 245 180 6
14 25 145 255 180 6
14 26 145 265 180 6
14 27 145 275 180 6
14 28 145 285 180 6
14 29 145 295 180 6
14 30 145 305 180 6
14 31 145 315 180 6
14 32 145 325 180 6
14 33 145 335 180 6
14 34 145 345 180 6
14 35 145 355 180 6
15 0 155 5 180 6
15 1 155 15 180 6
15 2 155 25 180 6
15 3 155 35 180 6
15 4 155 45 180 6
15 5 155 55 180 6
15 6 155 65 180 6
15 7 155 75 180 6
15 8 155 85 180 6
15 9 155 95 180 6
15 10 155 105 180 6
15 11 155 115 180 6
15 12 155 125 180 6
15 13 155 135 180 6
15 14 155 145 180 6
15 15 155 155 180 6
15 16 155 165 180 6
15 17 155 175 180 6
15 18 155 185 180 6
15 19 155 195 180 6
15 20 155 205 180 6
15 21 155 215 180 6
15 22 155 225 180 6
15 23 155 235 180 6
15 24 155 245 180 6
15 25 155 255 180 6
15 26 155 265 180 6
15 27 155 275 180 6
15 28 155 285 180 6
15 29 155 295 180 6
15 30 155 305 180 6
15 31 155 315 180 6
15 32 155 325 180 6
15 33 155 335 180 6
15 34 155 345 180 6
15 35 155 355 180 6
16 0 165 5 180 6
16 1 165 15 180 6
16 2 165 25 180 6
16 3 165 35 180 6
16 4 165 45 180 6
16 5 165 55 180 6
16 6 165 65 180 6
16 7 165 75 180 6
16 8 165 85 180 6
16 9 165 95 180 6
16 10 165 105 180 6
16 11 165 115 180 6
16 12 165 125 180 6
16 13 165 135 180 6
16 14 165 145 180 6
16 15 165 155 180 6
16 16 165 165 180 6
16 17 165 175 180 6
16 18 165 185 180 6
16 19 165 195 180 6
16 20 165 205 180 6
16 21 165 215 180 6
16 22 165 225 180 6
16 23 165 235 180 6
16 24 165 245 180 6
16 25 165 255 180 6
16 26 165 265 180 6
16 27 165 275 180 6
16 28 165 285 180 6
16 29 165 295 180 6
16 30 165 305 180 6
16 31 165 315 180 6
16 32 165 325 180 6
16 33 165 335 180 6
16 34 165 345 180 6
16 35 165 355 180 6
17 0 175 5 180 6
17 1 175 15 180 6
17 2 175 25 180 6
17 3 175 35 180 6
17 4 175 45 180 6
17 5 175 55 180 6
17 6 175 65 180 6
17 7 175 75 180 6
17 8 175 85 180 6
17 9 175 95 180 6
17 10 175 105 180 6
17 11 175 115 180 6
17 12 175 125 180 6
17 13 175 135 180 6
17 14 175 145 180 6
17 15 175 155 180 6
17 16 175 165 180 6
17 17 175 175 180 6
17 18 175 185 180 6
17 19 175 195 180 6
17 20 175 205 180 6
17 21 175 215 180 6
17 22 175 225 180 6
17 23 175 235 180 6
17 24 175 245 180 6
17 25 175 255 180 6
17 26 175 265 180 6
17 27 175 275 180 6
17 28 175 285 180 6
17 29 175 295 180 6
17 30 175 305 180 6
17 31 175 315 180 6
17 32 175 325 180 6
17 33 175 335 180 6
17 34 175 345 180 6
17 35 175 355 180 6
18 0 185 5 180 6
18 1 185 15 180 6
18 2 185 25 180 6
18 3 185 35 180 6
18 4 185 45 180 6
18 5 185 55 180 6
18 6 185 65 180 6
18 7 185 75 180 6
18 8 185 85 180 6
18 9 185 95 180 6
18 10 185 105 180 6
18 11 185 115 180 6
18 12 185 125 180 6
18 13 185 135 180 6
18 14 185 145 180 6
18 15 185 155 180 6
18 16 185 165 180 6
18 17 185 175 180 6
18 18 185 185 180 6
18 19 185 195 180 6
18 20 185 205 180 6
18 21 185 215 180 6
18 22 185 225 180 6
18 23 185 235 180 6
18 24 185 245 180 6
18 25 185 255 180 6
18 26 185 265 180 6
18 27 185 275 180 6
18 28 185 285 180 6
18 29 185 295 180 6
18 30 185 305 180 6
18 31 185 315 180 6
18 32 185 325 180 6
18 33 185 335 180 6
18 34 185 345 180 6
18 35 185 355 180 6
19 0 195 5 180 6
19 1 195 15 180 6
19 2 195 25 180 6
19 3 195 35 180 6
19 4 195 45 180 6
19 5 195 55 180 6
19 6 195 65 180 6
19 7 195 75 180 6
19 8 195 85 180 6
19 9 195 95 180 6
19 10 195 105 180 6
19 11 195 115 180 6
19 12 195 125 180 6
19 13 195 135 180 6
19 14 195 145 180 6
19 15 195 155 180 6
19 16 195 165 180 6
19 17 195 175 180 6
19 18 195 185 180 6
19 19 195 195 180 6
19 20 195 205 180 6
19 21 195 215 180 6
19 22 195 225 180 6
19 23 195 235 180 6
19 24 195 245 180 6
19 25 195 255 180 6
19 26 195 265 180 6
19 27 195 275 180 6
19 28 195 285 180 6
19 29 195 295 180 6
19 30 195 305 180 6
19 31 195 315 180 6
19 32 195 325 180 6
19 33 195 335 180 6
19 34 195 345 180 6
19 35 195 355 180 6
20 0 205 5 180 6
20 1 205 15 180 6
20 2 205 25 180 6
20 3 205 35 180 6
20 4 205 45 180 6
20 5 205 55 180 6
20 6 205 65 180 6
20 7 205 75 180 6
20 8 205 85 180 6
20 9 205 95 180 6
20 10 205 105 180 6
20 11 205 115 180 6
20 12 205 125 180 6
20 13 205 135 180.018833447372 5.95194465305141
20 14 205 145 180.000195470187 5.99950351947323
20 15 205 155 180 6
20 16 205 165 180 6
20 17 205 175 180 6
20 18 205 185 180 6
20 19 205 195 180 6
20 20 205 205 180 6
20 21 205 215 180 6
20 22 205 225 180 6
20 23 205 235 180 6
20 24 205 245 180 6
20 25 205 255 180 6
20 26 205 265 180 6
20 27 205 275 180 6
20 28 205 285 180 6
20 29 205 295 180 6
20 30 205 305 180 6
20 31 205 315 180 6
20 32 205 325 180 6
20 33 205 335 180 6
20 34 205 345 180 6
20 35 205 355 180 6
21 0 215 5 180 6
21 1 215 15 180 6
21 2 215 25 180 6
21 3 215 35 180 6
21 4 215 45 180 6
21 5 215 55 180 6
21 6 215 65 180 6
21 7 215 75 180 6
21 8 215 85 180 6
21 9 215 95 180 6
21 10 215 105 180 6
21 11 215 115 180 6
21 12 215 125 180 6
21 13 215 135 180.173463900113 5.53923547661834
21 14 215 145 180.002087436211 5.994695604381
21 15 215 155 180 6
21 16 215 165 180 6
21 17 215 175 180 6
21 18 215 185 180 6
21 19 215 195 180 6
21 20 215 205 180 6
21 21 215 215 180 6
21 22 215 225 180 6
21 23 215 235 180 6
21 24 215 245 180 6
21 25 215 255 180 6
21 26 215 265 180 6
21 27 215 275 180 6
21 28 215 285 180 6
21 29 215 295 180 6
21 30 215 305 180 6
21 31 215 315 180 6
21 32 215 325 180 6
21 33 215 335 180 6
21 34 215 345 180 6
21 35 215 355 180 6
22 0 225 5 180 6
22 1 225 15 180 6
22 2 225 25 180 6
22 3 225 35 180 6
22 4 225 45 180 6
22 5 225 55 180 6
22 6 225 65 180 6
22 7 225 75 180 6
22 8 225 85 180.071438000247 5.9289328897912
22 9 225 95 180.022446069611 5.97785347393352
22 10 225 105 180 6
22 11 225 115 180 6
22 12 225 125 180 6
22 13 225 135 180 6
22 14 225 145 180 6
22 15 225 155 180 6
22 16 225 165 180 6
22 17 225 175 180 6
22 18 225 185 180 6
22 19 225 195 180 6
22 20 225 205 180 6
22 21 225 215 180 6
22 22 225 225 180 6
22 23 225 235 180 6
22 24 225 245 180 6
22 25 225 255 180 6
22 26 225 265 180 6
22 27 225 275 180 6
22 28 225 285 180 6
22 29 225 295 180 6
22 30 225 305 180.001963166057 5.78592361602177
22 31 225 315 180.000581411186 5.93740374088889
22 32 225 325 180 6
22 33 225 335 181.526380273194 7.0438320219742
22 34 225 345 180.847073434068 6.64315141475516
22 35 225 355 180 6
23 0 235 5 179.935278181604 5.74453087982161
23 1 235 15 180 6
23 2 235 25 180 6
23 3 235 35 180 6
23 4 235 45 180 6
23 5 235 55 180 6
23 6 235 65 180 6
23 7 235 75 180 6
23 8 235 85 180.276748205197 5.71480617916717
23 9 235 95 180.092272842045 5.90788250073162
23 10 235 105 180 6
23 11 235 115 180 6
23 12 235 125 180 6
23 13 235 135 180 6
23 14 235 145 180.03056597046 5.99829763967118
23 15 235 155 180.325307693594 5.97383749398297
23 16 235 165 180 6
23 17 235 175 180 6
23 18 235 185 180 6
23 19 235 195 180 6
23 20 235 205 180 6
23 21 235 215 180 6
23 22 235 225 180 6
23 23 235 235 180 6
23 24 235 245 180 6
23 25 235 255 180 6
23 26 235 265 180 6
23 27 235 275 180 6
23 28 235 285 180 6
23 29 235 295 180 6
23 30 235 305 180.002064689341 5.77463702459552
23 31 235 315 180.000613173075 5.93396514924269
23 32 235 325 180 6
23 33 235 335 180.000625840726 6.00054476561327
23 34 235 345 180.000328166577 6.00028566824349
23 35 235 355 179.996109463498 5.9849711545989
24 0 245 5 182.066012621179 6.54662719610618
24 1 245 15 181.215241600584 6.21840741677806
24 2 245 25 180.545392071263 6.34615764705815
24 3 245 35 180.012947030551 6.01589466176442
24 4 245 45 180.076250824052 6.00212374910108
24 5 245 55 180.607508378555 5.99766084719285
24 6 245 65 180.08657468602 6.00241998298063
24 7 245 75 180 6
24 8 245 85 180 6
24 9 245 95 180 6
24 10 245 105 180 6
24 11 245 115 180 6
24 12 245 125 180 6
24 13 245 135 180 6
24 14 245 145 180.061449494556 5.99641886203389
24 15 245 155 180.621232752507 5.93446926281331
24 16 245 165 179.881886428315 6.02394981568045
24 17 245 175 179.444152951015 6.09195302258314
24 18 245 185 180 6
24 19 245 195 180 6
24 20 245 205 180 6
24 21 245 215 180 6
24 22 245 225 180 6
24 23 245 235 180 6
24 24 245 245 180 6
24 25 245 255 180 6
24 26 245 265 180 6
24 27 245 275 180 6
24 28 245 285 180 6
24 29 245 295 180 6
24 30 245 305 180 6
24 31 245 315 180 6
24 32 245 325 180 6
24 33 245 335 180 6
24 34 245 345 180.046480574293 5.97892177997256
24 35 245 355 180.643941214017 5.94575796755358
25 0 255 5 187.080194170894 7.31018770432565
25 1 255 15 186.652121991637 6.85434630273188
25 2 255 25 184.422904724422 6.90705682781306
25 3 255 35 182.381225922568 6.37218186448459
25 4 255 45 182.730941892043 6.67738942895136
25 5 255 55 184.35882177986 7.15632714310159
25 6 255 65 181.484485778576 6.56298041869764
25 7 255 75 180.122611833695 5.85020260113113
25 8 255 85 180.414328023533 6.38277111369056
25 9 255 95 181.536968672067 7.51142820862949
25 10 255 105 181.160755619047 7.19453524995376
25 11 255 115 180.021174148308 5.65678414657743
25 12 255 125 180.005420710391 5.85317135510626
25 13 255 135 180 6
25 14 255 145 179.993646310013 5.79391695415393
25 15 255 155 182.428178312356 9.30813357844782
25 16 255 165 179.976049312071 8.14915158774738
25 17 255 175 174.948986565425 8.00528630561086
25 18 255 185 177.352345634369 7.60898080628341
25 19 255 195 179.174797555528 6.47959207836924
25 20 255 205 179.819639894928 6.13477683949497
25 21 255 215 180.055816654016 5.88264940608029
25 22 255 225 180.021993483678 5.95409884864617
25 23 255 235 180.392911125432 6.15925012979275
25 24 255 245 180.902934170603 6.32371435804784
25 25 255 255 180 6
25 26 255 265 180 6
25 27 255 275 179.764771540724 5.9559607451929
25 28 255 285 179.709797054789 5.94427965652725
25 29 255 295 180.222487277025 5.84350544530231
25 30 255 305 180.365588367211 5.73183255148125
25 31 255 315 180 6
25 32 255 325 180 6
25 33 255 335 180.095820303671 5.99956552646352
25 34 255 345 180.816232187283 5.95518069696347
25 35 255 355 183.504141819489 6.50671486026177
26 0 265 5 186.25104149683 5.82102761905751
26 1 265 15 184.791758394187 6.13817079952333
26 2 265 25 182.621633289837 5.95938339799045
26 3 265 35 182.482647347677 5.81946411042697
26 4 265 45 182.521384740365 5.51820751566997
26 5 265 55 182.643526463169 7.00395086277051
26 6 265 65 182.0503682964 7.7585618925413
26 7 265 75 180.488676311706 5.93062126856465
26 8 265 85 182.494939604201 8.41549067342803
26 9 265 95 181.2213309422 7.63388643165158
26 10 265 105 180.696752776953 6.14367419376413
26 11 265 115 182.679957950356 8.09491369617563
26 12 265 125 181.758009933947 7.34210419639702
26 13 265 135 179.463929326097 5.36497545848595
26 14 265 145 178.186644935408 5.55761066492591
26 15 265 155 176.026923604721 7.5832071234372
26 16 265 165 174.242796498595 7.22393694469906
26 17 265 175 173.706097346767 7.1073298933959
26 18 265 185 177.025593967834 7.16828472600026
26 19 265 195 177.919136713948 7.30670657220059
26 20 265 205 180.078901466772 6.16603586520707
26 21 265 215 179.964514847016 5.31309008115638
26 22 265 225 180.051386653548 5.89206787802243
26 23 265 235 180.123390920544 6.05321046992429
26 24 265 245 180.29527870912 6.12242064052157
26 25 265 255 180 6
26 26 265 265 180 6
26 27 265 275 179.804270505611 5.96402660613836
26 28 265 285 179.756674959043 5.94864310362474
26 29 265 295 180.257792539564 5.82700713287674
26 30 265 305 180.386908173833 5.8003138021052
26 31 265 315 180.072663820322 5.97069890058267
26 32 265 325 181.07050821546 6.88145302862608
26 33 265 335 183.117112337871 8.42381635905581
26 34 265 345 185.132643145362 7.67766360691003
26 35 265 355 187.114205613319 6.3121620707645
27 0 275 5 183.878307468942 5.76941955074008
27 1 275 15 182.106442238807 5.9982238247514
27 2 275 25 180.795946107596 6.58018139229526
27 3 275 35 180.249757064421 6.77699013857643
27 4 275 45 179.910641733327 5.92629011426636
27 5 275 55 180.246442582581 6.01826573517681
27 6 275 65 182.243383473695 6.46434661290527
27 7 275 75 183.131455658649 5.85869742712011
27 8 275 85 183.164325552457 6.01173019126455
27 9 275 95 183.369599250366 6.39794645601123
27 10 275 105 182.65233541387 7.35273085999535
27 11 275 115 182.28378490335 6.63528832162013
27 12 275 125 179.721360408763 6.68604427542606
27 13 275 135 178.898218313483 5.81327006770105
27 14 275 145 176.464805122565 5.81274784853798
27 15 275 155 174.108200181816 6.62232491406013
27 16 275 165 174.294051345104 6.65951000580086
27 17 275 175 175.258995718424 6.21490917085422
27 18 275 185 176.459364087796 5.69556906625855
27 19 275 195 176.899928618993 6.35877931053331
27 20 275 205 181.591649456594 6.08793856243365
27 21 275 215 181.941719666161 6.96299108664485
27 22 275 225 180.172761256095 5.75626370593498
27 23 275 235 180.47563841929 6.62136660536903
27 24 275 245 181.592809685793 7.8065329438181
27 25 275 255 179.582698514219 5.76464871368518
27 26 275 265 180 6
27 27 275 275 180 6
27 28 275 285 179.744546018353 6.3947300801615
27 29 275 295 179.702399207998 6.78112415643164
27 30 275 305 181.786730141245 6.36658979863223
27 31 275 315 181.908898631304 7.82321357370959
27 32 275 325 183.880736670873 8.62780264685999
27 33 275 335 185.532131346016 8.46754927942845
27 34 275 345 184.927173568757 6.17671331157021
27 35 275 355 185.008314475289 5.67976470963632
28 0 285 5 181.563199789864 6.03255066666094
28 1 285 15 180.271038484908 6.04554871606329
28 2 285 25 179.569445847442 5.59250285337556
28 3 285 35 180.120236660276 6.32290092374582
28 4 285 45 179.155985256408 6.00166859804103
28 5 285 55 179.655778882212 5.93034142376086
28 6 285 65 181.617537748374 5.95085240696769
28 7 285 75 183.086549255063 5.82035324049719
28 8 285 85 183.853515802499 5.74160673538714
28 9 285 95 183.481968875042 5.80529205370287
28 10 285 105 182.724587124294 5.60761220665615
28 11 285 115 182.392386777342 5.95247210985817
28 12 285 125 181.794462776982 6.00510961952005
28 13 285 135 179.79510626546 5.56991116843732
28 14 285 145 176.847198965517 5.89863656439699
28 15 285 155 175.506461222904 6.05364090427907
28 16 285 165 175.552534796618 6.05736516420905
28 17 285 175 176.603011175104 6.23017141957657
28 18 285 185 177.889731844939 6.1085305340545
28 19 285 195 179.201717793056 6.07766603166161
28 20 285 205 181.60210527993 6.32244335678727
28 21 285 215 182.067648576732 5.9279491181521
28 22 285 225 180.092346794462 5.50931088354319
28 23 285 235 179.396415404075 6.29844209517301
28 24 285 245 181.061911801651 7.28594168711361
28 25 285 255 179.308436184767 5.82033303662537
28 26 285 265 179.771247803207 6.09493867818984
28 27 285 275 178.554263309701 7.27212988327991
28 28 285 285 178.396139781376 7.6693820020067
28 29 285 295 176.967828057404 9.75835777773507
28 30 285 305 181.263747260106 6.29669378995347
28 31 285 315 182.626576303181 6.86474241812042
28 32 285 325 182.712178225182 5.98265247144897
28 33 285 335 183.445066247045 5.91331408747111
28 34 285 345 183.198894944058 5.64567207480383
28 35 285 355 182.480440348067 5.68243566795979
29 0 295 5 178.620929320844 5.66649046461175
29 1 295 15 178.630645042856 5.72073407544048
29 2 295 25 179.247196545442 4.68326562816948
29 3 295 35 179.442939994735 4.3264945849813
29 4 295 45 178.982621879576 4.57681577602858
29 5 295 55 179.257454306315 4.95195684294045
29 6 295 65 180.282096239989 5.23188008968029
29 7 295 75 181.931051652595 5.40971717222438
29 8 295 85 182.709089864045 5.65628550648325
29 9 295 95 183.28556080049 6.53723615792817
29 10 295 105 182.886677171385 5.78541280072029
29 11 295 115 182.228921383942 6.26085145449707
29 12 295 125 181.463237499733 5.67250632838046
29 13 295 135 179.634184720611 5.10851465515012
29 14 295 145 178.04032207686 5.41987538558101
29 15 295 155 177.206791688473 5.57212685092072
29 16 295 165 177.39479481658 5.65683551011433
29 17 295 175 178.197545174491 6.13775255059571
29 18 295 185 179.801209833612 6.55323747859403
29 19 295 195 181.248998771875 7.39853692129219
29 20 295 205 181.087678019001 7.0177439532108
29 21 295 215 180.719485570198 5.83258995572077
29 22 295 225 180.765155910241 6.40503243205356
29 23 295 235 180.539038684012 6.65091730041329
29 24 295 245 180 6
29 25 295 255 179.052738460336 6.00280014812694
29 26 295 265 179.787855799459 6.06711666817163
29 27 295 275 178.876736933448 7.03421096289907
29 28 295 285 179.626661877717 6.16035318996552
29 29 295 295 180.762771210388 6.12226213858788
29 30 295 305 181.88861042263 6.70882766711229
29 31 295 315 181.777234821176 6.27707751305381
29 32 295 325 182.649957666795 5.64546567264698
29 33 295 335 181.754997945523 4.92879010783484
29 34 295 345 180.614717768144 4.64967047486485
29 35 295 355 179.478854413908 5.01154140332722
30 0 305 5 179.001547197889 5.87881777372274
30 1 305 15 180.023219552865 7.04283681141002
30 2 305 25 179.932640033431 5.60975294833238
30 3 305 35 179.54596978764 5.49838966388397
30 4 305 45 179.473321206775 5.5501238527657
30 5 305 55 179.489223894155 5.43320395074799
30 6 305 65 179.98463460357 5.26670857254464
30 7 305 75 180.099393220733 5.42394567996903
30 8 305 85 180.711868600503 5.27069590171433
30 9 305 95 181.623075149342 6.67763622311922
30 10 305 105 181.892172087319 5.30566925890647
30 11 305 115 182.321187956938 5.48318882149021
30 12 305 125 181.372278871063 5.1302687706926
30 13 305 135 180.461755724712 4.7483645859072
30 14 305 145 179.615264877618 4.96780598832859
30 15 305 155 178.958182857337 5.26511902899568
30 16 305 165 178.792958607653 5.42594245335323
30 17 305 175 179.384281923031 5.92373238556915
30 18 305 185 180.37846348319 5.67000627144565
30 19 305 195 181.116912027585 5.74236533995541
30 20 305 205 180.32986726584 5.86908808132132
30 21 305 215 180 6
30 22 305 225 180.019993739935 6.01184252401824
30 23 305 235 180.027409920228 6.01621239255027
30 24 305 245 180 6
30 25 305 255 180 6
30 26 305 265 180 6
30 27 305 275 180 6
30 28 305 285 180.001754725311 5.99828154145329
30 29 305 295 181.118265845874 6.22846953983621
30 30 305 305 181.687832245261 6.38290590487331
30 31 305 315 181.660835205721 5.24253883669228
30 32 305 325 181.336897419499 4.53056577732665
30 33 305 335 180.967259170407 3.83200431557848
30 34 305 345 180.204065126197 3.60738869650138
30 35 305 355 179.168149960459 3.93869493084924
31 0 315 5 181.178256411946 6.70888102626079
31 1 315 15 181.090637359088 7.13289676537907
31 2 315 25 180.050317354216 5.57248441477998
31 3 315 35 180.01274629556 5.88858398701463
31 4 315 45 179.974240649866 5.98760964038706
31 5 315 55 179.991771849697 5.99605703558636
31 6 315 65 179.970915499404 5.9131849928555
31 7 315 75 179.926485806458 5.69611399310549
31 8 315 85 180.132935494597 5.93199589724701
31 9 315 95 180.074071375544 5.93077796133548
31 10 315 105 181.486459094461 6.62191984091441
31 11 315 115 180.271276677263 5.36878849544993
31 12 315 125 180.824619856078 4.85115367180176
31 13 315 135 180.974448112684 4.60122099330648
31 14 315 145 180.859894004585 4.8792265215168
31 15 315 155 180.52067646153 5.16241012339192
31 16 315 165 180.264853051404 5.55464313242126
31 17 315 175 181.596347606991 7.25870069385476
31 18 315 185 180.159172967404 5.82825816314112
31 19 315 195 180.062140342428 5.71157587422182
31 20 315 205 180.032590830853 5.91329121844665
31 21 315 215 180 6
31 22 315 225 179.216969312655 6.10638322371701
31 23 315 235 179.616079524527 6.06503855755992
31 24 315 245 180 6
31 25 315 255 180 6
31 26 315 265 180 6
31 27 315 275 180 6
31 28 315 285 180.112171800977 6.05725301450443
31 29 315 295 181.759898354201 6.75564931816936
31 30 315 305 181.993848658659 5.62049875695853
31 31 315 315 180.937597158826 5.23571400171951
31 32 315 325 181.152382806234 4.26695400395028
31 33 315 335 181.192529700927 3.27279841385161
31 34 315 345 180.64858307515 3.30657044239841
31 35 315 355 179.484380211608 4.09602599755781
32 0 325 5 180 6
32 1 325 15 180 6
32 2 325 25 180.006241030654 5.94571112039996
32 3 325 35 180.001764224386 5.98470412363625
32 4 325 45 180 6
32 5 325 55 180 6
32 6 325 65 179.988602655778 5.96614722022906
32 7 325 75 180.14489568711 5.87357419904395
32 8 325 85 180.713232521977 5.93569701036221
32 9 325 95 180.006103718742 5.90961860207591
32 10 325 105 179.945969886819 5.61077358604093
32 11 325 115 179.316487183974 5.9070732037373
32 12 325 125 180.901346935795 4.88477256064962
32 13 325 135 181.017988275889 4.59457087524796
32 14 325 145 181.670324657994 5.59868452217435
32 15 325 155 182.139187818955 6.15397235035558
32 16 325 165 180.260603399745 6.39270046878006
32 17 325 175 179.879333882397 5.95181241077801
32 18 325 185 180 6
32 19 325 195 180 6
32 20 325 205 180 6
32 21 325 215 180 6
32 22 325 225 179.877083328495 6.02356292817598
32 23 325 235 179.94268240428 6.0113119345199
32 24 325 245 180.327650024142 6.1931370203551
32 25 325 255 180.336985181129 6.19829780586866
32 26 325 265 180 6
32 27 325 275 180 6
32 28 325 285 180.371062100853 6.17576771881363
32 29 325 295 181.695038944877 5.90403178465648
32 30 325 305 182.242058652925 5.25533369801697
32 31 325 315 181.642700841147 4.6003936756264
32 32 325 325 182.015120787438 4.15828526068764
32 33 325 335 181.154650972876 3.80265809838041
32 34 325 345 180.337601452502 4.5733455506242
32 35 325 355 180.031918767998 5.74998231452977
33 0 335 5 180 6
33 1 335 15 180 6
33 2 335 25 180 6
33 3 335 35 180 6
33 4 335 45 180 6
33 5 335 55 180 6
33 6 335 65 180 6
33 7 335 75 180 6
33 8 335 85 180 6
33 9 335 95 180.02380360416 5.63930368874828
33 10 335 105 180.17974570399 5.72540434751179
33 11 335 115 180.537277436301 5.12994796080662
33 12 335 125 180.478038613225 5.5815937682886
33 13 335 135 180.431157556422 6.06372677545194
33 14 335 145 180.936799472373 6.69555182025166
33 15 335 155 179.79174990504 5.86823280840145
33 16 335 165 180.022031764243 6.01774475571301
33 17 335 175 180 6
33 18 335 185 180 6
33 19 335 195 180 6
33 20 335 205 180 6
33 21 335 215 180 6
33 22 335 225 180 6
33 23 335 235 180 6
33 24 335 245 180.682634796462 6.37683562962874
33 25 335 255 180.701407899603 6.38585392548487
33 26 335 265 180 6
33 27 335 275 180 6
33 28 335 285 180.046879434046 5.95222177851479
33 29 335 295 179.872687872833 5.72362479857058
33 30 335 305 180.856141665572 5.46095879752571
33 31 335 315 181.40706118158 5.03952593181034
33 32 335 325 180.368400574561 5.02985926245989
33 33 335 335 180.332614201931 5.74934855450397
33 34 335 345 180.103326035625 6.00719034936787
33 35 335 355 180 6
34 0 345 5 180 6
34 1 345 15 180 6
34 2 345 25 180 6
34 3 345 35 180 6
34 4 345 45 180 6
34 5 345 55 180 6
34 6 345 65 180 6
34 7 345 75 180 6
34 8 345 85 180 6
34 9 345 95 180 6
34 10 345 105 179.873232293534 5.77341004950242
34 11 345 115 180.166388848586 5.72794347651961
34 12 345 125 179.924788170667 5.90977437661137
34 13 345 135 178.856154621682 6.21143879117126
34 14 345 145 179.967975195133 6.10389951552651
34 15 345 155 180 6
34 16 345 165 180 6
34 17 345 175 180 6
34 18 345 185 180 6
34 19 345 195 180 6
34 20 345 205 180 6
34 21 345 215 180 6
34 22 345 225 180 6
34 23 345 235 180 6
34 24 345 245 180 6
34 25 345 255 180 6
34 26 345 265 180 6
34 27 345 275 180 6
34 28 345 285 180.263863725965 5.72759460304586
34 29 345 295 179.238329002842 6.09500606368028
34 30 345 305 180.02991254783 5.97989473586586
34 31 345 315 180.99816233905 6.08409945114841
34 32 345 325 179.869364602567 5.86463930526634
34 33 345 335 180.602198938336 6.00585448314032
34 34 345 345 180.278875011402 6.01531900378923
34 35 345 355 180 6
35 0 355 5 180 6
35 1 355 15 180 6
35 2 355 25 180 6
35 3 355 35 180 6
35 4 355 45 180 6
35 5 355 55 180 6
35 6 355 65 180 6
35 7 355 75 180 6
35 8 355 85 180 6
35 9 355 95 179.412167655387 6.75059078951522
35 10 355 105 179.014687921744 7.18153241746391
35 11 355 115 179.997880641257 5.99826700972622
35 12 355 125 179.979444030181 5.99856976382231
35 13 355 135 178.523636289725 6.71746655745483
35 14 355 145 179.794712950145 6.14602492313013
35 15 355 155 180 6
35 16 355 165 180 6
35 17 355 175 180 6
35 18 355 185 180 6
35 19 355 195 180 6
35 20 355 205 180 6
35 21 355 215 180 6
35 22 355 225 180 6
35 23 355 235 180 6
35 24 355 245 180 6
35 25 355 255 180 6
35 26 355 265 180 6
35 27 355 275 180 6
35 28 355 285 180 6
35 29 355 295 180 6
35 30 355 305 180.21971686996 5.60969527294741
35 31 355 315 180.123665667316 5.98890644855042
35 32 355 325 180 6
35 33 355 335 180 6
35 34 355 345 180 6
35 35 355 355 180 6
