0 0 5 5 180 6
0 1 5 15 180 6
0 2 5 25 180 6
0 3 5 35 180 6
0 4 5 45 180 6
0 5 5 55 180 6
0 6 5 65 180 6
0 7 5 75 180 6
0 8 5 85 180 6
0 9 5 95 180 6
0 10 5 105 180 6
0 11 5 115 180 6
0 12 5 125 180 6
0 13 5 135 180 6
0 14 5 145 180 6
0 15 5 155 180 6
0 16 5 165 180 6
0 17 5 175 180 6
0 18 5 185 180 6
0 19 5 195 180 6
0 20 5 205 180 6
0 21 5 215 180 6
0 22 5 225 180 6
0 23 5 235 180 6
0 24 5 245 180 6
0 25 5 255 180 6
0 26 5 265 180 6
0 27 5 275 180 6
0 28 5 285 179.324962178448 6.58334593543419
0 29 5 295 179.358496637331 6.55723252391547
0 30 5 305 180 6
0 31 5 315 180 6
0 32 5 325 180 6
0 33 5 335 180 6
0 34 5 345 180 6
0 35 5 355 180 6
1 0 15 5 180 6
1 1 15 15 180 6
1 2 15 25 180 6
1 3 15 35 180 6
1 4 15 45 180 6
1 5 15 55 180 6
1 6 15 65 180 6
1 7 15 75 180 6
1 8 15 85 180 6
1 9 15 95 180 6
1 10 15 105 179.824343749051 6.04108426426685
1 11 15 115 179.721842645909 6.06257870618486
1 12 15 125 180 6
1 13 15 135 180 6
1 14 15 145 180 6
1 15 15 155 180.072936732954 6.01927659388803
1 16 15 165 180.610143193264 6.13273243051204
1 17 15 175 180 6
1 18 15 185 180 6
1 19 15 195 180 6
1 20 15 205 180 6
1 21 15 215 180 6
1 22 15 225 180 6
1 23 15 235 180 6
1 24 15 245 180 6
1 25 15 255 180 6
1 26 15 265 180.022028557536 5.98624717120865
1 27 15 275 180.064801371535 5.95922013103929
1 28 15 285 180 6
1 29 15 295 180 6
1 30 15 305 180 6
1 31 15 315 180 6
1 32 15 325 180 6
1 33 15 335 180 6
1 34 15 345 180 6
1 35 15 355 180 6
2 0 25 5 180 6
2 1 25 15 180 6
2 2 25 25 180 6
2 3 25 35 180 6
2 4 25 45 180 6
2 5 25 55 180 6
2 6 25 65 180 6
2 7 25 75 180 6
2 8 25 85 180 6
2 9 25 95 180 6
2 10 25 105 179.611842645163 6.08364036830216
2 11 25 115 179.395347085259 6.11910813543412
2 12 25 125 180 6
2 13 25 135 180 6
2 14 25 145 180 6
2 15 25 155 180.082151642884 6.02164477219147
2 16 25 165 180.681263394652 6.14407597325637
2 17 25 175 180 6
2 18 25 185 180 6
2 19 25 195 180 6
2 20 25 205 179.79989524524 6.16159519041893
2 21 25 215 179.983907108636 6.01340267234283
2 22 25 225 180 6
2 23 25 235 180 6
2 24 25 245 180 6
2 25 25 255 180 6
2 26 25 265 180.138816412798 5.91142897409329
2 27 25 275 180.382116630914 5.74481827248121
2 28 25 285 180 6
2 29 25 295 180 6
2 30 25 305 180 6
2 31 25 315 180 6
2 32 25 325 180 6
2 33 25 335 180 6
2 34 25 345 180 6
2 35 25 355 180 6
3 0 35 5 180 6
3 1 35 15 180 6
3 2 35 25 180 6
3 3 35 35 180.039776088405 5.95811339535563
3 4 35 45 180.19201004569 5.94996973733826
3 5 35 55 181.849723203994 6.54333724210715
3 6 35 65 181.19509067128 5.81237498964431
3 7 35 75 180.117247893815 5.88256293238598
3 8 35 85 180 6
3 9 35 95 180 6
3 10 35 105 180 6
3 11 35 115 180 6
3 12 35 125 180 6
3 13 35 135 180 6
3 14 35 145 180 6
3 15 35 155 180 6
3 16 35 165 180 6
3 17 35 175 180 6
3 18 35 185 180 6
3 19 35 195 180 6
3 20 35 205 178.143331266798 7.15254492544795
3 21 35 215 179.856188098736 6.00328243035271
3 22 35 225 180.006678486636 5.95284396559833
3 23 35 235 179.968070650315 5.70168269616708
3 24 35 245 179.976155792448 5.77869548686823
3 25 35 255 180 6
3 26 35 265 180 6
3 27 35 275 180 6
3 28 35 285 180 6
3 29 35 295 180 6
3 30 35 305 180 6
3 31 35 315 180 6
3 32 35 325 180 6
3 33 35 335 180 6
3 34 35 345 180 6
3 35 35 355 180 6
4 0 45 5 180 6
4 1 45 15 180 6
4 2 45 25 180 6
4 3 45 35 179.718621313202 5.22675238075638
4 4 45 45 178.982156093934 5.12967738923283
4 5 45 55 179.971941073299 7.24357018923116
4 6 45 65 180.981618440521 6.16802150176303
4 7 45 75 180.45778733679 5.25280225692324
4 8 45 85 180.010727078578 5.96112706131343
4 9 45 95 180.055149896096 5.79557320331876
4 10 45 105 178.555619410313 7.67754286491185
4 11 45 115 179.753421387477 6.34132237685562
4 12 45 125 180 6
4 13 45 135 180 6
4 14 45 145 180 6
4 15 45 155 180 6
4 16 45 165 180 6
4 17 45 175 180 6
4 18 45 185 180 6
4 19 45 195 180 6
4 20 45 205 180.004112894242 5.99336048916017
4 21 45 215 180.736273554087 6.03699354945947
4 22 45 225 180.135755815749 5.99756571950034
4 23 45 235 180.01444765189 5.95550664585569
4 24 45 245 180.319013652065 5.96025339758358
4 25 45 255 180.067119366337 6.01450136933755
4 26 45 265 180 6
4 27 45 275 180 6
4 28 45 285 180 6
4 29 45 295 180 6
4 30 45 305 180 6
4 31 45 315 180 6
4 32 45 325 180 6
4 33 45 335 180 6
4 34 45 345 180 6
4 35 45 355 180 6
5 0 55 5 180 6
5 1 55 15 180.013541141649 5.87677744383277
5 2 55 25 178.653509792346 6.03468287837844
5 3 55 35 179.900774172221 6.14386210260794
5 4 55 45 179.676262862389 6.81565652054521
5 5 55 55 179.683397444968 6.907399243889
5 6 55 65 180.550798197643 6.70991940818223
5 7 55 75 178.672654396062 6.10488050218695
5 8 55 85 178.482500089284 6.76302223845157
5 9 55 95 180.125170324815 5.28621582149062
5 10 55 105 178.407586671246 7.80615070054425
5 11 55 115 179.480693906278 6.00851966967184
5 12 55 125 179.886929813333 5.91547215755746
5 13 55 135 180 6
5 14 55 145 180 6
5 15 55 155 180 6
5 16 55 165 180 6
5 17 55 175 180 6
5 18 55 185 180 6
5 19 55 195 180 6
5 20 55 205 180.006753107801 5.98909298267127
5 21 55 215 181.327839282981 6.49944872348016
5 22 55 225 180.310274470894 5.89519102421343
5 23 55 235 180.10576821087 5.52278168938437
5 24 55 245 181.147695046671 5.53375532551428
5 25 55 255 180.821840440788 5.81565504026041
5 26 55 265 179.99999934289 5.99959618004611
5 27 55 275 180 6
5 28 55 285 180.275142874184 5.81231862703739
5 29 55 295 180.014721538115 5.99042699865681
5 30 55 305 179.937970363672 5.96305687661223
5 31 55 315 179.781059033294 5.86563902731277
5 32 55 325 180 6
5 33 55 335 180.397177385635 6.28335739636662
5 34 55 345 180.447634640366 6.31665775985713
5 35 55 355 180 6
6 0 65 5 180 6
6 1 65 15 179.91876859579 5.67072591991989
6 2 65 25 178.934974969478 5.09306943380839
6 3 65 35 177.99522126135 6.05722478663265
6 4 65 45 177.467728002308 6.783654106834
6 5 65 55 178.02036386881 6.75403572635468
6 6 65 65 180.065152491113 4.94912324685433
6 7 65 75 179.64073768506 5.67615342443138
6 8 65 85 181.646645514479 7.39486667622509
6 9 65 95 184.64173232535 9.79550732414144
6 10 65 105 181.945498049283 7.06933039183019
6 11 65 115 180.571640284029 6.12804429382756
6 12 65 125 179.791809031266 5.6557286084826
6 13 65 135 179.746201291069 6.14784983598208
6 14 65 145 179.988464516541 6.00703152913745
6 15 65 155 180 6
6 16 65 165 180 6
6 17 65 175 180 6
6 18 65 185 180 6
6 19 65 195 180 6
6 20 65 205 180 6
6 21 65 215 180.038575397375 5.97584416331246
6 22 65 225 180.369725093449 5.71822974765179
6 23 65 235 179.98402989228 5.9522882468039
6 24 65 245 179.900170454906 5.68803548697179
6 25 65 255 180.260374851635 5.36674090191504
6 26 65 265 179.902314853815 5.43949014186851
6 27 65 275 180.020565661186 5.80844927731441
6 28 65 285 180.791436281655 6.21728999806435
6 29 65 295 180.398023868857 6.29131369697503
6 30 65 305 180.306079450651 5.08280428360366
6 31 65 315 180.085303103632 5.38488098433748
6 32 65 325 180 6
6 33 65 335 180.684679326399 6.46553911892813
6 34 65 345 180.769262514672 6.51575310347852
6 35 65 355 180 6
7 0 75 5 179.990165451132 5.98647664232271
7 1 75 15 179.853637265061 5.74640245074925
7 2 75 25 179.440028145427 5.17790312369372
7 3 75 35 179.751738559375 5.80669586226796
7 4 75 45 179.925101089054 5.98662194802234
7 5 75 55 180.032970362991 5.90742601922507
7 6 75 65 180.23533029786 5.63038881303328
7 7 75 75 180.457849977991 5.91128096155489
7 8 75 85 181.92930285894 7.64068141710877
7 9 75 95 185.555869992017 9.83123675675078
7 10 75 105 184.320758754571 7.97863254556884
7 11 75 115 183.705978977951 8.30878824416764
7 12 75 125 181.230427182816 6.13181267363498
7 13 75 135 178.504748500069 6.42198982375014
7 14 75 145 179.92124134336 6.04740749349869
7 15 75 155 180 6
7 16 75 165 180 6
7 17 75 175 180 6
7 18 75 185 180 6
7 19 75 195 180 6
7 20 75 205 180 6
7 21 75 215 180 6
7 22 75 225 180 6
7 23 75 235 180.327254579214 6.15498680563453
7 24 75 245 181.615614598814 6.57054837716267
7 25 75 255 180.676130530585 6.18263184651495
7 26 75 265 180.011262276543 5.81995610762426
7 27 75 275 180.025120617616 5.87500524847407
7 28 75 285 181.048077561876 6.42290090722084
7 29 75 295 180.572386950029 5.491280713228
7 30 75 305 180.657474856105 5.5975766421529
7 31 75 315 181.897861211482 6.1722293273533
7 32 75 325 182.408057406441 6.08940516236171
7 33 75 335 180.006423321951 6.00040724403975
7 34 75 345 180 6
7 35 75 355 180 6
8 0 85 5 179.97844626699 5.97030059450508
8 1 85 15 179.782162067211 5.68895308686939
8 2 85 25 179.898599508376 5.95478981192365
8 3 85 35 179.963223041807 5.98384078246191
8 4 85 45 181.054369102428 6.97398932997071
8 5 85 55 180.239453843845 6.2659837991511
8 6 85 65 179.827403772689 5.86037933347454
8 7 85 75 180 6
8 8 85 85 179.977681724995 5.8579412162607
8 9 85 95 180.681489683882 5.84471440115424
8 10 85 105 181.206578149852 6.83092379396883
8 11 85 115 180.69478302788 6.35105218935927
8 12 85 125 179.98745558757 6.69721625037961
8 13 85 135 178.962701331981 6.02377003399893
8 14 85 145 180.323923644265 6.14528833535627
8 15 85 155 180 6
8 16 85 165 180 6
8 17 85 175 180 6
8 18 85 185 180 6
8 19 85 195 180 6
8 20 85 205 180 6
8 21 85 215 180 6
8 22 85 225 180 6
8 23 85 235 180.257889197746 6.1239239679274
8 24 85 245 180.560961939442 6.25327117428202
8 25 85 255 180.001813677704 6.00114604999512
8 26 85 265 180 6
8 27 85 275 180 6
8 28 85 285 180 6
8 29 85 295 179.774435636387 5.69898320879397
8 30 85 305 180.221789112156 6.23282414029691
8 31 85 315 181.487596359549 5.89223578531998
8 32 85 325 181.030379702446 6.00954351778118
8 33 85 335 179.945608697096 5.73029877619399
8 34 85 345 179.996512660958 5.98328031329125
8 35 85 355 180 6
9 0 95 5 180 6
9 1 95 15 180 6
9 2 95 25 180 6
9 3 95 35 180 6
9 4 95 45 181.18929102995 7.07764748814922
9 5 95 55 180.254891039953 6.28771507187445
9 6 95 65 179.761621248094 5.80493084648211
9 7 95 75 180 6
9 8 95 85 180.012120513577 5.99922115700521
9 9 95 95 180.358435407567 5.96653142393658
9 10 95 105 180 6
9 11 95 115 180 6
9 12 95 125 180.104017964771 5.70875951451061
9 13 95 135 180.979037176558 5.99471978785822
9 14 95 145 181.874001763878 6.71047473567685
9 15 95 155 180 6
9 16 95 165 180 6
9 17 95 175 180 6
9 18 95 185 180 6
9 19 95 195 180 6
9 20 95 205 180 6
9 21 95 215 180 6
9 22 95 225 180 6
9 23 95 235 180 6
9 24 95 245 180 6
9 25 95 255 180 6
9 26 95 265 180 6
9 27 95 275 180 6
9 28 95 285 180 6
9 29 95 295 180 6
9 30 95 305 180.118863822316 5.80874830953732
9 31 95 315 180.077613423641 5.86721965922784
9 32 95 325 180.002717930222 5.98748387607423
9 33 95 335 179.948280396118 5.74683215073255
9 34 95 345 179.996740499123 5.98437414813553
9 35 95 355 180 6
10 0 105 5 180 6
10 1 105 15 180 6
10 2 105 25 180 6
10 3 105 35 180 6
10 4 105 45 180 6
10 5 105 55 180 6
10 6 105 65 180 6
10 7 105 75 180 6
10 8 105 85 180 6
10 9 105 95 180 6
10 10 105 105 180 6
10 11 105 115 180 6
10 12 105 125 180 6
10 13 105 135 180.234610336937 5.98330979367624
10 14 105 145 180.057977719625 5.9967337022905
10 15 105 155 180 6
10 16 105 165 180 6
10 17 105 175 180 6
10 18 105 185 180 6
10 19 105 195 180 6
10 20 105 205 180 6
10 21 105 215 180 6
10 22 105 225 180 6
10 23 105 235 180 6
10 24 105 245 180 6
10 25 105 255 180 6
10 26 105 265 180 6
10 27 105 275 180 6
10 28 105 285 180 6
10 29 105 295 180 6
10 30 105 305 180 6
10 31 105 315 180 6
10 32 105 325 180 6
10 33 105 335 180 6
10 34 105 345 180 6
10 35 105 355 180 6
11 0 115 5 180 6
11 1 115 15 180 6
11 2 115 25 180 6
11 3 115 35 180 6
11 4 115 45 180 6
11 5 115 55 180 6
11 6 115 65 180 6
11 7 115 75 180 6
11 8 115 85 180 6
11 9 115 95 180 6
11 10 115 105 180 6
11 11 115 115 180 6
11 12 115 125 180 6
11 13 115 135 180 6
11 14 115 145 180 6
11 15 115 155 180 6
11 16 115 165 180 6
11 17 115 175 180 6
11 18 115 185 180 6
11 19 115 195 180 6
11 20 115 205 180 6
11 21 115 215 180 6
11 22 115 225 180 6
11 23 115 235 180 6
11 24 115 245 180 6
11 25 115 255 180 6
11 26 115 265 180 6
11 27 115 275 180 6
11 28 115 285 180 6
11 29 115 295 180 6
11 30 115 305 180 6
11 31 115 315 180 6
11 32 115 325 180 6
11 33 115 335 180 6
11 34 115 345 180 6
11 35 115 355 180 6
12 0 125 5 180 6
12 1 125 15 180 6
12 2 125 25 180 6
12 3 125 35 180 6
12 4 125 45 180 6
12 5 125 55 180 6
12 6 125 65 180 6
12 7 125 75 180 6
12 8 125 85 180 6
12 9 125 95 180 6
12 10 125 105 179.838363825828 6.13991972100502
12 11 125 115 178.402238934585 7.10605975241559
12 12 125 125 180 6
12 13 125 135 180 6
12 14 125 145 180 6
12 15 125 155 180 6
12 16 125 165 180 6
12 17 125 175 180 6
12 18 125 185 180 6
12 19 125 195 180 6
12 20 125 205 180 6
12 21 125 215 180 6
12 22 125 225 180 6
12 23 125 235 180 6
12 24 125 245 180 6
12 25 125 255 180 6
12 26 125 265 180 6
12 27 125 275 180 6
12 28 125 285 180 6
12 29 125 295 180 6
12 30 125 305 180 6
12 31 125 315 180 6
12 32 125 325 180 6
12 33 125 335 180 6
12 34 125 345 180 6
12 35 125 355 180 6
13 0 135 5 180 6
13 1 135 15 180 6
13 2 135 25 180 6
13 3 135 35 180 6
13 4 135 45 180 6
13 5 135 55 180 6
13 6 135 65 180 6
13 7 135 75 180 6
13 8 135 85 180 6
13 9 135 95 180 6
13 10 135 105 179.942947807089 6.05024966835536
13 11 135 115 179.393319654016 6.48887723205749
13 12 135 125 180 6
13 13 135 135 180 6
13 14 135 145 180 6
13 15 135 155 180 6
13 16 135 165 180 6
13 17 135 175 180 6
13 18 135 185 180 6
13 19 135 195 180 6
13 20 135 205 180 6
13 21 135 215 180 6
13 22 135 225 180 6
13 23 135 235 180 6
13 24 135 245 180 6
13 25 135 255 180 6
13 26 135 265 180 6
13 27 135 275 180 6
13 28 135 285 180 6
13 29 135 295 180 6
13 30 135 305 180 6
13 31 135 315 180 6
13 32 135 325 180 6
13 33 135 335 180.071572150858 6.03709538490374
13 34 135 345 180.045244406593 6.02357532373549
13 35 135 355 180 6
14 0 145 5 180 6
14 1 145 15 180 6
14 2 145 25 180 6
14 3 145 35 180 6
14 4 145 45 180 6
14 5 145 55 180 6
14 6 145 65 180 6
14 7 145 75 180 6
14 8 145 85 180 6
14 9 145 95 180 6
14 10 145 105 180 6
14 11 145 115 180 6
14 12 145 125 180 6
14 13 145 135 180 6
14 14 145 145 180 6
14 15 145 155 180 6
14 16 145 165 180 6
14 17 145 175 180 6
14 18 145 185 180 6
14 19 145 195 180 6
14 20 145 205 180 6
14 21 145 215 180 6
14 22 145 225 180 6
14 23 145 235 180 6
14 24 145 245 180 6
14 25 145 255 180 6
14 26 145 265 180 6
14 27 145 275 180 6
14 28 145 285 180 6
14 29 145 295 180 6
14 30 145 305 180 6
14 31 145 315 180 6
14 32 145 325 180 6
14 33 145 335 181.025893636481 6.43593509800382
14 34 145 345 180.672500062696 6.30804526398361
14 35 145 355 180 6
15 0 155 5 180 6
15 1 155 15 180 6
15 2 155 25 180 6
15 3 155 35 180 6
15 4 155 45 180 6
15 5 155 55 180 6
15 6 155 65 180 6
15 7 155 75 180 6
15 8 155 85 180 6
15 9 155 95 180 6
15 10 155 105 180 6
15 11 155 115 180 6
15 12 155 125 180 6
15 13 155 135 180 6
15 14 155 145 180 6
15 15 155 155 180 6
15 16 155 165 180 6
15 17 155 175 180 6
15 18 155 185 180 6
15 19 155 195 180 6
15 20 155 205 180 6
15 21 155 215 180 6
15 22 155 225 180 6
15 23 155 235 180 6
15 24 155 245 180 6
15 25 155 255 180 6
15 26 155 265 180 6
15 27 155 275 180 6
15 28 155 285 180 6
15 29 155 295 180 6
15 30 155 305 180 6
15 31 155 315 180 6
15 32 155 325 181.136279088292 6.84743963663475
15 33 155 335 180.718706389114 6.57164407928761
15 34 155 345 180 6
15 35 155 355 180 6
16 0 165 5 180 6
16 1 165 15 180 6
16 2 165 25 180 6
16 3 165 35 180 6
16 4 165 45 180 6
16 5 165 55 180 6
16 6 165 65 180 6
16 7 165 75 180 6
16 8 165 85 180 6
16 9 165 95 180 6
16 10 165 105 180 6
16 11 165 115 180 6
16 12 165 125 180 6
16 13 165 135 180 6
16 14 165 145 180 6
16 15 165 155 180 6
16 16 165 165 180 6
16 17 165 175 180 6
16 18 165 185 180 6
16 19 165 195 180 6
16 20 165 205 180 6
16 21 165 215 180 6
16 22 165 225 180 6
16 23 165 235 180 6
16 24 165 245 180 6
16 25 165 255 180 6
16 26 165 265 180 6
16 27 165 275 180 6
16 28 165 285 180 6
16 29 165 295 180 6
16 30 165 305 180 6
16 31 165 315 179.570779099185 5.97181679414531
16 32 165 325 180.146655189651 6.33106448413018
16 33 165 335 180.252686939495 6.2164644488159
16 34 165 345 180 6
16 35 165 355 180 6
17 0 175 5 180 6
17 1 175 15 180 6
17 2 175 25 180 6
17 3 175 35 180 6
17 4 175 45 180 6
17 5 175 55 180 6
17 6 175 65 180 6
17 7 175 75 180 6
17 8 175 85 180 6
17 9 175 95 180 6
17 10 175 105 180 6
17 11 175 115 180 6
17 12 175 125 180.007213988719 5.97174202363633
17 13 175 135 180.099405636572 5.59725351011723
17 14 175 145 180 6
17 15 175 155 179.95953852508 5.59502158415794
17 16 175 165 179.957162355068 5.90074559666177
17 17 175 175 179.960283441953 5.97765544206914
17 18 175 185 180 6
17 19 175 195 180 6
17 20 175 205 180 6
17 21 175 215 180 6
17 22 175 225 180 6
17 23 175 235 180 6
17 24 175 245 180 6
17 25 175 255 180 6
17 26 175 265 180 6
17 27 175 275 180 6
17 28 175 285 180 6
17 29 175 295 180 6
17 30 175 305 180 6
17 31 175 315 179.735369930779 5.98627880363968
17 32 175 325 179.84674071773 5.99348136172548
17 33 175 335 180 6
17 34 175 345 180 6
17 35 175 355 180 6
18 0 185 5 180 6
18 1 185 15 180 6
18 2 185 25 180 6
18 3 185 35 180 6
18 4 185 45 180 6
18 5 185 55 180 6
18 6 185 65 180 6
18 7 185 75 180 6
18 8 185 85 180 6
18 9 185 95 180 6
18 10 185 105 180 6
18 11 185 115 180.356030080349 5.73893620046069
18 12 185 125 180.140337809817 5.89571744008536
18 13 185 135 179.473623497979 6.25189484927529
18 14 185 145 178.767956629106 6.30362442593804
18 15 185 155 179.010282374425 5.9662804333032
18 16 185 165 179.257276126576 5.67311662105173
18 17 185 175 179.353207303493 5.52052363720539
18 18 185 185 180.013481500982 5.96362724810668
18 19 185 195 180 6
18 20 185 205 180 6
18 21 185 215 180 6
18 22 185 225 180 6
18 23 185 235 180 6
18 24 185 245 180 6
18 25 185 255 180 6
18 26 185 265 180 6
18 27 185 275 180 6
18 28 185 285 180 6
18 29 185 295 180 6
18 30 185 305 180 6
18 31 185 315 180 6
18 32 185 325 180 6
18 33 185 335 180 6
18 34 185 345 180.106899788753 5.85272501954505
18 35 185 355 180.070149530708 5.90398831139393
19 0 195 5 180 6
19 1 195 15 180 6
19 2 195 25 180 6
19 3 195 35 180 6
19 4 195 45 180 6
19 5 195 55 180 6
19 6 195 65 180 6
19 7 195 75 180 6
19 8 195 85 180 6
19 9 195 95 180 6
19 10 195 105 180 6
19 11 195 115 180.058343365003 5.95946004535799
19 12 195 125 180.166268311264 5.56732219842606
19 13 195 135 179.31514183495 5.72353267334381
19 14 195 145 177.935585176605 5.31483703691797
19 15 195 155 177.637028725244 5.23329518011561
19 16 195 165 177.688007094418 5.23980733983277
19 17 195 175 178.926949344565 5.50582950920853
19 18 195 185 179.770730161056 6.04094200421941
19 19 195 195 180 6
19 20 195 205 180 6
19 21 195 215 180 6
19 22 195 225 180 6
19 23 195 235 180 6
19 24 195 245 180 6
19 25 195 255 180 6
19 26 195 265 180 6
19 27 195 275 180 6
19 28 195 285 180 6
19 29 195 295 180 6
19 30 195 305 181.674986335361 6.91045094504452
19 31 195 315 182.116341679717 7.5206805114982
19 32 195 325 180 6
19 33 195 335 180 6
19 34 195 345 180.118545449399 5.83633814270516
19 35 195 355 180.077959538158 5.8931505469364
20 0 205 5 180 6
20 1 205 15 180 6
20 2 205 25 180 6
20 3 205 35 180 6
20 4 205 45 180.295217632525 5.96448708237228
20 5 205 55 180.283845060028 5.96612958719356
20 6 205 65 180.018373850758 6.01149070487391
20 7 205 75 180.536266299187 6.304806988316
20 8 205 85 180.047898267976 6.02331563217152
20 9 205 95 180.789574970002 6.52042111846254
20 10 205 105 180.57739166994 6.69138720049924
20 11 205 115 180.943158426787 6.27728923771961
20 12 205 125 180.807632811679 5.98444152416923
20 13 205 135 178.9650215882 6.06369612601954
20 14 205 145 178.546107089533 5.90011304885352
20 15 205 155 176.865114158034 5.31149779088627
20 16 205 165 177.236536902329 4.83303105315805
20 17 205 175 177.736756239455 5.49809719166732
20 18 205 185 179.208930179275 5.57823566122711
20 19 205 195 179.998793129107 5.99990130962177
20 20 205 205 180 6
20 21 205 215 180 6
20 22 205 225 180 6
20 23 205 235 180 6
20 24 205 245 180 6
20 25 205 255 180 6
20 26 205 265 180 6
20 27 205 275 180 6
20 28 205 285 180 6
20 29 205 295 180 6
20 30 205 305 180.311554493879 6.17246577244856
20 31 205 315 180.210736564883 6.17172943874423
20 32 205 325 178.369937832727 7.71057547090659
20 33 205 335 180.020615753261 6.58402043807624
20 34 205 345 180.453209555805 6.01276219057096
20 35 205 355 180.276607000439 6.04995346539481
21 0 215 5 180.515158997586 5.77228399239139
21 1 215 15 180.294639686779 5.68577349623804
21 2 215 25 179.672998466264 5.6841410678512
21 3 215 35 180.436927926298 5.64248326112739
21 4 215 45 180.420844440397 5.89496183549544
21 5 215 55 180.255111249276 5.93534188079312
21 6 215 65 180.467113586905 5.92509468845847
21 7 215 75 181.805666785332 6.83105556656567
21 8 215 85 180.356943985355 6.07171023635712
21 9 215 95 181.457288564823 6.35466193567547
21 10 215 105 180.140221040424 5.92667980626124
21 11 215 115 180.663330296713 6.43224941820395
21 12 215 125 180.055544003652 5.86842806146851
21 13 215 135 178.266458728199 5.84648071038871
21 14 215 145 177.783465362419 5.45481463751779
21 15 215 155 177.29379449517 5.33810886029652
21 16 215 165 176.991983635239 5.46354258635503
21 17 215 175 176.622004900718 5.52711112105174
21 18 215 185 177.621256096282 5.31238809893121
21 19 215 195 179.5442082237 5.93242658839219
21 20 215 205 180 6
21 21 215 215 180 6
21 22 215 225 180 6
21 23 215 235 180.261409513799 5.84302270849112
21 24 215 245 180.432744589152 6.25496863442471
21 25 215 255 180.107252714832 6.08987454077625
21 26 215 265 180 6
21 27 215 275 180.069324921556 6.07655979121918
21 28 215 285 180.525176383542 6.53336554253317
21 29 215 295 180.004466884931 5.99658032294859
21 30 215 305 180 6
21 31 215 315 181.641087686436 7.21809967125436
21 32 215 325 180.410535017918 7.19103309651559
21 33 215 335 181.010339747356 6.44199717699639
21 34 215 345 180.856758777589 5.83696422957156
21 35 215 355 180.930657458258 6.13604327650262
22 0 225 5 183.433686717356 5.40443911309537
22 1 225 15 181.223571621551 5.8326411885445
22 2 225 25 181.044705436511 5.39811552162012
22 3 225 35 181.706161958535 6.01216344303106
22 4 225 45 181.296487913699 6.08041373349613
22 5 225 55 179.833378964305 6.59120854438392
22 6 225 65 183.356655545074 7.20734299708321
22 7 225 75 184.85944288385 7.50676949521368
22 8 225 85 182.654863376854 5.99841526988833
22 9 225 95 182.636980730731 6.06428723239922
22 10 225 105 181.201759211105 5.80709285493865
22 11 225 115 181.4142973702 5.38123503081608
22 12 225 125 180.448949119161 5.0507945109522
22 13 225 135 178.691240180708 5.34330612091709
22 14 225 145 177.954724423237 5.6515345249955
22 15 225 155 177.295077370298 5.61901493100822
22 16 225 165 176.430867040805 5.91980270341387
22 17 225 175 177.334632421039 5.83454485732903
22 18 225 185 178.601205198571 5.6785752250999
22 19 225 195 180.041778456911 4.96294115666438
22 20 225 205 180.224663196236 5.93557762881964
22 21 225 215 179.878219194198 6.05092706002132
22 22 225 225 179.962416423441 6.01644011514292
22 23 225 235 180.474509316132 6.24803360949064
22 24 225 245 181.695800406835 7.03209883379783
22 25 225 255 180.446227035954 6.34290500712401
22 26 225 265 180 6
22 27 225 275 180.322640648428 6.26209564994009
22 28 225 285 181.949053580461 7.01189758145077
22 29 225 295 181.829137303694 5.2352626263675
22 30 225 305 183.473265094328 6.09653733213079
22 31 225 315 182.684491414265 5.9777738846247
22 32 225 325 183.3968163847 5.83098041147211
22 33 225 335 184.515517187964 6.72525236751516
22 34 225 345 184.309991239162 6.16925127294527
22 35 225 355 183.078954722877 5.68539232560147
23 0 235 5 181.681059139883 5.94099461025703
23 1 235 15 180.189427479128 5.35688412880091
23 2 235 25 179.792993353189 5.44481322263405
23 3 235 35 179.622132112551 5.21503760908068
23 4 235 45 180.171577322449 5.99335733971567
23 5 235 55 178.944556539019 7.27173056050053
23 6 235 65 181.285730744959 6.55987702511172
23 7 235 75 182.751999898117 6.20164868278347
23 8 235 85 183.824584686807 6.23897670083524
23 9 235 95 184.215834225572 6.16213880104445
23 10 235 105 183.834697210485 5.98053055008116
23 11 235 115 182.636609817448 5.47341752807605
23 12 235 125 180.492046256904 5.06006268740921
23 13 235 135 179.377598322964 5.10609823201993
23 14 235 145 178.729345098643 5.16099255325265
23 15 235 155 177.878792068518 5.64724843272852
23 16 235 165 177.823343676021 5.59723338033553
23 17 235 175 178.777475033589 5.5232625019584
23 18 235 185 179.102123724067 5.99094819708939
23 19 235 195 179.795661544196 5.4919420300336
23 20 235 205 180.733101011981 5.0214660649873
23 21 235 215 178.821739296986 6.14892105269902
23 22 235 225 180.442235168629 6.18296185381769
23 23 235 235 180.856588220419 6.4280481696268
23 24 235 245 180.907035222961 6.19815410718122
23 25 235 255 180.577074357022 5.52074543822943
23 26 235 265 180.129176757282 5.75391494172259
23 27 235 275 181.549369989837 5.56403407052594
23 28 235 285 181.682760270181 5.86280990138152
23 29 235 295 183.691882692598 6.59758304465144
23 30 235 305 183.309236612807 6.06344233384274
23 31 235 315 184.055845127122 5.87915780046948
23 32 235 325 184.470515492425 5.32511737255714
23 33 235 335 183.509968349267 5.41622001878205
23 34 235 345 182.861535601954 5.39947245783249
23 35 235 355 182.439301494132 5.36905685736726
24 0 245 5 180.668813721028 5.31391374137849
24 1 245 15 179.885215164714 5.33340050663791
24 2 245 25 178.47664424068 5.69030283995313
24 3 245 35 178.610621550461 5.30272405814666
24 4 245 45 179.192330595979 5.63393522694937
24 5 245 55 179.829326592773 7.07509436084654
24 6 245 65 179.448772558093 6.35960145409304
24 7 245 75 180.200289384136 8.30743105355955
24 8 245 85 183.987514193174 6.54298839408068
24 9 245 95 184.587456004079 5.85967844555386
24 10 245 105 184.042683426553 5.4015009986957
24 11 245 115 182.747961470409 5.58855722916117
24 12 245 125 180.814946128231 5.30244277579676
24 13 245 135 179.507857459985 5.20760332049518
24 14 245 145 178.707192837898 5.24580819192669
24 15 245 155 178.655064322864 5.66030009894354
24 16 245 165 178.71952281295 5.57596459024272
24 17 245 175 179.799937033455 5.34265526243072
24 18 245 185 180.787962471033 5.38936510226894
24 19 245 195 181.273297970238 5.91198547385199
24 20 245 205 180.148362012751 5.38365982049336
24 21 245 215 180.085001496804 5.48245326747294
24 22 245 225 181.103658891895 6.60432936337494
24 23 245 235 180.661500627449 7.58547643384578
24 24 245 245 180.43763127351 6.23849693733106
24 25 245 255 180.4442254545 5.65283500632487
24 26 245 265 180.585093687442 5.5963300836553
24 27 245 275 179.960419247599 6.5371541162843
24 28 245 285 180.393888414302 6.53031666350136
24 29 245 295 182.710144609122 6.07336214252591
24 30 245 305 182.773379400443 5.99754766133565
24 31 245 315 183.194577917009 5.92193191775872
24 32 245 325 183.675199533326 5.69979707620313
24 33 245 335 182.326363429116 5.11109782745599
24 34 245 345 181.514635971737 5.28732170446681
24 35 245 355 181.134999049312 5.45835033677753
25 0 255 5 180.265959143895 5.03908193955643
25 1 255 15 179.200168694848 5.70152597154697
25 2 255 25 178.131581250658 5.84874098136328
25 3 255 35 178.0430446106 5.80588095498794
25 4 255 45 179.476541443339 5.33693447705895
25 5 255 55 179.575319660221 5.5741449376454
25 6 255 65 181.749176995698 6.77583268178992
25 7 255 75 179.678776744233 8.94787300817654
25 8 255 85 183.244934329201 6.77457858520193
25 9 255 95 184.711706626301 5.59103703418005
25 10 255 105 184.746825753022 5.58851143084886
25 11 255 115 183.037611088711 5.29001372646837
25 12 255 125 181.464835494089 5.38280171032316
25 13 255 135 179.492379406613 5.22483253734019
25 14 255 145 178.645017497522 5.03133521752458
25 15 255 155 178.484957071139 5.44385413425666
25 16 255 165 179.226534246404 5.8134610143697
25 17 255 175 180.034037218968 5.26117342472095
25 18 255 185 181.659590387322 5.80961908365811
25 19 255 195 182.933112287659 6.19578518574776
25 20 255 205 180.150536309254 5.35774072045533
25 21 255 215 180.118809680106 5.58868062175711
25 22 255 225 180.751754801782 7.58751119196443
25 23 255 235 180.463913150559 8.70184536046141
25 24 255 245 180.521419293545 6.2482940601365
25 25 255 255 180.776547664841 5.79607037940591
25 26 255 265 179.849531770827 6.07694485643515
25 27 255 275 178.811594730035 6.05978370630641
25 28 255 285 177.840022611661 6.78847144769678
25 29 255 295 181.455111895274 6.77568122831933
25 30 255 305 182.400857274706 5.9164509373353
25 31 255 315 182.667949420975 5.66650495927728
25 32 255 325 183.117347408806 5.80625565842667
25 33 255 335 181.661394919611 4.92521439579233
25 34 255 345 180.552091079074 5.10835430589073
25 35 255 355 180.764854559271 5.51453996547335
26 0 265 5 179.749390295722 5.11860298054773
26 1 265 15 178.544057696697 5.35264088119014
26 2 265 25 177.999272667131 5.26593789016601
26 3 265 35 178.2750840609 5.15259974599957
26 4 265 45 179.294220886353 5.55556416402501
26 5 265 55 180.301083235785 5.47928188877922
26 6 265 65 181.863824018334 5.73204114323016
26 7 265 75 182.166092131356 6.3165213046841
26 8 265 85 184.426102353136 6.26670657582828
26 9 265 95 185.45541499218 6.03123753662369
26 10 265 105 184.137676619455 5.90159493705424
26 11 265 115 182.820647885816 5.40381127545814
26 12 265 125 181.302805178398 5.28616876515991
26 13 265 135 179.584927569511 5.06478357309441
26 14 265 145 178.240323999784 5.07072897470389
26 15 265 155 177.758864946576 5.67197680753172
26 16 265 165 178.174933466487 6.18906171357949
26 17 265 175 180.247704078889 5.55580071583295
26 18 265 185 181.41072661183 6.6158996912709
26 19 265 195 181.405025399101 7.7050394276911
26 20 265 205 181.034157132167 5.99063770945716
26 21 265 215 180.362343998041 6.06252150712728
26 22 265 225 180.012226782533 6.01079863914986
26 23 265 235 181.841744105942 7.22270749252458
26 24 265 245 180 6
26 25 265 255 180.272588591782 5.78570462098155
26 26 265 265 179.846557829947 5.9865832410664
26 27 265 275 179.283091933159 5.80979853564799
26 28 265 285 179.981502118297 9.09834117420075
26 29 265 295 181.275296924629 7.00777221149309
26 30 265 305 182.165524982451 5.98736378660263
26 31 265 315 182.32409818897 5.39860578667547
26 32 265 325 182.226406251046 5.4004747874937
26 33 265 335 181.701018020464 5.44677326943838
26 34 265 345 180.633548365619 5.33008774979616
26 35 265 355 180.191934608653 5.22271083723493
27 0 275 5 179.323188882315 5.40319604980856
27 1 275 15 177.871672897587 5.52314038170287
27 2 275 25 177.913383717748 6.18934528048291
27 3 275 35 178.592019236032 5.59099178719716
27 4 275 45 179.956556152465 5.20891768033555
27 5 275 55 181.298667312102 5.90423691740764
27 6 275 65 182.541847925853 6.01361177623315
27 7 275 75 183.918834617956 6.43765093185898
27 8 275 85 185.245704943454 6.34313482658072
27 9 275 95 185.037466212729 6.00062070258516
27 10 275 105 185.190593074539 5.60946033533068
27 11 275 115 183.303605878182 5.15537142337632
27 12 275 125 181.131804194576 5.03285947142077
27 13 275 135 179.423072763469 5.03710263539211
27 14 275 145 178.049427741163 5.2091619385021
27 15 275 155 177.832838231883 5.43942780889217
27 16 275 165 178.158649760924 5.78946748677884
27 17 275 175 179.942879729017 5.68652664009112
27 18 275 185 181.186335568225 7.04957675403377
27 19 275 195 180.961231266702 7.48485538090709
27 20 275 205 181.292047046494 6.85928347639583
27 21 275 215 180.306340616856 6.33928171597541
27 22 275 225 180 6
27 23 275 235 179.901525388439 5.9605084147581
27 24 275 245 179.562559573264 5.65579027010007
27 25 275 255 180.426479862769 5.71276969111625
27 26 275 265 180.418407315233 5.63268959735539
27 27 275 275 179.639462230189 6.35915250430627
27 28 275 285 182.084450643886 9.35460853614986
27 29 275 295 181.705033451443 6.72013852985468
27 30 275 305 182.118197943076 5.9821120383029
27 31 275 315 182.047784320815 5.55448342493577
27 32 275 325 181.875754091734 5.36122851953116
27 33 275 335 181.666754163922 5.60765505757581
27 34 275 345 181.846999311191 5.52567786878961
27 35 275 355 180.681108590002 5.28380383383793
28 0 285 5 178.521259061611 5.74493817569738
28 1 285 15 178.128171624278 5.88372083532194
28 2 285 25 180.236466466042 7.73558821137317
28 3 285 35 179.661197950016 6.0557279793245
28 4 285 45 180.401974144349 5.58610728190365
28 5 285 55 180.161544996067 5.85916841553897
28 6 285 65 182.494560808447 7.3009744942218
28 7 285 75 183.399863655425 6.39797972378166
28 8 285 85 184.702255932305 7.06888104444918
28 9 285 95 185.415775991579 6.39369981806396
28 10 285 105 184.570917205048 5.66829102227108
28 11 285 115 183.13750864066 4.97002853979993
28 12 285 125 181.184159035923 5.01956288392258
28 13 285 135 179.544943657028 4.88063951622673
28 14 285 145 178.538431045285 4.85333486929259
28 15 285 155 177.875495483941 5.37825329459652
28 16 285 165 178.450831299658 6.08684664919277
28 17 285 175 179.716856813778 6.53264123021731
28 18 285 185 180.293470053464 6.72871530737468
28 19 285 195 180.475007230921 4.8820225429227
28 20 285 205 180.993011462342 6.72303452197498
28 21 285 215 180.154835414658 6.18004780455759
28 22 285 225 180 6
28 23 285 235 179.999044563756 5.99962585213075
28 24 285 245 180.024641333978 5.97635006373839
28 25 285 255 180.066896620209 5.95458775543834
28 26 285 265 180 6
28 27 285 275 180.134270059207 6.34631592437434
28 28 285 285 179.000373791033 6.96826812345821
28 29 285 295 179.584488234771 6.65941482963944
28 30 285 305 180.665835759647 6.21349932363324
28 31 285 315 181.28230879136 5.51703175367013
28 32 285 325 181.150655542987 5.44149978628133
28 33 285 335 181.141782429754 5.73311303229107
28 34 285 345 180.879903907563 5.71933518864935
28 35 285 355 180.052434177323 5.4129852424818
29 0 295 5 177.243754367071 5.60588809502193
29 1 295 15 178.989854529316 5.75867596449075
29 2 295 25 180.026182349171 5.7126181413122
29 3 295 35 180 6
29 4 295 45 180 6
29 5 295 55 180 6
29 6 295 65 182.044457642483 8.58041047922284
29 7 295 75 181.200885527444 6.35148970652837
29 8 295 85 183.567408909942 7.11535684351547
29 9 295 95 183.569891235296 7.07188121951782
29 10 295 105 182.537550323304 5.69258058009047
29 11 295 115 182.992918090474 5.2126158777516
29 12 295 125 181.224263262971 4.97973801209035
29 13 295 135 180.073797630036 4.89796935236629
29 14 295 145 178.989435379273 5.17637235641542
29 15 295 155 178.572380063373 5.74021549079808
29 16 295 165 179.104456501064 5.58807748792886
29 17 295 175 179.756717696267 6.02244829950434
29 18 295 185 180.902865501962 4.98294218488473
29 19 295 195 180.029328302566 5.80032581836467
29 20 295 205 180 6
29 21 295 215 180 6
29 22 295 225 180 6
29 23 295 235 180 6
29 24 295 245 180 6
29 25 295 255 180 6
29 26 295 265 180 6
29 27 295 275 180.200696432824 6.02440157565396
29 28 295 285 180.123887758736 6.13364507257996
29 29 295 295 180.14858671056 7.15853149855505
29 30 295 305 180.874608237104 5.54830758111086
29 31 295 315 180.886970463594 5.18517289246317
29 32 295 325 180.590654366098 5.12558620253416
29 33 295 335 180.011305806755 5.19389483330365
29 34 295 345 179.267794970637 4.58356579850066
29 35 295 355 178.35441052819 4.47197418063581
30 0 305 5 179.326781726315 4.84326116139711
30 1 305 15 179.955551776698 5.95608452100584
30 2 305 25 180 6
30 3 305 35 180 6
30 4 305 45 180 6
30 5 305 55 180 6
30 6 305 65 180 6
30 7 305 75 180 6
30 8 305 85 180.228136652062 6.02648745076581
30 9 305 95 180.607146238071 5.7942962099993
30 10 305 105 179.110403139742 6.02754395347519
30 11 305 115 180.640940071708 5.17792182625925
30 12 305 125 181.218754982968 4.55310297776441
30 13 305 135 180.476722669217 4.67291820162108
30 14 305 145 179.553512378478 5.13812969075153
30 15 305 155 178.954024900106 5.71462091221537
30 16 305 165 179.459442694982 5.34975019504305
30 17 305 175 179.70028962199 4.94051447135801
30 18 305 185 179.270976582816 5.90558207011493
30 19 305 195 180 6
30 20 305 205 180 6
30 21 305 215 180 6
30 22 305 225 180 6
30 23 305 235 180 6
30 24 305 245 180 6
30 25 305 255 180 6
30 26 305 265 180 6
30 27 305 275 180 6
30 28 305 285 179.348658420057 5.94604706612601
30 29 305 295 179.642536148504 7.52287112488708
30 30 305 305 180.80345822166 6.50233158788493
30 31 305 315 180.680237144906 5.84916424327042
30 32 305 325 180.905277549514 4.81005682096718
30 33 305 335 180.329688576823 3.96013263325884
30 34 305 345 179.599258893058 3.65905379592427
30 35 305 355 178.857175163297 3.81027462582008
31 0 315 5 179.998606235341 5.99281006231636
31 1 315 15 180 6
31 2 315 25 180 6
31 3 315 35 180 6
31 4 315 45 180 6
31 5 315 55 180 6
31 6 315 65 180 6
31 7 315 75 180 6
31 8 315 85 180 6
31 9 315 95 180.020382304896 5.98218161131192
31 10 315 105 179.902111370549 5.93634194552982
31 11 315 115 180.014992935791 5.15064463172862
31 12 315 125 180.136230262003 4.79059842214889
31 13 315 135 180.519038086755 4.57409954816192
31 14 315 145 180.417602638393 5.10796226698656
31 15 315 155 179.568473678556 6.08472974736367
31 16 315 165 180.225633302573 5.72642093932588
31 17 315 175 179.992543183322 5.6239039650443
31 18 315 185 180 6
31 19 315 195 180 6
31 20 315 205 180 6
31 21 315 215 180 6
31 22 315 225 180 6
31 23 315 235 180 6
31 24 315 245 180 6
31 25 315 255 180 6
31 26 315 265 180 6
31 27 315 275 180 6
31 28 315 285 179.892124910075 5.91337725798954
31 29 315 295 180.176269983431 5.85314538330928
31 30 315 305 179.798875318636 5.66563709270325
31 31 315 315 181.260191749536 5.71406222193088
31 32 315 325 181.295239173518 4.55168413945908
31 33 315 335 181.360234528348 3.31009930425127
31 34 315 345 180.15676220535 3.66756532605929
31 35 315 355 180.054234018074 5.3723943188799
32 0 325 5 180 6
32 1 325 15 180 6
32 2 325 25 180 6
32 3 325 35 180 6
32 4 325 45 180 6
32 5 325 55 180 6
32 6 325 65 180 6
32 7 325 75 180 6
32 8 325 85 180 6
32 9 325 95 180 6
32 10 325 105 180 6
32 11 325 115 180.133236491891 6.01692088682322
32 12 325 125 180.628273153867 5.62109699478063
32 13 325 135 180.786060144774 5.59198575887126
32 14 325 145 180.491848763796 6.64325037255109
32 15 325 155 179.648331646116 5.4272922683207
32 16 325 165 180.000414692973 5.99910668611445
32 17 325 175 180 6
32 18 325 185 180 6
32 19 325 195 180 6
32 20 325 205 180 6
32 21 325 215 180 6
32 22 325 225 180 6
32 23 325 235 180 6
32 24 325 245 180 6
32 25 325 255 180 6
32 26 325 265 180 6
32 27 325 275 180 6
32 28 325 285 180.000460935751 5.99071017510685
32 29 325 295 180.686814178817 6.05603013705843
32 30 325 305 180.230160161048 5.66059355135427
32 31 325 315 181.826262032689 5.08614419364805
32 32 325 325 181.537849383627 5.1199533670829
32 33 325 335 180.65613563283 4.99956610465163
32 34 325 345 180.128122684653 5.68965911226184
32 35 325 355 180 6
33 0 335 5 180 6
33 1 335 15 180 6
33 2 335 25 180 6
33 3 335 35 180 6
33 4 335 45 180 6
33 5 335 55 180 6
33 6 335 65 180 6
33 7 335 75 180 6
33 8 335 85 180 6
33 9 335 95 180 6
33 10 335 105 180 6
33 11 335 115 180.371288709425 6.46129376670351
33 12 335 125 181.348550257267 6.99407289085136
33 13 335 135 180.007139905293 5.58157071530833
33 14 335 145 179.991660051154 5.96604851211226
33 15 335 155 179.978907683973 5.97373370281429
33 16 335 165 180 6
33 17 335 175 180 6
33 18 335 185 180 6
33 19 335 195 180 6
33 20 335 205 180 6
33 21 335 215 180 6
33 22 335 225 180 6
33 23 335 235 180 6
33 24 335 245 180 6
33 25 335 255 180 6
33 26 335 265 179.559506529286 5.99819727093198
33 27 335 275 179.886256219323 6.00263113956135
33 28 335 285 180.005523532632 5.88771031894408
33 29 335 295 180.018880238233 5.60686877883183
33 30 335 305 180.129562652638 5.88453296997149
33 31 335 315 180.609442786018 5.6824762755872
33 32 335 325 180.108944128459 6.04278924274799
33 33 335 335 180 6
33 34 335 345 180 6
33 35 335 355 180 6
34 0 345 5 180 6
34 1 345 15 180 6
34 2 345 25 180 6
34 3 345 35 180 6
34 4 345 45 180 6
34 5 345 55 180 6
34 6 345 65 180 6
34 7 345 75 180 6
34 8 345 85 180 6
34 9 345 95 180 6
34 10 345 105 180 6
34 11 345 115 180.223976719932 5.81734212148328
34 12 345 125 180.532887251171 6.30178942906683
34 13 345 135 180 6
34 14 345 145 180 6
34 15 345 155 180 6
34 16 345 165 180 6
34 17 345 175 180 6
34 18 345 185 180 6
34 19 345 195 180 6
34 20 345 205 180 6
34 21 345 215 180 6
34 22 345 225 180 6
34 23 345 235 180 6
34 24 345 245 180 6
34 25 345 255 180 6
34 26 345 265 179.521080504152 5.99650570748197
34 27 345 275 179.875716752348 6.00276577652312
34 28 345 285 180 6
34 29 345 295 180 6
34 30 345 305 180.00420302234 5.99712947004595
34 31 345 315 180.01552030032 5.98937862799793
34 32 345 325 180 6
34 33 345 335 180 6
34 34 345 345 180 6
34 35 345 355 180 6
35 0 355 5 180 6
35 1 355 15 180 6
35 2 355 25 180 6
35 3 355 35 180 6
35 4 355 45 180 6
35 5 355 55 180 6
35 6 355 65 180 6
35 7 355 75 180 6
35 8 355 85 180 6
35 9 355 95 180 6
35 10 355 105 180 6
35 11 355 115 180.010163788504 5.96366193206528
35 12 355 125 180.005070070779 5.98190298915484
35 13 355 135 180 6
35 14 355 145 180 6
35 15 355 155 180 6
35 16 355 165 180 6
35 17 355 175 180 6
35 18 355 185 180 6
35 19 355 195 180 6
35 20 355 205 180 6
35 21 355 215 180 6
35 22 355 225 180 6
35 23 355 235 180 6
35 24 355 245 180 6
35 25 355 255 180 6
35 26 355 265 180 6
35 27 355 275 180 6
35 28 355 285 179.299304883276 6.60314064101889
35 29 355 295 179.334050656391 6.57629583827417
35 30 355 305 180 6
35 31 355 315 180 6
35 32 355 325 180 6
35 33 355 335 180 6
35 34 355 345 180 6
35 35 355 355 180 6
