# Disulfide score based on the angle Ca-Cb-Sg.
#
# Based on the farlx_csang_score_2 made by Bill Schief in 2002:
# rosetta++/disulfides.cc::Disulfides::farlx_csang_score_2_initializer

# Units: degrees
@minimum 50
@step 1.0
@maximum 151
@bins left
@periodic false

10.000
10.000
10.000
10.000
10.000
10.000
10.000
10.000
10.000
10.000
10.000
10.000
10.000
10.000
10.000
10.000
9.999
9.999
9.998
9.997
9.995
9.992
9.987
9.980
9.969
9.954
9.932
9.901
9.858
9.799
9.719
9.614
9.475
9.298
9.073
8.793
8.450
8.037
7.549
6.981
6.333
5.608
4.811
3.954
3.054
2.129
1.204
0.306
-0.537
-1.295
-1.940
-2.448
-2.798
-2.977
-2.977
-2.798
-2.448
-1.940
-1.295
-0.537
0.306
1.204
2.129
3.054
3.954
4.811
5.608
6.333
6.981
7.549
8.037
8.450
8.793
9.073
9.298
9.475
9.614
9.719
9.799
9.858
9.901
9.932
9.954
9.969
9.980
9.987
9.992
9.995
9.997
9.998
9.999
9.999
10.000
10.000
10.000
10.000
10.000
10.000
10.000
10.000
10.000
