

VARS   PHI PSI -180 -175 -170 -165 -160 -155 -150 -145 -140 -135 -130 -125 -120 -115 -110 -105 -100 -95 -90 -85 -80 -75 -70 -65 -60 -55 -50 -45 -40 -35 -30 -25 -20 -15 -10 -5 0 5 10 15 20 25 30 35 40 45 50 55 60 65 70 75 80 85 90 95 100 105 110 115 120 125 130 135 140 145 150 155 160 165 170 175 
FORMAT %8.3f %8.3f %6.3f %6.3f %6.3f %6.3f %6.3f %6.3f %6.3f %6.3f %6.3f %6.3f %6.3f %6.3f %6.3f %6.3f %6.3f %6.3f %6.3f %6.3f %6.3f %6.3f %6.3f %6.3f %6.3f %6.3f %6.3f %6.3f %6.3f %6.3f %6.3f %6.3f %6.3f %6.3f %6.3f %6.3f %6.3f %6.3f %6.3f %6.3f %6.3f %6.3f %6.3f %6.3f %6.3f %6.3f %6.3f %6.3f %6.3f %6.3f %6.3f %6.3f %6.3f %6.3f %6.3f %6.3f %6.3f %6.3f %6.3f %6.3f %6.3f %6.3f %6.3f %6.3f %6.3f %6.3f %6.3f %6.3f %6.3f %6.3f %6.3f %6.3f %6.3f %6.3f

-180.000 -180.000  1.047  1.056  1.063  1.066  1.061  1.041  0.999  0.938  0.899  0.966  1.154  1.338  1.439  1.473  1.474  1.462  1.446  1.428  1.410  1.394  1.379  1.365  1.354  1.350  1.371  1.474  1.705  1.935  2.047  2.073  2.057  2.036  2.069  2.203  2.389  2.539  2.624  2.658  2.656  2.631  2.585  2.515  2.417  2.282  2.109  1.905  1.699  1.532  1.431  1.390  1.381  1.372  1.333  1.251  1.148  1.066  1.024  1.015  1.023  1.036  1.047  1.052  1.051  1.045  1.037  1.028  1.021  1.018  1.018  1.022  1.029  1.037
-175.000 -175.000  1.067  1.077  1.085  1.088  1.082  1.061  1.016  0.948  0.898  0.950  1.126  1.323  1.449  1.504  1.519  1.514  1.501  1.483  1.463  1.443  1.422  1.402  1.386  1.387  1.448  1.628  1.850  1.987  2.043  2.050  2.021  1.963  1.903  1.886  1.956  2.089  2.215  2.285  2.295  2.259  2.187  2.086  1.959  1.811  1.653  1.506  1.392  1.326  1.307  1.317  1.335  1.339  1.309  1.239  1.150  1.078  1.038  1.026  1.031  1.042  1.053  1.059  1.059  1.054  1.047  1.040  1.035  1.032  1.034  1.039  1.047  1.057
-170.000 -170.000  1.089  1.101  1.110  1.114  1.108  1.086  1.037  0.962  0.899  0.931  1.089  1.284  1.427  1.505  1.539  1.548  1.544  1.532  1.514  1.491  1.465  1.438  1.416  1.431  1.544  1.739  1.895  1.981  2.021  2.025  1.995  1.931  1.842  1.751  1.688  1.677  1.709  1.744  1.747  1.712  1.645  1.559  1.464  1.370  1.289  1.231  1.205  1.208  1.233  1.267  1.297  1.307  1.284  1.225  1.151  1.089  1.052  1.036  1.036  1.044  1.054  1.061  1.062  1.060  1.055  1.050  1.046  1.045  1.048  1.055  1.065  1.077
-165.000 -165.000  1.112  1.126  1.137  1.142  1.138  1.115  1.061  0.976  0.895  0.903  1.033  1.214  1.366  1.465  1.522  1.550  1.560  1.557  1.544  1.521  1.489  1.452  1.427  1.465  1.607  1.773  1.887  1.955  1.991  1.996  1.969  1.906  1.814  1.705  1.594  1.492  1.407  1.342  1.291  1.245  1.200  1.156  1.118  1.090  1.076  1.080  1.102  1.138  1.182  1.225  1.259  1.273  1.256  1.210  1.151  1.100  1.065  1.047  1.041  1.045  1.052  1.059  1.062  1.062  1.059  1.056  1.055  1.057  1.062  1.071  1.083  1.098
-160.000 -160.000  1.136  1.152  1.166  1.173  1.169  1.144  1.085  0.986  0.883  0.860  0.956  1.114  1.265  1.381  1.462  1.513  1.542  1.552  1.545  1.521  1.483  1.440  1.424  1.489  1.632  1.769  1.863  1.923  1.957  1.964  1.938  1.879  1.790  1.680  1.561  1.435  1.306  1.182  1.079  1.009  0.968  0.949  0.945  0.953  0.972  1.003  1.043  1.090  1.140  1.185  1.220  1.236  1.227  1.194  1.151  1.111  1.079  1.058  1.047  1.045  1.048  1.054  1.058  1.060  1.060  1.061  1.062  1.066  1.075  1.086  1.102  1.119
-155.000 -155.000  1.160  1.179  1.195  1.203  1.200  1.173  1.105  0.987  0.857  0.803  0.866  0.996  1.138  1.265  1.369  1.446  1.499  1.527  1.532  1.513  1.478  1.444  1.447  1.524  1.649  1.759  1.836  1.889  1.920  1.926  1.902  1.845  1.759  1.654  1.537  1.412  1.280  1.146  1.025  0.938  0.891  0.875  0.879  0.896  0.924  0.960  1.004  1.052  1.100  1.145  1.179  1.199  1.198  1.181  1.153  1.123  1.095  1.071  1.054  1.045  1.044  1.047  1.052  1.056  1.059  1.062  1.067  1.075  1.086  1.101  1.119  1.139
-150.000 -150.000  1.183  1.205  1.223  1.233  1.229  1.197  1.117  0.974  0.816  0.741  0.780  0.887  1.017  1.149  1.272  1.379  1.463  1.520  1.545  1.543  1.521  1.502  1.516  1.582  1.674  1.754  1.813  1.855  1.880  1.883  1.858  1.802  1.718  1.617  1.506  1.390  1.267  1.142  1.027  0.938  0.885  0.863  0.863  0.877  0.902  0.935  0.974  1.018  1.062  1.104  1.138  1.162  1.173  1.171  1.159  1.139  1.114  1.088  1.065  1.049  1.042  1.041  1.045  1.050  1.056  1.062  1.071  1.082  1.096  1.114  1.136  1.159
-145.000 -145.000  1.204  1.228  1.248  1.258  1.252  1.213  1.115  0.946  0.770  0.690  0.722  0.817  0.939  1.076  1.219  1.358  1.480  1.570  1.621  1.634  1.624  1.611  1.618  1.658  1.712  1.760  1.796  1.823  1.837  1.833  1.803  1.745  1.663  1.566  1.464  1.358  1.251  1.144  1.044  0.962  0.908  0.881  0.873  0.879  0.896  0.920  0.952  0.988  1.026  1.064  1.099  1.129  1.153  1.168  1.171  1.160  1.137  1.109  1.081  1.058  1.043  1.038  1.039  1.044  1.051  1.061  1.072  1.087  1.105  1.126  1.151  1.177
-140.000 -140.000  1.222  1.248  1.268  1.278  1.267  1.218  1.099  0.909  0.732  0.668  0.708  0.804  0.929  1.077  1.242  1.413  1.568  1.684  1.750  1.771  1.763  1.746  1.736  1.742  1.758  1.773  1.785  1.792  1.791  1.775  1.737  1.675  1.594  1.503  1.410  1.320  1.231  1.144  1.065  0.998  0.948  0.917  0.901  0.898  0.904  0.917  0.938  0.964  0.995  1.030  1.066  1.104  1.142  1.173  1.188  1.185  1.165  1.135  1.102  1.073  1.051  1.040  1.036  1.040  1.048  1.059  1.073  1.091  1.112  1.136  1.164  1.193
-135.000 -135.000  1.234  1.261  1.281  1.288  1.272  1.210  1.075  0.876  0.718  0.682  0.741  0.848  0.985  1.149  1.336  1.530  1.705  1.833  1.903  1.924  1.913  1.884  1.851  1.822  1.802  1.787  1.775  1.761  1.741  1.709  1.659  1.591  1.512  1.431  1.352  1.279  1.211  1.148  1.090  1.040  0.998  0.967  0.945  0.932  0.926  0.928  0.936  0.950  0.973  1.003  1.042  1.089  1.141  1.186  1.213  1.216  1.198  1.166  1.129  1.094  1.066  1.049  1.041  1.041  1.048  1.059  1.075  1.094  1.117  1.143  1.172  1.203
-130.000 -130.000  1.237  1.263  1.282  1.286  1.264  1.195  1.055  0.867  0.740  0.735  0.815  0.937  1.089  1.268  1.471  1.677  1.857  1.985  2.054  2.073  2.054  2.008  1.946  1.883  1.831  1.791  1.757  1.724  1.684  1.635  1.573  1.502  1.428  1.359  1.298  1.246  1.200  1.159  1.122  1.087  1.055  1.026  1.001  0.980  0.964  0.953  0.948  0.950  0.963  0.990  1.032  1.089  1.152  1.209  1.245  1.252  1.234  1.200  1.160  1.121  1.089  1.066  1.053  1.050  1.054  1.064  1.079  1.098  1.121  1.147  1.176  1.207
-125.000 -125.000  1.228  1.252  1.269  1.271  1.249  1.185  1.060  0.902  0.806  0.825  0.921  1.057  1.221  1.411  1.619  1.826  2.001  2.124  2.189  2.203  2.173  2.104  2.007  1.911  1.832  1.772  1.721  1.671  1.617  1.554  1.486  1.416  1.353  1.299  1.257  1.225  1.199  1.178  1.158  1.138  1.116  1.091  1.065  1.039  1.014  0.993  0.977  0.969  0.974  0.998  1.042  1.105  1.177  1.241  1.281  1.291  1.273  1.237  1.195  1.153  1.118  1.092  1.075  1.068  1.068  1.075  1.087  1.104  1.124  1.147  1.173  1.201
-120.000 -120.000  1.208  1.228  1.244  1.251  1.242  1.202  1.116  0.997  0.922  0.948  1.050  1.195  1.365  1.557  1.761  1.958  2.123  2.237  2.297  2.303  2.254  2.152  2.019  1.892  1.794  1.720  1.658  1.599  1.537  1.471  1.405  1.344  1.293  1.256  1.232  1.217  1.208  1.202  1.196  1.187  1.174  1.156  1.132  1.105  1.076  1.048  1.025  1.011  1.012  1.034  1.078  1.142  1.215  1.280  1.321  1.330  1.311  1.275  1.231  1.189  1.152  1.124  1.104  1.094  1.091  1.094  1.101  1.113  1.128  1.145  1.165  1.186
-115.000 -115.000  1.179  1.197  1.217  1.239  1.258  1.262  1.231  1.157  1.090  1.103  1.197  1.339  1.506  1.689  1.881  2.062  2.213  2.317  2.368  2.359  2.280  2.137  1.969  1.822  1.712  1.632  1.566  1.507  1.449  1.390  1.335  1.286  1.250  1.228  1.218  1.217  1.221  1.226  1.231  1.232  1.227  1.216  1.197  1.172  1.144  1.116  1.093  1.081  1.084  1.104  1.143  1.199  1.265  1.324  1.360  1.367  1.347  1.309  1.266  1.224  1.187  1.159  1.138  1.125  1.118  1.117  1.119  1.125  1.132  1.140  1.151  1.163
-110.000 -110.000  1.150  1.171  1.203  1.250  1.307  1.360  1.386  1.359  1.301  1.286  1.354  1.478  1.630  1.796  1.967  2.128  2.263  2.355  2.391  2.353  2.232  2.050  1.861  1.708  1.598  1.520  1.461  1.410  1.363  1.318  1.277  1.243  1.220  1.209  1.209  1.217  1.230  1.245  1.258  1.267  1.270  1.267  1.255  1.237  1.214  1.192  1.177  1.175  1.185  1.204  1.233  1.273  1.322  1.368  1.396  1.397  1.375  1.339  1.297  1.256  1.220  1.192  1.170  1.155  1.146  1.140  1.137  1.135  1.134  1.133  1.134  1.139
-105.000 -105.000  1.132  1.160  1.209  1.282  1.374  1.469  1.542  1.564  1.527  1.485  1.510  1.601  1.726  1.866  2.011  2.150  2.267  2.342  2.352  2.273  2.109  1.904  1.718  1.577  1.479  1.412  1.364  1.325  1.292  1.262  1.235  1.212  1.198  1.193  1.199  1.214  1.233  1.254  1.274  1.290  1.301  1.306  1.303  1.293  1.280  1.271  1.272  1.285  1.302  1.318  1.334  1.355  1.383  1.410  1.424  1.419  1.394  1.358  1.318  1.279  1.245  1.217  1.195  1.178  1.165  1.155  1.147  1.139  1.131  1.123  1.119  1.120
-100.000 -100.000  1.127  1.164  1.228  1.321  1.437  1.561  1.668  1.733  1.732  1.681  1.655  1.697  1.783  1.891  2.008  2.125  2.224  2.276  2.249  2.127  1.937  1.738  1.575  1.458  1.380  1.328  1.292  1.265  1.243  1.224  1.206  1.191  1.181  1.180  1.188  1.205  1.227  1.253  1.278  1.300  1.318  1.331  1.337  1.338  1.338  1.346  1.366  1.394  1.417  1.429  1.432  1.434  1.440  1.446  1.445  1.430  1.402  1.366  1.327  1.290  1.257  1.229  1.206  1.187  1.172  1.158  1.146  1.133  1.122  1.112  1.107  1.111
 -95.000  -95.000  1.133  1.177  1.250  1.353  1.483  1.623  1.752  1.849  1.887  1.850  1.780  1.758  1.796  1.870  1.964  2.063  2.143  2.164  2.097  1.946  1.759  1.587  1.457  1.368  1.310  1.273  1.247  1.229  1.214  1.200  1.188  1.177  1.169  1.168  1.176  1.192  1.216  1.243  1.272  1.299  1.323  1.342  1.357  1.369  1.385  1.412  1.452  1.491  1.517  1.524  1.519  1.507  1.493  1.478  1.458  1.431  1.397  1.359  1.321  1.285  1.254  1.226  1.202  1.182  1.164  1.149  1.134  1.121  1.110  1.103  1.101  1.109
 -90.000  -90.000  1.142  1.191  1.266  1.372  1.506  1.654  1.797  1.915  1.986  1.974  1.876  1.783  1.767  1.812  1.893  1.981  2.039  2.026  1.926  1.768  1.603  1.467  1.370  1.306  1.265  1.239  1.221  1.208  1.198  1.188  1.178  1.169  1.162  1.160  1.165  1.179  1.201  1.228  1.259  1.289  1.317  1.342  1.363  1.386  1.418  1.466  1.524  1.572  1.598  1.605  1.594  1.572  1.542  1.506  1.466  1.424  1.381  1.339  1.300  1.266  1.235  1.208  1.185  1.165  1.147  1.132  1.119  1.108  1.100  1.097  1.100  1.114
 -85.000  -85.000  1.152  1.201  1.274  1.377  1.509  1.658  1.809  1.942  2.036  2.052  1.939  1.775  1.707  1.739  1.817  1.894  1.924  1.877  1.760  1.613  1.479  1.378  1.310  1.266  1.238  1.220  1.207  1.198  1.189  1.181  1.173  1.164  1.158  1.154  1.157  1.168  1.187  1.213  1.243  1.275  1.306  1.334  1.360  1.392  1.439  1.509  1.583  1.638  1.667  1.673  1.661  1.632  1.588  1.532  1.471  1.410  1.356  1.308  1.269  1.235  1.206  1.181  1.160  1.142  1.127  1.115  1.105  1.097  1.094  1.095  1.103  1.121
 -80.000  -80.000  1.158  1.206  1.275  1.371  1.495  1.641  1.794  1.936  2.048  2.084  1.964  1.736  1.632  1.664  1.741  1.800  1.799  1.728  1.610  1.487  1.387  1.315  1.269  1.239  1.221  1.208  1.199  1.192  1.185  1.178  1.170  1.163  1.156  1.152  1.153  1.161  1.177  1.201  1.230  1.262  1.294  1.323  1.353  1.391  1.454  1.544  1.633  1.695  1.728  1.736  1.723  1.688  1.632  1.557  1.473  1.392  1.324  1.271  1.231  1.199  1.174  1.153  1.135  1.121  1.109  1.100  1.094  1.091  1.091  1.096  1.107  1.127
 -75.000  -75.000  1.162  1.206  1.269  1.356  1.470  1.608  1.758  1.904  2.026  2.075  1.939  1.657  1.539  1.580  1.652  1.690  1.666  1.588  1.486  1.392  1.320  1.273  1.242  1.223  1.210  1.202  1.195  1.189  1.183  1.176  1.170  1.162  1.156  1.152  1.151  1.158  1.172  1.194  1.223  1.255  1.287  1.317  1.347  1.389  1.466  1.576  1.679  1.749  1.785  1.796  1.782  1.743  1.675  1.580  1.470  1.368  1.288  1.232  1.193  1.165  1.144  1.127  1.113  1.103  1.095  1.089  1.087  1.087  1.090  1.097  1.111  1.131
 -70.000  -70.000  1.162  1.202  1.259  1.336  1.438  1.564  1.706  1.851  1.976  2.018  1.832  1.506  1.404  1.460  1.530  1.559  1.531  1.464  1.388  1.322  1.275  1.244  1.225  1.212  1.204  1.198  1.192  1.187  1.181  1.176  1.169  1.163  1.157  1.153  1.152  1.158  1.171  1.193  1.222  1.254  1.287  1.317  1.347  1.392  1.480  1.607  1.725  1.802  1.843  1.855  1.841  1.797  1.715  1.597  1.461  1.340  1.252  1.195  1.160  1.136  1.119  1.106  1.096  1.089  1.084  1.082  1.082  1.084  1.089  1.099  1.112  1.133
 -65.000  -65.000  1.159  1.196  1.246  1.313  1.402  1.514  1.644  1.781  1.896  1.893  1.606  1.271  1.216  1.293  1.374  1.414  1.405  1.364  1.315  1.274  1.245  1.226  1.214  1.206  1.200  1.195  1.191  1.186  1.181  1.175  1.169  1.163  1.158  1.154  1.154  1.160  1.174  1.196  1.226  1.261  1.296  1.327  1.356  1.402  1.498  1.641  1.772  1.857  1.901  1.916  1.900  1.847  1.748  1.604  1.443  1.307  1.216  1.163  1.133  1.114  1.101  1.091  1.083  1.078  1.076  1.075  1.077  1.082  1.089  1.099  1.113  1.133
 -60.000  -60.000  1.156  1.188  1.232  1.290  1.367  1.464  1.579  1.700  1.783  1.677  1.282  1.018  1.021  1.114  1.210  1.274  1.296  1.286  1.264  1.243  1.227  1.216  1.209  1.203  1.199  1.195  1.190  1.186  1.181  1.175  1.169  1.164  1.159  1.156  1.157  1.164  1.178  1.202  1.234  1.272  1.310  1.344  1.374  1.420  1.521  1.677  1.820  1.913  1.962  1.976  1.956  1.892  1.771  1.597  1.413  1.270  1.183  1.137  1.112  1.096  1.086  1.078  1.072  1.069  1.068  1.070  1.074  1.080  1.088  1.099  1.113  1.131
 -55.000  -55.000  1.153  1.182  1.219  1.269  1.334  1.417  1.515  1.613  1.633  1.378  0.976  0.831  0.871  0.966  1.069  1.156  1.210  1.230  1.231  1.225  1.218  1.212  1.207  1.203  1.199  1.195  1.191  1.186  1.181  1.176  1.170  1.164  1.160  1.158  1.159  1.167  1.183  1.209  1.243  1.285  1.327  1.365  1.396  1.442  1.548  1.715  1.871  1.971  2.022  2.036  2.009  1.928  1.779  1.574  1.374  1.232  1.154  1.115  1.095  1.082  1.074  1.067  1.063  1.061  1.062  1.065  1.070  1.078  1.087  1.099  1.113  1.131
 -50.000  -50.000  1.152  1.178  1.211  1.253  1.308  1.377  1.457  1.521  1.440  1.068  0.770  0.723  0.779  0.867  0.967  1.066  1.145  1.193  1.213  1.218  1.217  1.214  1.210  1.206  1.202  1.198  1.193  1.188  1.182  1.177  1.171  1.165  1.161  1.159  1.162  1.171  1.188  1.216  1.253  1.297  1.345  1.386  1.420  1.467  1.575  1.753  1.921  2.029  2.082  2.092  2.055  1.952  1.768  1.534  1.326  1.195  1.128  1.097  1.080  1.069  1.062  1.056  1.053  1.053  1.055  1.060  1.067  1.076  1.087  1.100  1.114  1.132
 -45.000  -45.000  1.157  1.181  1.210  1.246  1.292  1.349  1.410  1.425  1.217  0.828  0.660  0.667  0.727  0.807  0.902  1.005  1.102  1.172  1.210  1.225  1.228  1.225  1.220  1.215  1.209  1.203  1.197  1.191  1.185  1.178  1.172  1.167  1.162  1.161  1.165  1.175  1.193  1.222  1.261  1.309  1.360  1.406  1.443  1.491  1.602  1.790  1.971  2.085  2.138  2.142  2.091  1.959  1.736  1.478  1.274  1.159  1.104  1.079  1.065  1.056  1.049  1.045  1.043  1.044  1.049  1.055  1.065  1.076  1.088  1.103  1.118  1.136
 -40.000  -40.000  1.171  1.196  1.226  1.260  1.299  1.345  1.384  1.329  1.002  0.679  0.606  0.638  0.698  0.773  0.863  0.968  1.078  1.169  1.226  1.250  1.255  1.251  1.242  1.233  1.224  1.215  1.206  1.198  1.190  1.182  1.175  1.169  1.164  1.163  1.167  1.178  1.197  1.227  1.268  1.318  1.372  1.422  1.462  1.512  1.626  1.824  2.017  2.137  2.189  2.185  2.113  1.945  1.683  1.411  1.222  1.125  1.082  1.061  1.049  1.041  1.035  1.031  1.032  1.035  1.041  1.051  1.062  1.076  1.092  1.109  1.127  1.148
 -35.000  -35.000  1.208  1.242  1.278  1.316  1.355  1.393  1.404  1.256  0.846  0.601  0.580  0.622  0.681  0.754  0.842  0.951  1.073  1.187  1.266  1.302  1.309  1.301  1.286  1.269  1.253  1.237  1.223  1.211  1.199  1.189  1.180  1.172  1.167  1.166  1.170  1.181  1.201  1.232  1.274  1.325  1.382  1.435  1.478  1.529  1.647  1.855  2.059  2.183  2.232  2.217  2.118  1.907  1.609  1.337  1.170  1.092  1.058  1.041  1.030  1.022  1.017  1.016  1.018  1.024  1.034  1.047  1.062  1.080  1.100  1.123  1.149  1.177
 -30.000  -30.000  1.293  1.346  1.398  1.448  1.493  1.527  1.510  1.259  0.776  0.568  0.566  0.611  0.671  0.743  0.834  0.949  1.089  1.231  1.339  1.395  1.407  1.394  1.368  1.339  1.309  1.282  1.258  1.237  1.218  1.203  1.190  1.179  1.172  1.169  1.173  1.184  1.204  1.235  1.278  1.330  1.388  1.443  1.489  1.543  1.663  1.881  2.095  2.223  2.267  2.235  2.103  1.844  1.518  1.260  1.120  1.059  1.031  1.017  1.007  1.000  0.997  0.998  1.003  1.013  1.027  1.045  1.066  1.091  1.121  1.157  1.197  1.243
 -25.000  -25.000  1.452  1.526  1.593  1.651  1.697  1.725  1.687  1.365  0.796  0.562  0.558  0.604  0.664  0.739  0.835  0.963  1.127  1.306  1.456  1.543  1.568  1.551  1.512  1.464  1.414  1.366  1.324  1.287  1.256  1.230  1.209  1.192  1.181  1.176  1.177  1.187  1.207  1.238  1.281  1.333  1.392  1.449  1.497  1.552  1.674  1.898  2.120  2.250  2.288  2.236  2.062  1.754  1.416  1.184  1.070  1.022  1.000  0.987  0.978  0.973  0.973  0.978  0.987  1.003  1.023  1.049  1.081  1.122  1.171  1.231  1.299  1.375
 -20.000  -20.000  1.659  1.734  1.794  1.840  1.872  1.889  1.847  1.531  0.893  0.580  0.556  0.599  0.661  0.740  0.846  0.994  1.191  1.418  1.624  1.757  1.807  1.793  1.742  1.671  1.593  1.516  1.445  1.381  1.327  1.282  1.246  1.218  1.199  1.187  1.184  1.191  1.210  1.240  1.282  1.335  1.393  1.451  1.500  1.550  1.658  1.861  2.074  2.209  2.254  2.193  1.982  1.637  1.307  1.108  1.019  0.981  0.963  0.951  0.945  0.943  0.946  0.956  0.972  0.995  1.027  1.068  1.122  1.190  1.273  1.368  1.470  1.569
 -15.000  -15.000  1.837  1.889  1.927  1.952  1.969  1.976  1.941  1.690  1.050  0.631  0.564  0.599  0.661  0.747  0.868  1.043  1.284  1.571  1.846  2.041  2.130  2.132  2.075  1.984  1.875  1.760  1.649  1.546  1.455  1.379  1.316  1.268  1.232  1.209  1.198  1.199  1.214  1.242  1.282  1.334  1.393  1.448  1.482  1.486  1.496  1.558  1.669  1.795  1.901  1.929  1.789  1.483  1.194  1.034  0.965  0.935  0.919  0.910  0.906  0.908  0.917  0.934  0.960  0.998  1.049  1.118  1.207  1.315  1.437  1.560  1.672  1.765
 -10.000  -10.000  1.944  1.973  1.991  2.004  2.011  2.010  1.978  1.792  1.249  0.762  0.615  0.617  0.672  0.763  0.904  1.114  1.409  1.768  2.121  2.387  2.529  2.559  2.510  2.408  2.273  2.120  1.963  1.810  1.669  1.545  1.441  1.358  1.295  1.250  1.224  1.214  1.221  1.245  1.283  1.335  1.393  1.428  1.403  1.342  1.293  1.265  1.258  1.270  1.301  1.346  1.363  1.266  1.084  0.961  0.907  0.883  0.870  0.864  0.864  0.872  0.889  0.917  0.960  1.021  1.105  1.216  1.349  1.492  1.630  1.747  1.836  1.900
  -5.000   -5.000  1.996  2.010  2.019  2.024  2.024  2.014  1.964  1.789  1.423  1.055  0.831  0.731  0.726  0.802  0.959  1.212  1.571  2.009  2.445  2.785  2.983  3.052  3.024  2.926  2.778  2.597  2.398  2.192  1.993  1.809  1.648  1.512  1.405  1.325  1.272  1.243  1.237  1.254  1.297  1.363  1.420  1.416  1.374  1.327  1.284  1.247  1.214  1.188  1.168  1.154  1.143  1.116  1.031  0.916  0.853  0.828  0.818  0.816  0.822  0.837  0.866  0.912  0.981  1.079  1.210  1.365  1.528  1.677  1.795  1.880  1.936  1.973
   0.000    0.000  2.019  2.026  2.029  2.029  2.019  1.981  1.871  1.675  1.486  1.344  1.208  1.061  0.942  0.923  1.052  1.338  1.768  2.292  2.810  3.215  3.464  3.572  3.574  3.495  3.354  3.164  2.939  2.691  2.436  2.188  1.959  1.756  1.587  1.455  1.359  1.298  1.274  1.299  1.382  1.459  1.470  1.443  1.403  1.361  1.319  1.279  1.242  1.210  1.182  1.158  1.137  1.116  1.077  0.978  0.848  0.784  0.767  0.768  0.781  0.809  0.856  0.929  1.037  1.184  1.360  1.541  1.701  1.822  1.904  1.956  1.988  2.008
   5.000    5.000  2.029  2.032  2.031  2.021  1.985  1.883  1.718  1.579  1.503  1.456  1.411  1.351  1.269  1.190  1.216  1.475  1.973  2.597  3.197  3.655  3.940  4.078  4.110  4.060  3.943  3.767  3.541  3.276  2.983  2.681  2.383  2.106  1.861  1.656  1.495  1.386  1.355  1.420  1.490  1.510  1.499  1.472  1.437  1.397  1.356  1.316  1.278  1.244  1.213  1.185  1.162  1.141  1.120  1.079  0.971  0.812  0.736  0.728  0.749  0.793  0.866  0.978  1.136  1.330  1.531  1.704  1.832  1.916  1.966  1.996  2.014  2.024
  10.000   10.000  2.033  2.032  2.023  1.987  1.893  1.746  1.628  1.566  1.531  1.506  1.482  1.455  1.423  1.387  1.377  1.522  2.020  2.799  3.543  4.069  4.379  4.536  4.590  4.569  4.485  4.342  4.142  3.888  3.588  3.253  2.900  2.545  2.201  1.877  1.587  1.404  1.401  1.466  1.507  1.521  1.515  1.495  1.466  1.431  1.392  1.353  1.315  1.279  1.246  1.217  1.191  1.169  1.149  1.128  1.089  0.977  0.798  0.717  0.732  0.797  0.907  1.069  1.276  1.496  1.689  1.829  1.918  1.970  2.000  2.017  2.026  2.031
  15.000   15.000  2.033  2.024  1.991  1.905  1.778  1.679  1.625  1.594  1.570  1.548  1.527  1.505  1.483  1.461  1.446  1.480  1.741  2.512  3.583  4.354  4.743  4.921  4.991  4.993  4.941  4.836  4.674  4.452  4.161  3.798  3.354  2.827  2.230  1.653  1.301  1.270  1.366  1.449  1.498  1.521  1.524  1.512  1.490  1.460  1.425  1.388  1.351  1.315  1.281  1.250  1.223  1.198  1.177  1.158  1.138  1.101  0.991  0.810  0.753  0.831  0.986  1.198  1.437  1.653  1.812  1.912  1.969  2.000  2.018  2.027  2.032  2.034
  20.000   20.000  2.026  1.996  1.922  1.816  1.735  1.689  1.660  1.636  1.614  1.592  1.571  1.550  1.528  1.507  1.488  1.480  1.537  1.874  2.852  4.150  4.918  5.205  5.302  5.322  5.292  5.213  5.071  4.833  4.442  3.825  2.980  2.081  1.381  1.042  1.043  1.185  1.324  1.422  1.481  1.513  1.525  1.522  1.507  1.484  1.454  1.420  1.384  1.349  1.315  1.283  1.254  1.229  1.206  1.186  1.168  1.149  1.113  1.013  0.870  0.908  1.103  1.354  1.596  1.780  1.897  1.963  1.999  2.017  2.027  2.032  2.034  2.034
  25.000   25.000  2.004  1.944  1.861  1.798  1.759  1.731  1.707  1.684  1.662  1.640  1.618  1.596  1.574  1.552  1.531  1.512  1.508  1.577  1.963  3.074  4.514  5.277  5.504  5.549  5.515  5.391  5.101  4.509  3.557  2.466  1.570  1.011  0.782  0.806  0.956  1.134  1.285  1.392  1.460  1.500  1.520  1.525  1.518  1.501  1.477  1.447  1.415  1.381  1.348  1.316  1.286  1.259  1.234  1.213  1.194  1.177  1.159  1.128  1.053  1.035  1.244  1.513  1.731  1.872  1.952  1.994  2.015  2.026  2.032  2.035  2.034  2.028
  30.000   30.000  1.971  1.912  1.865  1.832  1.806  1.782  1.759  1.737  1.714  1.691  1.668  1.646  1.623  1.600  1.578  1.556  1.537  1.534  1.613  2.036  3.236  4.748  5.474  5.596  5.421  4.910  3.967  2.792  1.778  1.099  0.729  0.598  0.629  0.751  0.917  1.093  1.247  1.361  1.436  1.483  1.510  1.522  1.522  1.512  1.494  1.469  1.440  1.409  1.377  1.346  1.316  1.288  1.262  1.240  1.219  1.201  1.185  1.169  1.145  1.141  1.347  1.636  1.824  1.929  1.984  2.011  2.024  2.031  2.035  2.035  2.031  2.014
  35.000   35.000  1.970  1.936  1.909  1.885  1.861  1.838  1.815  1.792  1.768  1.745  1.722  1.698  1.675  1.652  1.628  1.605  1.583  1.564  1.562  1.648  2.103  3.357  4.765  5.011  4.268  3.090  1.993  1.224  0.769  0.548  0.488  0.522  0.610  0.737  0.893  1.060  1.211  1.329  1.410  1.462  1.495  1.513  1.520  1.516  1.504  1.485  1.461  1.433  1.403  1.373  1.343  1.315  1.289  1.265  1.243  1.224  1.207  1.192  1.174  1.156  1.248  1.553  1.780  1.905  1.971  2.005  2.022  2.031  2.035  2.035  2.028  2.005
  40.000   40.000  2.011  1.988  1.965  1.942  1.919  1.896  1.873  1.849  1.826  1.802  1.778  1.754  1.730  1.706  1.682  1.659  1.635  1.612  1.592  1.591  1.684  2.153  3.171  3.208  2.210  1.366  0.840  0.558  0.442  0.426  0.463  0.529  0.620  0.737  0.879  1.034  1.180  1.298  1.383  1.440  1.477  1.500  1.512  1.515  1.509  1.495  1.476  1.452  1.425  1.396  1.368  1.340  1.313  1.288  1.266  1.246  1.227  1.209  1.184  1.112  0.928  0.903  1.138  1.417  1.658  1.827  1.930  1.987  2.019  2.038  2.043  2.032
  45.000   45.000  2.067  2.046  2.024  2.002  1.979  1.956  1.933  1.909  1.885  1.861  1.837  1.813  1.789  1.764  1.740  1.715  1.690  1.666  1.642  1.622  1.621  1.703  1.901  1.522  0.935  0.593  0.433  0.384  0.393  0.430  0.484  0.554  0.641  0.748  0.875  1.016  1.153  1.270  1.356  1.416  1.457  1.484  1.500  1.508  1.507  1.499  1.484  1.465  1.441  1.415  1.388  1.361  1.334  1.309  1.286  1.265  1.244  1.222  1.171  0.985  0.604  0.379  0.410  0.551  0.757  1.018  1.313  1.607  1.860  2.027  2.086  2.085
  50.000   50.000  2.126  2.105  2.084  2.062  2.040  2.017  1.994  1.970  1.947  1.923  1.898  1.874  1.849  1.825  1.800  1.775  1.749  1.724  1.699  1.675  1.653  1.627  1.411  0.778  0.458  0.365  0.353  0.374  0.411  0.458  0.516  0.585  0.668  0.766  0.881  1.008  1.135  1.246  1.332  1.393  1.435  1.464  1.484  1.495  1.500  1.497  1.487  1.472  1.452  1.429  1.404  1.378  1.352  1.327  1.303  1.281  1.258  1.221  1.100  0.754  0.375  0.208  0.182  0.207  0.261  0.352  0.505  0.793  1.331  1.906  2.116  2.140
  55.000   55.000  2.182  2.164  2.143  2.122  2.100  2.078  2.055  2.032  2.009  1.985  1.961  1.937  1.912  1.887  1.862  1.836  1.811  1.785  1.760  1.734  1.707  1.649  1.266  0.551  0.346  0.339  0.363  0.398  0.442  0.493  0.552  0.621  0.700  0.792  0.896  1.009  1.124  1.227  1.310  1.370  1.413  1.443  1.464  1.479  1.487  1.488  1.483  1.472  1.457  1.437  1.414  1.390  1.365  1.341  1.317  1.293  1.263  1.187  0.927  0.501  0.242  0.159  0.144  0.145  0.152  0.169  0.218  0.374  0.810  1.585  2.084  2.184
  60.000   60.000  2.232  2.220  2.201  2.181  2.160  2.138  2.116  2.094  2.071  2.048  2.024  2.000  1.976  1.951  1.926  1.900  1.875  1.849  1.823  1.797  1.767  1.689  1.196  0.488  0.343  0.358  0.391  0.430  0.477  0.530  0.591  0.659  0.736  0.822  0.917  1.019  1.122  1.216  1.293  1.351  1.391  1.421  1.442  1.458  1.469  1.474  1.474  1.467  1.455  1.439  1.419  1.398  1.374  1.351  1.327  1.300  1.250  1.078  0.670  0.318  0.178  0.145  0.139  0.139  0.139  0.142  0.157  0.230  0.495  1.142  1.915  2.199
  65.000   65.000  2.269  2.273  2.257  2.238  2.218  2.197  2.176  2.155  2.133  2.110  2.087  2.064  2.040  2.015  1.990  1.965  1.940  1.914  1.888  1.862  1.830  1.730  1.132  0.465  0.364  0.387  0.423  0.465  0.514  0.569  0.630  0.699  0.774  0.856  0.943  1.036  1.128  1.212  1.282  1.335  1.372  1.398  1.419  1.435  1.447  1.455  1.457  1.455  1.447  1.435  1.419  1.399  1.378  1.356  1.331  1.295  1.191  0.861  0.434  0.215  0.152  0.140  0.138  0.138  0.138  0.139  0.144  0.174  0.315  0.745  1.559  2.141
  70.000   70.000  2.271  2.318  2.309  2.292  2.274  2.254  2.234  2.214  2.193  2.171  2.149  2.126  2.103  2.079  2.055  2.031  2.006  1.980  1.954  1.928  1.894  1.764  1.061  0.457  0.391  0.419  0.457  0.501  0.551  0.607  0.669  0.737  0.811  0.889  0.971  1.056  1.139  1.215  1.277  1.323  1.355  1.377  1.394  1.408  1.421  1.430  1.435  1.436  1.432  1.424  1.411  1.395  1.376  1.355  1.328  1.265  1.042  0.596  0.278  0.167  0.143  0.139  0.138  0.138  0.138  0.138  0.140  0.152  0.218  0.470  1.107  1.933
  75.000   75.000  2.188  2.346  2.357  2.343  2.326  2.308  2.290  2.271  2.251  2.230  2.209  2.188  2.165  2.143  2.119  2.096  2.071  2.046  2.021  1.995  1.958  1.785  0.983  0.460  0.422  0.453  0.493  0.537  0.588  0.644  0.706  0.772  0.844  0.920  0.998  1.077  1.154  1.222  1.277  1.316  1.341  1.357  1.369  1.380  1.391  1.400  1.407  1.410  1.410  1.405  1.396  1.384  1.368  1.348  1.310  1.178  0.794  0.381  0.196  0.148  0.139  0.138  0.138  0.138  0.138  0.138  0.139  0.143  0.171  0.304  0.718  1.540
  80.000   80.000  1.943  2.334  2.395  2.390  2.376  2.359  2.342  2.324  2.306  2.287  2.267  2.247  2.226  2.204  2.182  2.159  2.136  2.112  2.087  2.061  2.021  1.787  0.901  0.471  0.455  0.487  0.527  0.571  0.621  0.676  0.736  0.802  0.872  0.945  1.021  1.096  1.168  1.231  1.280  1.313  1.330  1.339  1.344  1.350  1.357  1.365  1.372  1.378  1.380  1.379  1.374  1.365  1.352  1.329  1.260  0.995  0.534  0.250  0.159  0.141  0.138  0.138  0.138  0.138  0.138  0.138  0.138  0.140  0.150  0.213  0.453  1.076
  85.000   85.000  1.518  2.225  2.414  2.432  2.421  2.407  2.391  2.375  2.358  2.340  2.322  2.303  2.283  2.263  2.242  2.220  2.198  2.175  2.152  2.126  2.079  1.761  0.822  0.488  0.487  0.519  0.557  0.600  0.648  0.701  0.760  0.824  0.892  0.963  1.037  1.109  1.178  1.237  1.282  1.310  1.322  1.323  1.320  1.319  1.321  1.326  1.332  1.338  1.343  1.344  1.343  1.338  1.326  1.293  1.146  0.734  0.342  0.183  0.145  0.139  0.138  0.138  0.138  0.138  0.138  0.138  0.138  0.139  0.143  0.168  0.294  0.693
  90.000   90.000  1.047  1.945  2.386  2.462  2.462  2.450  2.436  2.421  2.406  2.389  2.373  2.355  2.337  2.318  2.299  2.279  2.258  2.236  2.214  2.189  2.130  1.695  0.750  0.508  0.516  0.546  0.582  0.622  0.668  0.719  0.775  0.836  0.903  0.973  1.044  1.115  1.181  1.238  1.281  1.306  1.313  1.309  1.299  1.290  1.285  1.284  1.288  1.293  1.298  1.301  1.303  1.301  1.288  1.222  0.942  0.487  0.230  0.154  0.140  0.138  0.138  0.138  0.138  0.138  0.138  0.138  0.138  0.138  0.140  0.150  0.208  0.438
  95.000   95.000  0.672  1.494  2.253  2.471  2.496  2.489  2.477  2.464  2.450  2.435  2.420  2.404  2.387  2.370  2.352  2.333  2.314  2.293  2.269  2.239  2.151  1.576  0.696  0.528  0.540  0.567  0.600  0.637  0.680  0.727  0.781  0.840  0.905  0.973  1.044  1.113  1.178  1.233  1.273  1.296  1.302  1.294  1.279  1.263  1.250  1.243  1.241  1.243  1.247  1.251  1.254  1.253  1.231  1.092  0.684  0.315  0.175  0.144  0.139  0.138  0.138  0.138  0.138  0.138  0.138  0.138  0.138  0.138  0.139  0.142  0.167  0.286
 100.000  100.000  0.425  1.020  1.941  2.428  2.519  2.523  2.514  2.502  2.490  2.476  2.463  2.448  2.433  2.417  2.400  2.380  2.356  2.324  2.274  2.185  1.989  1.395  0.705  0.554  0.559  0.582  0.611  0.645  0.684  0.729  0.779  0.836  0.899  0.966  1.035  1.104  1.167  1.221  1.260  1.282  1.288  1.279  1.262  1.241  1.222  1.206  1.197  1.193  1.193  1.195  1.198  1.195  1.145  0.888  0.455  0.217  0.151  0.140  0.138  0.138  0.138  0.138  0.138  0.138  0.138  0.138  0.138  0.138  0.138  0.140  0.149  0.204
 105.000  105.000  0.280  0.652  1.469  2.270  2.518  2.550  2.546  2.536  2.525  2.513  2.501  2.487  2.471  2.450  2.421  2.372  2.286  2.138  1.924  1.690  1.490  1.285  0.914  0.631  0.579  0.592  0.616  0.647  0.682  0.724  0.771  0.826  0.886  0.952  1.021  1.088  1.151  1.204  1.242  1.264  1.271  1.264  1.248  1.226  1.203  1.181  1.163  1.150  1.143  1.140  1.139  1.125  1.016  0.649  0.300  0.170  0.143  0.139  0.138  0.138  0.138  0.138  0.138  0.138  0.138  0.138  0.138  0.138  0.138  0.139  0.142  0.166
 110.000  110.000  0.208  0.419  0.993  1.920  2.453  2.563  2.573  2.566  2.555  2.542  2.525  2.499  2.452  2.366  2.214  1.989  1.737  1.534  1.409  1.346  1.316  1.289  1.191  0.886  0.644  0.603  0.618  0.644  0.676  0.714  0.759  0.811  0.870  0.935  1.003  1.071  1.133  1.185  1.223  1.247  1.256  1.253  1.241  1.223  1.200  1.176  1.152  1.130  1.112  1.099  1.087  1.048  0.844  0.444  0.212  0.150  0.140  0.138  0.138  0.138  0.138  0.138  0.138  0.138  0.138  0.138  0.139  0.139  0.139  0.140  0.142  0.153
 115.000  115.000  0.212  0.331  0.665  1.387  2.181  2.507  2.574  2.577  2.558  2.516  2.433  2.281  2.049  1.783  1.562  1.424  1.353  1.321  1.307  1.301  1.298  1.295  1.280  1.181  0.877  0.655  0.622  0.639  0.667  0.703  0.746  0.796  0.854  0.918  0.986  1.055  1.119  1.174  1.215  1.243  1.259  1.265  1.264  1.258  1.246  1.230  1.209  1.184  1.157  1.129  1.094  1.000  0.675  0.311  0.171  0.143  0.139  0.138  0.138  0.138  0.138  0.139  0.139  0.139  0.139  0.140  0.141  0.142  0.144  0.148  0.156  0.172
 120.000  120.000  0.356  0.480  0.668  0.968  1.437  1.973  2.318  2.407  2.316  2.100  1.827  1.591  1.439  1.361  1.324  1.308  1.302  1.299  1.298  1.297  1.297  1.297  1.294  1.278  1.171  0.864  0.662  0.638  0.659  0.692  0.733  0.783  0.842  0.910  0.984  1.062  1.137  1.206  1.266  1.316  1.358  1.394  1.426  1.456  1.482  1.502  1.515  1.515  1.501  1.468  1.402  1.186  0.655  0.270  0.159  0.142  0.140  0.140  0.140  0.140  0.140  0.141  0.142  0.143  0.145  0.148  0.152  0.159  0.170  0.190  0.222  0.274
 125.000  125.000  0.637  0.754  0.856  0.945  1.038  1.178  1.408  1.606  1.569  1.447  1.367  1.328  1.310  1.303  1.300  1.298  1.298  1.297  1.297  1.297  1.297  1.297  1.297  1.294  1.275  1.158  0.849  0.670  0.658  0.688  0.732  0.790  0.863  0.953  1.060  1.179  1.305  1.431  1.550  1.660  1.761  1.853  1.939  2.017  2.088  2.149  2.200  2.236  2.256  2.254  2.200  1.880  0.993  0.368  0.182  0.151  0.147  0.147  0.147  0.148  0.150  0.153  0.157  0.164  0.172  0.185  0.204  0.232  0.273  0.332  0.414  0.519
 130.000  130.000  0.832  0.887  0.934  0.973  1.009  1.044  1.094  1.191  1.278  1.300  1.301  1.300  1.299  1.298  1.298  1.298  1.297  1.297  1.297  1.297  1.297  1.297  1.297  1.297  1.294  1.272  1.144  0.841  0.701  0.722  0.793  0.897  1.039  1.219  1.428  1.649  1.860  2.045  2.198  2.319  2.415  2.492  2.554  2.605  2.646  2.679  2.706  2.725  2.738  2.742  2.720  2.530  1.666  0.665  0.282  0.199  0.186  0.184  0.186  0.190  0.197  0.208  0.224  0.245  0.274  0.312  0.363  0.427  0.505  0.593  0.682  0.763
 135.000  135.000  0.894  0.925  0.955  0.984  1.010  1.032  1.055  1.116  1.223  1.279  1.294  1.298  1.298  1.298  1.298  1.298  1.298  1.298  1.298  1.297  1.297  1.297  1.297  1.297  1.297  1.293  1.270  1.140  0.914  0.929  1.103  1.346  1.631  1.923  2.183  2.387  2.533  2.632  2.698  2.743  2.774  2.797  2.815  2.828  2.838  2.846  2.852  2.856  2.857  2.851  2.828  2.725  2.228  1.175  0.544  0.369  0.332  0.323  0.325  0.334  0.351  0.375  0.409  0.450  0.500  0.557  0.618  0.678  0.733  0.782  0.824  0.860
 140.000  140.000  0.917  0.941  0.966  0.990  1.011  1.026  1.037  1.075  1.182  1.264  1.291  1.298  1.300  1.300  1.299  1.299  1.299  1.298  1.298  1.298  1.298  1.298  1.297  1.297  1.297  1.297  1.294  1.279  1.274  1.504  1.857  2.174  2.424  2.598  2.708  2.774  2.813  2.836  2.851  2.860  2.867  2.871  2.875  2.877  2.879  2.880  2.880  2.878  2.871  2.854  2.809  2.683  2.307  1.541  0.914  0.687  0.624  0.606  0.603  0.610  0.625  0.646  0.673  0.702  0.732  0.760  0.785  0.808  0.829  0.850  0.871  0.893
 145.000  145.000  0.933  0.954  0.975  0.995  1.011  1.020  1.021  1.038  1.133  1.242  1.287  1.299  1.302  1.302  1.301  1.301  1.300  1.299  1.299  1.299  1.298  1.298  1.298  1.298  1.298  1.297  1.298  1.306  1.437  2.073  2.545  2.710  2.789  2.831  2.855  2.868  2.875  2.879  2.882  2.884  2.885  2.885  2.886  2.886  2.886  2.884  2.881  2.874  2.858  2.818  2.726  2.516  2.098  1.517  1.081  0.899  0.845  0.830  0.826  0.826  0.827  0.829  0.832  0.835  0.839  0.844  0.850  0.858  0.868  0.881  0.896  0.914
 150.000  150.000  0.948  0.966  0.984  1.000  1.011  1.015  1.008  1.005  1.077  1.208  1.279  1.301  1.306  1.306  1.305  1.304  1.302  1.301  1.301  1.300  1.299  1.299  1.299  1.298  1.298  1.298  1.299  1.311  1.462  2.239  2.767  2.851  2.870  2.878  2.883  2.885  2.886  2.887  2.887  2.888  2.888  2.888  2.887  2.886  2.885  2.881  2.873  2.856  2.818  2.735  2.562  2.257  1.835  1.406  1.103  0.960  0.914  0.906  0.907  0.908  0.906  0.903  0.898  0.892  0.888  0.885  0.885  0.888  0.895  0.904  0.917  0.932
 155.000  155.000  0.963  0.978  0.993  1.005  1.013  1.011  0.996  0.977  1.022  1.163  1.267  1.305  1.314  1.314  1.312  1.309  1.307  1.305  1.304  1.302  1.301  1.301  1.300  1.299  1.299  1.299  1.301  1.316  1.470  2.234  2.790  2.870  2.882  2.885  2.887  2.888  2.888  2.888  2.888  2.888  2.887  2.886  2.885  2.883  2.878  2.870  2.851  2.812  2.731  2.571  2.307  1.966  1.628  1.333  1.108  0.983  0.940  0.935  0.940  0.946  0.947  0.944  0.938  0.931  0.924  0.918  0.915  0.915  0.919  0.926  0.936  0.949
 160.000  160.000  0.978  0.991  1.003  1.012  1.016  1.010  0.988  0.956  0.975  1.111  1.250  1.311  1.327  1.327  1.324  1.320  1.316  1.312  1.309  1.307  1.305  1.304  1.302  1.302  1.301  1.301  1.306  1.335  1.513  2.193  2.733  2.848  2.874  2.882  2.885  2.886  2.887  2.887  2.886  2.885  2.884  2.882  2.879  2.873  2.862  2.841  2.799  2.715  2.559  2.310  2.004  1.723  1.498  1.297  1.117  1.002  0.958  0.954  0.963  0.973  0.977  0.977  0.971  0.963  0.955  0.947  0.942  0.940  0.942  0.947  0.955  0.966
 165.000  165.000  0.994  1.004  1.014  1.021  1.022  1.011  0.983  0.942  0.940  1.060  1.227  1.319  1.348  1.350  1.344  1.337  1.331  1.325  1.320  1.316  1.312  1.309  1.307  1.305  1.305  1.308  1.324  1.395  1.645  2.148  2.567  2.758  2.833  2.863  2.875  2.880  2.882  2.882  2.881  2.879  2.875  2.870  2.862  2.847  2.820  2.771  2.680  2.521  2.280  1.992  1.739  1.562  1.426  1.280  1.127  1.020  0.976  0.972  0.983  0.995  1.003  1.004  0.999  0.991  0.981  0.972  0.966  0.962  0.963  0.967  0.974  0.983
 170.000  170.000  1.010  1.020  1.028  1.032  1.030  1.016  0.983  0.934  0.917  1.018  1.202  1.330  1.377  1.384  1.377  1.367  1.356  1.346  1.338  1.331  1.325  1.320  1.316  1.313  1.313  1.324  1.377  1.546  1.851  2.115  2.314  2.525  2.697  2.793  2.838  2.857  2.864  2.865  2.863  2.858  2.850  2.836  2.814  2.778  2.718  2.614  2.448  2.211  1.940  1.707  1.556  1.467  1.384  1.270  1.136  1.037  0.993  0.988  0.999  1.013  1.023  1.025  1.022  1.014  1.004  0.994  0.987  0.983  0.983  0.986  0.992  1.001
 175.000  175.000  1.028  1.036  1.044  1.047  1.043  1.026  0.988  0.933  0.904  0.987  1.178  1.338  1.411  1.428  1.422  1.409  1.394  1.380  1.367  1.356  1.346  1.337  1.330  1.326  1.331  1.370  1.506  1.772  2.000  2.094  2.134  2.220  2.395  2.583  2.711  2.777  2.805  2.814  2.810  2.798  2.776  2.743  2.692  2.613  2.493  2.319  2.091  1.844  1.638  1.509  1.447  1.410  1.356  1.261  1.143  1.052  1.009  1.002  1.013  1.027  1.037  1.041  1.039  1.032  1.022  1.013  1.005  1.001  1.001  1.004  1.010  1.019
