

VARS   PHI PSI -180 -175 -170 -165 -160 -155 -150 -145 -140 -135 -130 -125 -120 -115 -110 -105 -100 -95 -90 -85 -80 -75 -70 -65 -60 -55 -50 -45 -40 -35 -30 -25 -20 -15 -10 -5 0 5 10 15 20 25 30 35 40 45 50 55 60 65 70 75 80 85 90 95 100 105 110 115 120 125 130 135 140 145 150 155 160 165 170 175 
FORMAT %8.3f %8.3f %6.3f %6.3f %6.3f %6.3f %6.3f %6.3f %6.3f %6.3f %6.3f %6.3f %6.3f %6.3f %6.3f %6.3f %6.3f %6.3f %6.3f %6.3f %6.3f %6.3f %6.3f %6.3f %6.3f %6.3f %6.3f %6.3f %6.3f %6.3f %6.3f %6.3f %6.3f %6.3f %6.3f %6.3f %6.3f %6.3f %6.3f %6.3f %6.3f %6.3f %6.3f %6.3f %6.3f %6.3f %6.3f %6.3f %6.3f %6.3f %6.3f %6.3f %6.3f %6.3f %6.3f %6.3f %6.3f %6.3f %6.3f %6.3f %6.3f %6.3f %6.3f %6.3f %6.3f %6.3f %6.3f %6.3f %6.3f %6.3f %6.3f %6.3f %6.3f %6.3f

-180.000 -180.000  1.110  1.090  1.067  1.042  1.014  0.984  0.954  0.924  0.894  0.866  0.844  0.861  1.062  1.271  1.305  1.304  1.299  1.294  1.288  1.283  1.277  1.271  1.265  1.257  1.244  1.215  1.146  1.026  0.912  0.860  0.855  0.875  0.913  0.967  1.034  1.106  1.172  1.222  1.248  1.244  1.217  1.191  1.189  1.212  1.228  1.211  1.158  1.080  0.995  0.925  0.895  0.915  0.966  1.021  1.064  1.092  1.103  1.099  1.086  1.068  1.055  1.051  1.060  1.078  1.099  1.120  1.136  1.145  1.148  1.146  1.138  1.126
-175.000 -175.000  1.132  1.117  1.099  1.077  1.053  1.027  0.999  0.971  0.942  0.916  0.896  0.930  1.145  1.288  1.305  1.302  1.296  1.291  1.286  1.280  1.275  1.269  1.262  1.254  1.240  1.207  1.131  1.006  0.895  0.848  0.846  0.869  0.910  0.967  1.037  1.112  1.182  1.236  1.265  1.265  1.243  1.223  1.230  1.262  1.292  1.289  1.246  1.174  1.087  1.007  0.962  0.968  1.015  1.073  1.121  1.152  1.163  1.158  1.140  1.116  1.094  1.081  1.079  1.088  1.104  1.121  1.136  1.147  1.153  1.154  1.151  1.143
-170.000 -170.000  1.151  1.141  1.128  1.111  1.092  1.070  1.046  1.020  0.995  0.972  0.959  1.012  1.210  1.297  1.304  1.299  1.294  1.289  1.283  1.278  1.272  1.266  1.259  1.251  1.234  1.197  1.113  0.981  0.875  0.835  0.838  0.863  0.906  0.965  1.036  1.114  1.186  1.243  1.275  1.278  1.263  1.249  1.264  1.306  1.348  1.359  1.329  1.265  1.181  1.096  1.038  1.029  1.068  1.124  1.173  1.203  1.214  1.208  1.187  1.159  1.131  1.109  1.099  1.099  1.108  1.121  1.135  1.146  1.155  1.159  1.160  1.157
-165.000 -165.000  1.167  1.162  1.154  1.143  1.128  1.111  1.092  1.071  1.051  1.035  1.033  1.102  1.256  1.302  1.302  1.297  1.291  1.286  1.281  1.275  1.269  1.263  1.256  1.246  1.228  1.184  1.089  0.954  0.855  0.822  0.829  0.857  0.901  0.961  1.033  1.110  1.184  1.242  1.276  1.284  1.274  1.268  1.290  1.341  1.394  1.418  1.402  1.349  1.271  1.185  1.117  1.094  1.119  1.168  1.213  1.242  1.251  1.243  1.222  1.192  1.160  1.133  1.115  1.109  1.111  1.120  1.132  1.144  1.154  1.162  1.166  1.168
-160.000 -160.000  1.177  1.178  1.175  1.169  1.160  1.149  1.135  1.122  1.111  1.107  1.123  1.197  1.290  1.304  1.300  1.294  1.289  1.283  1.278  1.272  1.266  1.260  1.253  1.241  1.219  1.166  1.060  0.923  0.835  0.812  0.823  0.853  0.898  0.957  1.027  1.103  1.175  1.233  1.268  1.280  1.276  1.279  1.308  1.365  1.427  1.464  1.462  1.421  1.352  1.269  1.195  1.157  1.166  1.202  1.240  1.264  1.271  1.262  1.240  1.211  1.179  1.150  1.128  1.116  1.113  1.117  1.126  1.138  1.149  1.160  1.168  1.174
-155.000 -155.000  1.181  1.187  1.189  1.189  1.186  1.181  1.176  1.173  1.176  1.192  1.230  1.294  1.318  1.306  1.298  1.292  1.286  1.281  1.275  1.270  1.263  1.257  1.248  1.234  1.206  1.142  1.024  0.892  0.820  0.806  0.822  0.854  0.898  0.955  1.022  1.093  1.161  1.216  1.251  1.266  1.268  1.279  1.315  1.379  1.448  1.495  1.506  1.478  1.419  1.342  1.265  1.214  1.205  1.225  1.251  1.268  1.272  1.262  1.242  1.216  1.186  1.158  1.135  1.119  1.112  1.112  1.118  1.129  1.141  1.153  1.164  1.174
-150.000 -150.000  1.179  1.189  1.196  1.202  1.206  1.209  1.214  1.225  1.247  1.288  1.347  1.387  1.345  1.309  1.296  1.289  1.284  1.278  1.272  1.266  1.260  1.252  1.242  1.224  1.187  1.109  0.983  0.865  0.812  0.808  0.828  0.861  0.904  0.957  1.018  1.083  1.144  1.194  1.227  1.243  1.252  1.270  1.313  1.380  1.454  1.510  1.532  1.517  1.469  1.398  1.320  1.259  1.233  1.235  1.247  1.257  1.257  1.248  1.232  1.209  1.184  1.159  1.136  1.119  1.108  1.105  1.108  1.117  1.128  1.141  1.155  1.168
-145.000 -145.000  1.171  1.184  1.197  1.208  1.220  1.233  1.251  1.280  1.326  1.389  1.456  1.471  1.378  1.314  1.295  1.287  1.281  1.275  1.269  1.263  1.255  1.246  1.232  1.208  1.158  1.066  0.941  0.847  0.815  0.822  0.845  0.877  0.917  0.965  1.019  1.075  1.128  1.170  1.199  1.215  1.228  1.252  1.300  1.371  1.448  1.509  1.540  1.535  1.498  1.434  1.357  1.288  1.246  1.231  1.231  1.233  1.231  1.224  1.212  1.195  1.176  1.155  1.134  1.116  1.103  1.097  1.097  1.102  1.113  1.126  1.141  1.156
-140.000 -140.000  1.157  1.175  1.192  1.210  1.230  1.255  1.290  1.340  1.405  1.478  1.540  1.538  1.416  1.321  1.294  1.284  1.278  1.272  1.265  1.258  1.249  1.236  1.216  1.180  1.114  1.011  0.904  0.844  0.834  0.848  0.873  0.904  0.940  0.981  1.026  1.071  1.114  1.147  1.170  1.185  1.200  1.229  1.279  1.351  1.429  1.493  1.530  1.534  1.505  1.447  1.371  1.296  1.243  1.215  1.205  1.202  1.200  1.196  1.189  1.179  1.165  1.148  1.130  1.113  1.098  1.089  1.085  1.088  1.096  1.108  1.123  1.140
-135.000 -135.000  1.142  1.163  1.185  1.209  1.239  1.278  1.331  1.398  1.472  1.542  1.591  1.585  1.459  1.334  1.294  1.282  1.274  1.267  1.259  1.250  1.236  1.217  1.186  1.133  1.051  0.953  0.882  0.858  0.867  0.888  0.912  0.940  0.970  1.003  1.038  1.073  1.104  1.129  1.146  1.158  1.173  1.203  1.254  1.324  1.400  1.466  1.506  1.515  1.491  1.437  1.362  1.285  1.225  1.190  1.174  1.169  1.168  1.168  1.167  1.162  1.154  1.141  1.126  1.109  1.094  1.082  1.076  1.075  1.081  1.091  1.106  1.123
-130.000 -130.000  1.127  1.151  1.177  1.209  1.249  1.302  1.368  1.443  1.516  1.576  1.614  1.611  1.502  1.352  1.294  1.278  1.269  1.260  1.249  1.234  1.213  1.181  1.132  1.060  0.975  0.906  0.879  0.887  0.910  0.935  0.959  0.982  1.005  1.029  1.054  1.078  1.100  1.116  1.127  1.136  1.151  1.179  1.227  1.293  1.365  1.428  1.469  1.479  1.458  1.407  1.334  1.257  1.196  1.159  1.141  1.137  1.140  1.145  1.148  1.148  1.144  1.135  1.121  1.106  1.091  1.078  1.069  1.066  1.069  1.077  1.090  1.107
-125.000 -125.000  1.116  1.141  1.171  1.209  1.258  1.320  1.393  1.467  1.532  1.581  1.613  1.616  1.535  1.376  1.295  1.271  1.258  1.245  1.228  1.203  1.168  1.117  1.049  0.972  0.910  0.884  0.894  0.924  0.957  0.986  1.008  1.026  1.041  1.056  1.071  1.085  1.098  1.108  1.114  1.121  1.134  1.159  1.202  1.261  1.327  1.386  1.423  1.432  1.411  1.361  1.292  1.219  1.161  1.127  1.112  1.112  1.118  1.127  1.134  1.138  1.136  1.129  1.118  1.104  1.089  1.076  1.065  1.060  1.061  1.067  1.078  1.095
-120.000 -120.000  1.106  1.132  1.165  1.206  1.259  1.324  1.395  1.463  1.519  1.560  1.589  1.598  1.549  1.400  1.294  1.258  1.238  1.216  1.186  1.146  1.092  1.027  0.959  0.905  0.880  0.888  0.919  0.960  1.000  1.031  1.052  1.065  1.073  1.079  1.085  1.091  1.097  1.102  1.107  1.112  1.124  1.146  1.182  1.233  1.291  1.341  1.373  1.378  1.356  1.308  1.245  1.180  1.129  1.100  1.090  1.093  1.103  1.115  1.125  1.130  1.130  1.126  1.116  1.103  1.089  1.076  1.065  1.058  1.057  1.061  1.071  1.086
-115.000 -115.000  1.098  1.122  1.154  1.194  1.244  1.304  1.367  1.425  1.474  1.511  1.540  1.556  1.533  1.412  1.284  1.230  1.198  1.162  1.118  1.066  1.009  0.954  0.912  0.889  0.890  0.911  0.947  0.990  1.032  1.065  1.086  1.096  1.098  1.097  1.095  1.094  1.096  1.098  1.102  1.108  1.119  1.138  1.169  1.211  1.259  1.300  1.324  1.324  1.301  1.258  1.204  1.150  1.107  1.083  1.077  1.084  1.096  1.109  1.119  1.125  1.127  1.123  1.115  1.103  1.090  1.077  1.066  1.059  1.056  1.058  1.066  1.080
-110.000 -110.000  1.090  1.110  1.135  1.168  1.209  1.256  1.306  1.354  1.396  1.432  1.462  1.484  1.482  1.393  1.255  1.184  1.141  1.098  1.054  1.010  0.972  0.941  0.923  0.917  0.925  0.945  0.975  1.013  1.051  1.083  1.105  1.114  1.114  1.107  1.100  1.095  1.093  1.094  1.099  1.106  1.118  1.136  1.162  1.196  1.234  1.265  1.281  1.277  1.256  1.222  1.180  1.136  1.100  1.080  1.076  1.083  1.095  1.107  1.117  1.123  1.124  1.121  1.114  1.103  1.091  1.079  1.068  1.061  1.057  1.058  1.064  1.074
-105.000 -105.000  1.083  1.096  1.112  1.131  1.154  1.182  1.215  1.251  1.286  1.320  1.351  1.379  1.391  1.332  1.209  1.142  1.104  1.071  1.040  1.013  0.990  0.974  0.965  0.963  0.969  0.982  1.002  1.030  1.060  1.089  1.111  1.121  1.121  1.113  1.103  1.094  1.090  1.092  1.097  1.106  1.120  1.138  1.161  1.189  1.218  1.239  1.246  1.240  1.225  1.203  1.174  1.140  1.109  1.090  1.085  1.090  1.100  1.110  1.117  1.122  1.123  1.120  1.113  1.104  1.093  1.082  1.072  1.064  1.060  1.060  1.065  1.072
-100.000 -100.000  1.085  1.089  1.092  1.092  1.091  1.094  1.105  1.125  1.151  1.181  1.212  1.243  1.267  1.247  1.180  1.140  1.113  1.089  1.067  1.048  1.032  1.020  1.012  1.009  1.010  1.016  1.027  1.044  1.065  1.088  1.108  1.120  1.123  1.117  1.106  1.096  1.091  1.092  1.098  1.109  1.124  1.143  1.166  1.189  1.210  1.221  1.221  1.215  1.208  1.198  1.182  1.157  1.132  1.113  1.104  1.105  1.109  1.115  1.120  1.122  1.122  1.119  1.113  1.105  1.095  1.085  1.076  1.070  1.068  1.069  1.073  1.079
 -95.000  -95.000  1.102  1.099  1.088  1.067  1.039  1.012  0.996  0.995  1.007  1.028  1.055  1.088  1.132  1.185  1.189  1.168  1.146  1.125  1.105  1.088  1.073  1.062  1.053  1.047  1.045  1.045  1.049  1.057  1.069  1.085  1.101  1.115  1.122  1.120  1.113  1.103  1.097  1.097  1.103  1.115  1.132  1.152  1.174  1.195  1.209  1.211  1.204  1.199  1.200  1.201  1.197  1.182  1.162  1.143  1.131  1.124  1.122  1.122  1.122  1.122  1.121  1.117  1.112  1.105  1.097  1.090  1.084  1.081  1.082  1.086  1.093  1.099
 -90.000  -90.000  1.136  1.129  1.107  1.068  1.016  0.959  0.913  0.885  0.876  0.882  0.900  0.933  1.020  1.177  1.222  1.206  1.184  1.162  1.142  1.124  1.108  1.095  1.085  1.077  1.071  1.068  1.067  1.069  1.075  1.084  1.096  1.109  1.119  1.124  1.122  1.116  1.111  1.110  1.114  1.126  1.143  1.165  1.187  1.206  1.214  1.206  1.193  1.188  1.195  1.207  1.213  1.209  1.196  1.178  1.161  1.147  1.137  1.129  1.124  1.120  1.117  1.114  1.110  1.105  1.100  1.096  1.094  1.097  1.103  1.113  1.124  1.133
 -85.000  -85.000  1.179  1.171  1.143  1.094  1.025  0.946  0.872  0.816  0.781  0.766  0.769  0.806  0.976  1.217  1.263  1.245  1.220  1.196  1.173  1.153  1.136  1.121  1.109  1.100  1.092  1.086  1.082  1.080  1.081  1.085  1.093  1.103  1.115  1.125  1.131  1.132  1.130  1.129  1.133  1.143  1.160  1.181  1.204  1.221  1.223  1.205  1.184  1.179  1.192  1.213  1.230  1.236  1.229  1.213  1.192  1.170  1.151  1.134  1.122  1.115  1.110  1.108  1.106  1.104  1.103  1.104  1.107  1.116  1.129  1.145  1.161  1.175
 -80.000  -80.000  1.223  1.215  1.187  1.134  1.058  0.967  0.875  0.794  0.733  0.694  0.680  0.735  1.020  1.278  1.304  1.279  1.251  1.223  1.198  1.176  1.157  1.141  1.127  1.116  1.107  1.099  1.093  1.089  1.086  1.087  1.091  1.099  1.110  1.124  1.137  1.146  1.151  1.154  1.158  1.167  1.182  1.203  1.225  1.240  1.235  1.207  1.178  1.172  1.190  1.218  1.244  1.259  1.259  1.245  1.220  1.191  1.161  1.136  1.118  1.106  1.101  1.099  1.100  1.102  1.106  1.112  1.121  1.136  1.155  1.176  1.198  1.215
 -75.000  -75.000  1.257  1.252  1.225  1.175  1.100  1.007  0.907  0.812  0.732  0.671  0.642  0.742  1.129  1.338  1.340  1.309  1.276  1.246  1.218  1.194  1.173  1.155  1.141  1.128  1.118  1.109  1.102  1.095  1.091  1.089  1.089  1.094  1.104  1.119  1.137  1.154  1.168  1.178  1.186  1.196  1.210  1.229  1.250  1.262  1.250  1.210  1.172  1.165  1.187  1.222  1.256  1.279  1.284  1.271  1.242  1.205  1.167  1.134  1.109  1.095  1.090  1.090  1.095  1.101  1.109  1.120  1.134  1.153  1.176  1.202  1.227  1.247
 -70.000  -70.000  1.280  1.277  1.255  1.210  1.141  1.053  0.954  0.855  0.764  0.689  0.656  0.830  1.256  1.388  1.369  1.333  1.296  1.263  1.233  1.207  1.185  1.166  1.150  1.137  1.125  1.116  1.107  1.100  1.094  1.090  1.088  1.090  1.097  1.111  1.131  1.154  1.177  1.196  1.211  1.225  1.240  1.259  1.278  1.287  1.267  1.215  1.168  1.158  1.184  1.225  1.266  1.294  1.302  1.288  1.255  1.212  1.166  1.126  1.098  1.083  1.078  1.082  1.090  1.101  1.113  1.128  1.146  1.167  1.192  1.220  1.246  1.268
 -65.000  -65.000  1.292  1.292  1.274  1.235  1.175  1.096  1.004  0.907  0.814  0.734  0.714  0.979  1.364  1.425  1.392  1.351  1.312  1.276  1.244  1.216  1.192  1.173  1.156  1.142  1.130  1.120  1.111  1.103  1.096  1.090  1.087  1.086  1.090  1.101  1.120  1.146  1.175  1.204  1.229  1.250  1.269  1.289  1.308  1.314  1.286  1.222  1.164  1.153  1.181  1.227  1.273  1.303  1.311  1.294  1.257  1.208  1.157  1.114  1.084  1.070  1.068  1.075  1.087  1.102  1.118  1.136  1.155  1.178  1.203  1.230  1.256  1.278
 -60.000  -60.000  1.293  1.295  1.282  1.251  1.200  1.131  1.049  0.960  0.871  0.793  0.804  1.152  1.441  1.451  1.410  1.365  1.323  1.285  1.251  1.222  1.197  1.177  1.159  1.145  1.133  1.122  1.113  1.105  1.097  1.090  1.085  1.082  1.083  1.090  1.106  1.131  1.164  1.200  1.234  1.265  1.292  1.316  1.337  1.341  1.307  1.230  1.162  1.148  1.179  1.228  1.275  1.305  1.309  1.289  1.247  1.194  1.140  1.097  1.069  1.057  1.058  1.069  1.085  1.103  1.123  1.142  1.163  1.185  1.208  1.234  1.258  1.279
 -55.000  -55.000  1.285  1.289  1.280  1.256  1.215  1.157  1.087  1.008  0.926  0.859  0.921  1.312  1.490  1.470  1.423  1.375  1.330  1.290  1.255  1.225  1.199  1.178  1.160  1.146  1.133  1.123  1.113  1.104  1.096  1.089  1.082  1.077  1.076  1.080  1.092  1.114  1.146  1.185  1.228  1.268  1.305  1.337  1.362  1.368  1.329  1.240  1.161  1.144  1.176  1.227  1.273  1.298  1.297  1.271  1.226  1.170  1.117  1.076  1.051  1.043  1.049  1.063  1.083  1.104  1.126  1.147  1.168  1.188  1.210  1.232  1.253  1.272
 -50.000  -50.000  1.267  1.272  1.267  1.249  1.218  1.172  1.114  1.047  0.976  0.925  1.056  1.433  1.520  1.482  1.432  1.381  1.335  1.293  1.256  1.225  1.199  1.177  1.159  1.144  1.132  1.121  1.112  1.103  1.095  1.087  1.079  1.073  1.069  1.070  1.077  1.095  1.124  1.163  1.210  1.258  1.305  1.347  1.380  1.391  1.352  1.253  1.162  1.141  1.174  1.224  1.264  1.282  1.275  1.244  1.196  1.141  1.090  1.053  1.032  1.028  1.037  1.055  1.077  1.101  1.125  1.148  1.168  1.188  1.206  1.224  1.241  1.256
 -45.000  -45.000  1.235  1.239  1.237  1.226  1.205  1.173  1.129  1.075  1.017  0.990  1.198  1.512  1.537  1.491  1.437  1.385  1.337  1.294  1.256  1.224  1.197  1.175  1.156  1.141  1.129  1.118  1.109  1.100  1.092  1.084  1.076  1.068  1.063  1.060  1.064  1.077  1.101  1.137  1.184  1.237  1.292  1.344  1.387  1.408  1.374  1.267  1.165  1.140  1.172  1.218  1.250  1.259  1.244  1.209  1.161  1.108  1.061  1.028  1.011  1.011  1.023  1.043  1.068  1.094  1.120  1.143  1.163  1.180  1.194  1.207  1.218  1.227
 -40.000  -40.000  1.180  1.181  1.181  1.177  1.167  1.149  1.122  1.085  1.044  1.051  1.330  1.557  1.546  1.495  1.440  1.387  1.337  1.293  1.254  1.221  1.193  1.171  1.152  1.137  1.125  1.114  1.105  1.096  1.088  1.079  1.071  1.063  1.056  1.052  1.052  1.059  1.078  1.109  1.153  1.207  1.267  1.328  1.382  1.415  1.391  1.283  1.169  1.140  1.170  1.208  1.230  1.230  1.210  1.173  1.125  1.075  1.032  1.002  0.988  0.990  1.004  1.027  1.053  1.081  1.107  1.130  1.148  1.161  1.170  1.174  1.177  1.178
 -35.000  -35.000  1.093  1.088  1.088  1.089  1.090  1.089  1.082  1.067  1.049  1.106  1.436  1.580  1.550  1.496  1.441  1.387  1.337  1.291  1.251  1.217  1.189  1.166  1.147  1.132  1.119  1.109  1.099  1.091  1.082  1.074  1.066  1.058  1.050  1.043  1.041  1.044  1.057  1.082  1.121  1.172  1.234  1.300  1.363  1.410  1.403  1.299  1.174  1.141  1.167  1.196  1.208  1.201  1.177  1.139  1.093  1.045  1.004  0.976  0.964  0.967  0.982  1.005  1.032  1.060  1.085  1.106  1.120  1.126  1.125  1.119  1.110  1.100
 -30.000  -30.000  0.969  0.958  0.954  0.957  0.966  0.978  0.991  1.001  1.016  1.141  1.505  1.589  1.549  1.495  1.440  1.386  1.335  1.289  1.249  1.214  1.185  1.161  1.142  1.126  1.113  1.102  1.093  1.084  1.076  1.068  1.060  1.051  1.043  1.035  1.030  1.030  1.037  1.056  1.088  1.135  1.195  1.263  1.333  1.393  1.404  1.311  1.180  1.145  1.165  1.185  1.188  1.176  1.150  1.112  1.066  1.019  0.979  0.951  0.939  0.942  0.957  0.979  1.005  1.031  1.053  1.068  1.074  1.070  1.056  1.035  1.011  0.988
 -25.000  -25.000  0.821  0.802  0.793  0.795  0.805  0.824  0.849  0.879  0.927  1.141  1.539  1.588  1.544  1.492  1.438  1.385  1.335  1.288  1.247  1.212  1.182  1.157  1.137  1.120  1.107  1.096  1.086  1.078  1.070  1.061  1.053  1.045  1.036  1.028  1.021  1.017  1.020  1.033  1.058  1.098  1.153  1.220  1.294  1.362  1.389  1.313  1.187  1.151  1.164  1.175  1.172  1.157  1.129  1.090  1.045  0.998  0.957  0.928  0.915  0.916  0.929  0.949  0.972  0.994  1.009  1.016  1.009  0.990  0.960  0.923  0.884  0.849
 -20.000  -20.000  0.668  0.645  0.632  0.630  0.637  0.654  0.680  0.717  0.785  1.093  1.545  1.581  1.538  1.487  1.435  1.384  1.335  1.289  1.248  1.211  1.180  1.154  1.133  1.115  1.101  1.089  1.079  1.070  1.062  1.054  1.046  1.037  1.028  1.020  1.012  1.006  1.006  1.013  1.031  1.064  1.112  1.175  1.246  1.309  1.324  1.266  1.191  1.162  1.164  1.168  1.161  1.143  1.114  1.075  1.028  0.981  0.938  0.907  0.892  0.890  0.900  0.916  0.934  0.948  0.954  0.947  0.925  0.890  0.844  0.793  0.744  0.702
 -15.000  -15.000  0.530  0.506  0.491  0.486  0.489  0.501  0.521  0.552  0.624  1.003  1.530  1.570  1.529  1.482  1.433  1.385  1.337  1.292  1.250  1.213  1.181  1.153  1.130  1.111  1.096  1.083  1.072  1.063  1.055  1.046  1.038  1.030  1.021  1.012  1.003  0.996  0.993  0.996  1.008  1.033  1.076  1.135  1.196  1.224  1.217  1.200  1.182  1.167  1.158  1.156  1.150  1.133  1.103  1.064  1.016  0.967  0.922  0.889  0.870  0.865  0.870  0.880  0.891  0.895  0.888  0.865  0.827  0.776  0.718  0.661  0.608  0.564
 -10.000  -10.000  0.417  0.394  0.380  0.373  0.373  0.380  0.393  0.415  0.482  0.896  1.502  1.557  1.520  1.477  1.432  1.386  1.341  1.297  1.256  1.218  1.184  1.155  1.130  1.109  1.092  1.078  1.066  1.056  1.047  1.039  1.031  1.022  1.013  1.004  0.995  0.987  0.982  0.981  0.990  1.016  1.069  1.132  1.168  1.179  1.180  1.176  1.168  1.156  1.141  1.130  1.124  1.116  1.093  1.055  1.007  0.956  0.909  0.873  0.850  0.841  0.840  0.843  0.844  0.835  0.812  0.773  0.721  0.660  0.597  0.539  0.489  0.448
  -5.000   -5.000  0.329  0.310  0.297  0.291  0.289  0.292  0.299  0.314  0.373  0.791  1.464  1.543  1.511  1.472  1.432  1.390  1.348  1.306  1.265  1.227  1.191  1.160  1.132  1.109  1.090  1.074  1.061  1.050  1.040  1.031  1.023  1.015  1.006  0.997  0.988  0.979  0.973  0.973  0.992  1.044  1.101  1.133  1.149  1.158  1.161  1.159  1.153  1.142  1.127  1.109  1.093  1.081  1.071  1.044  1.000  0.948  0.898  0.859  0.832  0.818  0.810  0.805  0.793  0.770  0.731  0.678  0.616  0.551  0.490  0.436  0.392  0.356
   0.000    0.000  0.265  0.249  0.239  0.233  0.230  0.231  0.235  0.244  0.296  0.700  1.423  1.529  1.503  1.469  1.433  1.395  1.356  1.316  1.277  1.238  1.202  1.168  1.139  1.113  1.091  1.072  1.057  1.044  1.034  1.024  1.016  1.007  0.999  0.990  0.981  0.972  0.967  0.980  1.022  1.063  1.092  1.112  1.126  1.136  1.141  1.141  1.137  1.127  1.114  1.097  1.078  1.059  1.043  1.027  0.997  0.946  0.892  0.847  0.816  0.795  0.781  0.764  0.740  0.701  0.648  0.585  0.519  0.456  0.400  0.353  0.316  0.287
   5.000    5.000  0.219  0.207  0.199  0.194  0.191  0.191  0.193  0.199  0.244  0.624  1.379  1.516  1.497  1.467  1.435  1.402  1.366  1.329  1.291  1.253  1.216  1.181  1.148  1.119  1.094  1.073  1.056  1.041  1.029  1.018  1.009  1.000  0.991  0.981  0.968  0.954  0.955  0.981  1.013  1.041  1.065  1.085  1.101  1.113  1.120  1.123  1.120  1.113  1.101  1.085  1.068  1.049  1.032  1.016  0.998  0.966  0.907  0.847  0.804  0.775  0.751  0.723  0.684  0.631  0.568  0.500  0.434  0.376  0.328  0.289  0.259  0.236
  10.000   10.000  0.187  0.178  0.172  0.168  0.166  0.166  0.167  0.170  0.210  0.561  1.336  1.505  1.492  1.466  1.439  1.409  1.377  1.343  1.308  1.270  1.233  1.196  1.162  1.130  1.101  1.077  1.056  1.039  1.025  1.013  1.002  0.989  0.972  0.943  0.908  0.901  0.924  0.955  0.984  1.011  1.036  1.057  1.075  1.089  1.099  1.103  1.103  1.098  1.088  1.075  1.059  1.042  1.026  1.011  0.998  0.983  0.955  0.894  0.817  0.762  0.722  0.680  0.627  0.563  0.492  0.424  0.363  0.313  0.272  0.241  0.217  0.200
  15.000   15.000  0.166  0.160  0.155  0.153  0.151  0.150  0.151  0.153  0.188  0.510  1.294  1.496  1.488  1.467  1.443  1.418  1.389  1.358  1.325  1.289  1.252  1.215  1.178  1.144  1.112  1.084  1.060  1.039  1.020  1.001  0.973  0.926  0.858  0.812  0.821  0.857  0.894  0.926  0.956  0.983  1.008  1.030  1.050  1.065  1.077  1.084  1.086  1.083  1.075  1.064  1.051  1.036  1.022  1.008  0.997  0.988  0.978  0.957  0.901  0.801  0.710  0.639  0.570  0.497  0.425  0.360  0.306  0.263  0.230  0.206  0.188  0.175
  20.000   20.000  0.152  0.148  0.145  0.143  0.142  0.141  0.141  0.143  0.174  0.469  1.253  1.488  1.486  1.468  1.448  1.426  1.401  1.373  1.342  1.309  1.273  1.235  1.197  1.160  1.125  1.092  1.061  1.027  0.980  0.903  0.795  0.710  0.695  0.729  0.778  0.825  0.866  0.900  0.929  0.956  0.981  1.004  1.024  1.041  1.055  1.064  1.068  1.068  1.063  1.054  1.043  1.031  1.019  1.007  0.998  0.990  0.984  0.978  0.964  0.916  0.789  0.636  0.524  0.439  0.367  0.307  0.261  0.225  0.200  0.181  0.168  0.159
  25.000   25.000  0.143  0.141  0.139  0.137  0.136  0.136  0.136  0.137  0.164  0.433  1.213  1.481  1.485  1.470  1.453  1.434  1.412  1.387  1.359  1.328  1.293  1.256  1.217  1.176  1.133  1.081  1.006  0.887  0.740  0.630  0.590  0.603  0.643  0.694  0.748  0.797  0.839  0.874  0.904  0.931  0.956  0.979  1.000  1.018  1.034  1.045  1.051  1.054  1.051  1.046  1.037  1.027  1.017  1.008  1.001  0.995  0.990  0.987  0.984  0.975  0.932  0.774  0.546  0.402  0.320  0.265  0.226  0.197  0.177  0.164  0.154  0.148
  30.000   30.000  0.138  0.136  0.135  0.134  0.133  0.133  0.133  0.134  0.157  0.404  1.175  1.476  1.485  1.473  1.458  1.442  1.423  1.401  1.375  1.346  1.313  1.275  1.228  1.165  1.061  0.897  0.712  0.588  0.538  0.531  0.546  0.576  0.617  0.667  0.719  0.769  0.812  0.849  0.880  0.907  0.932  0.955  0.977  0.996  1.013  1.026  1.035  1.040  1.041  1.038  1.033  1.026  1.018  1.012  1.007  1.003  1.000  0.999  0.999  0.998  0.992  0.948  0.756  0.463  0.303  0.236  0.200  0.177  0.162  0.152  0.145  0.141
  35.000   35.000  0.135  0.133  0.132  0.132  0.132  0.131  0.131  0.132  0.152  0.378  1.138  1.471  1.485  1.475  1.463  1.449  1.432  1.413  1.389  1.360  1.321  1.259  1.141  0.939  0.716  0.575  0.519  0.504  0.506  0.516  0.533  0.560  0.597  0.642  0.692  0.741  0.786  0.824  0.857  0.885  0.910  0.934  0.956  0.976  0.994  1.009  1.020  1.028  1.032  1.032  1.030  1.027  1.023  1.020  1.017  1.016  1.016  1.016  1.018  1.020  1.022  1.018  0.969  0.741  0.405  0.239  0.185  0.163  0.151  0.144  0.140  0.137
  40.000   40.000  0.133  0.132  0.131  0.131  0.130  0.130  0.130  0.131  0.149  0.356  1.102  1.467  1.486  1.478  1.467  1.455  1.440  1.421  1.393  1.341  1.227  1.007  0.748  0.582  0.516  0.497  0.493  0.495  0.500  0.510  0.525  0.548  0.580  0.620  0.666  0.714  0.759  0.799  0.834  0.863  0.890  0.914  0.936  0.957  0.976  0.993  1.007  1.017  1.025  1.029  1.031  1.032  1.032  1.032  1.034  1.035  1.038  1.041  1.045  1.049  1.054  1.057  1.054  0.998  0.736  0.373  0.204  0.158  0.145  0.139  0.136  0.134
  45.000   45.000  0.131  0.131  0.130  0.130  0.130  0.130  0.130  0.130  0.146  0.336  1.066  1.463  1.487  1.480  1.471  1.459  1.440  1.401  1.304  1.089  0.802  0.602  0.520  0.496  0.489  0.489  0.490  0.493  0.498  0.506  0.518  0.538  0.565  0.601  0.643  0.689  0.733  0.774  0.810  0.841  0.869  0.894  0.917  0.940  0.960  0.979  0.995  1.009  1.020  1.029  1.036  1.042  1.047  1.052  1.057  1.063  1.068  1.074  1.080  1.086  1.092  1.098  1.103  1.099  1.036  0.747  0.362  0.189  0.146  0.137  0.134  0.132
  50.000   50.000  0.130  0.130  0.130  0.130  0.130  0.129  0.129  0.130  0.144  0.318  1.030  1.459  1.487  1.481  1.469  1.441  1.365  1.173  0.873  0.636  0.530  0.498  0.489  0.487  0.487  0.488  0.489  0.492  0.496  0.503  0.513  0.529  0.552  0.584  0.622  0.664  0.708  0.749  0.786  0.819  0.848  0.875  0.900  0.923  0.945  0.967  0.986  1.004  1.020  1.034  1.047  1.058  1.069  1.079  1.088  1.097  1.105  1.113  1.120  1.128  1.134  1.141  1.147  1.152  1.147  1.080  0.773  0.369  0.185  0.141  0.133  0.131
  55.000   55.000  0.130  0.130  0.129  0.129  0.129  0.129  0.129  0.130  0.142  0.302  0.994  1.454  1.484  1.467  1.410  1.250  0.956  0.682  0.546  0.502  0.490  0.487  0.486  0.486  0.487  0.487  0.489  0.491  0.495  0.500  0.509  0.522  0.542  0.569  0.603  0.642  0.683  0.724  0.761  0.796  0.827  0.855  0.882  0.907  0.932  0.956  0.980  1.002  1.024  1.044  1.063  1.081  1.097  1.111  1.124  1.135  1.145  1.154  1.162  1.169  1.176  1.182  1.188  1.193  1.197  1.192  1.124  0.813  0.388  0.189  0.140  0.131
  60.000   60.000  0.131  0.130  0.129  0.129  0.129  0.129  0.129  0.130  0.140  0.287  0.958  1.438  1.440  1.315  1.044  0.741  0.569  0.508  0.491  0.487  0.486  0.486  0.486  0.486  0.487  0.487  0.489  0.490  0.493  0.498  0.506  0.517  0.534  0.557  0.586  0.622  0.660  0.699  0.737  0.772  0.804  0.834  0.863  0.891  0.919  0.948  0.976  1.005  1.033  1.061  1.086  1.110  1.130  1.147  1.162  1.174  1.184  1.193  1.200  1.207  1.213  1.218  1.223  1.227  1.231  1.234  1.228  1.164  0.861  0.417  0.197  0.140
  65.000   65.000  0.143  0.132  0.131  0.131  0.131  0.132  0.132  0.134  0.144  0.276  0.915  1.329  1.131  0.813  0.600  0.517  0.493  0.487  0.486  0.485  0.485  0.485  0.486  0.486  0.486  0.487  0.488  0.490  0.493  0.497  0.503  0.513  0.527  0.547  0.572  0.604  0.639  0.675  0.712  0.747  0.781  0.813  0.844  0.875  0.907  0.941  0.976  1.012  1.048  1.083  1.115  1.142  1.164  1.182  1.197  1.209  1.218  1.225  1.232  1.237  1.242  1.246  1.249  1.253  1.256  1.258  1.260  1.254  1.197  0.914  0.454  0.210
  70.000   70.000  0.292  0.251  0.255  0.269  0.286  0.305  0.327  0.351  0.378  0.429  0.714  0.870  0.642  0.531  0.497  0.488  0.486  0.485  0.485  0.485  0.485  0.485  0.486  0.486  0.486  0.487  0.488  0.490  0.492  0.496  0.501  0.509  0.522  0.538  0.561  0.588  0.620  0.653  0.688  0.723  0.756  0.790  0.824  0.858  0.896  0.936  0.979  1.024  1.069  1.110  1.145  1.174  1.197  1.214  1.227  1.237  1.244  1.250  1.255  1.259  1.263  1.266  1.268  1.270  1.272  1.274  1.276  1.277  1.271  1.222  0.966  0.517
  75.000   75.000  0.801  0.759  0.727  0.695  0.665  0.636  0.610  0.587  0.568  0.551  0.541  0.538  0.502  0.489  0.486  0.485  0.485  0.485  0.485  0.485  0.485  0.485  0.486  0.486  0.486  0.487  0.488  0.489  0.492  0.495  0.500  0.507  0.517  0.532  0.551  0.575  0.603  0.633  0.666  0.699  0.732  0.766  0.802  0.841  0.884  0.933  0.986  1.041  1.094  1.139  1.176  1.204  1.224  1.239  1.250  1.258  1.264  1.268  1.272  1.275  1.277  1.279  1.281  1.282  1.284  1.285  1.286  1.287  1.285  1.269  1.154  0.913
  80.000   80.000  0.838  0.797  0.757  0.718  0.682  0.649  0.621  0.596  0.575  0.558  0.543  0.530  0.494  0.486  0.485  0.485  0.485  0.485  0.485  0.485  0.485  0.485  0.486  0.486  0.486  0.487  0.488  0.489  0.491  0.494  0.499  0.505  0.514  0.526  0.543  0.564  0.588  0.615  0.645  0.676  0.708  0.742  0.780  0.822  0.873  0.931  0.996  1.062  1.120  1.168  1.204  1.229  1.246  1.258  1.267  1.273  1.277  1.280  1.283  1.285  1.286  1.288  1.289  1.290  1.291  1.291  1.292  1.290  1.273  1.165  0.974  0.885
  85.000   85.000  0.844  0.803  0.763  0.724  0.687  0.654  0.626  0.601  0.580  0.563  0.549  0.537  0.519  0.487  0.485  0.485  0.485  0.485  0.485  0.485  0.485  0.485  0.486  0.486  0.486  0.487  0.488  0.489  0.491  0.494  0.498  0.503  0.511  0.522  0.537  0.555  0.576  0.600  0.626  0.654  0.685  0.718  0.757  0.804  0.861  0.931  1.009  1.084  1.147  1.194  1.227  1.249  1.263  1.272  1.279  1.283  1.286  1.288  1.290  1.291  1.292  1.293  1.294  1.294  1.295  1.295  1.293  1.269  1.147  0.992  0.926  0.884
  90.000   90.000  0.851  0.810  0.769  0.730  0.693  0.660  0.631  0.606  0.585  0.568  0.554  0.543  0.533  0.505  0.486  0.485  0.485  0.485  0.485  0.485  0.485  0.486  0.486  0.486  0.486  0.487  0.488  0.489  0.491  0.494  0.497  0.502  0.510  0.519  0.532  0.547  0.566  0.587  0.610  0.635  0.663  0.695  0.734  0.785  0.850  0.932  1.023  1.107  1.172  1.217  1.246  1.264  1.275  1.282  1.287  1.290  1.292  1.293  1.294  1.295  1.296  1.297  1.297  1.297  1.297  1.293  1.259  1.131  1.015  0.966  0.929  0.891
  95.000   95.000  0.859  0.817  0.776  0.736  0.699  0.666  0.637  0.612  0.591  0.574  0.560  0.549  0.540  0.530  0.493  0.485  0.485  0.485  0.485  0.485  0.485  0.486  0.486  0.486  0.486  0.487  0.488  0.489  0.491  0.493  0.497  0.502  0.508  0.517  0.528  0.541  0.557  0.575  0.596  0.618  0.643  0.674  0.713  0.766  0.840  0.935  1.038  1.128  1.194  1.235  1.260  1.275  1.283  1.288  1.292  1.294  1.296  1.297  1.297  1.298  1.298  1.299  1.299  1.298  1.291  1.244  1.120  1.040  1.004  0.972  0.937  0.899
 100.000  100.000  0.867  0.825  0.783  0.743  0.706  0.673  0.644  0.619  0.598  0.580  0.566  0.555  0.547  0.540  0.525  0.489  0.485  0.485  0.485  0.485  0.485  0.486  0.486  0.486  0.487  0.487  0.488  0.489  0.491  0.493  0.497  0.501  0.507  0.515  0.525  0.537  0.551  0.566  0.584  0.603  0.626  0.654  0.692  0.749  0.831  0.938  1.053  1.148  1.212  1.250  1.271  1.282  1.289  1.293  1.295  1.297  1.298  1.299  1.299  1.299  1.300  1.300  1.298  1.284  1.220  1.112  1.062  1.037  1.012  0.981  0.946  0.908
 105.000  105.000  0.875  0.833  0.791  0.751  0.714  0.680  0.651  0.626  0.605  0.587  0.573  0.562  0.554  0.547  0.547  0.537  0.496  0.487  0.486  0.485  0.485  0.486  0.486  0.486  0.487  0.487  0.488  0.489  0.491  0.493  0.497  0.501  0.507  0.514  0.523  0.534  0.546  0.559  0.574  0.591  0.610  0.636  0.674  0.733  0.823  0.942  1.066  1.165  1.226  1.260  1.278  1.288  1.293  1.296  1.298  1.299  1.299  1.300  1.300  1.300  1.299  1.294  1.267  1.180  1.100  1.078  1.065  1.046  1.021  0.991  0.955  0.916
 110.000  110.000  0.884  0.842  0.799  0.759  0.722  0.688  0.658  0.633  0.612  0.595  0.581  0.570  0.561  0.555  0.561  0.647  0.676  0.535  0.495  0.487  0.486  0.486  0.486  0.486  0.487  0.487  0.488  0.489  0.491  0.493  0.497  0.501  0.506  0.513  0.522  0.531  0.542  0.554  0.566  0.580  0.598  0.621  0.658  0.719  0.816  0.946  1.079  1.179  1.238  1.269  1.284  1.292  1.296  1.298  1.299  1.300  1.300  1.300  1.300  1.296  1.280  1.221  1.116  1.077  1.081  1.082  1.073  1.056  1.031  1.000  0.965  0.926
 115.000  115.000  0.894  0.851  0.809  0.768  0.731  0.697  0.667  0.641  0.620  0.603  0.589  0.577  0.569  0.564  0.581  0.744  1.093  0.994  0.688  0.534  0.495  0.487  0.486  0.486  0.487  0.487  0.488  0.489  0.491  0.494  0.497  0.501  0.506  0.513  0.521  0.529  0.539  0.549  0.560  0.572  0.587  0.608  0.644  0.707  0.810  0.951  1.090  1.190  1.247  1.275  1.288  1.294  1.297  1.299  1.300  1.300  1.299  1.295  1.282  1.233  1.119  1.028  1.033  1.064  1.084  1.089  1.082  1.065  1.041  1.011  0.975  0.936
 120.000  120.000  0.904  0.861  0.819  0.778  0.740  0.706  0.676  0.651  0.629  0.611  0.597  0.586  0.577  0.574  0.610  0.859  1.220  1.294  1.226  0.991  0.683  0.533  0.495  0.488  0.487  0.487  0.488  0.490  0.491  0.494  0.497  0.501  0.506  0.513  0.520  0.528  0.537  0.546  0.556  0.566  0.579  0.598  0.632  0.697  0.807  0.955  1.100  1.200  1.254  1.279  1.291  1.296  1.298  1.299  1.297  1.291  1.274  1.223  1.107  0.972  0.935  0.972  1.023  1.063  1.087  1.095  1.090  1.075  1.051  1.021  0.985  0.946
 125.000  125.000  0.915  0.873  0.830  0.789  0.751  0.717  0.687  0.661  0.639  0.621  0.606  0.594  0.586  0.587  0.656  0.987  1.269  1.314  1.312  1.292  1.215  0.981  0.678  0.532  0.496  0.489  0.489  0.490  0.491  0.494  0.497  0.501  0.506  0.513  0.520  0.528  0.536  0.544  0.552  0.561  0.572  0.590  0.623  0.689  0.804  0.960  1.108  1.207  1.258  1.282  1.291  1.294  1.290  1.279  1.249  1.181  1.059  0.925  0.856  0.862  0.906  0.963  1.019  1.063  1.090  1.101  1.098  1.084  1.061  1.031  0.996  0.957
 130.000  130.000  0.927  0.885  0.842  0.801  0.763  0.729  0.698  0.672  0.649  0.631  0.616  0.604  0.596  0.604  0.725  1.104  1.294  1.315  1.313  1.307  1.299  1.278  1.202  0.970  0.673  0.532  0.497  0.492  0.492  0.494  0.497  0.502  0.507  0.513  0.520  0.528  0.535  0.543  0.550  0.557  0.567  0.583  0.616  0.683  0.802  0.964  1.114  1.211  1.257  1.273  1.268  1.242  1.185  1.090  0.974  0.876  0.821  0.805  0.817  0.851  0.901  0.959  1.015  1.062  1.092  1.106  1.105  1.092  1.071  1.042  1.007  0.969
 135.000  135.000  0.940  0.898  0.856  0.815  0.777  0.742  0.711  0.684  0.661  0.642  0.627  0.614  0.607  0.628  0.821  1.193  1.306  1.314  1.310  1.305  1.300  1.294  1.285  1.264  1.185  0.956  0.673  0.540  0.506  0.500  0.501  0.504  0.509  0.514  0.521  0.529  0.536  0.543  0.549  0.556  0.564  0.579  0.611  0.678  0.800  0.961  1.101  1.175  1.182  1.137  1.055  0.963  0.888  0.840  0.813  0.799  0.793  0.798  0.817  0.850  0.898  0.955  1.012  1.060  1.093  1.109  1.111  1.100  1.080  1.052  1.019  0.981
 140.000  140.000  0.954  0.912  0.871  0.830  0.792  0.757  0.725  0.698  0.674  0.655  0.639  0.626  0.621  0.664  0.938  1.250  1.311  1.313  1.308  1.303  1.297  1.292  1.286  1.279  1.267  1.235  1.136  0.925  0.717  0.614  0.573  0.555  0.547  0.546  0.548  0.552  0.557  0.562  0.565  0.569  0.575  0.588  0.619  0.681  0.776  0.864  0.900  0.887  0.857  0.833  0.820  0.814  0.811  0.807  0.803  0.800  0.799  0.805  0.822  0.853  0.898  0.953  1.009  1.058  1.093  1.112  1.116  1.108  1.089  1.063  1.030  0.994
 145.000  145.000  0.969  0.928  0.887  0.847  0.809  0.774  0.742  0.714  0.690  0.669  0.652  0.639  0.637  0.718  1.056  1.282  1.312  1.311  1.306  1.300  1.295  1.289  1.284  1.277  1.267  1.248  1.200  1.098  0.965  0.873  0.831  0.813  0.805  0.805  0.809  0.816  0.820  0.819  0.811  0.796  0.778  0.766  0.763  0.759  0.739  0.710  0.692  0.700  0.727  0.759  0.784  0.799  0.808  0.811  0.811  0.810  0.810  0.816  0.831  0.859  0.901  0.952  1.007  1.056  1.093  1.114  1.121  1.114  1.098  1.073  1.043  1.007
 150.000  150.000  0.985  0.946  0.906  0.867  0.829  0.793  0.761  0.732  0.707  0.686  0.668  0.654  0.660  0.795  1.154  1.298  1.312  1.308  1.303  1.298  1.292  1.287  1.281  1.274  1.264  1.245  1.197  1.099  0.977  0.900  0.875  0.877  0.894  0.923  0.959  0.997  1.032  1.055  1.058  1.035  0.989  0.933  0.884  0.840  0.792  0.741  0.702  0.690  0.709  0.743  0.775  0.798  0.813  0.821  0.825  0.826  0.828  0.832  0.845  0.869  0.906  0.954  1.006  1.055  1.092  1.116  1.124  1.120  1.106  1.084  1.055  1.022
 155.000  155.000  1.003  0.966  0.927  0.889  0.851  0.816  0.783  0.754  0.727  0.705  0.686  0.672  0.691  0.895  1.223  1.306  1.310  1.306  1.301  1.295  1.290  1.284  1.278  1.272  1.261  1.241  1.191  1.091  0.971  0.897  0.876  0.882  0.903  0.937  0.980  1.026  1.068  1.097  1.105  1.085  1.039  0.985  0.941  0.904  0.860  0.805  0.750  0.714  0.711  0.736  0.770  0.800  0.822  0.836  0.844  0.849  0.852  0.856  0.866  0.885  0.916  0.959  1.007  1.054  1.092  1.116  1.127  1.126  1.114  1.094  1.068  1.038
 160.000  160.000  1.022  0.987  0.951  0.914  0.877  0.842  0.809  0.778  0.751  0.727  0.707  0.695  0.735  1.005  1.265  1.309  1.308  1.304  1.298  1.293  1.287  1.282  1.276  1.269  1.258  1.237  1.185  1.082  0.962  0.893  0.874  0.883  0.908  0.947  0.995  1.046  1.093  1.126  1.137  1.120  1.078  1.029  0.994  0.968  0.933  0.879  0.815  0.759  0.731  0.739  0.770  0.806  0.836  0.857  0.872  0.881  0.885  0.888  0.894  0.907  0.931  0.967  1.011  1.054  1.091  1.117  1.130  1.131  1.122  1.105  1.082  1.054
 165.000  165.000  1.043  1.011  0.977  0.942  0.907  0.872  0.839  0.808  0.779  0.754  0.732  0.722  0.796  1.107  1.287  1.309  1.306  1.301  1.296  1.290  1.285  1.279  1.273  1.266  1.255  1.232  1.177  1.071  0.952  0.886  0.871  0.883  0.911  0.954  1.008  1.065  1.117  1.154  1.169  1.154  1.116  1.072  1.046  1.032  1.008  0.959  0.892  0.823  0.773  0.758  0.780  0.818  0.856  0.887  0.908  0.922  0.928  0.930  0.931  0.937  0.953  0.981  1.017  1.057  1.092  1.117  1.132  1.135  1.129  1.116  1.096  1.072
 170.000  170.000  1.065  1.037  1.006  0.973  0.939  0.906  0.873  0.841  0.812  0.785  0.763  0.758  0.876  1.186  1.299  1.308  1.304  1.299  1.293  1.288  1.282  1.277  1.271  1.263  1.252  1.227  1.169  1.058  0.941  0.879  0.867  0.881  0.914  0.961  1.019  1.081  1.138  1.180  1.198  1.187  1.152  1.114  1.096  1.095  1.083  1.043  0.977  0.900  0.833  0.796  0.803  0.840  0.885  0.924  0.954  0.972  0.980  0.981  0.977  0.975  0.981  0.999  1.028  1.061  1.093  1.118  1.133  1.139  1.136  1.126  1.111  1.090
 175.000  175.000  1.088  1.063  1.036  1.006  0.975  0.943  0.911  0.880  0.850  0.823  0.800  0.804  0.968  1.239  1.304  1.306  1.301  1.296  1.291  1.285  1.280  1.274  1.268  1.260  1.248  1.222  1.159  1.044  0.928  0.870  0.862  0.879  0.914  0.965  1.028  1.095  1.157  1.203  1.225  1.217  1.186  1.154  1.145  1.155  1.157  1.128  1.067  0.988  0.908  0.853  0.841  0.872  0.922  0.970  1.007  1.030  1.040  1.038  1.029  1.020  1.016  1.023  1.042  1.068  1.096  1.119  1.135  1.142  1.143  1.137  1.125  1.108
