

VARS   PHI PSI -180 -175 -170 -165 -160 -155 -150 -145 -140 -135 -130 -125 -120 -115 -110 -105 -100 -95 -90 -85 -80 -75 -70 -65 -60 -55 -50 -45 -40 -35 -30 -25 -20 -15 -10 -5 0 5 10 15 20 25 30 35 40 45 50 55 60 65 70 75 80 85 90 95 100 105 110 115 120 125 130 135 140 145 150 155 160 165 170 175 
FORMAT %8.3f %8.3f %6.3f %6.3f %6.3f %6.3f %6.3f %6.3f %6.3f %6.3f %6.3f %6.3f %6.3f %6.3f %6.3f %6.3f %6.3f %6.3f %6.3f %6.3f %6.3f %6.3f %6.3f %6.3f %6.3f %6.3f %6.3f %6.3f %6.3f %6.3f %6.3f %6.3f %6.3f %6.3f %6.3f %6.3f %6.3f %6.3f %6.3f %6.3f %6.3f %6.3f %6.3f %6.3f %6.3f %6.3f %6.3f %6.3f %6.3f %6.3f %6.3f %6.3f %6.3f %6.3f %6.3f %6.3f %6.3f %6.3f %6.3f %6.3f %6.3f %6.3f %6.3f %6.3f %6.3f %6.3f %6.3f %6.3f %6.3f %6.3f %6.3f %6.3f %6.3f %6.3f

-180.000 -180.000  1.352  1.321  1.296  1.276  1.258  1.240  1.220  1.200  1.180  1.165  1.157  1.156  1.160  1.162  1.158  1.146  1.128  1.107  1.088  1.078  1.090  1.140  1.194  1.132  1.022  0.954  0.920  0.901  0.886  0.870  0.849  0.822  0.789  0.752  0.719  0.697  0.691  0.698  0.712  0.727  0.742  0.775  0.887  1.163  1.622  2.193  2.764  3.228  3.543  3.728  3.821  3.845  3.790  3.594  3.157  2.514  1.946  1.645  1.537  1.506  1.499  1.501  1.510  1.524  1.538  1.545  1.543  1.528  1.501  1.467  1.427  1.388
-175.000 -175.000  1.360  1.330  1.303  1.280  1.260  1.240  1.221  1.204  1.189  1.181  1.181  1.188  1.195  1.198  1.193  1.180  1.162  1.143  1.128  1.119  1.120  1.133  1.147  1.118  1.061  1.024  1.003  0.986  0.968  0.947  0.921  0.889  0.854  0.823  0.802  0.797  0.806  0.820  0.831  0.829  0.811  0.786  0.794  0.904  1.166  1.576  2.090  2.630  3.102  3.443  3.644  3.717  3.650  3.379  2.853  2.212  1.730  1.500  1.427  1.413  1.420  1.436  1.457  1.481  1.501  1.513  1.516  1.507  1.487  1.460  1.427  1.393
-170.000 -170.000  1.368  1.339  1.311  1.286  1.263  1.242  1.223  1.207  1.196  1.192  1.197  1.206  1.214  1.216  1.209  1.197  1.183  1.172  1.167  1.169  1.177  1.189  1.200  1.213  1.222  1.218  1.204  1.186  1.163  1.135  1.099  1.058  1.014  0.977  0.955  0.949  0.951  0.952  0.941  0.912  0.863  0.800  0.747  0.749  0.858  1.097  1.463  1.929  2.441  2.912  3.257  3.418  3.340  2.973  2.393  1.842  1.505  1.370  1.340  1.349  1.370  1.396  1.424  1.450  1.471  1.485  1.489  1.484  1.471  1.450  1.425  1.397
-165.000 -165.000  1.376  1.349  1.320  1.292  1.266  1.243  1.223  1.208  1.198  1.197  1.203  1.212  1.219  1.220  1.216  1.210  1.206  1.209  1.220  1.237  1.252  1.260  1.261  1.295  1.373  1.421  1.430  1.420  1.402  1.374  1.337  1.286  1.225  1.165  1.116  1.083  1.060  1.036  1.003  0.955  0.891  0.815  0.741  0.694  0.708  0.812  1.021  1.332  1.733  2.181  2.594  2.841  2.784  2.403  1.911  1.543  1.362  1.307  1.310  1.332  1.359  1.386  1.412  1.434  1.452  1.463  1.467  1.465  1.456  1.442  1.424  1.402
-160.000 -160.000  1.387  1.360  1.330  1.299  1.270  1.243  1.221  1.205  1.195  1.193  1.198  1.207  1.214  1.219  1.223  1.230  1.245  1.269  1.298  1.323  1.332  1.319  1.294  1.315  1.420  1.510  1.544  1.548  1.540  1.523  1.494  1.447  1.379  1.298  1.220  1.159  1.112  1.071  1.027  0.974  0.910  0.838  0.764  0.705  0.679  0.708  0.804  0.974  1.216  1.520  1.847  2.097  2.115  1.878  1.592  1.409  1.335  1.323  1.337  1.358  1.379  1.398  1.416  1.430  1.441  1.448  1.451  1.450  1.445  1.437  1.425  1.408
-155.000 -155.000  1.397  1.372  1.341  1.307  1.273  1.242  1.217  1.198  1.185  1.180  1.184  1.193  1.205  1.220  1.241  1.271  1.311  1.355  1.393  1.411  1.398  1.353  1.298  1.298  1.400  1.509  1.557  1.571  1.570  1.560  1.539  1.501  1.438  1.352  1.261  1.184  1.126  1.079  1.034  0.986  0.931  0.870  0.809  0.756  0.727  0.734  0.784  0.876  1.009  1.181  1.384  1.576  1.668  1.611  1.499  1.421  1.390  1.388  1.397  1.407  1.416  1.422  1.427  1.431  1.434  1.436  1.437  1.437  1.435  1.432  1.426  1.415
-150.000 -150.000  1.406  1.383  1.352  1.315  1.277  1.242  1.212  1.187  1.170  1.160  1.161  1.173  1.196  1.231  1.280  1.340  1.403  1.458  1.489  1.484  1.440  1.366  1.289  1.267  1.355  1.467  1.523  1.540  1.542  1.535  1.517  1.484  1.427  1.345  1.254  1.176  1.118  1.075  1.038  1.000  0.958  0.912  0.867  0.832  0.817  0.832  0.877  0.947  1.036  1.144  1.274  1.418  1.535  1.568  1.534  1.493  1.469  1.460  1.458  1.456  1.451  1.444  1.437  1.430  1.426  1.422  1.421  1.421  1.423  1.425  1.425  1.420
-145.000 -145.000  1.411  1.392  1.362  1.324  1.283  1.243  1.207  1.176  1.151  1.136  1.134  1.153  1.196  1.262  1.345  1.433  1.509  1.559  1.570  1.537  1.467  1.372  1.279  1.238  1.302  1.407  1.465  1.484  1.486  1.478  1.460  1.427  1.373  1.297  1.215  1.146  1.097  1.064  1.038  1.013  0.986  0.958  0.932  0.918  0.924  0.955  1.006  1.070  1.142  1.223  1.318  1.430  1.539  1.596  1.587  1.554  1.527  1.510  1.499  1.488  1.473  1.457  1.439  1.424  1.411  1.403  1.398  1.399  1.403  1.410  1.416  1.418
-140.000 -140.000  1.409  1.396  1.370  1.334  1.291  1.248  1.206  1.168  1.135  1.112  1.110  1.140  1.212  1.315  1.430  1.536  1.613  1.649  1.638  1.583  1.494  1.386  1.281  1.219  1.252  1.338  1.391  1.409  1.409  1.399  1.377  1.342  1.289  1.223  1.155  1.102  1.068  1.047  1.033  1.020  1.008  0.997  0.992  0.999  1.026  1.072  1.128  1.188  1.248  1.312  1.384  1.472  1.560  1.611  1.606  1.574  1.546  1.526  1.512  1.497  1.478  1.456  1.433  1.410  1.391  1.377  1.369  1.369  1.375  1.386  1.399  1.408
-135.000 -135.000  1.399  1.395  1.375  1.343  1.302  1.256  1.211  1.166  1.126  1.098  1.097  1.143  1.246  1.384  1.523  1.636  1.708  1.731  1.706  1.636  1.534  1.415  1.298  1.217  1.212  1.264  1.304  1.318  1.315  1.301  1.278  1.242  1.195  1.142  1.093  1.058  1.037  1.026  1.021  1.019  1.019  1.023  1.037  1.065  1.111  1.168  1.227  1.282  1.333  1.383  1.439  1.503  1.566  1.597  1.584  1.553  1.526  1.508  1.496  1.482  1.464  1.442  1.416  1.389  1.365  1.347  1.336  1.334  1.341  1.355  1.373  1.389
-130.000 -130.000  1.381  1.386  1.375  1.349  1.312  1.267  1.220  1.172  1.129  1.099  1.103  1.166  1.294  1.457  1.611  1.729  1.797  1.814  1.780  1.702  1.591  1.461  1.331  1.230  1.188  1.197  1.213  1.218  1.211  1.198  1.176  1.148  1.114  1.080  1.050  1.029  1.015  1.009  1.008  1.011  1.020  1.036  1.065  1.112  1.173  1.239  1.301  1.352  1.396  1.435  1.475  1.517  1.551  1.556  1.530  1.498  1.476  1.463  1.456  1.446  1.432  1.412  1.387  1.360  1.334  1.314  1.301  1.298  1.304  1.320  1.341  1.364
-125.000 -125.000  1.358  1.371  1.370  1.352  1.320  1.280  1.234  1.187  1.145  1.119  1.130  1.206  1.352  1.531  1.694  1.815  1.883  1.897  1.860  1.776  1.654  1.512  1.368  1.250  1.179  1.149  1.138  1.130  1.121  1.111  1.099  1.085  1.068  1.052  1.036  1.022  1.011  1.004  1.001  1.005  1.016  1.040  1.081  1.141  1.215  1.288  1.351  1.400  1.437  1.466  1.491  1.510  1.513  1.490  1.453  1.422  1.406  1.401  1.399  1.395  1.385  1.369  1.347  1.322  1.298  1.279  1.266  1.263  1.269  1.285  1.308  1.334
-120.000 -120.000  1.333  1.353  1.361  1.352  1.329  1.294  1.254  1.212  1.175  1.155  1.175  1.262  1.417  1.603  1.771  1.894  1.963  1.976  1.934  1.842  1.707  1.547  1.388  1.260  1.177  1.130  1.101  1.083  1.072  1.067  1.065  1.063  1.060  1.054  1.046  1.035  1.024  1.014  1.007  1.007  1.018  1.043  1.090  1.158  1.240  1.318  1.381  1.425  1.455  1.473  1.482  1.477  1.450  1.405  1.361  1.336  1.328  1.329  1.333  1.334  1.328  1.316  1.298  1.277  1.257  1.241  1.231  1.230  1.237  1.253  1.277  1.305
-115.000 -115.000  1.310  1.336  1.352  1.353  1.339  1.313  1.279  1.244  1.216  1.206  1.236  1.329  1.486  1.673  1.841  1.964  2.030  2.038  1.988  1.881  1.726  1.547  1.379  1.253  1.176  1.130  1.101  1.081  1.070  1.067  1.069  1.073  1.076  1.075  1.071  1.062  1.051  1.038  1.028  1.024  1.030  1.054  1.101  1.171  1.254  1.331  1.389  1.426  1.445  1.451  1.442  1.413  1.363  1.305  1.264  1.249  1.250  1.257  1.266  1.270  1.267  1.259  1.245  1.229  1.214  1.203  1.198  1.200  1.210  1.227  1.250  1.279
-110.000 -110.000  1.292  1.323  1.346  1.356  1.351  1.334  1.309  1.284  1.265  1.267  1.307  1.404  1.559  1.740  1.903  2.018  2.076  2.072  2.004  1.875  1.699  1.508  1.345  1.236  1.174  1.140  1.118  1.102  1.092  1.089  1.090  1.095  1.099  1.101  1.100  1.094  1.084  1.072  1.060  1.053  1.057  1.077  1.121  1.187  1.264  1.331  1.377  1.399  1.403  1.391  1.364  1.318  1.256  1.200  1.171  1.168  1.178  1.192  1.203  1.210  1.210  1.204  1.194  1.182  1.173  1.168  1.170  1.177  1.189  1.207  1.230  1.259
-105.000 -105.000  1.280  1.315  1.344  1.362  1.365  1.357  1.342  1.326  1.320  1.334  1.385  1.485  1.633  1.801  1.950  2.051  2.092  2.067  1.976  1.822  1.631  1.445  1.304  1.220  1.177  1.153  1.137  1.126  1.117  1.113  1.112  1.115  1.120  1.124  1.125  1.123  1.116  1.107  1.097  1.090  1.093  1.112  1.152  1.211  1.273  1.321  1.343  1.342  1.325  1.295  1.254  1.200  1.142  1.101  1.089  1.099  1.118  1.137  1.152  1.160  1.162  1.158  1.152  1.145  1.142  1.143  1.150  1.161  1.176  1.194  1.217  1.246
-100.000 -100.000  1.275  1.312  1.345  1.368  1.380  1.380  1.374  1.370  1.375  1.403  1.463  1.565  1.704  1.853  1.980  2.057  2.072  2.020  1.902  1.731  1.542  1.379  1.271  1.212  1.182  1.166  1.154  1.145  1.137  1.131  1.128  1.129  1.134  1.139  1.143  1.144  1.142  1.137  1.131  1.128  1.134  1.155  1.193  1.243  1.286  1.303  1.293  1.262  1.221  1.176  1.128  1.079  1.037  1.016  1.022  1.046  1.073  1.098  1.115  1.126  1.129  1.129  1.126  1.125  1.127  1.133  1.142  1.155  1.170  1.189  1.211  1.240
 -95.000  -95.000  1.273  1.311  1.347  1.376  1.394  1.402  1.406  1.411  1.429  1.468  1.537  1.640  1.766  1.892  1.988  2.032  2.015  1.934  1.796  1.623  1.454  1.327  1.251  1.211  1.190  1.177  1.168  1.159  1.151  1.143  1.139  1.137  1.140  1.146  1.152  1.156  1.159  1.159  1.158  1.161  1.173  1.199  1.238  1.280  1.300  1.283  1.234  1.172  1.112  1.058  1.012  0.974  0.951  0.950  0.973  1.008  1.044  1.074  1.096  1.110  1.117  1.121  1.123  1.126  1.130  1.137  1.146  1.158  1.171  1.188  1.210  1.238
 -90.000  -90.000  1.272  1.310  1.349  1.382  1.406  1.422  1.434  1.449  1.476  1.525  1.602  1.704  1.817  1.915  1.974  1.978  1.926  1.821  1.677  1.520  1.386  1.295  1.243  1.215  1.199  1.187  1.177  1.168  1.159  1.151  1.144  1.141  1.141  1.146  1.153  1.160  1.166  1.170  1.175  1.184  1.203  1.236  1.279  1.314  1.312  1.259  1.175  1.088  1.014  0.959  0.919  0.893  0.885  0.900  0.937  0.984  1.030  1.067  1.094  1.113  1.126  1.134  1.140  1.145  1.150  1.154  1.159  1.166  1.175  1.190  1.210  1.237
 -85.000  -85.000  1.271  1.310  1.350  1.386  1.416  1.439  1.458  1.481  1.516  1.573  1.654  1.753  1.852  1.922  1.941  1.903  1.819  1.702  1.567  1.439  1.342  1.279  1.243  1.221  1.206  1.194  1.184  1.174  1.164  1.155  1.147  1.141  1.140  1.142  1.149  1.157  1.165  1.173  1.182  1.197  1.222  1.262  1.310  1.339  1.314  1.231  1.121  1.017  0.938  0.884  0.850  0.834  0.837  0.863  0.911  0.971  1.027  1.072  1.107  1.132  1.150  1.163  1.172  1.177  1.178  1.177  1.176  1.177  1.182  1.192  1.211  1.237
 -80.000  -80.000  1.270  1.309  1.350  1.389  1.423  1.451  1.476  1.506  1.547  1.608  1.691  1.786  1.872  1.914  1.894  1.817  1.710  1.593  1.481  1.386  1.319  1.274  1.246  1.226  1.211  1.199  1.187  1.177  1.166  1.156  1.147  1.140  1.137  1.138  1.142  1.150  1.159  1.169  1.181  1.200  1.230  1.276  1.326  1.348  1.305  1.199  1.071  0.960  0.880  0.829  0.801  0.791  0.800  0.834  0.893  0.965  1.032  1.087  1.128  1.159  1.182  1.198  1.208  1.211  1.209  1.203  1.195  1.189  1.189  1.196  1.212  1.236
 -75.000  -75.000  1.268  1.307  1.349  1.390  1.427  1.459  1.488  1.521  1.566  1.629  1.712  1.803  1.875  1.894  1.839  1.733  1.614  1.510  1.425  1.359  1.310  1.275  1.250  1.230  1.215  1.201  1.189  1.177  1.166  1.156  1.146  1.138  1.133  1.133  1.136  1.143  1.152  1.162  1.175  1.196  1.229  1.277  1.327  1.343  1.284  1.161  1.025  0.913  0.835  0.788  0.764  0.758  0.771  0.811  0.881  0.965  1.044  1.106  1.153  1.189  1.215  1.233  1.243  1.244  1.238  1.227  1.214  1.202  1.197  1.200  1.213  1.236
 -70.000  -70.000  1.267  1.305  1.346  1.388  1.426  1.460  1.492  1.527  1.572  1.635  1.715  1.801  1.864  1.863  1.782  1.656  1.540  1.458  1.399  1.350  1.310  1.279  1.254  1.234  1.217  1.202  1.189  1.176  1.165  1.154  1.143  1.135  1.130  1.128  1.131  1.137  1.145  1.155  1.169  1.189  1.222  1.269  1.317  1.324  1.252  1.120  0.982  0.871  0.797  0.755  0.734  0.731  0.747  0.793  0.874  0.971  1.059  1.126  1.175  1.213  1.242  1.261  1.270  1.271  1.263  1.248  1.231  1.216  1.206  1.205  1.216  1.237
 -65.000  -65.000  1.267  1.302  1.342  1.383  1.421  1.455  1.487  1.521  1.565  1.625  1.702  1.783  1.838  1.823  1.724  1.592  1.493  1.435  1.392  1.351  1.315  1.284  1.258  1.237  1.218  1.202  1.188  1.174  1.162  1.150  1.140  1.131  1.125  1.124  1.126  1.132  1.141  1.151  1.163  1.182  1.212  1.256  1.297  1.295  1.213  1.076  0.939  0.834  0.765  0.726  0.709  0.708  0.728  0.781  0.874  0.982  1.074  1.140  1.190  1.228  1.257  1.277  1.288  1.289  1.281  1.266  1.247  1.229  1.216  1.212  1.219  1.238
 -60.000  -60.000  1.267  1.300  1.337  1.374  1.410  1.442  1.472  1.504  1.544  1.600  1.671  1.747  1.798  1.775  1.668  1.545  1.471  1.432  1.395  1.357  1.321  1.289  1.262  1.239  1.219  1.201  1.186  1.171  1.158  1.146  1.135  1.127  1.121  1.119  1.122  1.128  1.138  1.148  1.160  1.176  1.203  1.240  1.274  1.261  1.171  1.032  0.898  0.798  0.735  0.701  0.686  0.689  0.713  0.777  0.882  0.996  1.084  1.145  1.191  1.229  1.259  1.281  1.294  1.298  1.291  1.277  1.259  1.240  1.225  1.219  1.224  1.241
 -55.000  -55.000  1.267  1.296  1.329  1.362  1.393  1.422  1.448  1.476  1.511  1.559  1.624  1.696  1.744  1.720  1.615  1.515  1.468  1.437  1.402  1.364  1.327  1.294  1.265  1.240  1.218  1.200  1.183  1.168  1.154  1.141  1.130  1.121  1.115  1.114  1.117  1.124  1.135  1.146  1.158  1.173  1.195  1.226  1.249  1.227  1.130  0.989  0.859  0.765  0.707  0.677  0.666  0.672  0.705  0.782  0.898  1.009  1.085  1.136  1.177  1.214  1.246  1.272  1.288  1.295  1.293  1.282  1.266  1.248  1.233  1.226  1.230  1.244
 -50.000  -50.000  1.268  1.292  1.319  1.345  1.370  1.392  1.413  1.436  1.465  1.507  1.564  1.629  1.677  1.656  1.566  1.497  1.467  1.440  1.406  1.368  1.331  1.297  1.267  1.240  1.218  1.198  1.180  1.164  1.150  1.136  1.125  1.115  1.109  1.107  1.111  1.120  1.132  1.145  1.158  1.172  1.191  1.214  1.228  1.195  1.091  0.949  0.822  0.734  0.681  0.655  0.648  0.660  0.703  0.795  0.917  1.013  1.071  1.111  1.148  1.185  1.219  1.249  1.270  1.282  1.284  1.278  1.266  1.252  1.239  1.233  1.236  1.248
 -45.000  -45.000  1.269  1.288  1.306  1.323  1.339  1.354  1.369  1.387  1.411  1.446  1.494  1.552  1.597  1.581  1.515  1.477  1.458  1.434  1.403  1.367  1.331  1.298  1.267  1.240  1.216  1.195  1.177  1.160  1.145  1.131  1.119  1.109  1.102  1.100  1.104  1.113  1.127  1.142  1.157  1.172  1.188  1.205  1.210  1.168  1.058  0.914  0.789  0.705  0.657  0.635  0.632  0.651  0.708  0.814  0.927  0.999  1.038  1.069  1.103  1.141  1.179  1.213  1.240  1.258  1.267  1.267  1.261  1.251  1.243  1.239  1.243  1.253
 -40.000  -40.000  1.271  1.283  1.291  1.297  1.302  1.308  1.317  1.330  1.350  1.379  1.418  1.464  1.497  1.480  1.446  1.437  1.431  1.415  1.389  1.359  1.327  1.295  1.265  1.238  1.214  1.193  1.173  1.156  1.140  1.126  1.113  1.102  1.094  1.092  1.095  1.105  1.119  1.137  1.154  1.170  1.186  1.199  1.198  1.148  1.032  0.885  0.760  0.678  0.634  0.615  0.617  0.646  0.717  0.823  0.910  0.954  0.979  1.006  1.041  1.082  1.126  1.166  1.200  1.225  1.240  1.248  1.249  1.246  1.244  1.244  1.250  1.259
 -35.000  -35.000  1.275  1.278  1.276  1.268  1.260  1.256  1.259  1.269  1.285  1.308  1.334  1.353  1.341  1.314  1.331  1.364  1.380  1.378  1.364  1.341  1.315  1.287  1.259  1.234  1.210  1.189  1.169  1.152  1.135  1.120  1.106  1.095  1.086  1.083  1.085  1.095  1.110  1.129  1.148  1.167  1.183  1.195  1.189  1.135  1.014  0.862  0.735  0.654  0.612  0.597  0.604  0.640  0.712  0.791  0.839  0.862  0.882  0.912  0.954  1.004  1.056  1.105  1.148  1.181  1.206  1.222  1.232  1.238  1.243  1.249  1.258  1.268
 -30.000  -30.000  1.283  1.277  1.262  1.239  1.218  1.203  1.199  1.205  1.218  1.229  1.222  1.172  1.098  1.086  1.154  1.239  1.295  1.319  1.322  1.311  1.293  1.271  1.248  1.225  1.203  1.183  1.164  1.146  1.130  1.114  1.100  1.088  1.078  1.073  1.074  1.083  1.098  1.118  1.139  1.160  1.178  1.190  1.183  1.127  1.003  0.846  0.715  0.633  0.592  0.578  0.586  0.616  0.657  0.686  0.700  0.715  0.739  0.778  0.831  0.894  0.960  1.024  1.080  1.127  1.163  1.190  1.210  1.227  1.241  1.256  1.269  1.280
 -25.000  -25.000  1.296  1.281  1.252  1.215  1.178  1.152  1.140  1.140  1.140  1.118  1.049  0.963  0.916  0.923  0.980  1.072  1.165  1.229  1.258  1.265  1.259  1.245  1.228  1.210  1.191  1.173  1.156  1.139  1.123  1.108  1.093  1.080  1.069  1.063  1.063  1.070  1.084  1.104  1.127  1.150  1.170  1.183  1.175  1.119  0.993  0.833  0.699  0.614  0.571  0.553  0.545  0.537  0.528  0.524  0.527  0.541  0.568  0.611  0.671  0.745  0.827  0.910  0.987  1.053  1.107  1.150  1.185  1.214  1.240  1.264  1.284  1.296
 -20.000  -20.000  1.314  1.292  1.251  1.199  1.148  1.109  1.087  1.073  1.042  0.975  0.908  0.871  0.859  0.863  0.886  0.934  1.013  1.100  1.165  1.198  1.209  1.207  1.198  1.186  1.172  1.158  1.143  1.129  1.115  1.100  1.086  1.072  1.061  1.053  1.050  1.055  1.068  1.087  1.110  1.134  1.153  1.160  1.138  1.066  0.939  0.795  0.678  0.602  0.554  0.511  0.456  0.407  0.382  0.375  0.380  0.392  0.415  0.451  0.504  0.575  0.661  0.757  0.855  0.948  1.029  1.096  1.152  1.199  1.240  1.275  1.302  1.316
 -15.000  -15.000  1.338  1.311  1.261  1.197  1.135  1.090  1.064  1.034  0.976  0.915  0.877  0.858  0.851  0.851  0.856  0.872  0.906  0.968  1.044  1.106  1.141  1.154  1.155  1.151  1.143  1.134  1.124  1.113  1.102  1.089  1.076  1.063  1.051  1.042  1.037  1.040  1.051  1.067  1.086  1.098  1.089  1.038  0.944  0.836  0.749  0.692  0.657  0.631  0.590  0.505  0.391  0.312  0.283  0.279  0.284  0.294  0.310  0.335  0.371  0.423  0.494  0.583  0.688  0.801  0.913  1.016  1.104  1.178  1.239  1.287  1.323  1.341
 -10.000  -10.000  1.365  1.336  1.284  1.224  1.184  1.177  1.166  1.111  1.026  0.950  0.900  0.872  0.858  0.853  0.852  0.856  0.867  0.892  0.940  1.004  1.060  1.091  1.104  1.107  1.105  1.101  1.096  1.090  1.083  1.074  1.063  1.052  1.040  1.030  1.024  1.024  1.029  1.034  1.023  0.971  0.874  0.774  0.710  0.679  0.669  0.670  0.676  0.677  0.656  0.578  0.439  0.310  0.244  0.227  0.230  0.238  0.250  0.265  0.286  0.318  0.364  0.430  0.517  0.628  0.757  0.894  1.025  1.138  1.229  1.297  1.344  1.367
  -5.000   -5.000  1.391  1.366  1.334  1.325  1.342  1.344  1.306  1.226  1.124  1.027  0.953  0.904  0.877  0.864  0.858  0.858  0.862  0.873  0.899  0.946  1.007  1.055  1.077  1.081  1.078  1.073  1.068  1.064  1.059  1.054  1.047  1.038  1.028  1.018  1.011  1.005  0.992  0.950  0.871  0.787  0.731  0.702  0.691  0.688  0.691  0.697  0.705  0.709  0.697  0.644  0.522  0.368  0.255  0.205  0.196  0.202  0.213  0.225  0.238  0.257  0.283  0.323  0.382  0.468  0.585  0.734  0.901  1.064  1.199  1.297  1.360  1.391
   0.000    0.000  1.396  1.381  1.385  1.404  1.416  1.408  1.373  1.309  1.220  1.121  1.029  0.958  0.911  0.884  0.871  0.867  0.870  0.882  0.909  0.963  1.048  1.137  1.187  1.189  1.164  1.131  1.102  1.078  1.060  1.046  1.036  1.027  1.020  1.015  1.011  0.994  0.946  0.877  0.815  0.772  0.746  0.733  0.727  0.726  0.727  0.730  0.734  0.736  0.728  0.690  0.594  0.443  0.299  0.208  0.174  0.171  0.181  0.194  0.207  0.220  0.237  0.260  0.295  0.350  0.437  0.566  0.739  0.941  1.131  1.275  1.363  1.399
   5.000    5.000  1.354  1.361  1.383  1.406  1.421  1.421  1.403  1.361  1.295  1.210  1.117  1.032  0.965  0.920  0.895  0.884  0.886  0.902  0.944  1.028  1.169  1.344  1.486  1.543  1.524  1.462  1.382  1.298  1.220  1.154  1.103  1.072  1.065  1.075  1.068  1.025  0.961  0.898  0.847  0.811  0.788  0.775  0.768  0.765  0.764  0.764  0.765  0.763  0.755  0.727  0.652  0.515  0.358  0.236  0.169  0.146  0.149  0.161  0.176  0.190  0.205  0.221  0.243  0.276  0.332  0.427  0.578  0.790  1.033  1.237  1.343  1.362
  10.000   10.000  1.334  1.345  1.367  1.391  1.409  1.418  1.412  1.389  1.344  1.279  1.199  1.114  1.036  0.974  0.933  0.911  0.909  0.930  0.991  1.114  1.312  1.554  1.761  1.882  1.920  1.902  1.849  1.769  1.666  1.538  1.393  1.261  1.187  1.150  1.108  1.053  0.991  0.934  0.887  0.852  0.829  0.816  0.809  0.804  0.801  0.798  0.795  0.790  0.781  0.758  0.699  0.582  0.424  0.282  0.185  0.136  0.121  0.127  0.140  0.156  0.173  0.189  0.207  0.230  0.270  0.346  0.492  0.745  1.071  1.295  1.348  1.339
  15.000   15.000  1.334  1.337  1.353  1.374  1.394  1.407  1.410  1.399  1.372  1.327  1.264  1.190  1.112  1.041  0.986  0.951  0.941  0.965  1.044  1.203  1.444  1.709  1.917  2.038  2.092  2.105  2.093  2.059  1.988  1.837  1.572  1.309  1.187  1.143  1.108  1.064  1.013  0.964  0.922  0.890  0.868  0.855  0.847  0.841  0.837  0.831  0.825  0.817  0.806  0.785  0.738  0.641  0.493  0.339  0.220  0.146  0.110  0.100  0.107  0.120  0.136  0.154  0.175  0.204  0.260  0.387  0.653  1.051  1.341  1.406  1.380  1.349
  20.000   20.000  1.343  1.335  1.342  1.358  1.376  1.391  1.399  1.398  1.383  1.354  1.309  1.250  1.182  1.112  1.049  1.003  0.983  1.006  1.098  1.284  1.548  1.811  1.996  2.097  2.142  2.156  2.151  2.118  2.025  1.799  1.455  1.213  1.133  1.112  1.092  1.062  1.025  0.986  0.950  0.922  0.903  0.890  0.882  0.876  0.870  0.863  0.855  0.845  0.832  0.811  0.772  0.694  0.562  0.404  0.268  0.174  0.118  0.090  0.083  0.089  0.103  0.122  0.155  0.220  0.367  0.665  1.105  1.423  1.493  1.460  1.410  1.368
  25.000   25.000  1.355  1.338  1.336  1.344  1.358  1.372  1.383  1.387  1.381  1.364  1.334  1.291  1.236  1.175  1.114  1.062  1.034  1.050  1.146  1.346  1.618  1.870  2.033  2.116  2.151  2.158  2.141  2.081  1.920  1.609  1.280  1.118  1.080  1.075  1.069  1.052  1.027  0.999  0.972  0.949  0.933  0.922  0.914  0.908  0.902  0.894  0.884  0.872  0.857  0.837  0.803  0.740  0.628  0.477  0.329  0.217  0.143  0.099  0.077  0.073  0.084  0.114  0.185  0.339  0.648  1.112  1.473  1.570  1.545  1.490  1.435  1.388
  30.000   30.000  1.369  1.344  1.333  1.334  1.342  1.353  1.363  1.370  1.370  1.361  1.342  1.312  1.272  1.222  1.169  1.119  1.087  1.095  1.183  1.381  1.651  1.891  2.040  2.112  2.137  2.133  2.091  1.977  1.730  1.389  1.142  1.052  1.038  1.042  1.043  1.037  1.023  1.005  0.986  0.970  0.957  0.948  0.942  0.937  0.930  0.922  0.912  0.899  0.884  0.863  0.832  0.780  0.689  0.553  0.402  0.274  0.183  0.124  0.091  0.080  0.098  0.161  0.304  0.587  1.036  1.449  1.612  1.616  1.569  1.511  1.456  1.407
  35.000   35.000  1.383  1.353  1.335  1.327  1.328  1.334  1.342  1.348  1.351  1.347  1.336  1.316  1.287  1.250  1.207  1.164  1.132  1.135  1.209  1.391  1.646  1.874  2.015  2.079  2.094  2.069  1.985  1.797  1.499  1.213  1.061  1.015  1.010  1.016  1.020  1.020  1.014  1.005  0.994  0.985  0.977  0.971  0.966  0.962  0.957  0.949  0.939  0.926  0.910  0.890  0.861  0.817  0.743  0.628  0.485  0.347  0.240  0.167  0.125  0.118  0.161  0.281  0.525  0.923  1.348  1.588  1.651  1.632  1.583  1.527  1.472  1.424
  40.000   40.000  1.396  1.363  1.339  1.324  1.317  1.317  1.320  1.324  1.327  1.326  1.320  1.306  1.286  1.258  1.225  1.191  1.164  1.164  1.224  1.377  1.603  1.813  1.945  2.000  1.999  1.942  1.804  1.570  1.302  1.113  1.027  1.000  0.995  0.998  1.002  1.004  1.004  1.002  0.998  0.994  0.991  0.989  0.987  0.985  0.981  0.974  0.965  0.953  0.938  0.918  0.891  0.852  0.791  0.698  0.572  0.435  0.317  0.233  0.190  0.201  0.290  0.488  0.819  1.206  1.488  1.622  1.657  1.636  1.591  1.537  1.484  1.436
  45.000   45.000  1.405  1.372  1.345  1.325  1.311  1.303  1.300  1.300  1.301  1.299  1.295  1.286  1.271  1.250  1.226  1.200  1.181  1.182  1.229  1.349  1.532  1.707  1.818  1.857  1.833  1.745  1.582  1.373  1.188  1.076  1.022  0.999  0.990  0.989  0.990  0.992  0.995  0.997  0.998  1.000  1.002  1.003  1.004  1.004  1.002  0.998  0.990  0.979  0.965  0.946  0.921  0.887  0.836  0.761  0.657  0.534  0.418  0.335  0.306  0.352  0.496  0.746  1.058  1.333  1.517  1.615  1.647  1.632  1.592  1.541  1.491  1.445
  50.000   50.000  1.412  1.380  1.352  1.328  1.308  1.293  1.283  1.277  1.273  1.270  1.265  1.258  1.246  1.231  1.213  1.196  1.185  1.191  1.232  1.323  1.454  1.577  1.649  1.662  1.624  1.534  1.403  1.262  1.148  1.074  1.031  1.006  0.992  0.985  0.983  0.984  0.987  0.991  0.996  1.002  1.008  1.014  1.018  1.021  1.022  1.020  1.014  1.005  0.992  0.975  0.953  0.922  0.879  0.818  0.736  0.637  0.542  0.483  0.486  0.563  0.717  0.929  1.155  1.352  1.498  1.589  1.626  1.620  1.586  1.539  1.492  1.449
  55.000   55.000  1.414  1.385  1.358  1.333  1.310  1.289  1.271  1.257  1.247  1.240  1.233  1.226  1.217  1.207  1.195  1.187  1.186  1.200  1.240  1.310  1.395  1.462  1.491  1.486  1.452  1.393  1.312  1.225  1.147  1.087  1.044  1.016  0.997  0.986  0.980  0.979  0.981  0.986  0.993  1.002  1.011  1.021  1.029  1.036  1.040  1.040  1.037  1.030  1.019  1.004  0.984  0.957  0.920  0.871  0.807  0.737  0.679  0.658  0.679  0.742  0.847  0.995  1.164  1.327  1.461  1.551  1.596  1.598  1.572  1.531  1.487  1.448
  60.000   60.000  1.412  1.387  1.364  1.340  1.315  1.289  1.264  1.242  1.225  1.212  1.203  1.195  1.189  1.183  1.179  1.181  1.191  1.216  1.259  1.315  1.365  1.391  1.394  1.384  1.366  1.335  1.287  1.225  1.159  1.102  1.058  1.025  1.003  0.989  0.980  0.977  0.977  0.982  0.989  1.000  1.012  1.024  1.036  1.047  1.055  1.059  1.059  1.054  1.045  1.032  1.014  0.991  0.959  0.918  0.871  0.829  0.806  0.800  0.806  0.831  0.894  1.002  1.142  1.288  1.414  1.505  1.556  1.567  1.550  1.516  1.477  1.442
  65.000   65.000  1.406  1.386  1.367  1.346  1.322  1.294  1.263  1.234  1.209  1.190  1.177  1.169  1.165  1.166  1.172  1.186  1.210  1.246  1.293  1.338  1.364  1.365  1.357  1.350  1.344  1.328  1.291  1.235  1.172  1.114  1.067  1.033  1.009  0.992  0.982  0.976  0.975  0.979  0.986  0.997  1.010  1.025  1.041  1.055  1.067  1.075  1.079  1.077  1.070  1.059  1.043  1.021  0.993  0.959  0.927  0.908  0.899  0.885  0.870  0.872  0.911  0.995  1.114  1.244  1.362  1.452  1.507  1.528  1.519  1.493  1.461  1.431
  70.000   70.000  1.395  1.381  1.367  1.352  1.331  1.302  1.269  1.233  1.200  1.175  1.159  1.152  1.153  1.162  1.181  1.209  1.248  1.295  1.344  1.377  1.382  1.370  1.359  1.356  1.354  1.339  1.300  1.242  1.178  1.120  1.073  1.038  1.013  0.995  0.984  0.977  0.975  0.977  0.983  0.994  1.008  1.024  1.042  1.060  1.076  1.089  1.096  1.098  1.094  1.084  1.068  1.046  1.018  0.989  0.971  0.968  0.960  0.936  0.909  0.899  0.923  0.989  1.088  1.202  1.309  1.395  1.452  1.480  1.481  1.464  1.439  1.415
  75.000   75.000  1.381  1.372  1.364  1.354  1.338  1.312  1.277  1.238  1.199  1.169  1.150  1.146  1.155  1.177  1.211  1.256  1.310  1.366  1.411  1.427  1.413  1.392  1.380  1.377  1.373  1.351  1.306  1.243  1.177  1.119  1.073  1.039  1.014  0.997  0.985  0.978  0.975  0.976  0.981  0.991  1.005  1.022  1.042  1.062  1.082  1.099  1.111  1.117  1.115  1.105  1.087  1.062  1.032  1.008  1.004  1.012  1.002  0.973  0.941  0.924  0.938  0.988  1.068  1.164  1.258  1.337  1.395  1.427  1.437  1.429  1.412  1.394
  80.000   80.000  1.362  1.359  1.357  1.353  1.341  1.320  1.286  1.246  1.204  1.170  1.152  1.153  1.174  1.211  1.263  1.326  1.393  1.454  1.488  1.483  1.451  1.422  1.409  1.403  1.391  1.358  1.304  1.236  1.170  1.113  1.069  1.037  1.014  0.998  0.987  0.980  0.977  0.977  0.981  0.989  1.002  1.018  1.039  1.062  1.085  1.106  1.122  1.131  1.131  1.120  1.099  1.067  1.033  1.017  1.030  1.046  1.037  1.007  0.972  0.952  0.958  0.995  1.057  1.134  1.213  1.282  1.337  1.373  1.389  1.390  1.381  1.370
  85.000   85.000  1.342  1.342  1.345  1.345  1.339  1.321  1.291  1.251  1.209  1.176  1.161  1.172  1.207  1.263  1.334  1.413  1.491  1.551  1.570  1.540  1.492  1.457  1.440  1.428  1.404  1.358  1.293  1.222  1.156  1.103  1.062  1.033  1.012  0.998  0.988  0.982  0.979  0.979  0.982  0.989  1.000  1.015  1.035  1.058  1.083  1.108  1.128  1.140  1.141  1.128  1.100  1.061  1.025  1.023  1.054  1.077  1.069  1.039  1.005  0.983  0.983  1.009  1.056  1.115  1.177  1.236  1.285  1.321  1.343  1.350  1.349  1.344
  90.000   90.000  1.321  1.324  1.328  1.331  1.327  1.314  1.287  1.250  1.210  1.179  1.172  1.195  1.247  1.322  1.412  1.506  1.592  1.648  1.649  1.596  1.534  1.495  1.472  1.450  1.411  1.350  1.275  1.201  1.138  1.089  1.053  1.027  1.010  0.998  0.990  0.984  0.982  0.982  0.984  0.990  0.999  1.013  1.031  1.053  1.079  1.105  1.127  1.142  1.143  1.126  1.090  1.043  1.013  1.031  1.079  1.106  1.100  1.071  1.039  1.017  1.015  1.033  1.066  1.108  1.155  1.201  1.243  1.277  1.301  1.315  1.320  1.320
  95.000   95.000  1.304  1.306  1.309  1.311  1.308  1.295  1.271  1.237  1.201  1.176  1.176  1.212  1.281  1.374  1.481  1.589  1.681  1.733  1.717  1.648  1.580  1.536  1.506  1.469  1.411  1.335  1.252  1.177  1.117  1.073  1.042  1.021  1.006  0.997  0.991  0.987  0.986  0.986  0.988  0.993  1.000  1.012  1.027  1.047  1.071  1.097  1.120  1.135  1.135  1.113  1.070  1.020  1.003  1.045  1.103  1.134  1.129  1.104  1.075  1.056  1.053  1.065  1.087  1.115  1.147  1.181  1.215  1.246  1.271  1.288  1.298  1.302
 100.000  100.000  1.293  1.292  1.292  1.289  1.283  1.270  1.248  1.217  1.186  1.165  1.171  1.215  1.296  1.403  1.524  1.642  1.741  1.792  1.772  1.702  1.635  1.589  1.547  1.491  1.411  1.316  1.226  1.151  1.096  1.058  1.032  1.015  1.003  0.996  0.992  0.990  0.990  0.991  0.993  0.998  1.004  1.013  1.025  1.042  1.063  1.086  1.107  1.121  1.117  1.091  1.042  0.996  1.000  1.062  1.127  1.159  1.156  1.136  1.113  1.099  1.097  1.105  1.119  1.136  1.156  1.179  1.205  1.232  1.256  1.274  1.286  1.291
 105.000  105.000  1.289  1.284  1.278  1.270  1.261  1.247  1.227  1.202  1.176  1.158  1.163  1.204  1.285  1.395  1.521  1.647  1.754  1.818  1.815  1.765  1.712  1.665  1.608  1.526  1.418  1.302  1.201  1.127  1.077  1.044  1.023  1.009  1.001  0.996  0.994  0.994  0.995  0.997  1.000  1.004  1.009  1.017  1.026  1.039  1.056  1.074  1.092  1.101  1.094  1.063  1.013  0.978  1.005  1.081  1.148  1.179  1.180  1.166  1.151  1.145  1.146  1.153  1.161  1.170  1.180  1.195  1.214  1.236  1.257  1.275  1.286  1.290
 110.000  110.000  1.290  1.280  1.270  1.259  1.248  1.237  1.223  1.205  1.186  1.170  1.167  1.191  1.251  1.345  1.462  1.587  1.707  1.805  1.853  1.852  1.824  1.777  1.702  1.588  1.444  1.300  1.186  1.109  1.061  1.032  1.015  1.005  1.000  0.997  0.996  0.997  0.999  1.003  1.007  1.012  1.017  1.023  1.031  1.040  1.052  1.065  1.077  1.082  1.072  1.038  0.991  0.971  1.018  1.099  1.162  1.191  1.197  1.192  1.189  1.192  1.199  1.207  1.212  1.216  1.220  1.229  1.242  1.258  1.274  1.288  1.295  1.295
 115.000  115.000  1.293  1.280  1.267  1.256  1.249  1.243  1.238  1.231  1.220  1.206  1.193  1.191  1.213  1.265  1.349  1.460  1.598  1.758  1.896  1.965  1.969  1.924  1.831  1.685  1.501  1.322  1.186  1.101  1.052  1.026  1.012  1.004  0.999  0.998  0.998  1.000  1.004  1.008  1.014  1.020  1.026  1.032  1.038  1.045  1.053  1.062  1.070  1.071  1.060  1.029  0.991  0.988  1.044  1.116  1.168  1.194  1.205  1.212  1.224  1.239  1.255  1.266  1.271  1.273  1.274  1.278  1.285  1.294  1.303  1.309  1.309  1.303
 120.000  120.000  1.295  1.280  1.269  1.262  1.260  1.263  1.267  1.269  1.266  1.255  1.235  1.210  1.188  1.185  1.214  1.293  1.450  1.694  1.944  2.090  2.125  2.083  1.977  1.806  1.586  1.370  1.206  1.106  1.053  1.026  1.012  1.005  1.001  0.999  1.000  1.002  1.006  1.012  1.019  1.027  1.034  1.041  1.048  1.054  1.060  1.067  1.074  1.078  1.077  1.068  1.059  1.070  1.106  1.143  1.170  1.188  1.204  1.226  1.255  1.286  1.313  1.331  1.339  1.341  1.341  1.340  1.340  1.340  1.338  1.334  1.324  1.311
 125.000  125.000  1.297  1.282  1.275  1.274  1.279  1.288  1.299  1.307  1.308  1.298  1.274  1.233  1.180  1.126  1.096  1.133  1.302  1.627  1.982  2.200  2.263  2.226  2.112  1.925  1.682  1.435  1.242  1.124  1.062  1.033  1.017  1.009  1.004  1.001  1.000  1.002  1.006  1.013  1.021  1.031  1.040  1.049  1.057  1.064  1.072  1.082  1.098  1.124  1.171  1.242  1.308  1.317  1.270  1.219  1.190  1.186  1.203  1.239  1.286  1.335  1.375  1.401  1.415  1.419  1.417  1.411  1.402  1.391  1.376  1.358  1.337  1.316
 130.000  130.000  1.299  1.287  1.284  1.289  1.299  1.312  1.325  1.334  1.335  1.324  1.295  1.245  1.173  1.087  1.013  1.010  1.174  1.551  1.990  2.274  2.367  2.335  2.215  2.019  1.763  1.497  1.284  1.149  1.078  1.044  1.026  1.015  1.008  1.002  0.999  0.999  1.002  1.008  1.017  1.028  1.039  1.050  1.061  1.072  1.087  1.112  1.162  1.264  1.450  1.703  1.884  1.842  1.632  1.415  1.274  1.216  1.220  1.263  1.325  1.388  1.440  1.476  1.495  1.501  1.496  1.484  1.466  1.442  1.413  1.381  1.349  1.320
 135.000  135.000  1.302  1.293  1.294  1.303  1.316  1.329  1.340  1.345  1.342  1.327  1.293  1.237  1.155  1.053  0.954  0.919  1.061  1.449  1.946  2.299  2.429  2.403  2.278  2.074  1.811  1.538  1.315  1.170  1.093  1.054  1.034  1.020  1.010  1.001  0.995  0.991  0.992  0.996  1.004  1.015  1.028  1.041  1.057  1.077  1.109  1.177  1.324  1.609  2.038  2.480  2.693  2.559  2.189  1.779  1.473  1.313  1.275  1.310  1.378  1.449  1.509  1.551  1.573  1.579  1.570  1.551  1.523  1.486  1.444  1.400  1.358  1.324
 140.000  140.000  1.305  1.298  1.302  1.312  1.324  1.335  1.340  1.339  1.329  1.307  1.267  1.206  1.120  1.013  0.902  0.844  0.951  1.314  1.838  2.264  2.445  2.432  2.301  2.087  1.819  1.546  1.322  1.177  1.098  1.057  1.035  1.019  1.006  0.994  0.984  0.976  0.973  0.974  0.980  0.989  1.002  1.019  1.041  1.078  1.157  1.333  1.687  2.234  2.826  3.235  3.352  3.185  2.786  2.264  1.790  1.488  1.374  1.383  1.444  1.516  1.578  1.621  1.643  1.645  1.630  1.603  1.564  1.518  1.465  1.412  1.364  1.327
 145.000  145.000  1.307  1.301  1.305  1.314  1.323  1.329  1.327  1.318  1.299  1.269  1.224  1.159  1.073  0.966  0.853  0.780  0.844  1.152  1.666  2.159  2.409  2.421  2.286  2.061  1.789  1.518  1.302  1.162  1.086  1.047  1.025  1.008  0.993  0.978  0.964  0.952  0.944  0.940  0.942  0.949  0.961  0.980  1.015  1.090  1.271  1.659  2.283  2.964  3.444  3.666  3.696  3.566  3.253  2.750  2.173  1.726  1.510  1.472  1.517  1.581  1.640  1.680  1.697  1.692  1.669  1.633  1.587  1.534  1.476  1.418  1.367  1.329
 150.000  150.000  1.308  1.300  1.302  1.308  1.313  1.312  1.304  1.287  1.260  1.223  1.172  1.107  1.023  0.922  0.815  0.734  0.755  0.986  1.448  1.980  2.315  2.370  2.236  2.002  1.725  1.460  1.256  1.127  1.058  1.023  1.001  0.984  0.968  0.951  0.933  0.917  0.903  0.895  0.893  0.897  0.908  0.932  0.988  1.138  1.499  2.154  2.928  3.485  3.750  3.842  3.841  3.757  3.546  3.137  2.549  1.990  1.665  1.568  1.587  1.640  1.690  1.723  1.732  1.718  1.687  1.644  1.593  1.537  1.479  1.421  1.370  1.331
 155.000  155.000  1.310  1.298  1.295  1.297  1.297  1.291  1.277  1.254  1.221  1.178  1.126  1.062  0.986  0.897  0.803  0.724  0.709  0.850  1.216  1.736  2.154  2.274  2.153  1.911  1.631  1.377  1.190  1.077  1.018  0.987  0.967  0.951  0.933  0.914  0.892  0.871  0.853  0.841  0.836  0.838  0.850  0.883  0.978  1.243  1.825  2.671  3.381  3.737  3.868  3.905  3.899  3.847  3.708  3.399  2.862  2.245  1.821  1.659  1.648  1.685  1.723  1.745  1.744  1.722  1.685  1.640  1.590  1.537  1.481  1.425  1.375  1.335
 160.000  160.000  1.314  1.297  1.290  1.286  1.281  1.271  1.253  1.226  1.190  1.147  1.097  1.040  0.977  0.907  0.835  0.769  0.735  0.790  1.023  1.456  1.918  2.124  2.033  1.789  1.512  1.275  1.112  1.019  0.972  0.946  0.928  0.911  0.892  0.869  0.843  0.817  0.795  0.780  0.774  0.778  0.795  0.843  0.991  1.391  2.157  3.044  3.605  3.831  3.905  3.926  3.921  3.888  3.794  3.561  3.092  2.460  1.960  1.736  1.691  1.708  1.733  1.742  1.732  1.706  1.669  1.629  1.586  1.539  1.488  1.435  1.385  1.344
 165.000  165.000  1.322  1.300  1.287  1.278  1.269  1.256  1.236  1.208  1.173  1.133  1.090  1.046  1.001  0.956  0.911  0.867  0.832  0.833  0.930  1.201  1.614  1.904  1.870  1.637  1.373  1.164  1.033  0.963  0.927  0.907  0.890  0.872  0.849  0.822  0.790  0.758  0.733  0.717  0.713  0.720  0.744  0.812  1.018  1.529  2.381  3.208  3.663  3.841  3.905  3.926  3.928  3.906  3.838  3.652  3.242  2.618  2.065  1.786  1.708  1.705  1.713  1.712  1.696  1.672  1.644  1.615  1.582  1.544  1.498  1.448  1.399  1.356
 170.000  170.000  1.332  1.306  1.287  1.274  1.261  1.246  1.226  1.200  1.169  1.135  1.103  1.075  1.051  1.030  1.008  0.984  0.958  0.940  0.956  1.058  1.307  1.603  1.654  1.458  1.226  1.059  0.964  0.917  0.892  0.875  0.859  0.838  0.811  0.777  0.740  0.705  0.678  0.664  0.663  0.675  0.706  0.789  1.029  1.572  2.385  3.132  3.572  3.778  3.869  3.909  3.921  3.909  3.853  3.692  3.313  2.698  2.113  1.796  1.691  1.668  1.663  1.654  1.641  1.627  1.613  1.598  1.577  1.547  1.507  1.461  1.413  1.369
 175.000  175.000  1.343  1.313  1.291  1.274  1.258  1.241  1.221  1.198  1.172  1.148  1.129  1.116  1.110  1.105  1.097  1.082  1.063  1.042  1.028  1.043  1.126  1.297  1.397  1.271  1.095  0.980  0.920  0.891  0.873  0.858  0.840  0.816  0.785  0.748  0.708  0.674  0.653  0.646  0.652  0.668  0.699  0.775  0.986  1.437  2.100  2.776  3.287  3.600  3.770  3.856  3.894  3.894  3.843  3.680  3.296  2.674  2.080  1.751  1.632  1.599  1.587  1.579  1.575  1.575  1.577  1.575  1.564  1.542  1.509  1.467  1.423  1.380
