

VARS   PHI PSI -180 -175 -170 -165 -160 -155 -150 -145 -140 -135 -130 -125 -120 -115 -110 -105 -100 -95 -90 -85 -80 -75 -70 -65 -60 -55 -50 -45 -40 -35 -30 -25 -20 -15 -10 -5 0 5 10 15 20 25 30 35 40 45 50 55 60 65 70 75 80 85 90 95 100 105 110 115 120 125 130 135 140 145 150 155 160 165 170 175 
FORMAT %8.3f %8.3f %6.3f %6.3f %6.3f %6.3f %6.3f %6.3f %6.3f %6.3f %6.3f %6.3f %6.3f %6.3f %6.3f %6.3f %6.3f %6.3f %6.3f %6.3f %6.3f %6.3f %6.3f %6.3f %6.3f %6.3f %6.3f %6.3f %6.3f %6.3f %6.3f %6.3f %6.3f %6.3f %6.3f %6.3f %6.3f %6.3f %6.3f %6.3f %6.3f %6.3f %6.3f %6.3f %6.3f %6.3f %6.3f %6.3f %6.3f %6.3f %6.3f %6.3f %6.3f %6.3f %6.3f %6.3f %6.3f %6.3f %6.3f %6.3f %6.3f %6.3f %6.3f %6.3f %6.3f %6.3f %6.3f %6.3f %6.3f %6.3f %6.3f %6.3f %6.3f %6.3f

-180.000 -180.000  1.072  1.062  1.041  1.009  0.961  0.897  0.817  0.729  0.645  0.581  0.556  0.577  0.642  0.754  1.002  1.634  2.486  2.888  2.966  2.956  2.920  2.864  2.789  2.694  2.585  2.475  2.381  2.312  2.267  2.237  2.215  2.191  2.162  2.124  2.072  2.000  1.895  1.737  1.522  1.294  1.116  1.002  0.940  0.931  0.992  1.122  1.272  1.390  1.463  1.500  1.515  1.518  1.514  1.500  1.470  1.415  1.329  1.224  1.123  1.044  0.995  0.972  0.966  0.972  0.984  1.000  1.018  1.035  1.050  1.063  1.072  1.075
-175.000 -175.000  1.067  1.057  1.035  1.000  0.946  0.874  0.786  0.692  0.612  0.566  0.572  0.624  0.706  0.814  1.027  1.580  2.388  2.811  2.901  2.894  2.857  2.801  2.724  2.628  2.517  2.404  2.305  2.231  2.184  2.157  2.138  2.119  2.094  2.057  2.005  1.928  1.815  1.655  1.459  1.271  1.130  1.033  0.971  0.943  0.968  1.056  1.182  1.298  1.379  1.423  1.442  1.444  1.437  1.420  1.390  1.340  1.266  1.178  1.093  1.025  0.979  0.954  0.945  0.947  0.958  0.974  0.993  1.014  1.033  1.049  1.061  1.068
-170.000 -170.000  1.060  1.051  1.029  0.991  0.934  0.857  0.766  0.675  0.608  0.587  0.619  0.689  0.772  0.865  1.040  1.515  2.273  2.714  2.816  2.811  2.775  2.717  2.640  2.543  2.430  2.314  2.210  2.133  2.086  2.062  2.050  2.039  2.020  1.989  1.937  1.857  1.738  1.582  1.410  1.259  1.147  1.066  1.007  0.968  0.966  1.017  1.113  1.218  1.300  1.349  1.371  1.373  1.362  1.342  1.312  1.267  1.206  1.136  1.069  1.013  0.973  0.949  0.937  0.935  0.943  0.957  0.976  0.997  1.018  1.037  1.052  1.060
-165.000 -165.000  1.054  1.045  1.023  0.984  0.926  0.847  0.757  0.674  0.625  0.628  0.680  0.754  0.829  0.904  1.044  1.445  2.145  2.593  2.706  2.705  2.670  2.613  2.535  2.437  2.324  2.206  2.101  2.022  1.975  1.957  1.954  1.954  1.946  1.921  1.870  1.786  1.665  1.518  1.370  1.250  1.162  1.096  1.043  1.001  0.980  1.001  1.066  1.154  1.232  1.284  1.307  1.308  1.294  1.271  1.240  1.200  1.152  1.100  1.049  1.006  0.973  0.950  0.936  0.931  0.935  0.947  0.964  0.984  1.006  1.026  1.042  1.052
-160.000 -160.000  1.048  1.041  1.020  0.982  0.923  0.846  0.760  0.688  0.656  0.680  0.742  0.812  0.874  0.932  1.042  1.378  2.010  2.450  2.569  2.573  2.540  2.485  2.409  2.313  2.202  2.086  1.981  1.903  1.860  1.849  1.858  1.870  1.873  1.854  1.803  1.714  1.593  1.458  1.333  1.238  1.171  1.121  1.076  1.035  1.005  1.003  1.041  1.108  1.179  1.229  1.253  1.253  1.236  1.209  1.177  1.142  1.105  1.068  1.033  1.001  0.974  0.953  0.939  0.932  0.932  0.941  0.956  0.975  0.996  1.017  1.034  1.045
-155.000 -155.000  1.045  1.039  1.020  0.984  0.928  0.854  0.774  0.713  0.699  0.736  0.799  0.860  0.908  0.951  1.037  1.317  1.874  2.287  2.406  2.413  2.385  2.334  2.263  2.173  2.067  1.957  1.858  1.786  1.750  1.749  1.768  1.792  1.803  1.785  1.730  1.638  1.520  1.398  1.295  1.222  1.173  1.137  1.103  1.067  1.034  1.017  1.032  1.079  1.138  1.186  1.210  1.209  1.189  1.158  1.124  1.093  1.065  1.040  1.017  0.995  0.974  0.956  0.942  0.933  0.932  0.938  0.951  0.969  0.990  1.010  1.028  1.040
-150.000 -150.000  1.044  1.041  1.024  0.992  0.941  0.872  0.799  0.748  0.747  0.790  0.847  0.896  0.932  0.964  1.032  1.263  1.742  2.110  2.221  2.232  2.209  2.165  2.102  2.020  1.926  1.828  1.741  1.680  1.654  1.662  1.691  1.721  1.733  1.711  1.650  1.556  1.445  1.338  1.255  1.200  1.167  1.145  1.122  1.094  1.063  1.038  1.035  1.063  1.110  1.153  1.176  1.174  1.151  1.117  1.082  1.053  1.032  1.016  1.002  0.987  0.972  0.956  0.943  0.934  0.932  0.937  0.949  0.966  0.986  1.006  1.025  1.038
-145.000 -145.000  1.047  1.046  1.034  1.006  0.961  0.900  0.834  0.791  0.796  0.837  0.885  0.922  0.948  0.972  1.027  1.218  1.620  1.929  2.026  2.037  2.020  1.985  1.932  1.864  1.785  1.704  1.634  1.589  1.576  1.592  1.624  1.653  1.658  1.628  1.562  1.469  1.369  1.279  1.213  1.174  1.154  1.143  1.132  1.114  1.089  1.062  1.047  1.058  1.091  1.127  1.147  1.144  1.120  1.084  1.048  1.021  1.004  0.994  0.986  0.977  0.966  0.953  0.942  0.934  0.932  0.937  0.948  0.965  0.985  1.006  1.025  1.039
-140.000 -140.000  1.053  1.055  1.047  1.026  0.988  0.935  0.877  0.838  0.842  0.876  0.913  0.941  0.959  0.977  1.023  1.183  1.512  1.757  1.834  1.844  1.832  1.805  1.764  1.712  1.651  1.592  1.543  1.516  1.515  1.535  1.563  1.582  1.575  1.536  1.468  1.382  1.294  1.221  1.170  1.144  1.135  1.134  1.133  1.126  1.109  1.085  1.064  1.061  1.079  1.106  1.122  1.117  1.093  1.057  1.022  0.996  0.982  0.976  0.971  0.966  0.958  0.948  0.939  0.934  0.933  0.938  0.949  0.966  0.987  1.008  1.027  1.043
-135.000 -135.000  1.061  1.066  1.062  1.048  1.019  0.976  0.924  0.886  0.884  0.907  0.934  0.953  0.967  0.981  1.021  1.158  1.421  1.604  1.659  1.667  1.658  1.638  1.609  1.572  1.532  1.495  1.468  1.457  1.463  1.481  1.500  1.504  1.485  1.440  1.374  1.298  1.226  1.168  1.131  1.114  1.113  1.120  1.127  1.130  1.123  1.107  1.085  1.071  1.075  1.090  1.099  1.093  1.069  1.035  1.003  0.980  0.967  0.962  0.959  0.955  0.950  0.943  0.936  0.932  0.933  0.939  0.952  0.969  0.990  1.011  1.032  1.049
-130.000 -130.000  1.068  1.076  1.077  1.068  1.048  1.015  0.971  0.932  0.920  0.932  0.949  0.963  0.972  0.985  1.022  1.142  1.347  1.476  1.513  1.516  1.508  1.493  1.474  1.451  1.429  1.412  1.403  1.403  1.412  1.423  1.429  1.420  1.392  1.345  1.286  1.223  1.166  1.122  1.096  1.086  1.090  1.102  1.116  1.128  1.132  1.126  1.108  1.088  1.078  1.079  1.080  1.071  1.049  1.020  0.992  0.972  0.961  0.956  0.952  0.948  0.943  0.938  0.933  0.931  0.933  0.941  0.954  0.972  0.993  1.015  1.036  1.055
-125.000 -125.000  1.073  1.083  1.087  1.083  1.070  1.045  1.009  0.971  0.950  0.951  0.960  0.969  0.977  0.990  1.029  1.137  1.289  1.373  1.395  1.395  1.386  1.374  1.361  1.349  1.340  1.336  1.338  1.344  1.352  1.355  1.350  1.333  1.301  1.259  1.210  1.161  1.117  1.086  1.067  1.063  1.070  1.084  1.103  1.122  1.137  1.142  1.133  1.111  1.089  1.075  1.067  1.055  1.036  1.013  0.992  0.976  0.965  0.958  0.953  0.947  0.942  0.936  0.932  0.931  0.934  0.942  0.955  0.973  0.995  1.017  1.039  1.058
-120.000 -120.000  1.074  1.084  1.089  1.088  1.079  1.061  1.033  0.999  0.973  0.965  0.968  0.975  0.984  1.001  1.045  1.139  1.242  1.293  1.304  1.299  1.288  1.276  1.266  1.259  1.258  1.261  1.268  1.275  1.279  1.278  1.268  1.248  1.220  1.186  1.148  1.112  1.081  1.059  1.047  1.045  1.053  1.069  1.091  1.116  1.141  1.159  1.160  1.141  1.110  1.082  1.062  1.048  1.033  1.017  1.002  0.989  0.978  0.969  0.961  0.953  0.946  0.939  0.934  0.932  0.934  0.942  0.955  0.973  0.994  1.017  1.039  1.058
-115.000 -115.000  1.069  1.079  1.083  1.082  1.076  1.062  1.041  1.013  0.987  0.975  0.975  0.982  0.996  1.023  1.075  1.147  1.205  1.230  1.231  1.221  1.206  1.193  1.183  1.178  1.179  1.184  1.191  1.198  1.201  1.199  1.190  1.174  1.153  1.128  1.102  1.077  1.056  1.041  1.033  1.033  1.041  1.058  1.082  1.112  1.146  1.176  1.190  1.177  1.140  1.099  1.070  1.052  1.041  1.031  1.021  1.011  1.000  0.989  0.978  0.967  0.956  0.947  0.940  0.936  0.936  0.942  0.954  0.971  0.991  1.013  1.035  1.054
-110.000 -110.000  1.060  1.068  1.071  1.069  1.062  1.050  1.034  1.013  0.992  0.980  0.982  0.995  1.021  1.062  1.111  1.152  1.175  1.180  1.172  1.155  1.137  1.122  1.112  1.107  1.109  1.114  1.121  1.128  1.132  1.132  1.127  1.117  1.103  1.087  1.070  1.054  1.040  1.030  1.026  1.027  1.035  1.051  1.076  1.112  1.154  1.196  1.221  1.213  1.174  1.126  1.088  1.067  1.057  1.051  1.045  1.037  1.026  1.014  1.000  0.986  0.973  0.961  0.951  0.944  0.941  0.944  0.953  0.968  0.987  1.008  1.028  1.046
-105.000 -105.000  1.049  1.055  1.056  1.053  1.045  1.033  1.019  1.003  0.988  0.981  0.992  1.020  1.063  1.105  1.136  1.151  1.153  1.143  1.124  1.102  1.083  1.068  1.060  1.058  1.060  1.065  1.072  1.078  1.083  1.085  1.084  1.079  1.070  1.060  1.049  1.039  1.030  1.025  1.023  1.025  1.033  1.049  1.075  1.113  1.164  1.216  1.249  1.245  1.207  1.156  1.114  1.089  1.077  1.072  1.069  1.062  1.052  1.039  1.025  1.010  0.994  0.980  0.967  0.957  0.951  0.950  0.955  0.967  0.983  1.002  1.021  1.037
-100.000 -100.000  1.040  1.044  1.043  1.038  1.029  1.018  1.005  0.992  0.981  0.981  1.008  1.059  1.106  1.134  1.146  1.146  1.136  1.115  1.089  1.065  1.048  1.037  1.033  1.033  1.036  1.041  1.047  1.053  1.058  1.061  1.061  1.058  1.052  1.045  1.038  1.031  1.025  1.022  1.022  1.026  1.033  1.048  1.074  1.115  1.172  1.232  1.271  1.269  1.233  1.185  1.142  1.113  1.098  1.092  1.088  1.083  1.075  1.062  1.048  1.033  1.018  1.002  0.987  0.975  0.965  0.960  0.961  0.969  0.983  0.999  1.016  1.030
 -95.000  -95.000  1.034  1.037  1.035  1.028  1.019  1.008  0.996  0.984  0.976  0.983  1.031  1.097  1.134  1.146  1.146  1.138  1.120  1.093  1.064  1.043  1.030  1.025  1.024  1.026  1.030  1.035  1.040  1.045  1.049  1.052  1.052  1.049  1.045  1.038  1.032  1.027  1.023  1.022  1.023  1.027  1.034  1.048  1.073  1.114  1.174  1.239  1.282  1.284  1.254  1.210  1.169  1.137  1.117  1.108  1.103  1.098  1.090  1.080  1.067  1.053  1.038  1.024  1.009  0.995  0.983  0.975  0.973  0.977  0.987  1.000  1.015  1.027
 -90.000  -90.000  1.034  1.036  1.033  1.026  1.016  1.004  0.992  0.981  0.974  0.988  1.053  1.121  1.145  1.148  1.142  1.127  1.103  1.073  1.047  1.031  1.025  1.023  1.024  1.027  1.031  1.036  1.041  1.045  1.049  1.051  1.050  1.048  1.043  1.037  1.031  1.026  1.023  1.023  1.024  1.028  1.035  1.046  1.068  1.107  1.167  1.235  1.282  1.290  1.268  1.232  1.193  1.160  1.135  1.119  1.111  1.105  1.098  1.089  1.078  1.066  1.054  1.041  1.027  1.013  1.001  0.991  0.987  0.988  0.995  1.006  1.018  1.028
 -85.000  -85.000  1.039  1.040  1.036  1.029  1.019  1.007  0.995  0.984  0.977  0.995  1.071  1.133  1.147  1.145  1.133  1.113  1.085  1.056  1.036  1.027  1.024  1.025  1.028  1.031  1.035  1.039  1.043  1.047  1.050  1.052  1.052  1.049  1.045  1.039  1.033  1.028  1.024  1.024  1.025  1.028  1.033  1.041  1.057  1.090  1.146  1.217  1.270  1.289  1.277  1.249  1.214  1.179  1.148  1.127  1.113  1.104  1.097  1.089  1.081  1.072  1.062  1.051  1.039  1.027  1.015  1.005  1.000  0.999  1.004  1.014  1.024  1.033
 -80.000  -80.000  1.046  1.047  1.044  1.037  1.027  1.015  1.003  0.990  0.984  1.004  1.082  1.136  1.145  1.137  1.121  1.096  1.066  1.042  1.029  1.026  1.027  1.029  1.032  1.035  1.038  1.042  1.045  1.048  1.051  1.052  1.052  1.051  1.047  1.042  1.035  1.030  1.027  1.025  1.026  1.028  1.029  1.032  1.040  1.062  1.111  1.182  1.246  1.279  1.280  1.261  1.229  1.193  1.157  1.129  1.110  1.098  1.090  1.083  1.077  1.070  1.062  1.053  1.044  1.033  1.022  1.013  1.008  1.007  1.012  1.021  1.031  1.040
 -75.000  -75.000  1.053  1.056  1.055  1.049  1.040  1.028  1.015  1.002  0.994  1.014  1.088  1.135  1.138  1.126  1.104  1.076  1.049  1.032  1.027  1.027  1.030  1.033  1.036  1.038  1.041  1.044  1.047  1.049  1.051  1.052  1.052  1.051  1.048  1.044  1.038  1.033  1.029  1.027  1.026  1.026  1.024  1.019  1.015  1.023  1.060  1.131  1.209  1.260  1.276  1.265  1.237  1.200  1.160  1.126  1.103  1.088  1.080  1.074  1.069  1.064  1.058  1.050  1.042  1.032  1.023  1.015  1.010  1.010  1.015  1.024  1.035  1.045
 -70.000  -70.000  1.058  1.064  1.066  1.062  1.055  1.044  1.032  1.018  1.008  1.024  1.089  1.128  1.126  1.109  1.082  1.054  1.034  1.026  1.026  1.030  1.033  1.036  1.039  1.041  1.043  1.045  1.047  1.049  1.051  1.052  1.052  1.051  1.048  1.045  1.041  1.036  1.032  1.029  1.026  1.023  1.016  1.003  0.985  0.973  0.994  1.064  1.156  1.228  1.262  1.261  1.237  1.199  1.157  1.120  1.095  1.080  1.072  1.067  1.063  1.057  1.051  1.044  1.035  1.027  1.018  1.011  1.007  1.008  1.014  1.024  1.036  1.048
 -65.000  -65.000  1.061  1.070  1.075  1.076  1.071  1.063  1.051  1.038  1.026  1.033  1.081  1.108  1.102  1.082  1.055  1.033  1.022  1.023  1.028  1.033  1.037  1.040  1.042  1.044  1.045  1.046  1.048  1.049  1.050  1.050  1.050  1.050  1.048  1.046  1.042  1.038  1.035  1.031  1.027  1.021  1.008  0.985  0.949  0.914  0.916  0.980  1.086  1.181  1.235  1.246  1.227  1.190  1.149  1.114  1.091  1.079  1.073  1.068  1.062  1.054  1.046  1.037  1.027  1.018  1.009  1.003  1.000  1.001  1.008  1.019  1.033  1.048
 -60.000  -60.000  1.059  1.073  1.082  1.087  1.086  1.081  1.072  1.060  1.045  1.033  1.041  1.054  1.052  1.038  1.021  1.012  1.014  1.021  1.029  1.036  1.040  1.043  1.045  1.046  1.047  1.047  1.048  1.048  1.049  1.049  1.049  1.048  1.047  1.046  1.044  1.041  1.037  1.033  1.028  1.018  1.000  0.965  0.911  0.852  0.831  0.885  1.000  1.118  1.194  1.220  1.207  1.176  1.140  1.113  1.098  1.091  1.086  1.078  1.068  1.056  1.044  1.031  1.020  1.009  0.999  0.993  0.990  0.992  0.999  1.011  1.026  1.043
 -55.000  -55.000  1.054  1.071  1.085  1.094  1.099  1.098  1.093  1.081  1.055  0.994  0.935  0.935  0.952  0.966  0.978  0.991  1.006  1.020  1.030  1.038  1.043  1.046  1.048  1.048  1.049  1.049  1.049  1.048  1.048  1.048  1.048  1.047  1.046  1.046  1.044  1.043  1.040  1.036  1.029  1.017  0.992  0.946  0.874  0.790  0.745  0.785  0.901  1.038  1.138  1.182  1.181  1.159  1.136  1.123  1.120  1.118  1.111  1.098  1.082  1.063  1.045  1.028  1.013  1.000  0.990  0.983  0.980  0.982  0.988  1.000  1.016  1.035
 -50.000  -50.000  1.045  1.065  1.083  1.098  1.108  1.112  1.110  1.094  1.031  0.888  0.794  0.792  0.822  0.868  0.919  0.963  0.994  1.016  1.030  1.039  1.045  1.048  1.050  1.051  1.051  1.050  1.050  1.049  1.048  1.047  1.047  1.046  1.045  1.045  1.045  1.044  1.042  1.039  1.031  1.016  0.986  0.929  0.838  0.733  0.665  0.686  0.796  0.945  1.070  1.135  1.151  1.145  1.141  1.148  1.158  1.158  1.146  1.125  1.099  1.073  1.048  1.026  1.008  0.993  0.981  0.974  0.970  0.972  0.978  0.989  1.005  1.024
 -45.000  -45.000  1.033  1.056  1.077  1.097  1.112  1.121  1.120  1.081  0.940  0.767  0.709  0.708  0.730  0.774  0.844  0.919  0.974  1.007  1.026  1.038  1.046  1.050  1.052  1.053  1.053  1.052  1.051  1.050  1.048  1.047  1.046  1.045  1.045  1.045  1.045  1.045  1.044  1.041  1.034  1.017  0.981  0.914  0.807  0.681  0.593  0.596  0.695  0.848  0.994  1.084  1.122  1.139  1.161  1.189  1.207  1.204  1.182  1.151  1.116  1.082  1.052  1.025  1.004  0.987  0.975  0.967  0.963  0.964  0.969  0.979  0.993  1.012
 -40.000  -40.000  1.020  1.044  1.068  1.091  1.110  1.123  1.111  1.011  0.810  0.701  0.678  0.679  0.689  0.715  0.771  0.856  0.937  0.989  1.018  1.035  1.044  1.050  1.053  1.055  1.055  1.054  1.053  1.051  1.049  1.047  1.046  1.045  1.044  1.044  1.045  1.046  1.046  1.044  1.036  1.018  0.978  0.901  0.779  0.637  0.533  0.518  0.602  0.754  0.916  1.033  1.100  1.147  1.196  1.240  1.258  1.247  1.215  1.173  1.130  1.090  1.054  1.025  1.001  0.984  0.972  0.964  0.960  0.960  0.963  0.971  0.983  1.000
 -35.000  -35.000  1.008  1.030  1.055  1.080  1.103  1.113  1.065  0.881  0.722  0.677  0.670  0.670  0.674  0.687  0.720  0.788  0.880  0.957  1.003  1.027  1.040  1.048  1.053  1.056  1.056  1.056  1.054  1.052  1.050  1.048  1.046  1.044  1.044  1.044  1.045  1.047  1.047  1.046  1.039  1.020  0.977  0.892  0.756  0.600  0.484  0.454  0.524  0.670  0.844  0.990  1.089  1.170  1.243  1.293  1.303  1.280  1.238  1.189  1.140  1.095  1.056  1.025  1.001  0.983  0.971  0.964  0.961  0.960  0.962  0.967  0.976  0.989
 -30.000  -30.000  0.997  1.016  1.040  1.066  1.089  1.083  0.960  0.764  0.685  0.670  0.667  0.667  0.669  0.675  0.691  0.733  0.812  0.906  0.974  1.012  1.032  1.044  1.050  1.054  1.056  1.056  1.055  1.053  1.050  1.048  1.045  1.044  1.043  1.043  1.044  1.047  1.048  1.047  1.041  1.022  0.977  0.884  0.737  0.570  0.445  0.404  0.460  0.599  0.783  0.957  1.093  1.205  1.294  1.338  1.335  1.300  1.250  1.195  1.143  1.096  1.056  1.025  1.001  0.985  0.975  0.969  0.967  0.966  0.967  0.969  0.974  0.983
 -25.000  -25.000  0.991  1.005  1.025  1.050  1.066  1.015  0.830  0.704  0.673  0.668  0.667  0.667  0.667  0.670  0.677  0.699  0.752  0.841  0.929  0.986  1.017  1.034  1.044  1.050  1.053  1.055  1.054  1.052  1.050  1.047  1.044  1.042  1.041  1.042  1.043  1.046  1.048  1.048  1.043  1.024  0.977  0.879  0.722  0.546  0.415  0.366  0.412  0.543  0.733  0.936  1.110  1.248  1.338  1.369  1.351  1.307  1.251  1.194  1.141  1.094  1.055  1.025  1.004  0.990  0.983  0.979  0.978  0.977  0.977  0.977  0.979  0.983
 -20.000  -20.000  0.991  0.998  1.013  1.031  1.029  0.916  0.750  0.687  0.672  0.668  0.667  0.667  0.667  0.668  0.671  0.681  0.710  0.775  0.868  0.945  0.991  1.016  1.031  1.040  1.046  1.049  1.049  1.048  1.046  1.044  1.041  1.039  1.038  1.039  1.041  1.044  1.047  1.049  1.044  1.026  0.979  0.876  0.711  0.531  0.403  0.358  0.396  0.512  0.695  0.915  1.124  1.282  1.366  1.381  1.352  1.301  1.244  1.187  1.134  1.089  1.053  1.027  1.009  0.999  0.994  0.993  0.994  0.994  0.993  0.992  0.989  0.988
 -15.000  -15.000  0.996  0.997  1.006  1.020  0.998  0.870  0.753  0.702  0.682  0.673  0.669  0.668  0.667  0.667  0.668  0.673  0.687  0.726  0.800  0.885  0.947  0.983  1.004  1.019  1.028  1.034  1.038  1.039  1.038  1.036  1.035  1.033  1.033  1.034  1.036  1.040  1.045  1.048  1.045  1.027  0.978  0.870  0.707  0.558  0.483  0.475  0.508  0.570  0.669  0.828  1.047  1.251  1.358  1.372  1.338  1.286  1.229  1.174  1.125  1.083  1.051  1.029  1.016  1.010  1.009  1.011  1.013  1.015  1.014  1.011  1.006  1.000
 -10.000  -10.000  1.008  1.007  1.024  1.063  1.064  0.975  0.859  0.770  0.718  0.691  0.678  0.672  0.669  0.668  0.668  0.669  0.676  0.697  0.745  0.816  0.881  0.925  0.954  0.975  0.990  1.002  1.010  1.015  1.018  1.020  1.020  1.021  1.022  1.024  1.028  1.034  1.040  1.044  1.040  1.016  0.949  0.834  0.731  0.684  0.670  0.668  0.667  0.667  0.673  0.700  0.791  0.990  1.210  1.307  1.303  1.260  1.208  1.157  1.112  1.076  1.049  1.032  1.024  1.023  1.026  1.031  1.036  1.038  1.037  1.033  1.025  1.016
  -5.000   -5.000  1.032  1.054  1.120  1.179  1.178  1.127  1.035  0.921  0.819  0.748  0.707  0.686  0.676  0.671  0.669  0.669  0.672  0.682  0.710  0.756  0.806  0.846  0.877  0.902  0.924  0.942  0.957  0.969  0.978  0.985  0.991  0.996  1.000  1.006  1.013  1.021  1.028  1.027  1.001  0.930  0.841  0.787  0.765  0.754  0.743  0.731  0.717  0.703  0.689  0.678  0.680  0.721  0.855  1.061  1.188  1.205  1.175  1.136  1.098  1.068  1.048  1.037  1.035  1.039  1.046  1.054  1.060  1.063  1.062  1.056  1.047  1.037
   0.000    0.000  1.099  1.171  1.225  1.240  1.235  1.215  1.173  1.099  0.994  0.884  0.794  0.735  0.701  0.684  0.675  0.671  0.671  0.677  0.693  0.722  0.754  0.782  0.807  0.830  0.852  0.873  0.892  0.908  0.923  0.935  0.946  0.956  0.965  0.974  0.984  0.992  0.988  0.947  0.871  0.816  0.796  0.790  0.786  0.779  0.768  0.755  0.740  0.724  0.708  0.691  0.677  0.667  0.678  0.746  0.889  1.030  1.092  1.095  1.078  1.060  1.048  1.044  1.047  1.056  1.067  1.077  1.085  1.088  1.086  1.080  1.071  1.069
   5.000    5.000  1.216  1.254  1.266  1.267  1.264  1.256  1.241  1.210  1.154  1.067  0.960  0.857  0.778  0.727  0.698  0.683  0.676  0.678  0.688  0.707  0.729  0.749  0.769  0.788  0.808  0.828  0.846  0.864  0.880  0.894  0.906  0.917  0.927  0.937  0.945  0.941  0.901  0.843  0.814  0.806  0.806  0.806  0.804  0.798  0.788  0.776  0.761  0.745  0.728  0.711  0.693  0.676  0.662  0.659  0.687  0.766  0.881  0.979  1.031  1.049  1.053  1.058  1.067  1.079  1.092  1.104  1.111  1.114  1.112  1.107  1.110  1.149
  10.000   10.000  1.284  1.291  1.292  1.291  1.288  1.284  1.276  1.262  1.237  1.194  1.125  1.032  0.928  0.834  0.764  0.719  0.694  0.685  0.690  0.703  0.720  0.736  0.753  0.771  0.789  0.808  0.826  0.844  0.859  0.874  0.886  0.897  0.906  0.916  0.921  0.905  0.867  0.840  0.828  0.825  0.824  0.824  0.822  0.817  0.808  0.797  0.783  0.767  0.751  0.733  0.714  0.695  0.677  0.665  0.668  0.700  0.767  0.865  0.979  1.076  1.132  1.154  1.160  1.164  1.167  1.169  1.168  1.163  1.157  1.162  1.203  1.258
  15.000   15.000  1.324  1.324  1.322  1.320  1.317  1.312  1.305  1.294  1.278  1.253  1.213  1.153  1.073  0.977  0.881  0.799  0.737  0.702  0.693  0.701  0.714  0.729  0.745  0.763  0.781  0.799  0.817  0.835  0.851  0.866  0.878  0.890  0.902  0.920  0.937  0.926  0.896  0.871  0.856  0.849  0.846  0.844  0.842  0.837  0.829  0.818  0.805  0.791  0.774  0.757  0.738  0.718  0.699  0.687  0.694  0.733  0.806  0.915  1.060  1.237  1.425  1.574  1.645  1.643  1.604  1.551  1.492  1.430  1.367  1.323  1.317  1.322
  20.000   20.000  1.365  1.363  1.360  1.357  1.352  1.346  1.337  1.325  1.308  1.284  1.250  1.202  1.139  1.060  0.970  0.879  0.794  0.727  0.695  0.694  0.706  0.721  0.737  0.755  0.774  0.792  0.811  0.829  0.846  0.861  0.875  0.890  0.916  0.961  0.993  0.978  0.943  0.912  0.890  0.877  0.870  0.866  0.862  0.857  0.850  0.840  0.828  0.815  0.799  0.782  0.763  0.743  0.724  0.716  0.735  0.791  0.889  1.025  1.203  1.426  1.691  1.961  2.176  2.296  2.332  2.315  2.260  2.139  1.858  1.525  1.395  1.370
  25.000   25.000  1.416  1.412  1.408  1.403  1.396  1.388  1.376  1.360  1.338  1.310  1.271  1.220  1.155  1.078  0.992  0.904  0.818  0.740  0.686  0.673  0.683  0.700  0.719  0.739  0.760  0.781  0.801  0.820  0.838  0.854  0.871  0.900  0.960  1.035  1.060  1.036  0.996  0.958  0.930  0.910  0.899  0.891  0.885  0.879  0.872  0.863  0.852  0.839  0.825  0.808  0.789  0.770  0.753  0.752  0.786  0.867  0.993  1.159  1.365  1.612  1.889  2.155  2.359  2.478  2.530  2.545  2.533  2.461  2.173  1.696  1.472  1.425
  30.000   30.000  1.477  1.472  1.467  1.460  1.451  1.439  1.423  1.402  1.375  1.338  1.291  1.230  1.156  1.071  0.981  0.893  0.810  0.731  0.663  0.627  0.629  0.648  0.672  0.697  0.723  0.749  0.773  0.795  0.815  0.834  0.864  0.928  1.027  1.101  1.117  1.093  1.052  1.010  0.974  0.948  0.931  0.919  0.911  0.903  0.895  0.886  0.876  0.864  0.850  0.835  0.817  0.798  0.785  0.796  0.851  0.960  1.116  1.309  1.537  1.794  2.059  2.290  2.448  2.531  2.565  2.574  2.569  2.528  2.331  1.870  1.566  1.492
  35.000   35.000  1.549  1.542  1.535  1.526  1.515  1.500  1.479  1.453  1.418  1.372  1.313  1.240  1.153  1.058  0.962  0.872  0.789  0.710  0.632  0.571  0.547  0.556  0.578  0.607  0.638  0.669  0.698  0.725  0.749  0.782  0.849  0.960  1.071  1.140  1.161  1.144  1.107  1.064  1.023  0.991  0.967  0.951  0.939  0.929  0.920  0.911  0.901  0.890  0.877  0.862  0.845  0.828  0.822  0.847  0.929  1.070  1.254  1.469  1.710  1.964  2.204  2.391  2.505  2.559  2.578  2.581  2.576  2.551  2.428  2.044  1.681  1.572
  40.000   40.000  1.631  1.621  1.612  1.602  1.588  1.569  1.544  1.512  1.469  1.412  1.340  1.252  1.151  1.045  0.942  0.850  0.767  0.687  0.603  0.526  0.480  0.469  0.477  0.494  0.517  0.541  0.567  0.593  0.631  0.705  0.830  0.971  1.086  1.160  1.193  1.189  1.160  1.118  1.075  1.037  1.008  0.986  0.970  0.958  0.947  0.937  0.927  0.916  0.904  0.890  0.874  0.861  0.863  0.908  1.020  1.192  1.400  1.631  1.874  2.113  2.319  2.465  2.544  2.577  2.585  2.583  2.578  2.563  2.488  2.201  1.812  1.663
  45.000   45.000  1.717  1.705  1.695  1.683  1.666  1.645  1.616  1.577  1.526  1.458  1.372  1.268  1.152  1.035  0.925  0.830  0.746  0.665  0.578  0.496  0.444  0.423  0.419  0.422  0.430  0.439  0.452  0.476  0.536  0.655  0.815  0.967  1.087  1.169  1.215  1.225  1.207  1.170  1.127  1.086  1.052  1.025  1.005  0.989  0.977  0.966  0.955  0.944  0.932  0.919  0.905  0.895  0.909  0.978  1.122  1.321  1.547  1.783  2.018  2.234  2.405  2.516  2.569  2.587  2.589  2.585  2.580  2.569  2.524  2.325  1.952  1.762
  50.000   50.000  1.806  1.790  1.779  1.766  1.748  1.724  1.691  1.647  1.587  1.508  1.408  1.288  1.157  1.028  0.912  0.814  0.729  0.645  0.556  0.475  0.426  0.404  0.396  0.394  0.393  0.393  0.399  0.424  0.497  0.635  0.804  0.958  1.081  1.171  1.228  1.252  1.246  1.218  1.178  1.136  1.098  1.067  1.043  1.024  1.008  0.996  0.984  0.973  0.962  0.949  0.936  0.932  0.960  1.056  1.231  1.451  1.685  1.917  2.136  2.325  2.465  2.548  2.584  2.593  2.590  2.585  2.580  2.573  2.545  2.413  2.087  1.864
  55.000   55.000  1.891  1.872  1.860  1.846  1.828  1.802  1.767  1.719  1.652  1.562  1.448  1.312  1.167  1.027  0.905  0.804  0.717  0.630  0.538  0.461  0.416  0.396  0.388  0.383  0.380  0.377  0.381  0.407  0.485  0.624  0.792  0.947  1.072  1.167  1.234  1.271  1.278  1.259  1.225  1.185  1.145  1.111  1.082  1.060  1.043  1.028  1.016  1.004  0.993  0.981  0.970  0.971  1.015  1.139  1.338  1.570  1.803  2.023  2.222  2.386  2.501  2.565  2.590  2.594  2.590  2.584  2.580  2.574  2.557  2.472  2.208  1.965
  60.000   60.000  1.969  1.947  1.935  1.921  1.902  1.876  1.840  1.788  1.716  1.617  1.490  1.342  1.185  1.038  0.912  0.809  0.718  0.625  0.528  0.452  0.411  0.393  0.384  0.379  0.374  0.371  0.374  0.402  0.479  0.615  0.781  0.935  1.061  1.160  1.235  1.282  1.301  1.293  1.267  1.230  1.191  1.154  1.123  1.098  1.078  1.062  1.049  1.037  1.026  1.014  1.005  1.013  1.074  1.222  1.437  1.670  1.892  2.096  2.274  2.417  2.514  2.568  2.588  2.591  2.588  2.583  2.579  2.575  2.564  2.509  2.306  2.059
  65.000   65.000  2.039  2.012  2.000  1.987  1.968  1.943  1.905  1.852  1.775  1.670  1.535  1.379  1.219  1.072  0.948  0.845  0.748  0.642  0.533  0.451  0.409  0.391  0.382  0.376  0.371  0.366  0.371  0.399  0.474  0.607  0.769  0.922  1.048  1.150  1.230  1.286  1.316  1.320  1.302  1.270  1.233  1.196  1.164  1.137  1.115  1.097  1.083  1.071  1.060  1.048  1.041  1.055  1.132  1.298  1.517  1.739  1.943  2.128  2.287  2.415  2.505  2.556  2.578  2.584  2.583  2.580  2.577  2.574  2.567  2.532  2.382  2.144
  70.000   70.000  2.098  2.067  2.054  2.041  2.023  1.997  1.959  1.903  1.822  1.714  1.579  1.428  1.280  1.148  1.037  0.939  0.834  0.705  0.567  0.464  0.412  0.390  0.380  0.373  0.367  0.363  0.368  0.396  0.469  0.598  0.757  0.908  1.034  1.137  1.221  1.285  1.324  1.338  1.329  1.304  1.270  1.235  1.201  1.173  1.150  1.132  1.118  1.105  1.094  1.083  1.077  1.097  1.185  1.356  1.565  1.766  1.948  2.112  2.257  2.378  2.469  2.527  2.558  2.571  2.575  2.576  2.575  2.573  2.569  2.546  2.437  2.218
  75.000   75.000  2.147  2.110  2.096  2.082  2.063  2.034  1.991  1.930  1.844  1.736  1.613  1.488  1.374  1.277  1.193  1.107  0.997  0.837  0.649  0.503  0.426  0.393  0.379  0.371  0.364  0.360  0.365  0.393  0.464  0.589  0.744  0.894  1.019  1.123  1.210  1.279  1.327  1.350  1.350  1.331  1.302  1.268  1.235  1.207  1.183  1.165  1.150  1.139  1.128  1.118  1.113  1.135  1.225  1.386  1.570  1.742  1.898  2.043  2.178  2.300  2.401  2.476  2.523  2.550  2.563  2.569  2.571  2.572  2.569  2.554  2.475  2.280
  80.000   80.000  2.187  2.141  2.124  2.106  2.081  2.042  1.988  1.914  1.823  1.724  1.628  1.545  1.477  1.420  1.368  1.306  1.207  1.033  0.795  0.582  0.456  0.402  0.380  0.368  0.360  0.356  0.362  0.390  0.459  0.579  0.731  0.879  1.003  1.107  1.196  1.269  1.324  1.355  1.363  1.351  1.326  1.295  1.264  1.235  1.212  1.193  1.180  1.170  1.160  1.150  1.144  1.162  1.240  1.375  1.522  1.661  1.791  1.918  2.047  2.175  2.295  2.396  2.469  2.516  2.544  2.558  2.565  2.569  2.569  2.559  2.502  2.332
  85.000   85.000  2.215  2.157  2.131  2.102  2.061  2.003  1.929  1.844  1.759  1.684  1.625  1.581  1.547  1.521  1.494  1.458  1.390  1.244  0.994  0.714  0.517  0.421  0.383  0.366  0.357  0.353  0.360  0.387  0.454  0.570  0.718  0.863  0.986  1.090  1.180  1.257  1.317  1.356  1.371  1.365  1.344  1.316  1.286  1.258  1.234  1.217  1.204  1.195  1.187  1.177  1.165  1.169  1.220  1.314  1.421  1.527  1.632  1.744  1.867  2.003  2.146  2.280  2.389  2.466  2.514  2.541  2.556  2.564  2.567  2.561  2.519  2.373
  90.000   90.000  2.217  2.142  2.100  2.051  1.985  1.906  1.823  1.749  1.689  1.646  1.616  1.596  1.581  1.570  1.558  1.541  1.503  1.409  1.204  0.897  0.620  0.460  0.391  0.365  0.354  0.351  0.357  0.384  0.448  0.560  0.705  0.847  0.969  1.072  1.163  1.243  1.307  1.352  1.373  1.373  1.356  1.330  1.301  1.273  1.250  1.233  1.221  1.214  1.207  1.195  1.172  1.147  1.157  1.208  1.279  1.356  1.441  1.537  1.653  1.794  1.957  2.125  2.276  2.391  2.469  2.515  2.542  2.556  2.562  2.559  2.525  2.391
  95.000   95.000  2.118  2.042  1.997  1.935  1.859  1.784  1.721  1.674  1.642  1.622  1.609  1.601  1.595  1.590  1.585  1.577  1.559  1.508  1.374  1.104  0.771  0.527  0.410  0.367  0.352  0.348  0.355  0.381  0.442  0.550  0.691  0.831  0.951  1.053  1.145  1.227  1.295  1.344  1.371  1.375  1.362  1.339  1.310  1.283  1.260  1.242  1.230  1.223  1.217  1.199  1.155  1.091  1.057  1.073  1.117  1.173  1.239  1.322  1.427  1.565  1.738  1.933  2.125  2.286  2.402  2.476  2.519  2.543  2.553  2.546  2.492  2.320
 100.000  100.000  1.701  1.717  1.762  1.759  1.724  1.686  1.654  1.633  1.619  1.610  1.605  1.602  1.600  1.598  1.596  1.592  1.584  1.558  1.483  1.291  0.958  0.633  0.446  0.373  0.351  0.346  0.353  0.378  0.437  0.540  0.677  0.814  0.932  1.034  1.126  1.210  1.281  1.335  1.365  1.374  1.364  1.342  1.315  1.288  1.263  1.245  1.232  1.224  1.215  1.187  1.111  1.003  0.937  0.932  0.959  0.999  1.051  1.119  1.211  1.338  1.507  1.714  1.938  2.144  2.306  2.417  2.484  2.518  2.521  2.467  2.278  1.924
 105.000  105.000  1.155  1.236  1.397  1.533  1.599  1.617  1.617  1.612  1.608  1.605  1.603  1.602  1.601  1.600  1.600  1.598  1.594  1.582  1.543  1.426  1.152  0.777  0.504  0.387  0.352  0.345  0.351  0.376  0.431  0.531  0.663  0.797  0.914  1.015  1.108  1.193  1.267  1.324  1.358  1.369  1.362  1.342  1.316  1.289  1.263  1.243  1.228  1.218  1.203  1.156  1.042  0.898  0.818  0.804  0.820  0.850  0.889  0.943  1.020  1.130  1.285  1.487  1.724  1.966  2.175  2.328  2.420  2.449  2.378  2.116  1.656  1.272
 110.000  110.000  0.936  0.978  1.089  1.266  1.440  1.543  1.585  1.598  1.602  1.602  1.602  1.602  1.602  1.601  1.601  1.600  1.599  1.593  1.574  1.508  1.317  0.949  0.593  0.412  0.356  0.345  0.350  0.373  0.426  0.521  0.649  0.780  0.895  0.996  1.090  1.177  1.254  1.312  1.349  1.363  1.358  1.340  1.316  1.289  1.262  1.239  1.221  1.206  1.181  1.111  0.956  0.794  0.715  0.700  0.710  0.730  0.760  0.802  0.863  0.953  1.085  1.268  1.500  1.757  1.999  2.183  2.267  2.191  1.876  1.423  1.096  0.961
 115.000  115.000  0.890  0.903  0.945  1.047  1.222  1.407  1.525  1.575  1.594  1.599  1.601  1.602  1.602  1.602  1.602  1.601  1.601  1.598  1.588  1.554  1.434  1.124  0.712  0.454  0.364  0.345  0.349  0.370  0.421  0.512  0.636  0.764  0.878  0.979  1.074  1.163  1.242  1.302  1.340  1.356  1.354  1.338  1.315  1.289  1.262  1.237  1.215  1.194  1.155  1.055  0.867  0.703  0.634  0.620  0.626  0.641  0.662  0.693  0.740  0.811  0.918  1.074  1.282  1.525  1.754  1.889  1.836  1.566  1.232  1.015  0.923  0.894
 120.000  120.000  0.882  0.884  0.897  0.935  1.030  1.200  1.390  1.515  1.571  1.592  1.599  1.601  1.602  1.602  1.602  1.602  1.601  1.600  1.595  1.577  1.507  1.278  0.857  0.516  0.380  0.347  0.348  0.368  0.416  0.503  0.623  0.749  0.862  0.964  1.061  1.153  1.233  1.294  1.333  1.351  1.350  1.337  1.316  1.291  1.265  1.238  1.213  1.184  1.129  0.997  0.786  0.632  0.575  0.564  0.568  0.578  0.593  0.615  0.650  0.705  0.791  0.922  1.096  1.283  1.408  1.401  1.276  1.114  0.991  0.925  0.896  0.885
 125.000  125.000  0.882  0.881  0.883  0.895  0.930  1.018  1.183  1.376  1.508  1.568  1.591  1.598  1.601  1.602  1.602  1.602  1.602  1.601  1.599  1.589  1.549  1.395  1.014  0.604  0.405  0.352  0.349  0.367  0.412  0.496  0.612  0.735  0.848  0.953  1.052  1.146  1.228  1.290  1.329  1.347  1.348  1.337  1.319  1.296  1.271  1.244  1.215  1.179  1.108  0.944  0.720  0.582  0.536  0.527  0.529  0.536  0.547  0.565  0.595  0.648  0.739  0.877  1.034  1.146  1.178  1.152  1.096  1.028  0.966  0.923  0.900  0.888
 130.000  130.000  0.886  0.882  0.881  0.883  0.894  0.926  1.008  1.168  1.362  1.501  1.565  1.590  1.598  1.601  1.602  1.602  1.602  1.602  1.600  1.595  1.573  1.476  1.168  0.719  0.450  0.370  0.362  0.380  0.424  0.502  0.612  0.729  0.841  0.946  1.048  1.145  1.227  1.288  1.327  1.345  1.347  1.339  1.324  1.303  1.279  1.253  1.223  1.181  1.095  0.908  0.686  0.566  0.527  0.518  0.518  0.523  0.536  0.564  0.622  0.730  0.888  1.043  1.137  1.166  1.159  1.135  1.096  1.044  0.987  0.941  0.911  0.895
 135.000  135.000  0.894  0.886  0.883  0.881  0.883  0.893  0.922  1.000  1.153  1.348  1.493  1.562  1.589  1.598  1.601  1.602  1.602  1.602  1.601  1.599  1.586  1.528  1.309  0.890  0.596  0.522  0.538  0.581  0.637  0.697  0.756  0.815  0.884  0.966  1.059  1.152  1.232  1.291  1.328  1.345  1.349  1.342  1.329  1.312  1.290  1.265  1.237  1.198  1.123  0.976  0.819  0.724  0.675  0.647  0.634  0.639  0.671  0.751  0.888  1.047  1.162  1.212  1.218  1.205  1.185  1.158  1.123  1.076  1.020  0.968  0.930  0.907
 140.000  140.000  0.906  0.895  0.888  0.884  0.882  0.883  0.892  0.919  0.991  1.139  1.334  1.484  1.559  1.587  1.597  1.600  1.601  1.602  1.602  1.601  1.599  1.584  1.518  1.391  1.344  1.394  1.481  1.574  1.651  1.683  1.643  1.527  1.373  1.247  1.196  1.213  1.258  1.302  1.333  1.348  1.351  1.347  1.336  1.321  1.304  1.288  1.284  1.318  1.401  1.455  1.433  1.374  1.309  1.250  1.204  1.180  1.185  1.220  1.263  1.288  1.290  1.278  1.259  1.236  1.211  1.184  1.151  1.109  1.057  1.003  0.957  0.926
 145.000  145.000  0.927  0.909  0.898  0.890  0.885  0.883  0.884  0.891  0.915  0.983  1.124  1.319  1.475  1.555  1.586  1.597  1.600  1.602  1.606  1.618  1.669  1.845  2.192  2.412  2.434  2.413  2.401  2.397  2.395  2.387  2.366  2.323  2.242  2.104  1.898  1.660  1.477  1.389  1.363  1.358  1.356  1.350  1.342  1.333  1.337  1.383  1.516  1.688  1.790  1.824  1.830  1.827  1.819  1.802  1.767  1.698  1.592  1.479  1.395  1.348  1.321  1.300  1.279  1.257  1.232  1.205  1.175  1.138  1.092  1.041  0.993  0.954
 150.000  150.000  0.959  0.933  0.915  0.902  0.893  0.887  0.884  0.883  0.889  0.911  0.973  1.107  1.300  1.464  1.550  1.585  1.599  1.613  1.655  1.801  2.173  2.615  2.773  2.732  2.647  2.574  2.523  2.490  2.468  2.452  2.436  2.419  2.397  2.366  2.316  2.230  2.077  1.841  1.594  1.435  1.362  1.330  1.320  1.348  1.456  1.629  1.759  1.817  1.839  1.849  1.857  1.866  1.873  1.872  1.847  1.776  1.652  1.508  1.397  1.337  1.309  1.293  1.279  1.261  1.240  1.216  1.188  1.156  1.119  1.077  1.033  0.992
 155.000  155.000  0.999  0.968  0.942  0.922  0.907  0.896  0.888  0.883  0.880  0.883  0.900  0.955  1.080  1.270  1.444  1.548  1.620  1.752  2.084  2.580  2.884  2.934  2.873  2.774  2.673  2.588  2.527  2.487  2.460  2.440  2.423  2.405  2.385  2.360  2.329  2.287  2.226  2.121  1.926  1.620  1.314  1.139  1.123  1.261  1.481  1.656  1.748  1.788  1.805  1.814  1.822  1.830  1.837  1.836  1.811  1.744  1.624  1.480  1.360  1.293  1.266  1.257  1.251  1.242  1.227  1.208  1.185  1.159  1.132  1.101  1.068  1.033
 160.000  160.000  1.037  1.008  0.978  0.951  0.928  0.909  0.894  0.882  0.871  0.863  0.859  0.866  0.907  1.015  1.210  1.480  1.885  2.458  2.879  3.018  3.020  2.969  2.887  2.786  2.681  2.589  2.520  2.473  2.442  2.419  2.400  2.379  2.356  2.328  2.293  2.248  2.186  2.086  1.899  1.579  1.214  0.990  0.972  1.126  1.363  1.562  1.677  1.732  1.755  1.767  1.774  1.781  1.786  1.782  1.757  1.692  1.577  1.434  1.309  1.233  1.202  1.196  1.197  1.197  1.191  1.180  1.164  1.147  1.129  1.110  1.089  1.065
 165.000  165.000  1.064  1.041  1.013  0.983  0.953  0.923  0.896  0.871  0.847  0.824  0.800  0.780  0.771  0.801  0.966  1.528  2.447  2.946  3.056  3.055  3.020  2.963  2.884  2.785  2.678  2.581  2.505  2.452  2.416  2.391  2.369  2.346  2.319  2.287  2.247  2.196  2.123  2.007  1.800  1.480  1.154  0.961  0.924  1.030  1.237  1.446  1.587  1.661  1.696  1.711  1.719  1.724  1.727  1.721  1.694  1.630  1.520  1.382  1.255  1.171  1.133  1.124  1.128  1.135  1.137  1.135  1.129  1.122  1.113  1.105  1.095  1.081
 170.000  170.000  1.075  1.059  1.036  1.006  0.970  0.929  0.885  0.839  0.792  0.745  0.701  0.666  0.653  0.694  0.920  1.640  2.593  2.984  3.048  3.036  2.999  2.944  2.867  2.771  2.664  2.562  2.479  2.420  2.380  2.352  2.329  2.304  2.275  2.240  2.195  2.136  2.052  1.918  1.697  1.395  1.121  0.961  0.911  0.968  1.127  1.326  1.484  1.579  1.626  1.647  1.657  1.661  1.661  1.653  1.625  1.563  1.459  1.328  1.204  1.117  1.071  1.057  1.060  1.069  1.078  1.084  1.089  1.091  1.092  1.092  1.090  1.085
 175.000  175.000  1.076  1.064  1.043  1.013  0.972  0.918  0.855  0.784  0.711  0.646  0.599  0.582  0.609  0.699  0.962  1.663  2.561  2.946  3.014  3.002  2.966  2.911  2.836  2.741  2.633  2.527  2.438  2.374  2.331  2.302  2.278  2.253  2.223  2.185  2.136  2.070  1.975  1.827  1.602  1.333  1.111  0.976  0.918  0.937  1.045  1.214  1.376  1.486  1.547  1.576  1.588  1.592  1.589  1.578  1.549  1.490  1.394  1.275  1.160  1.074  1.025  1.005  1.004  1.013  1.025  1.038  1.050  1.061  1.070  1.077  1.082  1.082
