

VARS   PHI PSI -180 -175 -170 -165 -160 -155 -150 -145 -140 -135 -130 -125 -120 -115 -110 -105 -100 -95 -90 -85 -80 -75 -70 -65 -60 -55 -50 -45 -40 -35 -30 -25 -20 -15 -10 -5 0 5 10 15 20 25 30 35 40 45 50 55 60 65 70 75 80 85 90 95 100 105 110 115 120 125 130 135 140 145 150 155 160 165 170 175 
FORMAT %8.3f %8.3f %6.3f %6.3f %6.3f %6.3f %6.3f %6.3f %6.3f %6.3f %6.3f %6.3f %6.3f %6.3f %6.3f %6.3f %6.3f %6.3f %6.3f %6.3f %6.3f %6.3f %6.3f %6.3f %6.3f %6.3f %6.3f %6.3f %6.3f %6.3f %6.3f %6.3f %6.3f %6.3f %6.3f %6.3f %6.3f %6.3f %6.3f %6.3f %6.3f %6.3f %6.3f %6.3f %6.3f %6.3f %6.3f %6.3f %6.3f %6.3f %6.3f %6.3f %6.3f %6.3f %6.3f %6.3f %6.3f %6.3f %6.3f %6.3f %6.3f %6.3f %6.3f %6.3f %6.3f %6.3f %6.3f %6.3f %6.3f %6.3f %6.3f %6.3f %6.3f %6.3f

-180.000 -180.000  1.427  1.425  1.421  1.416  1.412  1.408  1.399  1.375  1.325  1.242  1.136  1.058  1.094  1.237  1.292  1.169  0.972  0.785  0.646  0.566  0.542  0.559  0.592  0.623  0.643  0.654  0.660  0.668  0.683  0.716  0.778  0.884  1.039  1.218  1.369  1.453  1.481  1.476  1.454  1.421  1.381  1.337  1.290  1.245  1.204  1.175  1.165  1.189  1.250  1.339  1.426  1.479  1.487  1.457  1.400  1.329  1.253  1.182  1.123  1.081  1.058  1.052  1.060  1.083  1.125  1.181  1.244  1.303  1.352  1.388  1.411  1.423
-175.000 -175.000  1.459  1.458  1.456  1.454  1.452  1.449  1.437  1.407  1.345  1.250  1.143  1.085  1.165  1.349  1.431  1.326  1.125  0.916  0.742  0.622  0.561  0.551  0.571  0.599  0.622  0.637  0.648  0.663  0.690  0.742  0.832  0.966  1.133  1.294  1.405  1.457  1.470  1.463  1.447  1.428  1.407  1.386  1.363  1.336  1.306  1.276  1.259  1.267  1.308  1.375  1.443  1.488  1.495  1.465  1.410  1.340  1.265  1.195  1.137  1.096  1.071  1.062  1.069  1.092  1.136  1.196  1.264  1.328  1.380  1.418  1.442  1.454
-170.000 -170.000  1.486  1.489  1.489  1.491  1.492  1.491  1.477  1.440  1.369  1.266  1.161  1.127  1.247  1.458  1.559  1.477  1.285  1.064  0.864  0.708  0.609  0.565  0.565  0.585  0.609  0.629  0.649  0.676  0.721  0.797  0.912  1.063  1.221  1.348  1.422  1.452  1.455  1.445  1.432  1.418  1.409  1.406  1.406  1.402  1.390  1.368  1.347  1.339  1.357  1.398  1.447  1.482  1.486  1.458  1.405  1.338  1.267  1.200  1.146  1.106  1.081  1.071  1.074  1.097  1.141  1.203  1.275  1.343  1.399  1.440  1.466  1.480
-165.000 -165.000  1.508  1.514  1.519  1.526  1.532  1.533  1.518  1.476  1.397  1.289  1.191  1.182  1.336  1.561  1.670  1.610  1.439  1.221  1.005  0.821  0.688  0.609  0.580  0.585  0.606  0.632  0.662  0.705  0.772  0.873  1.006  1.155  1.288  1.380  1.427  1.442  1.438  1.427  1.413  1.403  1.402  1.411  1.430  1.451  1.461  1.454  1.433  1.412  1.406  1.419  1.444  1.464  1.462  1.434  1.385  1.323  1.258  1.199  1.150  1.113  1.089  1.077  1.078  1.098  1.140  1.202  1.276  1.347  1.407  1.451  1.480  1.498
-160.000 -160.000  1.521  1.533  1.544  1.557  1.569  1.574  1.559  1.513  1.430  1.321  1.231  1.248  1.427  1.652  1.759  1.718  1.573  1.372  1.155  0.955  0.794  0.685  0.626  0.610  0.622  0.651  0.694  0.755  0.844  0.961  1.096  1.228  1.331  1.395  1.425  1.431  1.424  1.410  1.396  1.388  1.392  1.412  1.449  1.493  1.528  1.540  1.526  1.495  1.465  1.447  1.442  1.440  1.428  1.397  1.351  1.296  1.241  1.190  1.149  1.118  1.095  1.081  1.079  1.096  1.135  1.195  1.268  1.341  1.404  1.452  1.485  1.507
-155.000 -155.000  1.526  1.544  1.562  1.582  1.601  1.609  1.596  1.550  1.466  1.359  1.281  1.320  1.514  1.727  1.823  1.794  1.677  1.502  1.297  1.095  0.919  0.787  0.704  0.667  0.669  0.699  0.752  0.829  0.929  1.046  1.166  1.272  1.350  1.398  1.419  1.421  1.411  1.395  1.381  1.374  1.382  1.413  1.467  1.534  1.595  1.629  1.625  1.589  1.537  1.487  1.448  1.418  1.388  1.352  1.308  1.261  1.216  1.177  1.145  1.119  1.097  1.082  1.078  1.091  1.127  1.184  1.254  1.327  1.392  1.443  1.480  1.506
-150.000 -150.000  1.521  1.545  1.571  1.598  1.623  1.636  1.627  1.583  1.502  1.402  1.336  1.395  1.592  1.782  1.860  1.837  1.743  1.596  1.415  1.223  1.045  0.902  0.803  0.752  0.746  0.775  0.834  0.914  1.008  1.109  1.205  1.288  1.352  1.392  1.411  1.411  1.400  1.383  1.367  1.361  1.374  1.413  1.482  1.571  1.658  1.716  1.726  1.689  1.621  1.541  1.466  1.403  1.351  1.305  1.262  1.222  1.188  1.160  1.136  1.115  1.096  1.080  1.074  1.084  1.117  1.170  1.237  1.308  1.373  1.426  1.466  1.497
-145.000 -145.000  1.507  1.536  1.567  1.601  1.631  1.650  1.646  1.609  1.536  1.445  1.392  1.466  1.656  1.814  1.871  1.848  1.769  1.647  1.492  1.319  1.151  1.008  0.904  0.846  0.835  0.863  0.917  0.987  1.063  1.140  1.215  1.283  1.339  1.378  1.397  1.398  1.387  1.369  1.353  1.347  1.363  1.409  1.490  1.596  1.706  1.788  1.817  1.787  1.709  1.604  1.495  1.398  1.321  1.261  1.216  1.181  1.156  1.138  1.122  1.107  1.090  1.074  1.067  1.076  1.105  1.155  1.218  1.285  1.348  1.402  1.444  1.478
-140.000 -140.000  1.482  1.515  1.551  1.588  1.623  1.647  1.649  1.621  1.559  1.482  1.444  1.527  1.697  1.820  1.854  1.826  1.757  1.654  1.522  1.372  1.221  1.086  0.984  0.926  0.913  0.936  0.981  1.035  1.090  1.146  1.204  1.263  1.316  1.354  1.375  1.378  1.368  1.351  1.335  1.330  1.347  1.395  1.482  1.600  1.729  1.834  1.886  1.869  1.789  1.667  1.530  1.402  1.299  1.224  1.174  1.142  1.124  1.112  1.103  1.092  1.079  1.065  1.058  1.066  1.094  1.140  1.198  1.261  1.321  1.373  1.415  1.450
-135.000 -135.000  1.448  1.482  1.520  1.560  1.597  1.624  1.632  1.614  1.567  1.506  1.483  1.568  1.712  1.797  1.809  1.776  1.711  1.621  1.508  1.380  1.248  1.127  1.034  0.980  0.967  0.985  1.019  1.058  1.096  1.138  1.185  1.236  1.284  1.321  1.343  1.348  1.341  1.326  1.312  1.307  1.322  1.369  1.455  1.577  1.718  1.844  1.921  1.924  1.851  1.720  1.562  1.408  1.283  1.195  1.138  1.106  1.091  1.084  1.079  1.073  1.063  1.053  1.049  1.058  1.083  1.125  1.179  1.236  1.291  1.340  1.381  1.416
-130.000 -130.000  1.408  1.441  1.478  1.517  1.553  1.580  1.593  1.585  1.553  1.510  1.501  1.583  1.694  1.745  1.739  1.699  1.637  1.557  1.460  1.350  1.237  1.133  1.053  1.007  0.997  1.012  1.037  1.064  1.092  1.124  1.162  1.206  1.248  1.282  1.303  1.310  1.305  1.294  1.282  1.277  1.290  1.332  1.410  1.528  1.671  1.813  1.914  1.941  1.882  1.750  1.580  1.409  1.269  1.170  1.108  1.074  1.058  1.053  1.052  1.049  1.044  1.040  1.040  1.051  1.076  1.114  1.161  1.212  1.262  1.306  1.344  1.377
-125.000 -125.000  1.367  1.397  1.430  1.465  1.497  1.523  1.538  1.536  1.517  1.489  1.491  1.564  1.643  1.667  1.647  1.604  1.546  1.474  1.389  1.296  1.201  1.114  1.050  1.017  1.012  1.024  1.043  1.063  1.083  1.108  1.139  1.176  1.211  1.240  1.259  1.266  1.264  1.256  1.247  1.244  1.254  1.287  1.354  1.459  1.596  1.743  1.863  1.915  1.874  1.748  1.574  1.396  1.250  1.146  1.081  1.045  1.029  1.023  1.023  1.025  1.025  1.027  1.033  1.047  1.072  1.106  1.148  1.193  1.236  1.275  1.309  1.338
-120.000 -120.000  1.329  1.355  1.384  1.413  1.441  1.463  1.476  1.477  1.466  1.448  1.454  1.512  1.566  1.571  1.544  1.501  1.447  1.383  1.310  1.231  1.152  1.084  1.037  1.017  1.018  1.029  1.044  1.057  1.072  1.092  1.118  1.147  1.176  1.200  1.215  1.222  1.223  1.218  1.212  1.209  1.216  1.241  1.294  1.381  1.503  1.645  1.774  1.843  1.821  1.706  1.536  1.363  1.221  1.121  1.057  1.021  1.004  0.998  0.998  1.002  1.008  1.016  1.029  1.047  1.072  1.103  1.140  1.179  1.216  1.250  1.279  1.305
-115.000 -115.000  1.299  1.320  1.344  1.369  1.392  1.411  1.423  1.425  1.417  1.403  1.404  1.441  1.474  1.468  1.439  1.399  1.351  1.295  1.233  1.166  1.103  1.053  1.025  1.017  1.023  1.033  1.043  1.051  1.062  1.077  1.098  1.122  1.145  1.163  1.175  1.182  1.184  1.182  1.179  1.177  1.182  1.199  1.238  1.306  1.408  1.536  1.661  1.738  1.727  1.624  1.469  1.312  1.185  1.096  1.039  1.005  0.986  0.979  0.979  0.985  0.995  1.008  1.026  1.048  1.073  1.103  1.135  1.170  1.203  1.232  1.257  1.279
-110.000 -110.000  1.277  1.295  1.315  1.337  1.358  1.376  1.387  1.391  1.385  1.372  1.362  1.372  1.383  1.371  1.344  1.308  1.266  1.218  1.163  1.109  1.062  1.031  1.020  1.022  1.030  1.037  1.042  1.046  1.052  1.064  1.080  1.099  1.117  1.132  1.142  1.148  1.151  1.152  1.151  1.151  1.154  1.165  1.191  1.242  1.323  1.433  1.546  1.619  1.611  1.519  1.385  1.253  1.149  1.076  1.028  0.997  0.979  0.971  0.970  0.975  0.987  1.003  1.024  1.048  1.074  1.103  1.133  1.163  1.193  1.220  1.242  1.260
-105.000 -105.000  1.261  1.277  1.295  1.316  1.336  1.355  1.368  1.374  1.372  1.362  1.344  1.326  1.309  1.289  1.263  1.232  1.196  1.153  1.107  1.064  1.034  1.022  1.023  1.031  1.037  1.040  1.040  1.040  1.043  1.051  1.064  1.079  1.094  1.107  1.116  1.123  1.128  1.130  1.132  1.133  1.134  1.141  1.158  1.195  1.259  1.351  1.449  1.511  1.499  1.419  1.308  1.204  1.123  1.066  1.027  1.001  0.984  0.974  0.970  0.974  0.985  1.002  1.024  1.048  1.075  1.102  1.130  1.159  1.186  1.210  1.230  1.246
-100.000 -100.000  1.252  1.266  1.283  1.303  1.324  1.343  1.359  1.368  1.370  1.364  1.345  1.309  1.262  1.228  1.201  1.173  1.139  1.101  1.063  1.035  1.022  1.023  1.031  1.039  1.042  1.041  1.037  1.034  1.034  1.039  1.049  1.062  1.076  1.088  1.099  1.107  1.114  1.119  1.122  1.124  1.126  1.129  1.140  1.167  1.219  1.298  1.384  1.433  1.415  1.343  1.254  1.174  1.113  1.069  1.038  1.015  0.999  0.987  0.982  0.983  0.991  1.006  1.027  1.051  1.076  1.102  1.129  1.156  1.182  1.205  1.223  1.238
 -95.000  -95.000  1.248  1.262  1.277  1.296  1.316  1.335  1.352  1.364  1.369  1.367  1.353  1.314  1.245  1.188  1.154  1.126  1.094  1.061  1.035  1.023  1.024  1.032  1.040  1.044  1.043  1.039  1.033  1.028  1.026  1.029  1.037  1.048  1.062  1.075  1.088  1.099  1.109  1.117  1.124  1.127  1.129  1.130  1.137  1.158  1.202  1.273  1.348  1.384  1.360  1.297  1.225  1.163  1.117  1.083  1.058  1.038  1.022  1.010  1.003  1.002  1.007  1.019  1.037  1.059  1.083  1.108  1.133  1.158  1.182  1.204  1.221  1.236
 -90.000  -90.000  1.251  1.262  1.276  1.292  1.310  1.328  1.344  1.357  1.364  1.365  1.355  1.324  1.251  1.168  1.121  1.090  1.060  1.036  1.024  1.025  1.033  1.041  1.045  1.046  1.042  1.037  1.030  1.024  1.021  1.022  1.027  1.037  1.051  1.066  1.082  1.098  1.113  1.126  1.135  1.141  1.144  1.144  1.148  1.164  1.204  1.268  1.332  1.355  1.326  1.271  1.213  1.166  1.130  1.104  1.084  1.067  1.053  1.041  1.033  1.029  1.031  1.040  1.055  1.075  1.097  1.121  1.144  1.168  1.190  1.210  1.226  1.239
 -85.000  -85.000  1.258  1.267  1.277  1.289  1.304  1.319  1.333  1.345  1.353  1.355  1.350  1.328  1.265  1.164  1.097  1.062  1.039  1.028  1.029  1.036  1.043  1.048  1.049  1.047  1.042  1.036  1.029  1.023  1.019  1.018  1.021  1.029  1.042  1.060  1.080  1.101  1.122  1.141  1.156  1.166  1.170  1.170  1.172  1.184  1.218  1.274  1.325  1.334  1.302  1.254  1.209  1.174  1.149  1.129  1.114  1.100  1.088  1.078  1.069  1.064  1.063  1.069  1.081  1.098  1.119  1.142  1.164  1.186  1.205  1.223  1.238  1.249
 -80.000  -80.000  1.270  1.275  1.280  1.288  1.298  1.309  1.320  1.330  1.337  1.340  1.338  1.324  1.276  1.170  1.082  1.047  1.036  1.037  1.042  1.048  1.052  1.054  1.052  1.048  1.043  1.036  1.030  1.023  1.019  1.016  1.018  1.024  1.036  1.054  1.078  1.106  1.134  1.161  1.183  1.198  1.206  1.208  1.208  1.215  1.240  1.284  1.317  1.313  1.281  1.242  1.209  1.185  1.168  1.156  1.145  1.136  1.127  1.118  1.110  1.103  1.100  1.102  1.111  1.126  1.146  1.168  1.189  1.209  1.227  1.242  1.254  1.263
 -75.000  -75.000  1.285  1.286  1.286  1.288  1.292  1.299  1.306  1.313  1.318  1.321  1.320  1.311  1.276  1.175  1.076  1.050  1.049  1.053  1.057  1.059  1.060  1.058  1.055  1.050  1.045  1.038  1.031  1.025  1.020  1.017  1.016  1.021  1.032  1.050  1.076  1.109  1.146  1.182  1.213  1.236  1.251  1.256  1.255  1.257  1.270  1.293  1.305  1.291  1.261  1.232  1.210  1.196  1.188  1.182  1.178  1.173  1.167  1.160  1.152  1.144  1.138  1.136  1.142  1.155  1.173  1.194  1.214  1.234  1.250  1.264  1.274  1.281
 -70.000  -70.000  1.301  1.299  1.295  1.291  1.289  1.289  1.292  1.295  1.298  1.300  1.299  1.293  1.267  1.172  1.081  1.065  1.066  1.068  1.069  1.068  1.066  1.062  1.058  1.053  1.047  1.040  1.034  1.027  1.021  1.017  1.016  1.019  1.028  1.046  1.073  1.110  1.154  1.200  1.242  1.277  1.301  1.313  1.315  1.310  1.306  1.303  1.291  1.268  1.242  1.222  1.211  1.206  1.206  1.208  1.210  1.210  1.208  1.203  1.195  1.184  1.175  1.169  1.171  1.180  1.196  1.216  1.236  1.255  1.272  1.285  1.294  1.300
 -65.000  -65.000  1.317  1.313  1.305  1.295  1.287  1.281  1.278  1.278  1.279  1.279  1.278  1.273  1.250  1.162  1.092  1.083  1.082  1.080  1.078  1.075  1.071  1.066  1.061  1.055  1.049  1.042  1.036  1.029  1.023  1.018  1.016  1.018  1.025  1.041  1.068  1.107  1.157  1.213  1.268  1.317  1.355  1.377  1.385  1.376  1.352  1.316  1.277  1.245  1.224  1.213  1.211  1.216  1.223  1.233  1.241  1.247  1.249  1.245  1.235  1.222  1.209  1.199  1.197  1.202  1.215  1.232  1.252  1.271  1.287  1.301  1.311  1.317
 -60.000  -60.000  1.332  1.327  1.316  1.302  1.288  1.276  1.267  1.262  1.260  1.258  1.256  1.252  1.230  1.151  1.104  1.097  1.093  1.089  1.085  1.080  1.074  1.069  1.063  1.057  1.050  1.044  1.037  1.030  1.024  1.019  1.016  1.016  1.022  1.037  1.062  1.102  1.155  1.220  1.288  1.353  1.408  1.446  1.464  1.455  1.409  1.334  1.266  1.225  1.208  1.205  1.212  1.224  1.240  1.257  1.272  1.283  1.287  1.283  1.272  1.256  1.239  1.226  1.218  1.219  1.228  1.242  1.260  1.279  1.296  1.311  1.323  1.330
 -55.000  -55.000  1.343  1.340  1.328  1.311  1.292  1.274  1.259  1.249  1.243  1.239  1.236  1.231  1.207  1.142  1.114  1.107  1.101  1.095  1.089  1.083  1.076  1.070  1.064  1.057  1.051  1.044  1.037  1.031  1.024  1.019  1.015  1.014  1.019  1.032  1.056  1.094  1.149  1.220  1.301  1.383  1.458  1.517  1.551  1.546  1.481  1.364  1.260  1.209  1.194  1.198  1.212  1.232  1.256  1.281  1.302  1.316  1.322  1.317  1.304  1.286  1.266  1.248  1.236  1.232  1.236  1.246  1.262  1.279  1.297  1.314  1.329  1.339
 -50.000  -50.000  1.350  1.350  1.340  1.322  1.299  1.276  1.255  1.239  1.228  1.221  1.216  1.210  1.185  1.136  1.118  1.111  1.105  1.098  1.090  1.083  1.076  1.070  1.063  1.057  1.050  1.043  1.037  1.030  1.023  1.017  1.013  1.012  1.016  1.027  1.048  1.085  1.140  1.215  1.306  1.405  1.502  1.584  1.640  1.647  1.569  1.407  1.263  1.197  1.182  1.191  1.213  1.241  1.273  1.304  1.330  1.346  1.351  1.346  1.331  1.310  1.288  1.267  1.250  1.241  1.240  1.246  1.258  1.274  1.292  1.311  1.328  1.342
 -45.000  -45.000  1.352  1.357  1.352  1.335  1.310  1.282  1.255  1.233  1.217  1.206  1.198  1.191  1.163  1.128  1.116  1.109  1.102  1.095  1.088  1.080  1.073  1.067  1.060  1.054  1.047  1.041  1.034  1.028  1.021  1.015  1.011  1.009  1.012  1.021  1.041  1.075  1.129  1.206  1.305  1.419  1.537  1.646  1.727  1.753  1.669  1.467  1.277  1.190  1.172  1.186  1.215  1.251  1.291  1.327  1.355  1.371  1.374  1.367  1.351  1.329  1.304  1.281  1.261  1.248  1.242  1.243  1.252  1.266  1.283  1.303  1.322  1.340
 -40.000  -40.000  1.351  1.362  1.361  1.348  1.324  1.292  1.259  1.231  1.209  1.193  1.183  1.171  1.136  1.109  1.101  1.096  1.090  1.084  1.078  1.071  1.065  1.059  1.054  1.048  1.042  1.036  1.030  1.024  1.017  1.012  1.007  1.005  1.007  1.015  1.033  1.064  1.116  1.193  1.297  1.424  1.563  1.697  1.808  1.858  1.779  1.542  1.303  1.189  1.166  1.183  1.219  1.263  1.309  1.348  1.374  1.387  1.388  1.379  1.362  1.339  1.315  1.290  1.269  1.252  1.242  1.239  1.244  1.255  1.272  1.292  1.313  1.334
 -35.000  -35.000  1.348  1.364  1.370  1.362  1.340  1.307  1.269  1.234  1.206  1.184  1.168  1.144  1.088  1.066  1.063  1.062  1.060  1.058  1.055  1.052  1.048  1.045  1.041  1.037  1.033  1.028  1.023  1.017  1.011  1.006  1.002  1.000  1.001  1.008  1.024  1.054  1.103  1.178  1.285  1.421  1.578  1.737  1.877  1.956  1.893  1.633  1.342  1.194  1.163  1.183  1.226  1.277  1.326  1.362  1.385  1.393  1.391  1.380  1.363  1.342  1.318  1.295  1.272  1.254  1.241  1.234  1.235  1.244  1.259  1.280  1.303  1.327
 -30.000  -30.000  1.344  1.365  1.377  1.376  1.359  1.327  1.285  1.244  1.207  1.177  1.145  1.072  0.983  0.978  0.987  0.995  1.000  1.005  1.009  1.013  1.015  1.017  1.017  1.017  1.016  1.014  1.011  1.007  1.003  0.999  0.995  0.993  0.995  1.001  1.016  1.043  1.089  1.162  1.269  1.412  1.583  1.764  1.931  2.040  2.001  1.731  1.392  1.207  1.164  1.186  1.236  1.291  1.338  1.369  1.384  1.388  1.383  1.372  1.356  1.336  1.315  1.293  1.272  1.253  1.238  1.229  1.227  1.234  1.248  1.268  1.293  1.319
 -25.000  -25.000  1.342  1.367  1.385  1.391  1.380  1.351  1.308  1.258  1.206  1.139  1.009  0.803  0.760  0.818  0.857  0.881  0.899  0.915  0.930  0.943  0.956  0.966  0.975  0.982  0.987  0.990  0.991  0.991  0.989  0.987  0.985  0.984  0.986  0.993  1.006  1.031  1.074  1.145  1.251  1.397  1.578  1.777  1.966  2.095  2.064  1.790  1.433  1.228  1.174  1.196  1.248  1.302  1.342  1.364  1.372  1.371  1.364  1.353  1.339  1.322  1.305  1.286  1.267  1.249  1.234  1.224  1.220  1.224  1.237  1.257  1.283  1.312
 -20.000  -20.000  1.340  1.370  1.394  1.407  1.404  1.379  1.332  1.253  1.105  0.837  0.545  0.405  0.451  0.572  0.666  0.720  0.756  0.785  0.811  0.837  0.861  0.884  0.905  0.923  0.938  0.950  0.959  0.965  0.968  0.970  0.971  0.973  0.976  0.983  0.996  1.019  1.060  1.126  1.230  1.377  1.563  1.766  1.939  1.993  1.842  1.559  1.332  1.221  1.190  1.207  1.251  1.300  1.332  1.346  1.348  1.344  1.336  1.326  1.314  1.301  1.287  1.272  1.256  1.241  1.227  1.216  1.212  1.215  1.227  1.248  1.275  1.307
 -15.000  -15.000  1.339  1.374  1.404  1.424  1.427  1.399  1.295  1.019  0.642  0.404  0.311  0.281  0.289  0.342  0.437  0.526  0.587  0.630  0.667  0.702  0.736  0.770  0.802  0.833  0.861  0.885  0.906  0.922  0.934  0.943  0.950  0.955  0.961  0.970  0.984  1.006  1.045  1.108  1.208  1.350  1.517  1.643  1.626  1.464  1.297  1.202  1.165  1.157  1.162  1.176  1.204  1.249  1.292  1.312  1.315  1.310  1.302  1.293  1.283  1.274  1.264  1.252  1.240  1.228  1.216  1.207  1.202  1.205  1.217  1.238  1.267  1.302
 -10.000  -10.000  1.338  1.379  1.415  1.439  1.433  1.306  0.920  0.541  0.385  0.332  0.306  0.288  0.274  0.269  0.287  0.342  0.414  0.474  0.519  0.559  0.598  0.637  0.677  0.717  0.756  0.793  0.826  0.856  0.880  0.901  0.916  0.929  0.941  0.953  0.969  0.993  1.033  1.099  1.199  1.309  1.352  1.285  1.182  1.113  1.084  1.081  1.090  1.102  1.115  1.127  1.141  1.162  1.200  1.243  1.266  1.268  1.263  1.255  1.248  1.241  1.235  1.227  1.219  1.210  1.201  1.194  1.191  1.194  1.206  1.228  1.259  1.297
  -5.000   -5.000  1.336  1.382  1.422  1.430  1.288  0.857  0.531  0.424  0.384  0.358  0.335  0.314  0.294  0.276  0.262  0.260  0.283  0.332  0.384  0.429  0.470  0.509  0.550  0.592  0.635  0.679  0.723  0.764  0.802  0.836  0.865  0.889  0.910  0.930  0.955  0.994  1.065  1.172  1.263  1.265  1.196  1.119  1.062  1.032  1.023  1.028  1.041  1.057  1.072  1.087  1.099  1.112  1.127  1.153  1.189  1.214  1.219  1.215  1.210  1.205  1.201  1.197  1.192  1.187  1.181  1.177  1.175  1.180  1.193  1.216  1.249  1.290
   0.000    0.000  1.330  1.379  1.397  1.251  0.832  0.567  0.487  0.451  0.423  0.396  0.370  0.346  0.322  0.300  0.279  0.260  0.247  0.249  0.275  0.317  0.359  0.398  0.436  0.476  0.518  0.562  0.608  0.655  0.703  0.748  0.791  0.830  0.867  0.912  0.986  1.120  1.280  1.357  1.330  1.255  1.170  1.095  1.039  1.005  0.991  0.992  1.003  1.019  1.036  1.053  1.069  1.084  1.097  1.111  1.129  1.153  1.170  1.173  1.170  1.167  1.165  1.163  1.161  1.159  1.157  1.155  1.156  1.162  1.177  1.201  1.236  1.281
   5.000    5.000  1.305  1.321  1.186  0.829  0.622  0.559  0.526  0.497  0.468  0.439  0.410  0.382  0.355  0.329  0.304  0.280  0.258  0.239  0.229  0.238  0.267  0.305  0.342  0.378  0.416  0.456  0.499  0.545  0.594  0.646  0.699  0.759  0.842  0.993  1.218  1.389  1.434  1.400  1.333  1.251  1.168  1.092  1.032  0.992  0.971  0.967  0.975  0.990  1.009  1.029  1.048  1.067  1.085  1.102  1.118  1.134  1.147  1.148  1.139  1.130  1.127  1.126  1.126  1.127  1.128  1.129  1.133  1.141  1.156  1.181  1.217  1.260
  10.000   10.000  1.145  1.055  0.854  0.693  0.631  0.600  0.574  0.546  0.516  0.485  0.454  0.423  0.392  0.361  0.332  0.304  0.278  0.254  0.233  0.217  0.214  0.231  0.262  0.296  0.331  0.367  0.405  0.446  0.492  0.546  0.617  0.743  0.975  1.245  1.398  1.440  1.427  1.384  1.321  1.246  1.168  1.095  1.033  0.988  0.962  0.953  0.957  0.971  0.991  1.013  1.037  1.061  1.084  1.106  1.127  1.148  1.167  1.177  1.163  1.128  1.102  1.092  1.091  1.094  1.097  1.101  1.107  1.115  1.127  1.143  1.159  1.165
  15.000   15.000  0.958  0.910  0.812  0.718  0.672  0.645  0.620  0.594  0.565  0.534  0.501  0.466  0.432  0.397  0.363  0.330  0.300  0.271  0.246  0.224  0.207  0.199  0.205  0.227  0.259  0.292  0.327  0.365  0.413  0.489  0.643  0.908  1.162  1.309  1.377  1.399  1.390  1.357  1.305  1.239  1.168  1.099  1.038  0.991  0.961  0.947  0.949  0.962  0.982  1.007  1.035  1.063  1.092  1.120  1.147  1.174  1.201  1.226  1.242  1.227  1.169  1.115  1.094  1.093  1.099  1.104  1.104  1.094  1.071  1.040  1.009  0.983
  20.000   20.000  0.936  0.911  0.846  0.760  0.711  0.686  0.664  0.640  0.613  0.582  0.548  0.512  0.475  0.436  0.398  0.360  0.324  0.291  0.261  0.235  0.214  0.197  0.187  0.186  0.200  0.228  0.265  0.316  0.405  0.576  0.814  1.018  1.157  1.252  1.313  1.344  1.347  1.326  1.285  1.230  1.167  1.103  1.045  0.998  0.966  0.950  0.949  0.960  0.982  1.009  1.040  1.074  1.107  1.141  1.174  1.207  1.240  1.273  1.306  1.337  1.360  1.371  1.382  1.395  1.387  1.335  1.237  1.127  1.041  0.989  0.962  0.947
  25.000   25.000  0.937  0.922  0.876  0.800  0.747  0.722  0.703  0.682  0.658  0.629  0.596  0.559  0.519  0.477  0.434  0.392  0.350  0.311  0.277  0.246  0.221  0.202  0.186  0.176  0.173  0.187  0.238  0.356  0.540  0.727  0.871  0.988  1.090  1.177  1.243  1.284  1.299  1.291  1.263  1.219  1.165  1.108  1.054  1.008  0.975  0.957  0.954  0.965  0.987  1.017  1.052  1.090  1.128  1.168  1.206  1.244  1.282  1.320  1.361  1.414  1.506  1.681  1.857  1.883  1.768  1.567  1.345  1.167  1.053  0.992  0.961  0.947
  30.000   30.000  0.940  0.929  0.898  0.834  0.779  0.754  0.738  0.720  0.699  0.673  0.641  0.605  0.564  0.520  0.473  0.425  0.378  0.334  0.293  0.258  0.228  0.205  0.187  0.174  0.168  0.181  0.268  0.466  0.653  0.760  0.844  0.931  1.021  1.105  1.174  1.224  1.250  1.254  1.238  1.205  1.162  1.113  1.063  1.020  0.988  0.969  0.965  0.975  0.997  1.029  1.067  1.109  1.153  1.197  1.241  1.284  1.325  1.368  1.415  1.484  1.626  1.864  2.028  2.010  1.865  1.640  1.396  1.198  1.070  1.000  0.966  0.949
  35.000   35.000  0.942  0.933  0.913  0.863  0.808  0.781  0.767  0.753  0.736  0.713  0.684  0.649  0.608  0.562  0.512  0.460  0.407  0.356  0.310  0.269  0.235  0.208  0.187  0.172  0.166  0.191  0.315  0.542  0.687  0.754  0.812  0.882  0.960  1.038  1.109  1.164  1.200  1.215  1.211  1.190  1.157  1.116  1.073  1.033  1.002  0.983  0.978  0.987  1.010  1.043  1.084  1.130  1.178  1.227  1.276  1.322  1.368  1.414  1.468  1.561  1.752  1.990  2.092  2.050  1.907  1.689  1.442  1.231  1.090  1.010  0.970  0.951
  40.000   40.000  0.943  0.936  0.922  0.885  0.833  0.804  0.792  0.781  0.767  0.748  0.722  0.690  0.650  0.603  0.550  0.494  0.436  0.379  0.326  0.280  0.240  0.209  0.185  0.169  0.165  0.207  0.367  0.595  0.707  0.751  0.792  0.845  0.910  0.980  1.049  1.107  1.151  1.176  1.183  1.173  1.150  1.118  1.082  1.046  1.017  0.998  0.993  1.001  1.024  1.058  1.102  1.151  1.203  1.257  1.309  1.359  1.407  1.456  1.522  1.650  1.880  2.077  2.128  2.075  1.943  1.735  1.488  1.266  1.111  1.022  0.976  0.954
  45.000   45.000  0.945  0.938  0.928  0.902  0.856  0.824  0.812  0.804  0.794  0.779  0.756  0.726  0.688  0.642  0.587  0.527  0.464  0.401  0.341  0.289  0.244  0.209  0.182  0.165  0.166  0.232  0.427  0.648  0.733  0.759  0.784  0.821  0.872  0.932  0.995  1.054  1.103  1.137  1.154  1.155  1.142  1.119  1.090  1.059  1.033  1.014  1.008  1.016  1.038  1.073  1.119  1.171  1.226  1.283  1.338  1.390  1.441  1.496  1.580  1.752  1.992  2.132  2.150  2.096  1.975  1.780  1.535  1.304  1.135  1.035  0.982  0.957
  50.000   50.000  0.947  0.940  0.932  0.914  0.875  0.842  0.829  0.824  0.816  0.804  0.786  0.759  0.723  0.677  0.621  0.558  0.489  0.420  0.354  0.295  0.246  0.207  0.178  0.161  0.172  0.269  0.498  0.707  0.769  0.779  0.789  0.811  0.847  0.895  0.951  1.007  1.059  1.099  1.125  1.136  1.133  1.119  1.097  1.072  1.048  1.031  1.024  1.031  1.053  1.087  1.133  1.187  1.245  1.304  1.361  1.416  1.468  1.531  1.645  1.861  2.077  2.165  2.165  2.114  2.004  1.822  1.583  1.344  1.162  1.050  0.990  0.961
  55.000   55.000  0.949  0.941  0.935  0.922  0.892  0.858  0.843  0.839  0.835  0.826  0.811  0.787  0.753  0.709  0.652  0.585  0.511  0.435  0.363  0.298  0.245  0.203  0.173  0.158  0.185  0.320  0.582  0.773  0.815  0.811  0.807  0.813  0.834  0.869  0.915  0.967  1.018  1.063  1.097  1.117  1.123  1.117  1.103  1.083  1.062  1.047  1.040  1.046  1.066  1.100  1.146  1.200  1.259  1.319  1.378  1.433  1.488  1.565  1.721  1.964  2.133  2.184  2.176  2.129  2.031  1.863  1.631  1.387  1.191  1.066  0.998  0.965
  60.000   60.000  0.951  0.942  0.937  0.928  0.905  0.872  0.856  0.852  0.850  0.844  0.831  0.811  0.780  0.736  0.678  0.608  0.529  0.446  0.368  0.298  0.241  0.197  0.167  0.158  0.208  0.387  0.677  0.848  0.871  0.854  0.837  0.828  0.833  0.854  0.889  0.934  0.983  1.030  1.069  1.097  1.112  1.115  1.107  1.093  1.076  1.062  1.055  1.059  1.077  1.109  1.154  1.208  1.267  1.327  1.385  1.440  1.501  1.602  1.807  2.048  2.168  2.196  2.184  2.142  2.055  1.900  1.678  1.431  1.223  1.085  1.008  0.969
  65.000   65.000  0.953  0.944  0.938  0.931  0.915  0.886  0.867  0.863  0.862  0.858  0.849  0.831  0.802  0.759  0.700  0.626  0.541  0.452  0.368  0.294  0.235  0.190  0.162  0.163  0.244  0.473  0.784  0.931  0.937  0.908  0.878  0.855  0.845  0.850  0.873  0.908  0.953  1.001  1.044  1.078  1.101  1.112  1.111  1.102  1.089  1.076  1.069  1.071  1.087  1.116  1.158  1.210  1.267  1.326  1.382  1.438  1.508  1.648  1.898  2.109  2.189  2.203  2.191  2.153  2.076  1.936  1.724  1.477  1.258  1.106  1.019  0.975
  70.000   70.000  0.956  0.945  0.939  0.934  0.922  0.898  0.877  0.872  0.873  0.871  0.863  0.847  0.819  0.777  0.716  0.638  0.547  0.452  0.363  0.286  0.226  0.182  0.158  0.175  0.296  0.579  0.901  1.020  1.011  0.972  0.930  0.893  0.868  0.858  0.866  0.891  0.930  0.975  1.021  1.060  1.090  1.108  1.114  1.110  1.100  1.089  1.081  1.082  1.094  1.119  1.157  1.206  1.259  1.315  1.368  1.425  1.515  1.707  1.982  2.150  2.201  2.208  2.196  2.163  2.095  1.968  1.769  1.524  1.295  1.130  1.032  0.981
  75.000   75.000  0.960  0.947  0.940  0.936  0.927  0.908  0.887  0.881  0.881  0.880  0.874  0.860  0.833  0.790  0.727  0.643  0.546  0.446  0.354  0.276  0.216  0.175  0.158  0.198  0.367  0.706  1.023  1.113  1.091  1.042  0.990  0.941  0.902  0.877  0.870  0.883  0.913  0.954  1.000  1.044  1.079  1.104  1.116  1.117  1.111  1.101  1.092  1.090  1.097  1.118  1.150  1.193  1.242  1.292  1.343  1.405  1.526  1.781  2.052  2.176  2.209  2.211  2.200  2.172  2.112  1.998  1.812  1.572  1.335  1.156  1.046  0.988
  80.000   80.000  0.964  0.948  0.941  0.937  0.931  0.917  0.897  0.888  0.888  0.889  0.884  0.870  0.844  0.799  0.732  0.643  0.540  0.435  0.341  0.264  0.206  0.169  0.164  0.237  0.464  0.853  1.147  1.207  1.174  1.118  1.057  0.998  0.945  0.906  0.884  0.883  0.903  0.938  0.983  1.029  1.069  1.100  1.118  1.123  1.120  1.111  1.101  1.095  1.097  1.111  1.137  1.172  1.214  1.258  1.306  1.380  1.552  1.861  2.104  2.192  2.214  2.214  2.204  2.179  2.127  2.025  1.853  1.619  1.377  1.184  1.062  0.996
  85.000   85.000  0.968  0.950  0.942  0.938  0.933  0.923  0.905  0.895  0.895  0.895  0.891  0.878  0.851  0.803  0.731  0.636  0.528  0.420  0.326  0.251  0.197  0.167  0.185  0.304  0.597  1.018  1.267  1.299  1.257  1.197  1.129  1.061  0.997  0.944  0.907  0.892  0.900  0.927  0.969  1.016  1.061  1.096  1.119  1.129  1.128  1.119  1.106  1.096  1.092  1.098  1.115  1.141  1.174  1.212  1.259  1.356  1.595  1.939  2.141  2.203  2.217  2.216  2.207  2.186  2.140  2.050  1.892  1.667  1.421  1.215  1.080  1.005
  90.000   90.000  0.973  0.953  0.943  0.939  0.935  0.928  0.913  0.901  0.900  0.901  0.897  0.883  0.854  0.803  0.726  0.624  0.511  0.402  0.310  0.239  0.193  0.184  0.246  0.432  0.793  1.203  1.385  1.390  1.341  1.276  1.204  1.128  1.055  0.990  0.939  0.910  0.904  0.922  0.958  1.005  1.053  1.093  1.121  1.135  1.134  1.124  1.108  1.091  1.080  1.076  1.083  1.099  1.123  1.154  1.206  1.341  1.657  2.006  2.166  2.210  2.219  2.217  2.209  2.191  2.151  2.071  1.928  1.714  1.466  1.249  1.101  1.016
  95.000   95.000  0.979  0.956  0.945  0.940  0.936  0.931  0.920  0.907  0.905  0.905  0.901  0.887  0.855  0.799  0.715  0.608  0.491  0.383  0.294  0.234  0.214  0.263  0.412  0.694  1.089  1.399  1.497  1.479  1.424  1.356  1.280  1.199  1.118  1.042  0.979  0.935  0.916  0.922  0.952  0.996  1.046  1.090  1.123  1.139  1.139  1.126  1.104  1.080  1.059  1.045  1.041  1.047  1.062  1.088  1.150  1.340  1.729  2.059  2.183  2.214  2.220  2.219  2.212  2.196  2.161  2.091  1.961  1.759  1.513  1.286  1.124  1.028
 100.000  100.000  0.986  0.959  0.946  0.940  0.937  0.933  0.925  0.913  0.909  0.909  0.904  0.888  0.853  0.791  0.700  0.587  0.469  0.365  0.290  0.266  0.326  0.493  0.773  1.124  1.417  1.562  1.591  1.564  1.509  1.439  1.359  1.273  1.186  1.101  1.026  0.968  0.934  0.928  0.949  0.990  1.040  1.088  1.124  1.142  1.141  1.123  1.094  1.060  1.029  1.004  0.990  0.986  0.993  1.016  1.097  1.357  1.802  2.100  2.195  2.217  2.221  2.220  2.214  2.200  2.170  2.108  1.991  1.802  1.560  1.325  1.149  1.042
 105.000  105.000  0.994  0.963  0.948  0.941  0.938  0.935  0.929  0.919  0.913  0.912  0.906  0.887  0.847  0.779  0.681  0.564  0.449  0.361  0.337  0.421  0.631  0.941  1.263  1.488  1.598  1.638  1.644  1.627  1.588  1.526  1.446  1.356  1.260  1.166  1.080  1.008  0.960  0.941  0.951  0.986  1.035  1.085  1.124  1.143  1.139  1.114  1.075  1.031  0.989  0.954  0.931  0.919  0.920  0.944  1.052  1.388  1.868  2.128  2.203  2.219  2.222  2.220  2.215  2.203  2.178  2.124  2.019  1.844  1.608  1.367  1.177  1.058
 110.000  110.000  1.003  0.967  0.950  0.942  0.939  0.936  0.932  0.924  0.917  0.914  0.906  0.884  0.839  0.763  0.659  0.543  0.448  0.429  0.546  0.803  1.129  1.402  1.556  1.623  1.649  1.658  1.660  1.655  1.639  1.603  1.540  1.452  1.350  1.243  1.143  1.057  0.994  0.959  0.957  0.984  1.031  1.082  1.123  1.141  1.132  1.098  1.047  0.992  0.940  0.897  0.868  0.850  0.847  0.876  1.018  1.427  1.920  2.147  2.207  2.220  2.222  2.221  2.216  2.206  2.184  2.137  2.044  1.883  1.656  1.410  1.208  1.076
 115.000  115.000  1.014  0.973  0.954  0.945  0.941  0.939  0.936  0.929  0.922  0.916  0.905  0.879  0.828  0.746  0.641  0.548  0.541  0.698  0.993  1.300  1.504  1.601  1.640  1.654  1.659  1.661  1.662  1.661  1.657  1.645  1.614  1.554  1.461  1.346  1.227  1.121  1.038  0.986  0.968  0.985  1.027  1.078  1.119  1.135  1.118  1.073  1.011  0.945  0.885  0.837  0.803  0.784  0.780  0.815  0.993  1.458  1.944  2.145  2.198  2.212  2.217  2.217  2.215  2.207  2.188  2.147  2.064  1.916  1.700  1.453  1.240  1.096
 120.000  120.000  1.031  0.990  0.971  0.964  0.962  0.962  0.961  0.956  0.941  0.923  0.905  0.873  0.815  0.732  0.654  0.670  0.868  1.176  1.432  1.570  1.628  1.649  1.657  1.660  1.661  1.661  1.662  1.662  1.661  1.658  1.649  1.623  1.569  1.474  1.349  1.217  1.104  1.025  0.988  0.990  1.024  1.072  1.111  1.122  1.097  1.040  0.966  0.891  0.827  0.777  0.742  0.723  0.722  0.767  0.968  1.419  1.834  2.026  2.105  2.146  2.171  2.185  2.192  2.190  2.176  2.139  2.061  1.923  1.716  1.475  1.262  1.115
 125.000  125.000  1.081  1.067  1.065  1.069  1.074  1.079  1.083  1.080  1.058  1.000  0.933  0.875  0.811  0.757  0.807  1.041  1.332  1.522  1.609  1.642  1.654  1.658  1.660  1.661  1.661  1.661  1.661  1.661  1.661  1.661  1.659  1.651  1.631  1.584  1.494  1.361  1.215  1.096  1.023  1.003  1.023  1.063  1.097  1.099  1.062  0.993  0.912  0.835  0.771  0.724  0.695  0.685  0.702  0.773  0.932  1.140  1.326  1.489  1.637  1.769  1.879  1.963  2.020  2.048  2.043  1.996  1.895  1.735  1.537  1.346  1.203  1.120
 130.000  130.000  1.134  1.147  1.157  1.164  1.166  1.167  1.166  1.163  1.158  1.142  1.093  0.983  0.881  0.938  1.192  1.442  1.575  1.629  1.649  1.656  1.658  1.659  1.660  1.660  1.660  1.660  1.661  1.661  1.661  1.661  1.660  1.659  1.653  1.637  1.599  1.517  1.384  1.226  1.098  1.031  1.022  1.040  1.052  1.033  0.981  0.914  0.847  0.790  0.748  0.725  0.729  0.772  0.858  0.932  0.942  0.919  0.911  0.935  0.993  1.081  1.190  1.307  1.412  1.481  1.490  1.432  1.329  1.225  1.152  1.117  1.111  1.120
 135.000  135.000  1.160  1.175  1.185  1.189  1.189  1.187  1.184  1.181  1.177  1.173  1.163  1.134  1.085  1.222  1.461  1.577  1.623  1.642  1.650  1.654  1.656  1.657  1.658  1.658  1.659  1.659  1.659  1.660  1.660  1.660  1.660  1.660  1.658  1.654  1.642  1.611  1.540  1.409  1.235  1.082  0.994  0.951  0.919  0.886  0.855  0.830  0.811  0.799  0.799  0.820  0.879  0.980  1.065  1.063  0.998  0.921  0.859  0.819  0.804  0.813  0.842  0.889  0.943  0.991  1.017  1.021  1.021  1.030  1.052  1.081  1.111  1.138
 140.000  140.000  1.182  1.195  1.202  1.205  1.203  1.200  1.196  1.193  1.189  1.183  1.173  1.147  1.096  1.131  1.359  1.503  1.574  1.611  1.629  1.639  1.645  1.648  1.651  1.652  1.653  1.655  1.655  1.656  1.657  1.657  1.658  1.658  1.658  1.657  1.654  1.644  1.616  1.536  1.343  1.073  0.907  0.851  0.832  0.822  0.817  0.814  0.813  0.818  0.835  0.877  0.963  1.081  1.154  1.134  1.058  0.972  0.898  0.843  0.810  0.799  0.808  0.833  0.870  0.909  0.942  0.968  0.996  1.028  1.064  1.101  1.134  1.162
 145.000  145.000  1.205  1.216  1.221  1.221  1.219  1.214  1.210  1.206  1.202  1.194  1.177  1.140  1.060  0.949  1.028  1.226  1.387  1.492  1.553  1.588  1.608  1.620  1.627  1.633  1.637  1.640  1.643  1.645  1.647  1.649  1.650  1.651  1.652  1.653  1.653  1.649  1.631  1.546  1.282  0.981  0.864  0.834  0.825  0.821  0.818  0.818  0.820  0.830  0.854  0.911  1.016  1.143  1.212  1.190  1.117  1.030  0.950  0.888  0.848  0.831  0.835  0.857  0.890  0.926  0.957  0.986  1.017  1.054  1.092  1.130  1.162  1.188
 150.000  150.000  1.231  1.239  1.242  1.240  1.236  1.232  1.227  1.222  1.217  1.205  1.179  1.126  1.028  0.874  0.783  0.866  1.033  1.207  1.345  1.439  1.497  1.534  1.557  1.574  1.586  1.596  1.604  1.611  1.617  1.622  1.626  1.630  1.633  1.636  1.637  1.635  1.607  1.467  1.158  0.944  0.873  0.849  0.838  0.832  0.828  0.827  0.831  0.844  0.878  0.950  1.071  1.201  1.263  1.242  1.172  1.087  1.006  0.939  0.893  0.871  0.871  0.891  0.921  0.954  0.983  1.012  1.046  1.085  1.124  1.161  1.192  1.216
 155.000  155.000  1.259  1.265  1.265  1.262  1.257  1.252  1.247  1.242  1.233  1.215  1.177  1.107  1.002  0.867  0.736  0.680  0.724  0.847  1.001  1.143  1.254  1.332  1.386  1.425  1.454  1.478  1.498  1.515  1.530  1.543  1.555  1.565  1.574  1.583  1.589  1.587  1.542  1.366  1.122  0.979  0.914  0.882  0.863  0.852  0.846  0.844  0.848  0.867  0.911  1.000  1.134  1.259  1.311  1.288  1.223  1.142  1.061  0.991  0.941  0.914  0.911  0.926  0.953  0.982  1.010  1.041  1.078  1.119  1.159  1.196  1.225  1.246
 160.000  160.000  1.289  1.293  1.291  1.287  1.281  1.276  1.270  1.264  1.251  1.224  1.170  1.085  0.986  0.898  0.793  0.678  0.614  0.628  0.709  0.823  0.938  1.034  1.109  1.165  1.209  1.246  1.278  1.308  1.335  1.360  1.384  1.406  1.428  1.450  1.473  1.490  1.465  1.349  1.192  1.069  0.988  0.938  0.907  0.888  0.876  0.871  0.877  0.901  0.959  1.065  1.203  1.316  1.356  1.331  1.269  1.192  1.113  1.042  0.988  0.957  0.949  0.961  0.983  1.008  1.036  1.071  1.111  1.155  1.197  1.233  1.261  1.279
 165.000  165.000  1.322  1.323  1.320  1.315  1.309  1.303  1.298  1.289  1.270  1.230  1.160  1.065  0.985  0.956  0.893  0.759  0.637  0.573  0.575  0.630  0.708  0.786  0.851  0.901  0.940  0.972  1.001  1.028  1.055  1.084  1.114  1.149  1.190  1.246  1.322  1.407  1.449  1.405  1.303  1.189  1.094  1.024  0.977  0.945  0.925  0.915  0.922  0.953  1.023  1.139  1.274  1.370  1.398  1.371  1.311  1.236  1.159  1.088  1.032  0.998  0.985  0.992  1.009  1.032  1.062  1.101  1.147  1.194  1.237  1.272  1.298  1.314
 170.000  170.000  1.357  1.356  1.352  1.346  1.340  1.335  1.328  1.316  1.288  1.234  1.148  1.051  1.002  1.035  1.015  0.877  0.719  0.604  0.550  0.554  0.596  0.651  0.701  0.738  0.764  0.782  0.797  0.811  0.827  0.849  0.880  0.928  1.004  1.121  1.273  1.408  1.470  1.456  1.393  1.305  1.214  1.135  1.074  1.029  0.998  0.982  0.987  1.022  1.099  1.217  1.338  1.418  1.436  1.406  1.348  1.275  1.199  1.128  1.071  1.033  1.016  1.017  1.031  1.053  1.087  1.131  1.182  1.233  1.277  1.312  1.337  1.351
 175.000  175.000  1.392  1.391  1.386  1.380  1.375  1.370  1.362  1.345  1.306  1.237  1.139  1.047  1.039  1.131  1.150  1.016  0.834  0.680  0.580  0.541  0.552  0.589  0.629  0.661  0.681  0.692  0.698  0.704  0.715  0.737  0.778  0.852  0.973  1.141  1.316  1.436  1.483  1.477  1.441  1.385  1.317  1.249  1.187  1.135  1.096  1.072  1.071  1.104  1.179  1.286  1.391  1.455  1.467  1.436  1.378  1.306  1.230  1.159  1.101  1.061  1.040  1.037  1.048  1.071  1.108  1.159  1.216  1.270  1.317  1.352  1.375  1.388
