# Unfolded state residue energies for score12
# Ron Jacak (ronj@email.unc.edu)
AA fa_atr fa_rep fa_sol fa_intra_rep pro_close fa_pair hbond_sr_bb hbond_lr_bb hbond_bb_sc hbond_sc rama omega fa_dun p_aa_pp
WEIGHT 0.8 0.44 0.65 0.004 1.0 0.49  0.585 1.17 1.17 1.1 0.2 0.5 0.56 0.32
ALA 2.5587 -0.5737 -1.5675 -0.2252 -0.0049 0.0000 0.5280 0.0270 0.0057 0.0000 0.2123 -0.1491 0.0000 0.1565
ARG 3.1829 -0.6182 -2.2220 -2.1032 -0.0050 0.0866 0.4856 0.0168 0.0206 0.0125 0.2571 -0.1744 -2.3291 0.0972
ASN 2.8712 -0.6335 -2.4050 -1.6628 -0.0078 0.0763 0.3850 0.0174 0.0311 0.0057 -0.0300 -0.1804 -1.1744 0.2480
ASP 3.0032 -0.6757 -2.4590 -1.4995 -0.0050 0.1044 0.4009 0.0166 0.0416 0.0125 0.0134 -0.1618 -0.8733 0.1915
CYS 2.5378 -0.6245 -1.7015 -0.3996 -0.0060 0.0000 0.3914 0.0316 0.0069 0.0000 -0.0215 -0.2411 -0.5499 -0.1255
GLN 3.1503 -0.6724 -2.2385 -1.5548 -0.0056 0.0530 0.4965 0.0110 0.0183 0.0037 0.2326 -0.1681 -1.7209 0.0651
GLU 3.0684 -0.6290 -2.1736 -1.5592 -0.0028 0.1429 0.4797 0.0117 0.0147 0.0094 0.4136 -0.1436 -1.7235 0.1438
GLY 1.6906 -0.4879 -1.2009 -0.0181 -0.0033 0.0000 0.3093 0.0139 0.0093 0.0000 -0.6594 -0.1474 0.0000 1.0637
HIS 3.5341 -0.6980 -2.3510 -0.9940 -0.0041 0.0199 0.4122 0.0172 0.0229 0.0064 0.0335 -0.2133 -1.3636 0.0844
ILE 2.9308 -0.6144 -1.5788 -4.7376 -0.0070 0.0000 0.4375 0.0224 0.0037 0.0000 0.1999 -0.1678 -0.4884 0.3580
LEU 3.2405 -0.6543 -1.7746 -2.0520 -0.0049 0.0000 0.5425 0.0343 0.0046 0.0000 0.1254 -0.1717 -0.6123 0.1728
LYS 2.8124 -0.6590 -1.8136 -1.0798 -0.0047 0.1160 0.4479 0.0148 0.0091 0.0012 0.2868 -0.1587 -1.5303 0.0155
MET 3.2688 -0.6782 -1.8650 -1.1162 -0.0063 0.0000 0.5336 0.0273 0.0050 0.0000 0.1043 -0.1716 -1.9170 0.0656
PHE 3.6792 -0.7291 -1.7340 -6.6803 -0.0053 0.0000 0.4257 0.0216 0.0055 0.0000 0.1227 -0.2181 -1.0325 0.1014
PRO 2.2321 -1.0445 -1.1412 -0.3629 -0.3864 0.0000 0.1844 0.0021 0.0020 0.0000 0.1541 -0.1765 -0.6279 1.1273
SER 2.4504 -0.6214 -1.9291 -0.3666 -0.0058 0.0871 0.3697 0.0182 0.0362 0.0096 -0.0159 -0.1893 -0.6242 0.0759
THR 2.6219 -0.6091 -2.0021 -1.8247 -0.0069 0.0449 0.3691 0.0113 0.0332 0.0091 0.0210 -0.1836 -0.2668 0.1444
TRP 4.5050 -0.8655 -2.2343 -6.3877 -0.0063 0.0000 0.4286 0.0176 0.0094 0.0009 0.0862 -0.2076 -1.9477 0.0444
TYR 3.7451 -0.7416 -1.9227 -6.5510 -0.0048 0.0000 0.4134 0.0198 0.0079 0.0032 0.1054 -0.2278 -0.9723 0.1012
VAL 2.6275 -0.5843 -1.4574 -3.2568 -0.0057 0.0000 0.3687 0.0187 0.0039 0.0000 0.2219 -0.1756 -0.2412 0.3444
