http://www2.research.att.com/~njas/icosahedral.codes/

The packing problem: How should one place n points on a sphere so as to maximize the minimal distance between them? Arrangements (which we hope are close to optimal) are given for various values of n in the range 60 - 33002.

The covering problem: How should one place n points on a sphere so as to minimize the maximal distance of any point on the sphere from the closest one of the n points? This maximal distance is called the covering radius. Arrangements (which we hope are close to optimal) are given for various values of n in the range 72 - 78032.

The maximal volume problem: How should one place n points on a sphere so as to maximize the volume of their convex hull? Arrangements (which we hope are close to optimal) are given for various values of n in the range 72 - 78032.

these sphere covering sets satisfy the covering problem


covering radius        file
      5.0°       sphere_672.dat.gz
      4.0°       sphere_1032.dat.gz
      3.0°       sphere_1812.dat.gz
      2.0°       sphere_4092.dat.gz
      1.4°       sphere_8192.dat.gz
      1.0°       sphere_17282.dat.gz



   N    cover radius   i,j
   72  15.144532085111 2,1
   92  13.676297201544 3,0
  122  11.685637449452 2,2
  132  11.216593169250 3,1
  162  10.193460547112 4,0
  192   9.246213683185 3,2
  212   8.838653454591 4,1
  252   8.127710176122 5,0
  272   7.760664539139 3,3
  282   7.617889900096 4,2
  312   7.272294692156 5,1
  362   6.758861417535 6,0
  372   6.622582828824 4,3
  392   6.458965609790 5,2
  432   6.170339682766 6,1
  482   5.814062961918 4,4
  492   5.752924348142 5,3
  492   5.784775851139 7,0
  522   5.595747249333 6,2
  572   5.355354417598 7,1
  612   5.154687189818 5,4
  632   5.074888764183 6,3
  642   5.056115072666 8,0
  672   4.929797462352 7,2
  732   4.729078589132 8,1
  752   4.648295848279 5,5
  762   4.617219818603 6,4
  792   4.533029350096 7,3
  812   4.490479603994 9,0
  842   4.402124515864 8,2
  912   4.218557913621 6,5
  912   4.233169088336 9,1
  932   4.174239460090 7,4
  972   4.091374894291 8,3
 1002   4.038657206107 10,0
 1032   3.974509870333 9,2
 1082   3.871891979419 6,6
 1092   3.853939041670 7,5
 1112   3.830953328855 10,1
 1122   3.804178860903 8,4
 1172   3.725307578617 9,3
 1212   3.669436148858 11,0
 1242   3.621422198143 10,2
 1272   3.569725534206 7,6
 1292   3.542654967391 8,5
 1332   3.491241689736 9,4
 1332   3.498272262557 11,1
 1392   3.417577813358 10,3
 1442   3.362062489397 12,0
 1472   3.317695364929 7,7
 1472   3.325210509179 11,2
 1482   3.306416210909 8,6
 1512   3.274691399950 9,5
 1562   3.223730891645 10,4
 1572   3.218586239818 12,1
 1632   3.155616147025 11,3
 1692   3.093711926789 8,7
 1692   3.102197973127 13,0
 1712   3.076018937021 9,6
 1722   3.073309760621 12,2
 1752   3.042047458937 10,5
 1812   2.992780255006 11,4
 1832   2.980200374028 13,1
 1892   2.930147770804 12,3
 1922   2.902260274250 8,8
 1932   2.894701570066 9,7
 1962   2.873285981385 10,6
 1962   2.879618518442 14,0
 1992   2.856557536608 13,2
 2012   2.838572507835 11,5
 2082   2.791655507280 12,4
 2112   2.774616460782 14,1
 2172   2.729614889549 9,8
 2172   2.734196931924 13,3
 2192   2.717406611262 10,7
 2232   2.693850201666 11,6
 2252   2.686837347164 15,0
 2282   2.668138043779 14,2
 2292   2.659385677717 12,5
 2372   2.615107796463 13,4
 2412   2.595513341479 15,1
 2432   2.579274217401 9,9
 2442   2.573968426865 10,8
 2472   2.558841875674 11,7
 2472   2.562415005674 14,3
 2522   2.534187181036 12,6
 2562   2.518246302211 16,0
 2592   2.500582676677 13,5
 2592   2.502876199535 15,2
 2682   2.459012620380 14,4
 2712   2.442145526900 10,9
 2732   2.433380291879 11,8
 2732   2.438092954390 16,1
 2772   2.416391788693 12,7
 2792   2.410654819470 15,3
 2832   2.391387928112 13,6
 2892   2.369561413480 17,0
 2912   2.359001520995 14,5
 2922   2.356776129106 16,2
 3002   2.320969691511 10,10
 3012   2.317097689455 11,9
 3012   2.320099127117 15,4
 3042   2.306023037552 12,8
 3072   2.298648556024 17,1
 3092   2.287905990245 13,7
 3132   2.275654652283 16,3
 3162   2.263060249423 14,6
 3242   2.237453828613 18,0
 3252   2.232090438109 15,5
 3272   2.226705320548 17,2
 3312   2.209428219014 11,10
 3332   2.202914984094 12,9
 3362   2.195734837706 16,4
 3372   2.190267930059 13,8
 3432   2.171579881476 14,7
 3432   2.174271529630 18,1
 3492   2.154813888078 17,3
 3512   2.147226270662 15,6
 3612   2.117750682729 16,5
 3612   2.119297750869 19,0
 3632   2.109686870986 11,11
 3642   2.106778060218 12,10
 3642   2.110175634237 18,2
 3672   2.098426491729 13,9
 3722   2.084735990702 14,8
 3732   2.083793336434 17,4
 3792   2.065873127601 15,7
 3812   2.062647863476 19,1
 3872   2.046038776330 18,3
 3882   2.042217702056 16,6
 3972   2.017185890981 12,11
 3992   2.012218084622 13,10
 3992   2.014256907819 17,5
 4002   2.012994074021 20,0
 4032   2.002553214516 14,9
 4032   2.005186402927 19,2
 4092   1.988228662936 15,8
 4122   1.982533942866 18,4
 4172   1.969474459217 16,7
 4212   1.961913799540 20,1
 4272   1.946647942289 17,6
 4272   1.947624805253 19,3
 4322   1.933658161783 12,12
 4332   1.931415123400 13,11
 4362   1.924961862026 14,10
 4392   1.920173984113 18,5
 4412   1.914368254712 15,9
 4412   1.916844661950 21,0
 4442   1.910110821950 20,2
 4482   1.899723818959 16,8
 4532   1.890519597739 19,4
 4572   1.881274549723 17,7
 4632   1.870551478387 21,1
 4682   1.859343469967 18,6
 4692   1.855708148791 13,12
 4692   1.858170711336 20,3
 4712   1.851830407685 14,11
 4752   1.844278308492 15,10
 4812   1.833066426224 16,9
 4812   1.834304363912 19,5
 4842   1.829461011271 22,0
 4872   1.823612933411 21,2
 4892   1.818333020904 17,8
 4962   1.806557632344 20,4
 4992   1.800316761495 18,7
 5072   1.784740014606 13,13
 5072   1.787312335561 22,1
 5082   1.782975472798 14,12
 5112   1.777885600118 15,11
 5112   1.779310310330 19,6
 5132   1.776515099717 21,3
 5162   1.769523657985 16,10
 5232   1.757933964293 17,9
 5252   1.755639722914 20,5
 5292   1.749696685504 23,0
 5322   1.743279127099 18,8
 5322   1.744585656368 22,2
 5412   1.729648442054 21,4
 5432   1.725781837879 19,7
 5472   1.718159484815 14,13
 5492   1.715075232571 15,12
 5532   1.709063208448 16,11
 5532   1.711160016297 23,1
 5562   1.705703050336 20,6
 5592   1.700124308904 17,10
 5592   1.701687873242 22,3
 5672   1.688345875312 18,9
 5712   1.683326439481 21,5
 5762   1.676596846619 24,0
 5772   1.673891352565 19,8
 5792   1.672104094657 23,2
 5882   1.657117551926 14,14
 5882   1.658949422434 22,4
 5892   1.655703736863 15,13
 5892   1.656964997043 20,7
 5922   1.651617711575 16,12
 5972   1.644902119021 17,11
 6012   1.641227096458 24,1
 6032   1.637797846484 21,6
 6042   1.635577744593 18,10
 6072   1.632872144303 23,3
 6132   1.623753111604 19,9
 6192   1.616639079196 22,5
 6242   1.609583562972 20,8
 6252   1.609359748756 25,0
 6282   1.605389514175 24,2
 6312   1.599589033694 15,14
 6332   1.597095309698 16,13
 6372   1.592230474801 17,12
 6372   1.593254747857 21,7
 6372   1.593745581155 23,4
 6432   1.584992376426 18,11
 6512   1.575433582261 19,10
 6512   1.576782082446 25,1
 6522   1.574973101230 22,6
 6572   1.569375530683 24,3
 6612   1.563667917592 20,9
 6692   1.554955846809 23,5
 6732   1.549841115865 21,8
 6752   1.546527850635 15,15
 6762   1.545377924235 16,14
 6762   1.547307332801 26,0
 6792   1.542048496457 17,13
 6792   1.543781689508 25,2
 6842   1.536574621638 18,12
 6872   1.534121761809 22,7
 6882   1.533426267038 24,4
 6912   1.528963079847 19,11
 7002   1.519288003357 20,10
 7682   1.449774552065 16,16
 8192   1.403881943807 18,15
 8192   1.405300351294 27,3
 8672   1.364413944909 17,17
 9722   1.288545767384 18,18
10832   1.220670083820 19,19
12002   1.159587155975 20,20
13232   1.104325930573 21,21
14522   1.054091991326 22,22
15872   1.008229191699 23,23
17282   0.966190795787 24,24
18752   0.927517598993 25,25
20282   0.891821076004 26,26
21872   0.858770306968 27,27
23522   0.828081659327 28,28
25232   0.799510654132 29,29
27002   0.772845388796 30,30
28832   0.747901370396 31,31
30722   0.724517158473 32,32
32672   0.702550866516 33,33
34682   0.681877319450 34,34
36752   0.662385678203 35,35
38882   0.643977395866 36,36
41072   0.626564612737 37,37
43322   0.610068684751 38,38
45632   0.594419060597 39,39
48002   0.579552240743 40,40
50432   0.565410925600 41,41
52922   0.551943280335 42,42
55472   0.539102268802 43,43
58082   0.526845169006 44,44
60752   0.515133033200 45,45
63482   0.503930303949 46,46
66272   0.493204458195 47,47
69122   0.482936940333 48,48
72032   0.473076997075 49,49
75002   0.463611644179 50,50
78032   0.454517612602 51,51
