0 0 -175 -175 180 6
0 1 -175 -165 180 6
0 2 -175 -155 180 6
0 3 -175 -145 180 6
0 4 -175 -135 180 6
0 5 -175 -125 180 6
0 6 -175 -115 180 6
0 7 -175 -105 180 6
0 8 -175 -95 180 6
0 9 -175 -85 180 6
0 10 -175 -75 180 6
0 11 -175 -65 180 6
0 12 -175 -55 180 6
0 13 -175 -45 180 6
0 14 -175 -35 180 6
0 15 -175 -25 180 6
0 16 -175 -15 180 6
0 17 -175 -5 180 6
0 18 -175 5 180 6
0 19 -175 15 180 6
0 20 -175 25 180 6
0 21 -175 35 180 6
0 22 -175 45 180 6
0 23 -175 55 180 6
0 24 -175 65 180 6
0 25 -175 75 180 6
0 26 -175 85 180 6
0 27 -175 95 180 6
0 28 -175 105 180 6
0 29 -175 115 180 6
0 30 -175 125 180 6
0 31 -175 135 179.922100107489 6.08411097145908
0 32 -175 145 179.814904654528 6.10234134716154
0 33 -175 155 179.322464888816 5.82352869444226
0 34 -175 165 178.455601833747 7.03970879122561
0 35 -175 175 178.554924372422 7.87887511286807
1 0 -165 -175 180 6
1 1 -165 -165 180 6
1 2 -165 -155 180 6
1 3 -165 -145 180 6
1 4 -165 -135 180 6
1 5 -165 -125 180 6
1 6 -165 -115 180 6
1 7 -165 -105 180 6
1 8 -165 -95 180 6
1 9 -165 -85 180 6
1 10 -165 -75 180 6
1 11 -165 -65 180 6
1 12 -165 -55 180 6
1 13 -165 -45 180 6
1 14 -165 -35 180 6
1 15 -165 -25 180 6
1 16 -165 -15 180 6
1 17 -165 -5 180 6
1 18 -165 5 180 6
1 19 -165 15 180 6
1 20 -165 25 180 6
1 21 -165 35 180 6
1 22 -165 45 180 6
1 23 -165 55 180 6
1 24 -165 65 180 6
1 25 -165 75 180 6
1 26 -165 85 180 6
1 27 -165 95 180 6
1 28 -165 105 180 6
1 29 -165 115 179.917515896309 6.07594460017374
1 30 -165 125 179.483235684329 6.44734393059291
1 31 -165 135 178.365492844551 6.79612927615982
1 32 -165 145 176.711373326335 6.04325789522824
1 33 -165 155 176.282691727158 4.77085491332512
1 34 -165 165 175.973387484488 5.93767179263572
1 35 -165 175 178.092740533094 7.70839669682786
2 0 -155 -175 180 6
2 1 -155 -165 180 6
2 2 -155 -155 180 6
2 3 -155 -145 180 6
2 4 -155 -135 180 6
2 5 -155 -125 180 6
2 6 -155 -115 180 6
2 7 -155 -105 180 6
2 8 -155 -95 180 6
2 9 -155 -85 180 6
2 10 -155 -75 180 6
2 11 -155 -65 180 6
2 12 -155 -55 180 6
2 13 -155 -45 180 6
2 14 -155 -35 180 6
2 15 -155 -25 180.222386852351 6.15335414027302
2 16 -155 -15 180.332129834953 6.22471252743044
2 17 -155 -5 180 6
2 18 -155 5 180 6
2 19 -155 15 180 6
2 20 -155 25 180 6
2 21 -155 35 180 6
2 22 -155 45 180 6
2 23 -155 55 180 6
2 24 -155 65 180 6
2 25 -155 75 180 6
2 26 -155 85 180 6
2 27 -155 95 180 6
2 28 -155 105 179.921246955494 6.02826866436704
2 29 -155 115 179.310147069531 6.1727403119472
2 30 -155 125 179.381313888336 6.14115383484755
2 31 -155 135 178.574584665693 5.07220700321554
2 32 -155 145 176.042494231451 5.25525627894532
2 33 -155 155 175.632591613997 5.00487852782046
2 34 -155 165 176.014478219538 5.82901379997821
2 35 -155 175 178.651373165615 6.13316644331139
3 0 -145 -175 179.658120152304 6.24027206854316
3 1 -145 -165 181.068059667338 6.50631156783838
3 2 -145 -155 180.055077263197 6.04196459455074
3 3 -145 -145 179.85553700239 5.86266774730693
3 4 -145 -135 180 6
3 5 -145 -125 180 6
3 6 -145 -115 180 6
3 7 -145 -105 180 6
3 8 -145 -95 180 6
3 9 -145 -85 180 6
3 10 -145 -75 180 6
3 11 -145 -65 179.999996836587 5.99988706750697
3 12 -145 -55 179.997966352207 5.92695534649083
3 13 -145 -45 180 6
3 14 -145 -35 180 6
3 15 -145 -25 180.664226719807 6.42442463910263
3 16 -145 -15 180.973473719583 6.58993704505466
3 17 -145 -5 180 6
3 18 -145 5 179.995848752126 5.98460128993491
3 19 -145 15 179.990872862379 5.9660874615266
3 20 -145 25 180.329531671585 6.10665666260878
3 21 -145 35 181.352454318822 6.40432260947863
3 22 -145 45 180.247766579801 5.92761423477222
3 23 -145 55 180 6
3 24 -145 65 180 6
3 25 -145 75 180.008821304477 5.76103599337635
3 26 -145 85 181.144494821047 6.89552893284879
3 27 -145 95 180.823959278261 6.32274146540886
3 28 -145 105 182.245488733352 6.0119633891782
3 29 -145 115 181.281667926937 5.37787166922303
3 30 -145 125 179.139153840572 5.35123879636651
3 31 -145 135 177.06181650715 5.569373467778
3 32 -145 145 176.11437681667 5.29882931650369
3 33 -145 155 175.915987441257 5.35182910524347
3 34 -145 165 174.687132065661 6.25858882319952
3 35 -145 175 174.55862013513 6.6603784643569
4 0 -135 -175 177.893277765062 5.53123327857348
4 1 -135 -165 179.894927263384 5.89361625040773
4 2 -135 -155 179.771585114565 6.56220101957217
4 3 -135 -145 180.486743793768 5.80515131737593
4 4 -135 -135 180.140265683796 5.97907807525501
4 5 -135 -125 180 6
4 6 -135 -115 180 6
4 7 -135 -105 180 6
4 8 -135 -95 180 6
4 9 -135 -85 180 6
4 10 -135 -75 178.965074018909 7.97844944633683
4 11 -135 -65 179.629091209912 6.7932232801198
4 12 -135 -55 179.856079214332 5.54048377977035
4 13 -135 -45 179.726989385636 5.97394049723849
4 14 -135 -35 179.6761097245 5.73242178728782
4 15 -135 -25 180.276308231356 5.83084609239887
4 16 -135 -15 181.247265054769 5.80284552387672
4 17 -135 -5 181.226888697658 5.5005922061279
4 18 -135 5 181.163623381804 5.31923467432946
4 19 -135 15 180.484808829801 5.52389295433165
4 20 -135 25 179.962822818785 7.99682174009397
4 21 -135 35 183.590042593801 5.9303727370159
4 22 -135 45 181.614110277071 5.85894052753235
4 23 -135 55 180.396918016143 6.12644263464179
4 24 -135 65 181.199875007361 7.2819237669404
4 25 -135 75 184.314692664365 8.48426958159476
4 26 -135 85 184.393474756132 7.71638519653044
4 27 -135 95 185.248460222816 9.0567944994453
4 28 -135 105 184.659620280036 5.70264469568917
4 29 -135 115 182.485285304799 5.48447500343105
4 30 -135 125 178.905367054734 5.1959565862165
4 31 -135 135 176.550183155726 5.26785349181283
4 32 -135 145 175.677785844374 5.37123646594358
4 33 -135 155 175.43467371176 5.737245927317
4 34 -135 165 174.508243003521 6.26349513481137
4 35 -135 175 175.448503473074 6.04262803227207
5 0 -125 -175 180.903761537737 6.02304329008972
5 1 -125 -165 180.501694132919 5.39771970630937
5 2 -125 -155 181.208806671875 6.41234707415189
5 3 -125 -145 180.925326175493 6.02862813057534
5 4 -125 -135 180.159246521251 5.98596373885902
5 5 -125 -125 180 6
5 6 -125 -115 180 6
5 7 -125 -105 180 6
5 8 -125 -95 180.023245025362 5.90305903577514
5 9 -125 -85 179.906337691893 5.50407098682219
5 10 -125 -75 177.167923143293 10.2932719255814
5 11 -125 -65 179.343018412102 7.61807693858961
5 12 -125 -55 180.439057702957 6.09464343239761
5 13 -125 -45 180.398782966992 6.14583539027794
5 14 -125 -35 179.918010407883 9.13978738703616
5 15 -125 -25 182.788603755743 6.94791505251295
5 16 -125 -15 182.640503064911 5.92388127383384
5 17 -125 -5 181.155851997357 4.82138299287913
5 18 -125 5 180.594790961933 4.37899726181464
5 19 -125 15 179.689677719654 4.99697419110306
5 20 -125 25 179.992036411874 5.47302067977202
5 21 -125 35 180.654028770474 5.97972394569774
5 22 -125 45 181.409173433031 5.36780644085495
5 23 -125 55 182.498099572236 6.3509071799214
5 24 -125 65 182.331305512146 7.84356474045678
5 25 -125 75 187.000503144368 8.84763626630236
5 26 -125 85 186.932139949338 7.58591806336936
5 27 -125 95 185.232164622061 7.04543865836028
5 28 -125 105 184.60533282352 5.98320280110484
5 29 -125 115 182.269183769431 5.59666036792331
5 30 -125 125 179.508890615169 5.17896112147485
5 31 -125 135 177.362767924299 5.20537789993159
5 32 -125 145 176.348050802394 5.28662484848414
5 33 -125 155 176.351981957185 5.81261778191557
5 34 -125 165 175.892247642413 6.17481580311612
5 35 -125 175 176.972253367901 5.92394276634313
6 0 -115 -175 181.489938850762 6.54242489994088
6 1 -115 -165 180.721797066417 6.18512060405415
6 2 -115 -155 180.554346583961 5.95749725258007
6 3 -115 -145 180 6
6 4 -115 -135 180 6
6 5 -115 -125 180 6
6 6 -115 -115 180 6
6 7 -115 -105 180 6
6 8 -115 -95 180.041862165687 5.8241877546515
6 9 -115 -85 180.015750556741 5.72092208348312
6 10 -115 -75 179.999408427205 5.99325531160599
6 11 -115 -65 181.040967426543 5.9562833952105
6 12 -115 -55 181.321906831859 4.8887796496357
6 13 -115 -45 182.592600277458 5.15392801501787
6 14 -115 -35 182.61596256666 6.77005416567297
6 15 -115 -25 182.429018830819 5.93677924342296
6 16 -115 -15 180.726567913703 5.61786649708694
6 17 -115 -5 179.804694732921 4.9406904214101
6 18 -115 5 180.316422650837 4.4625502593798
6 19 -115 15 179.64154873374 4.98796103584275
6 20 -115 25 178.473750661322 5.19508170106027
6 21 -115 35 178.798398047907 6.21368829493418
6 22 -115 45 179.162432309595 5.48426270132777
6 23 -115 55 180.49629649846 5.87148726802655
6 24 -115 65 180.199748698513 5.94254053170353
6 25 -115 75 183.326562279276 7.53551536280268
6 26 -115 85 187.963088664849 7.93316343140882
6 27 -115 95 185.990841469632 6.93505054146385
6 28 -115 105 184.449386452725 6.05183785223794
6 29 -115 115 182.219262025266 5.56580776241075
6 30 -115 125 180.108967132575 5.17786190669393
6 31 -115 135 178.23822067164 5.17181123258046
6 32 -115 145 177.157314729971 5.44610326217874
6 33 -115 155 177.430952741866 5.97999221445802
6 34 -115 165 177.579755215864 6.06210450380997
6 35 -115 175 178.611595294854 5.98057667507295
7 0 -105 -175 180.494090003123 5.29724891753947
7 1 -105 -165 180.860647962688 6.73012112208002
7 2 -105 -155 179.705234253333 5.91426717434624
7 3 -105 -145 180 6
7 4 -105 -135 180 6
7 5 -105 -125 180 6
7 6 -105 -115 180 6
7 7 -105 -105 180 6
7 8 -105 -95 180 6
7 9 -105 -85 180.049866942363 5.96223535194395
7 10 -105 -75 180.336055227897 5.99605579554022
7 11 -105 -65 182.023792334975 5.39059823856633
7 12 -105 -55 182.169023239467 5.12773901250679
7 13 -105 -45 182.482103301266 5.58174512843177
7 14 -105 -35 182.997096588465 6.09938892146308
7 15 -105 -25 180.937581108785 5.32703877989563
7 16 -105 -15 179.487273753085 4.8928164592158
7 17 -105 -5 180.013058429947 5.16552101636855
7 18 -105 5 180.538220761629 4.6547089695329
7 19 -105 15 179.57489731041 4.62209316077604
7 20 -105 25 178.485828963904 4.85406489505075
7 21 -105 35 177.955791978771 5.56825919276726
7 22 -105 45 179.161606564543 6.07785835739
7 23 -105 55 180.475631654019 6.094452415195
7 24 -105 65 180.423753950555 6.07628972951518
7 25 -105 75 181.574000592378 6.81981010288524
7 26 -105 85 184.953274936518 7.32616223336535
7 27 -105 95 186.122371187148 6.00627160582565
7 28 -105 105 184.099298549039 5.98114773376034
7 29 -105 115 182.411013980301 5.46132867482554
7 30 -105 125 180.514252133644 5.13173198047844
7 31 -105 135 178.751136780075 5.18740333510084
7 32 -105 145 177.777922459944 5.565301301152
7 33 -105 155 178.649042565344 6.08061723805293
7 34 -105 165 178.929367212439 6.39711401922618
7 35 -105 175 180.429383592612 6.38893670795155
8 0 -95 -175 180.137881507049 5.45013952763767
8 1 -95 -165 180.23277713296 5.56561030276187
8 2 -95 -155 180.030804638546 5.95489381842865
8 3 -95 -145 180 6
8 4 -95 -135 180 6
8 5 -95 -125 180 6
8 6 -95 -115 180 6
8 7 -95 -105 180 6
8 8 -95 -95 179.860866797986 5.63030165783401
8 9 -95 -85 180.161593865839 5.77364225311746
8 10 -95 -75 180.596775142988 5.99643842964915
8 11 -95 -65 182.356027816025 5.79902873607387
8 12 -95 -55 182.403270324783 5.68512636326085
8 13 -95 -45 183.174402456757 6.01420513953951
8 14 -95 -35 183.152596699607 5.489609086771
8 15 -95 -25 181.409805148173 4.89731436483549
8 16 -95 -15 180.493480565871 5.19476266950533
8 17 -95 -5 180.858431038398 5.35728299870869
8 18 -95 5 180.363241555024 5.13658524265482
8 19 -95 15 179.345588568262 5.14913411678279
8 20 -95 25 179.461224737248 5.05743155755801
8 21 -95 35 178.895601390289 5.23637143142485
8 22 -95 45 179.70871599283 5.81556133278203
8 23 -95 55 180.100061278031 5.62125482759229
8 24 -95 65 180.591768242959 6.29592613325311
8 25 -95 75 181.583770754053 6.85028481375479
8 26 -95 85 181.944587402924 5.4033805584772
8 27 -95 95 185.818163424313 6.59385394604084
8 28 -95 105 184.341560949917 5.96575668124664
8 29 -95 115 182.645587377591 5.33295294395931
8 30 -95 125 180.923742717458 5.08147693730202
8 31 -95 135 179.063334599324 5.26522494756682
8 32 -95 145 177.630478011188 5.50694996857748
8 33 -95 155 178.29591244737 5.98958611177331
8 34 -95 165 178.618541111608 6.03245038161727
8 35 -95 175 179.244153072852 5.78452935256406
9 0 -85 -175 180.10951346052 5.74051796307309
9 1 -85 -165 180.092198583136 5.92637570706746
9 2 -85 -155 180 6
9 3 -85 -145 180 6
9 4 -85 -135 180 6
9 5 -85 -125 180 6
9 6 -85 -115 180 6
9 7 -85 -105 180 6
9 8 -85 -95 179.973461089872 5.93151269551527
9 9 -85 -85 179.959052870305 5.87629687581739
9 10 -85 -75 180.73026582787 6.41970653057916
9 11 -85 -65 180.368887585988 7.3516771470545
9 12 -85 -55 182.618957691511 5.99352868263461
9 13 -85 -45 183.38046478278 5.75253934637114
9 14 -85 -35 183.611558189402 5.38061725510095
9 15 -85 -25 181.857708204482 5.14073592298704
9 16 -85 -15 180.944238518807 5.08868857217435
9 17 -85 -5 180.772910951971 5.48570053340853
9 18 -85 5 179.531874847699 5.37194324972427
9 19 -85 15 178.497423791389 4.78995911081211
9 20 -85 25 179.682553589291 5.5634385341764
9 21 -85 35 179.977335388418 5.80209105827406
9 22 -85 45 180 6
9 23 -85 55 180.249872877465 5.77170357469032
9 24 -85 65 180.032185643688 5.72569071623877
9 25 -85 75 180.068448996144 5.64992733514194
9 26 -85 85 183.968377892114 6.25155844084267
9 27 -85 95 185.220446767475 6.10843753818561
9 28 -85 105 184.75796758909 5.26848885984474
9 29 -85 115 183.429256548437 5.10397719395626
9 30 -85 125 181.445627459307 5.01805461620093
9 31 -85 135 179.292686258712 5.34775623541708
9 32 -85 145 177.690727931435 5.6850300465276
9 33 -85 155 178.051303873712 5.69118518644448
9 34 -85 165 178.546168711194 5.57411643528456
9 35 -85 175 178.59066546487 5.40856924467272
10 0 -75 -175 180.816921693902 5.64752835335309
10 1 -75 -165 180.050328160133 5.99319784008421
10 2 -75 -155 180 6
10 3 -75 -145 180 6
10 4 -75 -135 180 6
10 5 -75 -125 180 6
10 6 -75 -115 180 6
10 7 -75 -105 180 6
10 8 -75 -95 180.098961038563 6.00700715476974
10 9 -75 -85 180.504679718089 5.70160206569452
10 10 -75 -75 180.695548372178 7.23446356007817
10 11 -75 -65 181.34063966237 7.79387863361714
10 12 -75 -55 184.347989785054 5.68732529525348
10 13 -75 -45 182.704030576742 5.58902877591679
10 14 -75 -35 180.540627360062 5.48674765378299
10 15 -75 -25 179.035071694009 5.31278482092281
10 16 -75 -15 179.545581692488 5.45666368888299
10 17 -75 -5 179.457628026855 5.29286308862151
10 18 -75 5 178.393723159215 5.5583211128104
10 19 -75 15 178.223077106821 5.54644192563046
10 20 -75 25 179.44578173057 5.88230640721428
10 21 -75 35 179.999264942231 5.99955375961158
10 22 -75 45 180 6
10 23 -75 55 180.041969352916 5.93467477535645
10 24 -75 65 180.171360589368 5.64795489233046
10 25 -75 75 180.436862980417 5.86576230705808
10 26 -75 85 183.793855187084 7.50965734237033
10 27 -75 95 185.198822231175 6.01126295455895
10 28 -75 105 184.900803885384 4.977910947215
10 29 -75 115 183.287346297398 4.67927312392964
10 30 -75 125 181.360740298185 4.87092622522844
10 31 -75 135 179.559864196688 5.05041660510756
10 32 -75 145 177.892038634649 5.47352734790216
10 33 -75 155 177.734842212312 6.01332649749533
10 34 -75 165 178.800840892696 5.83046634702003
10 35 -75 175 177.600903569097 5.8895198025214
11 0 -65 -175 180.201371659582 6.00490980580014
11 1 -65 -165 180.010436325679 6.00042060116861
11 2 -65 -155 180 6
11 3 -65 -145 180 6
11 4 -65 -135 180 6
11 5 -65 -125 180 6
11 6 -65 -115 180 6
11 7 -65 -105 180 6
11 8 -65 -95 180.050023502368 6.0037469250871
11 9 -65 -85 180.36200892941 6.01768626828882
11 10 -65 -75 180.389261170104 6.46911427291122
11 11 -65 -65 181.246542187583 6.88433093030276
11 12 -65 -55 182.380187503087 4.72747767873256
11 13 -65 -45 180.125140857699 3.56119033340533
11 14 -65 -35 178.904484849148 3.31002398303662
11 15 -65 -25 178.157559280061 3.67354162431404
11 16 -65 -15 178.540692364842 4.15113852356699
11 17 -65 -5 177.74927600526 4.50843669571292
11 18 -65 5 177.293654875871 4.86581293047106
11 19 -65 15 179.101958664263 5.91462757476525
11 20 -65 25 179.9488270754 6.01133645093731
11 21 -65 35 180 6
11 22 -65 45 180 6
11 23 -65 55 180.014612003095 5.97737089241969
11 24 -65 65 180.072229454709 5.88693963576159
11 25 -65 75 180.026147002488 6.00595591105198
11 26 -65 85 179.49646826562 6.08909505313786
11 27 -65 95 181.151344106304 7.18298750949913
11 28 -65 105 182.950412020877 5.31462650380599
11 29 -65 115 182.823190619245 4.92796470414345
11 30 -65 125 181.109787540108 4.82814006981858
11 31 -65 135 179.711720949841 5.11097902031068
11 32 -65 145 178.457935352028 5.20502566178371
11 33 -65 155 177.865764855894 5.89598145974507
11 34 -65 165 178.920507860442 6.14854447268382
11 35 -65 175 179.179897721022 5.27506574523859
12 0 -55 -175 180 6
12 1 -55 -165 180 6
12 2 -55 -155 180 6
12 3 -55 -145 180 6
12 4 -55 -135 180 6
12 5 -55 -125 180 6
12 6 -55 -115 180 6
12 7 -55 -105 180 6
12 8 -55 -95 180 6
12 9 -55 -85 180 6
12 10 -55 -75 180.296709631492 6.06647825793787
12 11 -55 -65 180.959697433594 6.79082482971396
12 12 -55 -55 181.626874538385 3.57106313806972
12 13 -55 -45 180.448001280336 2.89669214718375
12 14 -55 -35 179.723974248758 2.8340316392766
12 15 -55 -25 179.510426051405 3.21215310117152
12 16 -55 -15 179.389234667428 3.52897473039875
12 17 -55 -5 178.198738444881 4.03875877044249
12 18 -55 5 179.016876464304 5.11406606086689
12 19 -55 15 179.931588753946 5.96338227325994
12 20 -55 25 180 6
12 21 -55 35 180 6
12 22 -55 45 180 6
12 23 -55 55 180 6
12 24 -55 65 180 6
12 25 -55 75 180 6
12 26 -55 85 180 6
12 27 -55 95 180 6
12 28 -55 105 181.030810955881 6.5001836839946
12 29 -55 115 182.945698900479 6.12646781356068
12 30 -55 125 180.817283002805 4.83556838096458
12 31 -55 135 179.716539799316 5.24281445349587
12 32 -55 145 178.687267090051 5.40752682248219
12 33 -55 155 179.515445887737 5.83604569302246
12 34 -55 165 180.895193455164 5.50608176546018
12 35 -55 175 180.802457437329 5.41267586940858
13 0 -45 -175 180 6
13 1 -45 -165 180 6
13 2 -45 -155 180 6
13 3 -45 -145 180 6
13 4 -45 -135 180 6
13 5 -45 -125 180 6
13 6 -45 -115 180 6
13 7 -45 -105 180 6
13 8 -45 -95 180 6
13 9 -45 -85 180 6
13 10 -45 -75 180 6
13 11 -45 -65 180.883977885654 5.61051168595364
13 12 -45 -55 181.95320709233 3.56357152126933
13 13 -45 -45 181.409683353168 2.98552441520528
13 14 -45 -35 181.092800139447 2.93854498323504
13 15 -45 -25 180.778183744156 3.07197131512118
13 16 -45 -15 180.035654143632 3.57296686694803
13 17 -45 -5 179.525994745161 5.46552184735648
13 18 -45 5 180.002208987328 5.96187961833559
13 19 -45 15 180 6
13 20 -45 25 180 6
13 21 -45 35 180 6
13 22 -45 45 180 6
13 23 -45 55 180 6
13 24 -45 65 180 6
13 25 -45 75 180 6
13 26 -45 85 180 6
13 27 -45 95 180 6
13 28 -45 105 180.000651192527 6.00035547054771
13 29 -45 115 179.947010973543 5.61468127813592
13 30 -45 125 181.348513458789 5.78960248217638
13 31 -45 135 180.217258946761 5.24660168046404
13 32 -45 145 177.574962655325 6.18138623964133
13 33 -45 155 179.312735685193 6.00189861705554
13 34 -45 165 180.157170981837 5.88410439707965
13 35 -45 175 180.028367328688 6.0011864098474
14 0 -35 -175 180 6
14 1 -35 -165 180 6
14 2 -35 -155 180 6
14 3 -35 -145 180 6
14 4 -35 -135 180 6
14 5 -35 -125 180 6
14 6 -35 -115 180 6
14 7 -35 -105 180 6
14 8 -35 -95 180 6
14 9 -35 -85 180 6
14 10 -35 -75 180 6
14 11 -35 -65 180.685590996518 5.76271956619482
14 12 -35 -55 182.199222278242 4.65650485825547
14 13 -35 -45 182.719855547375 3.93015656791349
14 14 -35 -35 182.069564309885 3.77046432429572
14 15 -35 -25 179.971060775198 4.5782855941449
14 16 -35 -15 179.992857055811 5.97431607139014
14 17 -35 -5 179.367166108505 5.80458768743575
14 18 -35 5 179.857416729284 5.96239607748504
14 19 -35 15 180 6
14 20 -35 25 180 6
14 21 -35 35 180 6
14 22 -35 45 180 6
14 23 -35 55 180 6
14 24 -35 65 180 6
14 25 -35 75 180 6
14 26 -35 85 180 6
14 27 -35 95 180 6
14 28 -35 105 180 6
14 29 -35 115 180 6
14 30 -35 125 180.147246436684 5.90596861869052
14 31 -35 135 179.877291457298 5.9823710746941
14 32 -35 145 178.108744001877 7.49965723738196
14 33 -35 155 179.83053791057 6.03969870065755
14 34 -35 165 180 6
14 35 -35 175 180 6
15 0 -25 -175 180 6
15 1 -25 -165 180 6
15 2 -25 -155 180 6
15 3 -25 -145 180 6
15 4 -25 -135 180 6
15 5 -25 -125 180 6
15 6 -25 -115 180 6
15 7 -25 -105 180 6
15 8 -25 -95 180 6
15 9 -25 -85 180 6
15 10 -25 -75 180 6
15 11 -25 -65 180.613392328239 5.8742398571054
15 12 -25 -55 180.295301990817 5.78815744045946
15 13 -25 -45 180.222681456548 5.81205518267358
15 14 -25 -35 180.349603597813 6.08820344644306
15 15 -25 -25 179.69577694814 5.72845916911077
15 16 -25 -15 180 6
15 17 -25 -5 179.954978959878 5.98851871531689
15 18 -25 5 179.990884835877 5.99770450595036
15 19 -25 15 180 6
15 20 -25 25 180 6
15 21 -25 35 180 6
15 22 -25 45 180 6
15 23 -25 55 180 6
15 24 -25 65 180 6
15 25 -25 75 180 6
15 26 -25 85 180 6
15 27 -25 95 180 6
15 28 -25 105 180 6
15 29 -25 115 180 6
15 30 -25 125 180 6
15 31 -25 135 180 6
15 32 -25 145 180 6
15 33 -25 155 180 6
15 34 -25 165 180 6
15 35 -25 175 180 6
16 0 -15 -175 180 6
16 1 -15 -165 180 6
16 2 -15 -155 180 6
16 3 -15 -145 180 6
16 4 -15 -135 180 6
16 5 -15 -125 180 6
16 6 -15 -115 180 6
16 7 -15 -105 180 6
16 8 -15 -95 180 6
16 9 -15 -85 180 6
16 10 -15 -75 180 6
16 11 -15 -65 180 6
16 12 -15 -55 180 6
16 13 -15 -45 180 6
16 14 -15 -35 180 6
16 15 -15 -25 180 6
16 16 -15 -15 180 6
16 17 -15 -5 180 6
16 18 -15 5 180 6
16 19 -15 15 180 6
16 20 -15 25 180 6
16 21 -15 35 180 6
16 22 -15 45 180 6
16 23 -15 55 180 6
16 24 -15 65 180 6
16 25 -15 75 180 6
16 26 -15 85 180 6
16 27 -15 95 180 6
16 28 -15 105 180 6
16 29 -15 115 180 6
16 30 -15 125 180 6
16 31 -15 135 180 6
16 32 -15 145 180 6
16 33 -15 155 180 6
16 34 -15 165 180 6
16 35 -15 175 180 6
17 0 -5 -175 180 6
17 1 -5 -165 180 6
17 2 -5 -155 180 6
17 3 -5 -145 180 6
17 4 -5 -135 180 6
17 5 -5 -125 180 6
17 6 -5 -115 180 6
17 7 -5 -105 180 6
17 8 -5 -95 180 6
17 9 -5 -85 180 6
17 10 -5 -75 180 6
17 11 -5 -65 180 6
17 12 -5 -55 180 6
17 13 -5 -45 180 6
17 14 -5 -35 180 6
17 15 -5 -25 180 6
17 16 -5 -15 180 6
17 17 -5 -5 180 6
17 18 -5 5 180 6
17 19 -5 15 180 6
17 20 -5 25 180 6
17 21 -5 35 180 6
17 22 -5 45 180 6
17 23 -5 55 180 6
17 24 -5 65 180 6
17 25 -5 75 180 6
17 26 -5 85 180 6
17 27 -5 95 180 6
17 28 -5 105 180 6
17 29 -5 115 180 6
17 30 -5 125 180 6
17 31 -5 135 180 6
17 32 -5 145 180 6
17 33 -5 155 180 6
17 34 -5 165 180 6
17 35 -5 175 180 6
18 0 5 -175 180 6
18 1 5 -165 180 6
18 2 5 -155 180 6
18 3 5 -145 180 6
18 4 5 -135 180 6
18 5 5 -125 180 6
18 6 5 -115 180 6
18 7 5 -105 180 6
18 8 5 -95 180 6
18 9 5 -85 180 6
18 10 5 -75 180 6
18 11 5 -65 180 6
18 12 5 -55 180 6
18 13 5 -45 180.029491212041 5.80945838640174
18 14 5 -35 179.958757636238 5.56779577859124
18 15 5 -25 179.614401213133 5.65515639996456
18 16 5 -15 180 6
18 17 5 -5 180 6
18 18 5 5 180 6
18 19 5 15 180 6
18 20 5 25 180 6
18 21 5 35 180 6
18 22 5 45 180 6
18 23 5 55 180 6
18 24 5 65 180 6
18 25 5 75 180 6
18 26 5 85 180 6
18 27 5 95 180 6
18 28 5 105 180 6
18 29 5 115 180 6
18 30 5 125 180 6
18 31 5 135 180 6
18 32 5 145 180 6
18 33 5 155 180 6
18 34 5 165 180 6
18 35 5 175 180 6
19 0 15 -175 180 6
19 1 15 -165 180 6
19 2 15 -155 180 6
19 3 15 -145 180 6
19 4 15 -135 180 6
19 5 15 -125 180 6
19 6 15 -115 180 6
19 7 15 -105 180 6
19 8 15 -95 180 6
19 9 15 -85 180 6
19 10 15 -75 180 6
19 11 15 -65 180 6
19 12 15 -55 180 6
19 13 15 -45 180 6
19 14 15 -35 180 6
19 15 15 -25 180 6
19 16 15 -15 180 6
19 17 15 -5 180 6
19 18 15 5 180 6
19 19 15 15 180 6
19 20 15 25 180 6
19 21 15 35 180 6
19 22 15 45 180 6
19 23 15 55 180 6
19 24 15 65 180 6
19 25 15 75 180 6
19 26 15 85 180 6
19 27 15 95 180 6
19 28 15 105 180 6
19 29 15 115 180 6
19 30 15 125 180 6
19 31 15 135 180 6
19 32 15 145 180 6
19 33 15 155 180 6
19 34 15 165 180 6
19 35 15 175 180 6
20 0 25 -175 180 6
20 1 25 -165 180 6
20 2 25 -155 180 6
20 3 25 -145 180 6
20 4 25 -135 180 6
20 5 25 -125 180 6
20 6 25 -115 180 6
20 7 25 -105 180 6
20 8 25 -95 180 6
20 9 25 -85 180 6
20 10 25 -75 180 6
20 11 25 -65 180 6
20 12 25 -55 180 6
20 13 25 -45 180 6
20 14 25 -35 180 6
20 15 25 -25 180 6
20 16 25 -15 180 6
20 17 25 -5 180 6
20 18 25 5 180 6
20 19 25 15 180 6
20 20 25 25 180 6
20 21 25 35 180 6
20 22 25 45 180 6
20 23 25 55 180 6
20 24 25 65 179.952137566854 5.93365464379225
20 25 25 75 179.818090321858 5.74164238305628
20 26 25 85 180 6
20 27 25 95 180 6
20 28 25 105 180 6
20 29 25 115 180 6
20 30 25 125 180 6
20 31 25 135 180 6
20 32 25 145 180 6
20 33 25 155 180 6
20 34 25 165 180 6
20 35 25 175 180 6
21 0 35 -175 180 6
21 1 35 -165 180 6
21 2 35 -155 180 6
21 3 35 -145 180 6
21 4 35 -135 180 6
21 5 35 -125 180 6
21 6 35 -115 180 6
21 7 35 -105 180 6
21 8 35 -95 180 6
21 9 35 -85 180 6
21 10 35 -75 180 6
21 11 35 -65 180 6
21 12 35 -55 180.0014584723 5.99629086211163
21 13 35 -45 180.026818028197 5.93136918009937
21 14 35 -35 180 6
21 15 35 -25 180 6
21 16 35 -15 180 6
21 17 35 -5 180 6
21 18 35 5 180 6
21 19 35 15 180 6
21 20 35 25 180 6
21 21 35 35 180 6
21 22 35 45 180 6
21 23 35 55 180 6
21 24 35 65 180.637217029127 6.62842311447626
21 25 35 75 180.970201368638 6.89693834636629
21 26 35 85 180 6
21 27 35 95 180 6
21 28 35 105 180 6
21 29 35 115 180 6
21 30 35 125 180 6
21 31 35 135 180 6
21 32 35 145 180 6
21 33 35 155 180 6
21 34 35 165 180 6
21 35 35 175 180 6
22 0 45 -175 180 6
22 1 45 -165 180 6
22 2 45 -155 180 6
22 3 45 -145 180 6
22 4 45 -135 180 6
22 5 45 -125 180 6
22 6 45 -115 180 6
22 7 45 -105 180 6
22 8 45 -95 180 6
22 9 45 -85 180 6
22 10 45 -75 180 6
22 11 45 -65 180 6
22 12 45 -55 180.009866289914 5.97485654212691
22 13 45 -45 180.160621373911 5.57441543227999
22 14 45 -35 180 6
22 15 45 -25 180 6
22 16 45 -15 180 6
22 17 45 -5 180 6
22 18 45 5 180 6
22 19 45 15 180 6
22 20 45 25 180.024921716493 5.93077432688232
22 21 45 35 180.899220371399 5.93057180320917
22 22 45 45 179.604579712584 5.65670810691396
22 23 45 55 180.077998720319 5.95076620444912
22 24 45 65 180.459920979376 6.41311696682686
22 25 45 75 180.722958298669 6.70721058088373
22 26 45 85 180 6
22 27 45 95 180 6
22 28 45 105 180 6
22 29 45 115 180 6
22 30 45 125 180 6
22 31 45 135 180 6
22 32 45 145 180 6
22 33 45 155 180 6
22 34 45 165 180 6
22 35 45 175 180 6
23 0 55 -175 180 6
23 1 55 -165 180 6
23 2 55 -155 180 6
23 3 55 -145 180 6
23 4 55 -135 180.607100629969 6.18126031988978
23 5 55 -125 181.218406144992 5.87686790246163
23 6 55 -115 180.43540417173 5.97515679961528
23 7 55 -105 180.842923755218 6.01326961340222
23 8 55 -95 180.245030474503 6.01043108982959
23 9 55 -85 180 6
23 10 55 -75 180 6
23 11 55 -65 180 6
23 12 55 -55 180 6
23 13 55 -45 180 6
23 14 55 -35 180 6
23 15 55 -25 180 6
23 16 55 -15 180 6
23 17 55 -5 180 6
23 18 55 5 180 6
23 19 55 15 180 6
23 20 55 25 180.372946888135 5.44742581323803
23 21 55 35 180.529526538868 5.33689563834257
23 22 55 45 179.382337017234 5.30353073638446
23 23 55 55 180.278552639427 5.50380096603068
23 24 55 65 180.671855107778 5.67354411595565
23 25 55 75 180.194133552683 5.93196080416437
23 26 55 85 180 6
23 27 55 95 180 6
23 28 55 105 180 6
23 29 55 115 180 6
23 30 55 125 180 6
23 31 55 135 180 6
23 32 55 145 180 6
23 33 55 155 180 6
23 34 55 165 180 6
23 35 55 175 180 6
24 0 65 -175 180 6
24 1 65 -165 180 6
24 2 65 -155 180 6
24 3 65 -145 180 6
24 4 65 -135 180.407321360753 6.13978873161822
24 5 65 -125 180.417650451732 5.88723029899584
24 6 65 -115 180.859305978032 5.70788660175648
24 7 65 -105 180.386681719125 6.04479378202387
24 8 65 -95 180.050193481461 6.0029528587373
24 9 65 -85 180 6
24 10 65 -75 180.496484004315 6.28188311809913
24 11 65 -65 180.502929226858 6.2561605967642
24 12 65 -55 180.034733255761 5.98324139548731
24 13 65 -45 180 6
24 14 65 -35 180 6
24 15 65 -25 180 6
24 16 65 -15 180 6
24 17 65 -5 180 6
24 18 65 5 180 6
24 19 65 15 180.000145569272 5.89422316536404
24 20 65 25 180.359578749596 6.06777747369888
24 21 65 35 180.013078966484 5.55672796525079
24 22 65 45 179.916124101938 5.88649396107785
24 23 65 55 179.606051720129 5.45341853802782
24 24 65 65 179.116834943948 5.88135514713504
24 25 65 75 179.875545709318 5.81910498124338
24 26 65 85 180 6
24 27 65 95 180 6
24 28 65 105 180 6
24 29 65 115 180 6
24 30 65 125 180 6
24 31 65 135 180 6
24 32 65 145 180 6
24 33 65 155 180 6
24 34 65 165 180 6
24 35 65 175 180 6
25 0 75 -175 180 6
25 1 75 -165 180 6
25 2 75 -155 180 6
25 3 75 -145 180 6
25 4 75 -135 180 6
25 5 75 -125 180.040498539855 5.97036184026002
25 6 75 -115 180.186341092027 5.86006988333466
25 7 75 -105 180 6
25 8 75 -95 180 6
25 9 75 -85 179.049698358587 5.95683106700348
25 10 75 -75 179.671112210881 6.04807435408757
25 11 75 -65 180.611490697016 6.04947690902513
25 12 75 -55 180.317500256568 5.5751338087455
25 13 75 -45 180.005826095189 5.79802372604337
25 14 75 -35 180 6
25 15 75 -25 180 6
25 16 75 -15 180 6
25 17 75 -5 180 6
25 18 75 5 180 6
25 19 75 15 180.166004410972 5.98672993462159
25 20 75 25 180.974794164211 6.37017844857526
25 21 75 35 180 6
25 22 75 45 180 6
25 23 75 55 179.496978768799 5.99428666346601
25 24 75 65 178.841496621167 5.93540527043069
25 25 75 75 179.633821669387 5.93923123071466
25 26 75 85 179.841010377576 5.77607618623636
25 27 75 95 179.866520998226 5.8128797588848
25 28 75 105 180.509557675644 6.44892106043261
25 29 75 115 180.141276257725 6.13200450769351
25 30 75 125 180 6
25 31 75 135 180 6
25 32 75 145 180 6
25 33 75 155 180 6
25 34 75 165 180 6
25 35 75 175 180 6
26 0 85 -175 180 6
26 1 85 -165 180 6
26 2 85 -155 180 6
26 3 85 -145 180 6
26 4 85 -135 180 6
26 5 85 -125 180 6
26 6 85 -115 180 6
26 7 85 -105 180 6
26 8 85 -95 180 6
26 9 85 -85 179.415038353472 6.08656408173615
26 10 85 -75 179.66098634883 6.06182811431341
26 11 85 -65 180 6
26 12 85 -55 180.001348101675 5.95387448295727
26 13 85 -45 180.000948723741 5.96757646038452
26 14 85 -35 180 6
26 15 85 -25 180 6
26 16 85 -15 180 6
26 17 85 -5 180 6
26 18 85 5 180 6
26 19 85 15 180 6
26 20 85 25 180 6
26 21 85 35 180 6
26 22 85 45 180 6
26 23 85 55 180.178259693515 5.73984567928521
26 24 85 65 180.142966300367 5.98479054221535
26 25 85 75 180 6
26 26 85 85 179.960992370206 5.94623527051017
26 27 85 95 179.967600372204 5.95539528989317
26 28 85 105 181.500474788691 7.13930232636849
26 29 85 115 180.439286858114 6.39130311070884
26 30 85 125 180 6
26 31 85 135 180 6
26 32 85 145 180 6
26 33 85 155 180 6
26 34 85 165 180 6
26 35 85 175 180 6
27 0 95 -175 180 6
27 1 95 -165 180 6
27 2 95 -155 180 6
27 3 95 -145 180 6
27 4 95 -135 180 6
27 5 95 -125 180 6
27 6 95 -115 180 6
27 7 95 -105 180 6
27 8 95 -95 180 6
27 9 95 -85 180 6
27 10 95 -75 180 6
27 11 95 -65 180 6
27 12 95 -55 180 6
27 13 95 -45 180 6
27 14 95 -35 180 6
27 15 95 -25 180 6
27 16 95 -15 180 6
27 17 95 -5 180 6
27 18 95 5 180 6
27 19 95 15 180 6
27 20 95 25 180 6
27 21 95 35 180 6
27 22 95 45 180 6
27 23 95 55 180 6
27 24 95 65 180 6
27 25 95 75 180 6
27 26 95 85 180 6
27 27 95 95 180 6
27 28 95 105 180 6
27 29 95 115 180 6
27 30 95 125 180 6
27 31 95 135 180 6
27 32 95 145 180 6
27 33 95 155 180 6
27 34 95 165 180 6
27 35 95 175 180 6
28 0 105 -175 180 6
28 1 105 -165 180 6
28 2 105 -155 180 6
28 3 105 -145 180 6
28 4 105 -135 180 6
28 5 105 -125 180 6
28 6 105 -115 180 6
28 7 105 -105 180 6
28 8 105 -95 180 6
28 9 105 -85 180 6
28 10 105 -75 180 6
28 11 105 -65 180 6
28 12 105 -55 180 6
28 13 105 -45 180 6
28 14 105 -35 180 6
28 15 105 -25 180 6
28 16 105 -15 180 6
28 17 105 -5 180 6
28 18 105 5 180 6
28 19 105 15 180 6
28 20 105 25 180 6
28 21 105 35 180 6
28 22 105 45 180 6
28 23 105 55 180 6
28 24 105 65 180 6
28 25 105 75 180 6
28 26 105 85 180 6
28 27 105 95 180 6
28 28 105 105 180 6
28 29 105 115 180 6
28 30 105 125 180 6
28 31 105 135 180 6
28 32 105 145 180 6
28 33 105 155 180 6
28 34 105 165 180 6
28 35 105 175 180 6
29 0 115 -175 180 6
29 1 115 -165 180 6
29 2 115 -155 180 6
29 3 115 -145 180 6
29 4 115 -135 180 6
29 5 115 -125 180 6
29 6 115 -115 180 6
29 7 115 -105 180 6
29 8 115 -95 180 6
29 9 115 -85 180 6
29 10 115 -75 180 6
29 11 115 -65 180 6
29 12 115 -55 180 6
29 13 115 -45 180 6
29 14 115 -35 180 6
29 15 115 -25 180 6
29 16 115 -15 180 6
29 17 115 -5 180 6
29 18 115 5 180 6
29 19 115 15 180 6
29 20 115 25 180 6
29 21 115 35 180 6
29 22 115 45 180 6
29 23 115 55 180 6
29 24 115 65 180 6
29 25 115 75 180 6
29 26 115 85 180 6
29 27 115 95 180 6
29 28 115 105 180 6
29 29 115 115 180 6
29 30 115 125 180 6
29 31 115 135 180 6
29 32 115 145 180 6
29 33 115 155 180 6
29 34 115 165 180 6
29 35 115 175 180 6
30 0 125 -175 180 6
30 1 125 -165 180 6
30 2 125 -155 180 6
30 3 125 -145 180 6
30 4 125 -135 180 6
30 5 125 -125 180 6
30 6 125 -115 180 6
30 7 125 -105 180 6
30 8 125 -95 180 6
30 9 125 -85 180 6
30 10 125 -75 180 6
30 11 125 -65 180 6
30 12 125 -55 180 6
30 13 125 -45 180 6
30 14 125 -35 180 6
30 15 125 -25 180 6
30 16 125 -15 180 6
30 17 125 -5 180 6
30 18 125 5 180 6
30 19 125 15 180 6
30 20 125 25 180 6
30 21 125 35 180 6
30 22 125 45 180 6
30 23 125 55 180 6
30 24 125 65 180 6
30 25 125 75 180 6
30 26 125 85 180 6
30 27 125 95 180 6
30 28 125 105 180 6
30 29 125 115 180 6
30 30 125 125 180 6
30 31 125 135 180 6
30 32 125 145 180 6
30 33 125 155 180 6
30 34 125 165 180 6
30 35 125 175 180 6
31 0 135 -175 180 6
31 1 135 -165 180 6
31 2 135 -155 180 6
31 3 135 -145 180 6
31 4 135 -135 180 6
31 5 135 -125 180 6
31 6 135 -115 180 6
31 7 135 -105 180 6
31 8 135 -95 180 6
31 9 135 -85 180 6
31 10 135 -75 180 6
31 11 135 -65 180 6
31 12 135 -55 180 6
31 13 135 -45 180 6
31 14 135 -35 180 6
31 15 135 -25 180 6
31 16 135 -15 180 6
31 17 135 -5 180 6
31 18 135 5 180 6
31 19 135 15 180 6
31 20 135 25 180 6
31 21 135 35 180 6
31 22 135 45 180 6
31 23 135 55 180 6
31 24 135 65 180 6
31 25 135 75 180 6
31 26 135 85 180 6
31 27 135 95 180 6
31 28 135 105 180 6
31 29 135 115 180 6
31 30 135 125 180 6
31 31 135 135 180 6
31 32 135 145 180 6
31 33 135 155 180 6
31 34 135 165 180 6
31 35 135 175 180 6
32 0 145 -175 180 6
32 1 145 -165 180 6
32 2 145 -155 180 6
32 3 145 -145 180 6
32 4 145 -135 180 6
32 5 145 -125 180 6
32 6 145 -115 180 6
32 7 145 -105 180 6
32 8 145 -95 180 6
32 9 145 -85 180 6
32 10 145 -75 180 6
32 11 145 -65 180 6
32 12 145 -55 180 6
32 13 145 -45 180 6
32 14 145 -35 180 6
32 15 145 -25 180 6
32 16 145 -15 180 6
32 17 145 -5 180 6
32 18 145 5 180 6
32 19 145 15 180 6
32 20 145 25 180 6
32 21 145 35 180 6
32 22 145 45 180 6
32 23 145 55 180 6
32 24 145 65 180 6
32 25 145 75 180 6
32 26 145 85 180 6
32 27 145 95 180 6
32 28 145 105 180 6
32 29 145 115 180 6
32 30 145 125 180 6
32 31 145 135 180 6
32 32 145 145 180 6
32 33 145 155 180 6
32 34 145 165 180 6
32 35 145 175 180 6
33 0 155 -175 180 6
33 1 155 -165 180 6
33 2 155 -155 180 6
33 3 155 -145 180 6
33 4 155 -135 180 6
33 5 155 -125 180 6
33 6 155 -115 180 6
33 7 155 -105 180 6
33 8 155 -95 180 6
33 9 155 -85 180 6
33 10 155 -75 180 6
33 11 155 -65 180 6
33 12 155 -55 180 6
33 13 155 -45 180 6
33 14 155 -35 180 6
33 15 155 -25 180 6
33 16 155 -15 180 6
33 17 155 -5 180 6
33 18 155 5 180 6
33 19 155 15 180 6
33 20 155 25 180 6
33 21 155 35 180 6
33 22 155 45 180 6
33 23 155 55 180 6
33 24 155 65 180 6
33 25 155 75 180 6
33 26 155 85 180 6
33 27 155 95 180 6
33 28 155 105 180 6
33 29 155 115 180 6
33 30 155 125 180 6
33 31 155 135 180 6
33 32 155 145 180 6
33 33 155 155 180 6
33 34 155 165 180 6
33 35 155 175 180 6
34 0 165 -175 180 6
34 1 165 -165 180 6
34 2 165 -155 180 6
34 3 165 -145 180 6
34 4 165 -135 180 6
34 5 165 -125 180 6
34 6 165 -115 180 6
34 7 165 -105 180 6
34 8 165 -95 180 6
34 9 165 -85 180 6
34 10 165 -75 180 6
34 11 165 -65 180 6
34 12 165 -55 180 6
34 13 165 -45 180 6
34 14 165 -35 180 6
34 15 165 -25 180 6
34 16 165 -15 180 6
34 17 165 -5 180 6
34 18 165 5 180 6
34 19 165 15 180 6
34 20 165 25 180 6
34 21 165 35 180 6
34 22 165 45 180 6
34 23 165 55 180 6
34 24 165 65 180 6
34 25 165 75 180 6
34 26 165 85 180 6
34 27 165 95 180 6
34 28 165 105 180 6
34 29 165 115 180 6
34 30 165 125 180 6
34 31 165 135 180 6
34 32 165 145 180 6
34 33 165 155 180 6
34 34 165 165 180 6
34 35 165 175 180 6
35 0 175 -175 180 6
35 1 175 -165 180 6
35 2 175 -155 180 6
35 3 175 -145 180 6
35 4 175 -135 180 6
35 5 175 -125 180 6
35 6 175 -115 180 6
35 7 175 -105 180 6
35 8 175 -95 180 6
35 9 175 -85 180 6
35 10 175 -75 180 6
35 11 175 -65 180 6
35 12 175 -55 180 6
35 13 175 -45 180 6
35 14 175 -35 180 6
35 15 175 -25 180 6
35 16 175 -15 180 6
35 17 175 -5 180 6
35 18 175 5 180 6
35 19 175 15 180 6
35 20 175 25 180 6
35 21 175 35 180 6
35 22 175 45 180 6
35 23 175 55 180 6
35 24 175 65 180 6
35 25 175 75 180 6
35 26 175 85 180 6
35 27 175 95 180 6
35 28 175 105 180 6
35 29 175 115 180 6
35 30 175 125 180 6
35 31 175 135 180 6
35 32 175 145 180 6
35 33 175 155 180 6
35 34 175 165 180 6
35 35 175 175 180 6
