0 0 -175 -175 180.878736261047 4.68719220640523
0 1 -175 -165 181.415189521247 4.56610981236477
0 2 -175 -155 182.261356850889 4.73288926047602
0 3 -175 -145 183.159331293288 4.60089165516154
0 4 -175 -135 183.155389525432 5.58026386430081
0 5 -175 -125 181.495850642279 6.75577922946056
0 6 -175 -115 179.878654033924 5.81267780977249
0 7 -175 -105 180.140686594326 5.6149367262913
0 8 -175 -95 180 6
0 9 -175 -85 180 6
0 10 -175 -75 180 6
0 11 -175 -65 180 6
0 12 -175 -55 180 6
0 13 -175 -45 180 6
0 14 -175 -35 180 6
0 15 -175 -25 180 6
0 16 -175 -15 180 6
0 17 -175 -5 180 6
0 18 -175 5 180 6
0 19 -175 15 180 6
0 20 -175 25 180 6
0 21 -175 35 179.953197741151 5.56957970099491
0 22 -175 45 179.989976840044 5.91049065602078
0 23 -175 55 180 6
0 24 -175 65 180 6
0 25 -175 75 180 6
0 26 -175 85 180 6
0 27 -175 95 180 6
0 28 -175 105 180 6
0 29 -175 115 180.01507964367 5.8012085854032
0 30 -175 125 180.077051548579 5.65955637121735
0 31 -175 135 179.855445086692 5.65837578139943
0 32 -175 145 179.114141936707 4.93168225515177
0 33 -175 155 177.741754112973 4.80199101377457
0 34 -175 165 178.173019607502 4.20156318606741
0 35 -175 175 179.253131550111 4.50971158425628
1 0 -165 -175 181.068226420338 4.71003069919869
1 1 -165 -165 181.265600650855 4.50641053307258
1 2 -165 -155 182.429925477643 5.08229056237241
1 3 -165 -145 183.298765247371 5.05806781200103
1 4 -165 -135 183.110564401928 5.26804341217434
1 5 -165 -125 183.069275683888 7.69227927811342
1 6 -165 -115 181.148590031647 7.58735783074729
1 7 -165 -105 179.686614820711 5.81023539540913
1 8 -165 -95 180 6
1 9 -165 -85 180 6
1 10 -165 -75 180.711479847869 6.27831774342884
1 11 -165 -65 180.096405822054 6.04337147256906
1 12 -165 -55 180 6
1 13 -165 -45 180 6
1 14 -165 -35 180 6
1 15 -165 -25 180 6
1 16 -165 -15 180 6
1 17 -165 -5 180 6
1 18 -165 5 180.20477521831 6.10969996943166
1 19 -165 15 180.754965407004 6.21907816549851
1 20 -165 25 180.116070184837 5.99791927463218
1 21 -165 35 179.997891846346 5.98128629140616
1 22 -165 45 180.056866459126 5.81862902112918
1 23 -165 55 180.021251662666 5.79447241888956
1 24 -165 65 180.137624319705 5.7094724165013
1 25 -165 75 180.306999842729 5.717764330064
1 26 -165 85 180 6
1 27 -165 95 180 6
1 28 -165 105 180 6
1 29 -165 115 180.006209880934 5.91538597690873
1 30 -165 125 180.044304803379 5.56209305577312
1 31 -165 135 178.727546053897 5.30202177236996
1 32 -165 145 178.120006020003 5.30221396062204
1 33 -165 155 178.192691627061 4.57518930449815
1 34 -165 165 178.576502718466 4.37523722968449
1 35 -165 175 179.064560248728 4.82276412846139
2 0 -155 -175 180.975282489175 4.68984738877369
2 1 -155 -165 181.465356918956 4.567267181965
2 2 -155 -155 181.984593112472 4.87383287399259
2 3 -155 -145 182.920208464819 5.15789432510597
2 4 -155 -135 183.908874397237 5.88896055497425
2 5 -155 -125 182.82023480492 6.61888060096083
2 6 -155 -115 180.733731399727 6.57994375503756
2 7 -155 -105 180 6
2 8 -155 -95 180 6
2 9 -155 -85 180 6
2 10 -155 -75 180.812735331524 6.31041321837705
2 11 -155 -65 180.111253213913 6.04988693732201
2 12 -155 -55 180 6
2 13 -155 -45 180 6
2 14 -155 -35 180 6
2 15 -155 -25 180 6
2 16 -155 -15 180 6
2 17 -155 -5 180 6
2 18 -155 5 180.332226073569 6.15609138610234
2 19 -155 15 181.183114396125 6.07349683145429
2 20 -155 25 180.589300435202 5.55191737702858
2 21 -155 35 180.16236704337 5.87660777853906
2 22 -155 45 179.997269890839 5.75893772961914
2 23 -155 55 181.513281833282 5.70675815821319
2 24 -155 65 180.569131381986 5.68722370651832
2 25 -155 75 180.229176265287 5.71141807133278
2 26 -155 85 179.809948169288 5.91928039753384
2 27 -155 95 179.437745276245 5.90873144511672
2 28 -155 105 181.058572593052 6.78123212616342
2 29 -155 115 181.29930473066 6.41929912629301
2 30 -155 125 181.177667644893 5.72380711326547
2 31 -155 135 179.37113594304 5.0764833556123
2 32 -155 145 178.55149057482 5.3192097331835
2 33 -155 155 178.056910002719 4.20196297886441
2 34 -155 165 178.466571459613 4.80428247687869
2 35 -155 175 178.823423106792 4.85771420410266
3 0 -145 -175 179.852096571682 4.86179743295817
3 1 -145 -165 180.269329577747 4.65640251161804
3 2 -145 -155 181.116068338695 5.22069731315855
3 3 -145 -145 182.623097706692 5.1876605099274
3 4 -145 -135 184.365739016248 6.24198436582488
3 5 -145 -125 182.801307710717 6.34026846369943
3 6 -145 -115 180.83198561693 6.52438667962455
3 7 -145 -105 179.960332240209 5.97693167589503
3 8 -145 -95 180 6
3 9 -145 -85 180 6
3 10 -145 -75 180 6
3 11 -145 -65 180 6
3 12 -145 -55 180 6
3 13 -145 -45 180 6
3 14 -145 -35 180 6
3 15 -145 -25 180 6
3 16 -145 -15 180.047917180382 5.982633267057
3 17 -145 -5 180.011571090349 5.99584594160738
3 18 -145 5 179.982029993537 5.85298614899964
3 19 -145 15 179.952736137986 5.23174734230422
3 20 -145 25 179.943609629532 5.55133440958171
3 21 -145 35 179.952258432524 5.67628135774775
3 22 -145 45 179.994043249788 5.29086423630294
3 23 -145 55 181.073590670828 6.4256101901642
3 24 -145 65 180.726181596435 6.08098415873327
3 25 -145 75 179.911697111375 5.81483661107436
3 26 -145 85 179.798059961174 5.71799000892688
3 27 -145 95 179.406017578034 5.591088288656
3 28 -145 105 181.447946983558 6.3697889127053
3 29 -145 115 181.547377319382 6.34256239873193
3 30 -145 125 181.508552291509 5.49271833757023
3 31 -145 135 179.826239099949 5.09160729610124
3 32 -145 145 178.41803117227 4.99568514213372
3 33 -145 155 177.564933522971 4.89826408259184
3 34 -145 165 177.852620919504 4.82241127687824
3 35 -145 175 178.584414631664 4.61882854594541
4 0 -135 -175 180.180389924124 5.34400477839402
4 1 -135 -165 180.595492094218 5.18869733628548
4 2 -135 -155 181.510170398433 5.250813529011
4 3 -135 -145 182.150449292435 5.62211123255033
4 4 -135 -135 181.922165086033 6.27906858217939
4 5 -135 -125 181.033322881879 6.66787281991979
4 6 -135 -115 179.975570045966 6.00158487455312
4 7 -135 -105 179.544127826591 5.57858781575724
4 8 -135 -95 180.380285514769 5.67400304755293
4 9 -135 -85 179.983193068969 5.90722719591387
4 10 -135 -75 179.977290200282 5.95929307076301
4 11 -135 -65 180 6
4 12 -135 -55 180 6
4 13 -135 -45 180 6
4 14 -135 -35 180 6
4 15 -135 -25 180 6
4 16 -135 -15 180.548540794894 5.77435134826062
4 17 -135 -5 180.43428912024 5.78389625673328
4 18 -135 5 180.466323034876 5.62736058295109
4 19 -135 15 180.141012309285 5.28145377399378
4 20 -135 25 179.867996609537 5.50827425864652
4 21 -135 35 179.422569554743 5.07688289607204
4 22 -135 45 179.63258470093 5.45191895841213
4 23 -135 55 179.513542608129 5.43049969508058
4 24 -135 65 180.509337550923 5.48503472204679
4 25 -135 75 180.177515683702 5.61704566010162
4 26 -135 85 180.233903688698 6.15853159149834
4 27 -135 95 180.015599348607 5.99183738528401
4 28 -135 105 180.326943867702 5.45865861635219
4 29 -135 115 180.539633289312 4.87455814974895
4 30 -135 125 181.228256380237 4.115212099958
4 31 -135 135 179.898629563771 5.55758793204569
4 32 -135 145 177.785329628681 5.04788423750643
4 33 -135 155 177.338572082723 4.9324680422266
4 34 -135 165 177.391205382795 4.99106716146865
4 35 -135 175 178.356917338498 4.63566476998749
5 0 -125 -175 180.164527654588 4.58272628342819
5 1 -125 -165 181.073441097558 4.37121425485346
5 2 -125 -155 182.017998409369 4.60750543099563
5 3 -125 -145 182.081835404725 5.52353354509473
5 4 -125 -135 182.107294082354 5.82321655838782
5 5 -125 -125 179.618830163307 6.92792757849707
5 6 -125 -115 179.968658896219 6.01712928738921
5 7 -125 -105 180.136486734871 5.81474149065329
5 8 -125 -95 180.168821940899 5.76645413314169
5 9 -125 -85 179.52825794806 5.81235155538414
5 10 -125 -75 179.918534756243 5.85225229810784
5 11 -125 -65 180 6
5 12 -125 -55 180 6
5 13 -125 -45 180 6
5 14 -125 -35 180 6
5 15 -125 -25 180.483568890344 6.36249197804504
5 16 -125 -15 181.431577660098 6.61232820449344
5 17 -125 -5 181.31481631642 4.86313538128205
5 18 -125 5 180.679930833627 4.82778715061637
5 19 -125 15 180.170426481886 5.01385854534432
5 20 -125 25 180.465903980408 5.38836535646096
5 21 -125 35 181.015337281267 5.6642370865679
5 22 -125 45 181.198178012534 6.66447708189036
5 23 -125 55 180.043794028367 5.62776668886931
5 24 -125 65 179.946178825769 5.19052874935129
5 25 -125 75 179.139188613537 5.64495434318224
5 26 -125 85 179.490667427683 6.37526693222501
5 27 -125 95 180.278631423817 5.51390509705834
5 28 -125 105 180.836625491363 5.1438800466883
5 29 -125 115 181.017019315585 4.85580306826993
5 30 -125 125 180.779382335806 4.41495080463363
5 31 -125 135 178.967246775641 5.19710896977914
5 32 -125 145 177.93900621063 4.90692843558589
5 33 -125 155 177.571187846375 4.94488182804944
5 34 -125 165 177.633694554946 4.88313356591414
5 35 -125 175 178.468081344646 4.90511096117323
6 0 -115 -175 180.651472939182 5.18369263389206
6 1 -115 -165 181.178745406015 4.25602171421575
6 2 -115 -155 181.924717640414 4.26187293680638
6 3 -115 -145 183.473433198576 6.53651317141285
6 4 -115 -135 183.34452856389 6.14179233234107
6 5 -115 -125 181.176130239096 5.38659162794869
6 6 -115 -115 179.715540940836 5.81957795027886
6 7 -115 -105 180 6
6 8 -115 -95 179.775233451086 6.05402977787417
6 9 -115 -85 179.272003877361 6.14353885897902
6 10 -115 -75 179.911889523689 6.02462648297644
6 11 -115 -65 179.866200719943 6.02655515248176
6 12 -115 -55 180.077349495207 5.91337687749033
6 13 -115 -45 180.131498287737 6.0060313712949
6 14 -115 -35 180.880751798118 6.36975235293921
6 15 -115 -25 182.675609995694 7.44157966810246
6 16 -115 -15 182.533142187286 5.39983311693696
6 17 -115 -5 182.733399550869 5.06291197431394
6 18 -115 5 181.4489997255 4.55034247000471
6 19 -115 15 182.170299143341 6.46750427050101
6 20 -115 25 180.485385208074 5.23520139614762
6 21 -115 35 180.768553341205 4.71113187210806
6 22 -115 45 180.218121569635 5.33600435876719
6 23 -115 55 180.000532657247 5.50414555206976
6 24 -115 65 179.658133047078 5.57330430070399
6 25 -115 75 179.734450518988 5.91437856003234
6 26 -115 85 181.011029494189 6.15612549104732
6 27 -115 95 182.349110925355 5.82457517824123
6 28 -115 105 180.432180068234 5.21370148538726
6 29 -115 115 181.613517241988 4.54224397439654
6 30 -115 125 180.987477858076 4.40526568710434
6 31 -115 135 179.750118122124 4.38374644365357
6 32 -115 145 178.710011877666 4.61260049758246
6 33 -115 155 177.700871915186 4.98927512376602
6 34 -115 165 177.226610862853 4.69818674590008
6 35 -115 175 178.286974521282 5.02956959809173
7 0 -105 -175 181.417385201178 4.44403175263123
7 1 -105 -165 181.723033567187 4.62038107779995
7 2 -105 -155 182.458694649313 5.20852686596298
7 3 -105 -145 184.033468831259 5.84964451123118
7 4 -105 -135 182.498928909906 5.44112143654931
7 5 -105 -125 182.588513182713 5.92993442941448
7 6 -105 -115 180.745230052121 5.98836541016614
7 7 -105 -105 179.394615539191 5.65796426557843
7 8 -105 -95 179.581000914205 5.88753271181116
7 9 -105 -85 179.89200612646 5.83089263788757
7 10 -105 -75 179.474436211379 5.96754998086802
7 11 -105 -65 179.35063323855 5.83636248878719
7 12 -105 -55 180.490081417549 5.31737006543518
7 13 -105 -45 180.935282937246 5.74078709296977
7 14 -105 -35 182.186149623115 6.85240158723055
7 15 -105 -25 182.523421787344 6.09811124233252
7 16 -105 -15 183.454852251672 5.59799736399652
7 17 -105 -5 182.950820225233 4.75039437491099
7 18 -105 5 182.4060565188 4.97988555727134
7 19 -105 15 183.150367875743 5.18553413197011
7 20 -105 25 182.340868643777 4.60916184025231
7 21 -105 35 181.173926927946 4.75830197243522
7 22 -105 45 181.284334195263 5.64560779039835
7 23 -105 55 180.39704156437 5.31765906708281
7 24 -105 65 179.76683444063 5.59810580233979
7 25 -105 75 180.049079877759 5.99779070876132
7 26 -105 85 180.880484376059 6.11152329358637
7 27 -105 95 182.490565022136 6.73322888936332
7 28 -105 105 181.236783119211 5.18349627475878
7 29 -105 115 181.768553979196 4.19160041117712
7 30 -105 125 181.432342551211 4.29661661052727
7 31 -105 135 180.249789142656 4.2544264655585
7 32 -105 145 178.853009738864 4.59852047263982
7 33 -105 155 178.062848942797 4.85748963885916
7 34 -105 165 177.1413665461 5.21024240292064
7 35 -105 175 177.986826330103 5.47887039493763
8 0 -95 -175 180.640559745401 4.96759788511468
8 1 -95 -165 181.389806513994 4.87060813595928
8 2 -95 -155 182.347562254753 5.36536040950879
8 3 -95 -145 181.674615095829 5.15715039027775
8 4 -95 -135 181.322079014468 5.22407922320157
8 5 -95 -125 181.411212418695 5.65146354228291
8 6 -95 -115 181.40448894097 6.12198719489219
8 7 -95 -105 179.701690614154 5.03199978499964
8 8 -95 -95 179.888214849705 5.34361857169017
8 9 -95 -85 179.541480223489 5.34876030066275
8 10 -95 -75 179.843074105514 5.37473553749778
8 11 -95 -65 179.90763499172 5.72985995694973
8 12 -95 -55 180.365426953827 5.93876619825936
8 13 -95 -45 181.474322454548 6.1587430996634
8 14 -95 -35 184.122696921624 6.36460950958077
8 15 -95 -25 183.595215812526 6.01152583874675
8 16 -95 -15 183.572060760775 5.51999660582455
8 17 -95 -5 183.682120734612 4.98602059884444
8 18 -95 5 183.13109734709 4.81909350865342
8 19 -95 15 182.409350425089 4.53161484785214
8 20 -95 25 180.920043733219 5.0724277111345
8 21 -95 35 179.779703815475 5.38578798530549
8 22 -95 45 179.61716169474 5.65248128547492
8 23 -95 55 179.662609297975 5.28665310290875
8 24 -95 65 181.309337555288 5.67596457254515
8 25 -95 75 180.909068894257 5.36533000080481
8 26 -95 85 180.491772501149 5.62962785604781
8 27 -95 95 181.361793000995 5.3362949570355
8 28 -95 105 183.007128515453 4.6431689176991
8 29 -95 115 181.966790958556 4.63562071899347
8 30 -95 125 181.217734762713 4.69131942162297
8 31 -95 135 180.256791036744 4.60507742135101
8 32 -95 145 179.047678195832 4.41757058894144
8 33 -95 155 178.163427308034 4.80280840040666
8 34 -95 165 177.136802083747 5.13353947395209
8 35 -95 175 178.698992238512 5.71677824591414
9 0 -85 -175 180.09611147949 5.28103262573582
9 1 -85 -165 180.376178988019 5.24234177575374
9 2 -85 -155 180.849458088226 6.33235649264078
9 3 -85 -145 181.64594015971 5.05930881805703
9 4 -85 -135 181.159860540062 5.15560700084785
9 5 -85 -125 180.58940802331 5.57409620077781
9 6 -85 -115 179.849559765955 5.27920627824873
9 7 -85 -105 179.618488077819 5.08592399229188
9 8 -85 -95 179.659527678095 5.23009791219408
9 9 -85 -85 178.782676591483 5.45988702534724
9 10 -85 -75 179.162100085018 4.61746832443138
9 11 -85 -65 179.631377223583 4.94771716874735
9 12 -85 -55 180.614896408404 5.76205461793272
9 13 -85 -45 180.990774028036 5.31208628441082
9 14 -85 -35 183.216850062911 5.17498507060267
9 15 -85 -25 184.518378186084 5.46673209193698
9 16 -85 -15 182.837617478294 5.02101867922171
9 17 -85 -5 182.975309898764 4.97114147158381
9 18 -85 5 182.558690916946 5.14908321027758
9 19 -85 15 181.907741746428 4.8164240367003
9 20 -85 25 180.181214346354 4.83784866869209
9 21 -85 35 180.156976116855 5.57193557872906
9 22 -85 45 179.735685589721 5.78164705362808
9 23 -85 55 180.981037058987 5.51182304604723
9 24 -85 65 182.350926239276 5.64189801821306
9 25 -85 75 182.736226718767 7.79914167302649
9 26 -85 85 182.197920550112 6.94494049519066
9 27 -85 95 182.265352552061 6.00267939607045
9 28 -85 105 182.583957789253 5.2318740541758
9 29 -85 115 182.428974548234 4.9934720123666
9 30 -85 125 181.169945418661 4.71532424335389
9 31 -85 135 180.429126452833 4.6980481228791
9 32 -85 145 178.549854247713 4.67149244146676
9 33 -85 155 177.72232550014 4.51349112345427
9 34 -85 165 177.59387142645 5.04149968590564
9 35 -85 175 178.778607374393 5.11121009326252
10 0 -75 -175 181.358145798657 5.68432978198239
10 1 -75 -165 182.463105109851 5.14028600861096
10 2 -75 -155 183.086208199228 7.13936446211076
10 3 -75 -145 180.512606631728 5.77434444516127
10 4 -75 -135 180.094616263696 5.94409977423448
10 5 -75 -125 179.998106472686 5.98837931371548
10 6 -75 -115 180.052938885234 5.81807256057903
10 7 -75 -105 180.067016817195 5.46191814205402
10 8 -75 -95 179.944592801986 5.65284056204797
10 9 -75 -85 180.266864217343 5.50336027571098
10 10 -75 -75 179.083720932622 4.46464354231179
10 11 -75 -65 179.677127496269 5.11185054022378
10 12 -75 -55 180.522755254753 5.18978713132674
10 13 -75 -45 180.864527443154 4.84282887567921
10 14 -75 -35 180.986042579754 5.41986913273576
10 15 -75 -25 181.428606233747 5.85992555717965
10 16 -75 -15 181.404501049383 5.15520202237738
10 17 -75 -5 181.602687847592 4.84113866190957
10 18 -75 5 180.793032880204 5.44127258827631
10 19 -75 15 180.834701055805 4.53468643448342
10 20 -75 25 180.967646291004 4.84169125739217
10 21 -75 35 180.850319369788 5.47867891716818
10 22 -75 45 180.105777624637 5.8457389029174
10 23 -75 55 181.483179165887 5.22408453056038
10 24 -75 65 182.962422088024 5.09087057356846
10 25 -75 75 181.749353274039 6.31078060716483
10 26 -75 85 182.013729979466 7.86046088632764
10 27 -75 95 183.192977761058 6.55394423571031
10 28 -75 105 182.21776370957 6.80291926031308
10 29 -75 115 182.542408764322 6.06660533699623
10 30 -75 125 181.49959544556 4.77121148201862
10 31 -75 135 179.9727860163 4.6484300318971
10 32 -75 145 178.252096001815 4.72477579323347
10 33 -75 155 177.685697870064 4.61147860977144
10 34 -75 165 177.749278940987 5.14215240865103
10 35 -75 175 179.722762569525 5.85280344557717
11 0 -65 -175 180.791136022926 5.90193659208683
11 1 -65 -165 181.838290349766 5.77017054581825
11 2 -65 -155 180.547619944488 6.23978494096243
11 3 -65 -145 180 6
11 4 -65 -135 180 6
11 5 -65 -125 180 6
11 6 -65 -115 180.001796640357 5.99744056044432
11 7 -65 -105 180.001847269083 5.95379103154602
11 8 -65 -95 179.983446842155 5.87265591886778
11 9 -65 -85 180.057488236732 5.9052496363758
11 10 -65 -75 179.936170973927 5.38367570027168
11 11 -65 -65 181.036691514754 4.94119552561922
11 12 -65 -55 180.261427270198 4.68307192241596
11 13 -65 -45 179.251250768926 3.19003732770745
11 14 -65 -35 178.806376522913 2.96210833366465
11 15 -65 -25 178.934462267185 3.67566481817103
11 16 -65 -15 179.31567409473 4.00463934660376
11 17 -65 -5 179.166172261214 4.28207372846765
11 18 -65 5 178.707950582835 5.10532210124055
11 19 -65 15 178.957182936005 5.55509427728172
11 20 -65 25 180.273967012934 5.73627708029251
11 21 -65 35 179.994804085946 5.9522175307977
11 22 -65 45 180.047930956601 5.63966632810829
11 23 -65 55 180.112731947253 5.95273800288631
11 24 -65 65 180.443818057581 5.87642813170795
11 25 -65 75 180.104789160805 5.97329130606382
11 26 -65 85 180.863147965717 6.58148818132593
11 27 -65 95 181.099784838598 6.34973027462489
11 28 -65 105 181.174865444792 6.34579495785805
11 29 -65 115 181.200363168854 5.34451481941982
11 30 -65 125 182.590086147254 4.72211708735853
11 31 -65 135 180.069497624839 5.03449790260112
11 32 -65 145 178.520017795202 5.31590455080474
11 33 -65 155 178.375772512886 5.24943558649628
11 34 -65 165 179.791155083848 5.13384628061237
11 35 -65 175 181.580077958935 5.28037016017477
12 0 -55 -175 180.130358724599 5.73092802869662
12 1 -55 -165 180.009140970432 5.95965618945682
12 2 -55 -155 180 6
12 3 -55 -145 180 6
12 4 -55 -135 180 6
12 5 -55 -125 180 6
12 6 -55 -115 180 6
12 7 -55 -105 180 6
12 8 -55 -95 180 6
12 9 -55 -85 180 6
12 10 -55 -75 180.196305668282 5.72219235914061
12 11 -55 -65 180.124351556473 4.24888072957068
12 12 -55 -55 179.941838319876 3.28342523954745
12 13 -55 -45 179.459628169695 2.67628022728335
12 14 -55 -35 179.190287010402 2.58713206916017
12 15 -55 -25 179.34841917093 2.94972546162063
12 16 -55 -15 178.983312547235 3.36968033618756
12 17 -55 -5 178.376838846732 4.00134570329775
12 18 -55 5 178.490535155563 5.61043805582671
12 19 -55 15 180.003777018289 5.99441601539088
12 20 -55 25 180 6
12 21 -55 35 180 6
12 22 -55 45 179.985475822636 5.95559450960694
12 23 -55 55 179.997878473615 5.9935364651428
12 24 -55 65 180 6
12 25 -55 75 180 6
12 26 -55 85 180 6
12 27 -55 95 180 6
12 28 -55 105 180.047457047413 6.01022312298036
12 29 -55 115 180.419454629893 5.70004343867412
12 30 -55 125 181.447691020203 4.90257529568746
12 31 -55 135 181.310440690092 4.85493588590005
12 32 -55 145 179.988732366917 5.0500762439756
12 33 -55 155 179.454887285137 5.23491916445332
12 34 -55 165 180.317747043441 5.41285257941467
12 35 -55 175 181.360026067832 5.50590520240813
13 0 -45 -175 180 6
13 1 -45 -165 180 6
13 2 -45 -155 180 6
13 3 -45 -145 180 6
13 4 -45 -135 180 6
13 5 -45 -125 180 6
13 6 -45 -115 180 6
13 7 -45 -105 180 6
13 8 -45 -95 180 6
13 9 -45 -85 180.026659243583 5.87153438933925
13 10 -45 -75 180.438508575418 5.78593398727938
13 11 -45 -65 181.115692850332 4.87119473192471
13 12 -45 -55 180.405294642817 3.35772463651815
13 13 -45 -45 180.26467496055 2.81286167432275
13 14 -45 -35 180.164629120388 2.76120383527418
13 15 -45 -25 179.806385352597 3.05379766592531
13 16 -45 -15 179.076748749787 3.59479736516249
13 17 -45 -5 178.909105199742 5.49582413077323
13 18 -45 5 180.001914374968 5.97162550678411
13 19 -45 15 180 6
13 20 -45 25 180 6
13 21 -45 35 180 6
13 22 -45 45 180 6
13 23 -45 55 180 6
13 24 -45 65 180 6
13 25 -45 75 180 6
13 26 -45 85 180 6
13 27 -45 95 180 6
13 28 -45 105 180 6
13 29 -45 115 180 6
13 30 -45 125 181.09110687133 6.53271970149389
13 31 -45 135 181.583589424501 5.89920860135272
13 32 -45 145 180.968803027253 4.84290500222831
13 33 -45 155 181.079835094652 5.44529784412504
13 34 -45 165 180.084122258729 5.70999585264408
13 35 -45 175 180.03657052406 5.87687654958114
14 0 -35 -175 180 6
14 1 -35 -165 180 6
14 2 -35 -155 180 6
14 3 -35 -145 180 6
14 4 -35 -135 180 6
14 5 -35 -125 180 6
14 6 -35 -115 180 6
14 7 -35 -105 180 6
14 8 -35 -95 180 6
14 9 -35 -85 180.180218329288 5.90813252819903
14 10 -35 -75 180.398424803952 5.70373202804385
14 11 -35 -65 180.814642519099 4.06001606038028
14 12 -35 -55 181.55718333944 3.48865492823461
14 13 -35 -45 181.680371202534 3.47639246307176
14 14 -35 -35 181.249203938051 3.94521662484417
14 15 -35 -25 179.846949447978 5.24062002697902
14 16 -35 -15 179.920333293726 5.93798414590032
14 17 -35 -5 180 6
14 18 -35 5 180 6
14 19 -35 15 180 6
14 20 -35 25 180 6
14 21 -35 35 180 6
14 22 -35 45 180 6
14 23 -35 55 180 6
14 24 -35 65 180 6
14 25 -35 75 180 6
14 26 -35 85 180 6
14 27 -35 95 180 6
14 28 -35 105 180 6
14 29 -35 115 180 6
14 30 -35 125 181.420500922107 6.94119789231731
14 31 -35 135 181.710411196546 7.16111418478878
14 32 -35 145 180.141390472157 6.00899083614132
14 33 -35 155 180 6
14 34 -35 165 180 6
14 35 -35 175 180 6
15 0 -25 -175 180 6
15 1 -25 -165 180 6
15 2 -25 -155 180 6
15 3 -25 -145 180 6
15 4 -25 -135 180 6
15 5 -25 -125 180 6
15 6 -25 -115 180 6
15 7 -25 -105 180 6
15 8 -25 -95 180 6
15 9 -25 -85 180 6
15 10 -25 -75 180.007578463404 5.98705353161681
15 11 -25 -65 181.434316848777 5.39392579177941
15 12 -25 -55 181.664966247929 4.76143229799878
15 13 -25 -45 180.714136482819 5.34475927296447
15 14 -25 -35 180.076213625718 5.92333522651021
15 15 -25 -25 180 6
15 16 -25 -15 180 6
15 17 -25 -5 180 6
15 18 -25 5 180 6
15 19 -25 15 180 6
15 20 -25 25 180 6
15 21 -25 35 180 6
15 22 -25 45 180 6
15 23 -25 55 180 6
15 24 -25 65 180 6
15 25 -25 75 180 6
15 26 -25 85 180 6
15 27 -25 95 180 6
15 28 -25 105 180 6
15 29 -25 115 180 6
15 30 -25 125 180 6
15 31 -25 135 180 6
15 32 -25 145 180 6
15 33 -25 155 180 6
15 34 -25 165 180 6
15 35 -25 175 180 6
16 0 -15 -175 180 6
16 1 -15 -165 180 6
16 2 -15 -155 180 6
16 3 -15 -145 180 6
16 4 -15 -135 180 6
16 5 -15 -125 180 6
16 6 -15 -115 180 6
16 7 -15 -105 180 6
16 8 -15 -95 180 6
16 9 -15 -85 180 6
16 10 -15 -75 180 6
16 11 -15 -65 180.20078326847 5.70965134283899
16 12 -15 -55 180.28566850218 5.63522834535651
16 13 -15 -45 180 6
16 14 -15 -35 180 6
16 15 -15 -25 180 6
16 16 -15 -15 180 6
16 17 -15 -5 180 6
16 18 -15 5 180 6
16 19 -15 15 180 6
16 20 -15 25 180 6
16 21 -15 35 180 6
16 22 -15 45 180 6
16 23 -15 55 180 6
16 24 -15 65 180 6
16 25 -15 75 180 6
16 26 -15 85 180 6
16 27 -15 95 180 6
16 28 -15 105 180 6
16 29 -15 115 180 6
16 30 -15 125 180 6
16 31 -15 135 180 6
16 32 -15 145 180 6
16 33 -15 155 180.095970158845 5.75325290475551
16 34 -15 165 180.005033717035 5.9873488302473
16 35 -15 175 180 6
17 0 -5 -175 180 6
17 1 -5 -165 180 6
17 2 -5 -155 180 6
17 3 -5 -145 180 6
17 4 -5 -135 180 6
17 5 -5 -125 180 6
17 6 -5 -115 180 6
17 7 -5 -105 180 6
17 8 -5 -95 180 6
17 9 -5 -85 180 6
17 10 -5 -75 180 6
17 11 -5 -65 180.078736528417 5.88647291855153
17 12 -5 -55 180.027071973892 5.96132720095357
17 13 -5 -45 180 6
17 14 -5 -35 180 6
17 15 -5 -25 180 6
17 16 -5 -15 180 6
17 17 -5 -5 180 6
17 18 -5 5 180 6
17 19 -5 15 180 6
17 20 -5 25 180 6
17 21 -5 35 180 6
17 22 -5 45 180 6
17 23 -5 55 180 6
17 24 -5 65 180 6
17 25 -5 75 180 6
17 26 -5 85 180 6
17 27 -5 95 180 6
17 28 -5 105 180 6
17 29 -5 115 180 6
17 30 -5 125 180 6
17 31 -5 135 180 6
17 32 -5 145 180 6
17 33 -5 155 180.103271217287 5.73398094236417
17 34 -5 165 180.005452655262 5.98629452275043
17 35 -5 175 180 6
18 0 5 -175 180 6
18 1 5 -165 180 6
18 2 5 -155 180 6
18 3 5 -145 180 6
18 4 5 -135 180 6
18 5 5 -125 180 6
18 6 5 -115 180 6
18 7 5 -105 180 6
18 8 5 -95 180 6
18 9 5 -85 180 6
18 10 5 -75 180 6
18 11 5 -65 180 6
18 12 5 -55 180 6
18 13 5 -45 180 6
18 14 5 -35 180 6
18 15 5 -25 180 6
18 16 5 -15 180 6
18 17 5 -5 180 6
18 18 5 5 180 6
18 19 5 15 180 6
18 20 5 25 180 6
18 21 5 35 180 6
18 22 5 45 180 6
18 23 5 55 180 6
18 24 5 65 180 6
18 25 5 75 180 6
18 26 5 85 180 6
18 27 5 95 180 6
18 28 5 105 180 6
18 29 5 115 180 6
18 30 5 125 180 6
18 31 5 135 180 6
18 32 5 145 180 6
18 33 5 155 180 6
18 34 5 165 180 6
18 35 5 175 180 6
19 0 15 -175 180 6
19 1 15 -165 180 6
19 2 15 -155 180 6
19 3 15 -145 180 6
19 4 15 -135 180 6
19 5 15 -125 180 6
19 6 15 -115 180 6
19 7 15 -105 180.005863407692 5.99735289062871
19 8 15 -95 180.002270485307 5.99897577926833
19 9 15 -85 180 6
19 10 15 -75 180 6
19 11 15 -65 180 6
19 12 15 -55 180 6
19 13 15 -45 180 6
19 14 15 -35 180 6
19 15 15 -25 180 6
19 16 15 -15 180 6
19 17 15 -5 180 6
19 18 15 5 180 6
19 19 15 15 180 6
19 20 15 25 180 6
19 21 15 35 180 6
19 22 15 45 180 6
19 23 15 55 180 6
19 24 15 65 180 6
19 25 15 75 180 6
19 26 15 85 180 6
19 27 15 95 180 6
19 28 15 105 180 6
19 29 15 115 180 6
19 30 15 125 180 6
19 31 15 135 180 6
19 32 15 145 180 6
19 33 15 155 180 6
19 34 15 165 180 6
19 35 15 175 180 6
20 0 25 -175 180 6
20 1 25 -165 180 6
20 2 25 -155 180 6
20 3 25 -145 180 6
20 4 25 -135 180 6
20 5 25 -125 180 6
20 6 25 -115 181.137996257304 6.26589669864069
20 7 25 -105 181.021909385022 5.58367644491769
20 8 25 -95 180.233602871273 5.9083055988159
20 9 25 -85 180 6
20 10 25 -75 180 6
20 11 25 -65 180 6
20 12 25 -55 180 6
20 13 25 -45 180 6
20 14 25 -35 180 6
20 15 25 -25 180 6
20 16 25 -15 180 6
20 17 25 -5 180 6
20 18 25 5 180 6
20 19 25 15 180 6
20 20 25 25 180 6
20 21 25 35 180 6
20 22 25 45 180 6
20 23 25 55 180 6
20 24 25 65 180 6
20 25 25 75 180 6
20 26 25 85 180 6
20 27 25 95 180 6
20 28 25 105 180 6
20 29 25 115 180 6
20 30 25 125 180 6
20 31 25 135 180 6
20 32 25 145 180 6
20 33 25 155 180 6
20 34 25 165 180 6
20 35 25 175 180 6
21 0 35 -175 180 6
21 1 35 -165 180 6
21 2 35 -155 180 6
21 3 35 -145 180 6
21 4 35 -135 180.149740840402 5.98486384137899
21 5 35 -125 180.769800536683 5.54933730358305
21 6 35 -115 182.059797295343 5.99492330854559
21 7 35 -105 181.264045619431 5.7299984894927
21 8 35 -95 180.100714617465 6.01187963560079
21 9 35 -85 180 6
21 10 35 -75 180 6
21 11 35 -65 180 6
21 12 35 -55 180 6
21 13 35 -45 180 6
21 14 35 -35 180 6
21 15 35 -25 180 6
21 16 35 -15 180 6
21 17 35 -5 180 6
21 18 35 5 180 6
21 19 35 15 180 6
21 20 35 25 180.533738371196 6.7282046279493
21 21 35 35 182.483406391807 8.61883163665012
21 22 35 45 180 6
21 23 35 55 180 6
21 24 35 65 180 6
21 25 35 75 180 6
21 26 35 85 180 6
21 27 35 95 180 6
21 28 35 105 180 6
21 29 35 115 180 6
21 30 35 125 180 6
21 31 35 135 180 6
21 32 35 145 180 6
21 33 35 155 180 6
21 34 35 165 180 6
21 35 35 175 180 6
22 0 45 -175 180 6
22 1 45 -165 180 6
22 2 45 -155 180 6
22 3 45 -145 180.154605881657 5.61818029810141
22 4 45 -135 181.205312500562 4.5091551816529
22 5 45 -125 182.515368133413 4.13373195137227
22 6 45 -115 182.512511682155 4.39169283983951
22 7 45 -105 181.586113417173 6.09413719690963
22 8 45 -95 180 6
22 9 45 -85 180 6
22 10 45 -75 180 6
22 11 45 -65 180 6
22 12 45 -55 180 6
22 13 45 -45 180 6
22 14 45 -35 180 6
22 15 45 -25 180 6
22 16 45 -15 180 6
22 17 45 -5 180 6
22 18 45 5 180 6
22 19 45 15 180 6
22 20 45 25 180.089164175179 6.13090840912468
22 21 45 35 180.752469463902 6.67013255140379
22 22 45 45 180.499733113775 5.99268800760356
22 23 45 55 180.135043937307 4.82001611537128
22 24 45 65 179.998577002683 5.7791786282333
22 25 45 75 180 6
22 26 45 85 180 6
22 27 45 95 180 6
22 28 45 105 180 6
22 29 45 115 180 6
22 30 45 125 180 6
22 31 45 135 180 6
22 32 45 145 180 6
22 33 45 155 180 6
22 34 45 165 180 6
22 35 45 175 180 6
23 0 55 -175 180.957825023711 6.8389150980101
23 1 55 -165 180.60239918904 6.52486704546374
23 2 55 -155 181.640289001233 5.36112167427156
23 3 55 -145 182.246031747396 3.78452685181694
23 4 55 -135 182.67793682855 3.00317282638182
23 5 55 -125 183.090978689676 3.06013826688559
23 6 55 -115 183.21492797949 3.24992985745686
23 7 55 -105 181.701268431415 5.17547836066704
23 8 55 -95 180.021652643859 5.95290435849068
23 9 55 -85 180 6
23 10 55 -75 180 6
23 11 55 -65 179.072393649984 6.00093632761005
23 12 55 -55 179.875553322836 6.00844889057821
23 13 55 -45 180 6
23 14 55 -35 180 6
23 15 55 -25 180.022415570375 5.98416257356924
23 16 55 -15 180.251731598634 5.81470540227428
23 17 55 -5 180 6
23 18 55 5 180 6
23 19 55 15 181.054413793406 6.90655871759371
23 20 55 25 181.562956458917 6.01514230618691
23 21 55 35 181.785927668243 5.37666601787861
23 22 55 45 181.511231884514 5.29233511659276
23 23 55 55 180.424575533263 4.46087846002901
23 24 55 65 179.818530798802 5.52183371109164
23 25 55 75 180 6
23 26 55 85 180 6
23 27 55 95 180 6
23 28 55 105 180 6
23 29 55 115 180 6
23 30 55 125 180 6
23 31 55 135 180 6
23 32 55 145 180 6
23 33 55 155 180 6
23 34 55 165 180 6
23 35 55 175 180 6
24 0 65 -175 180.89867180186 6.00397698164511
24 1 65 -165 180.799838399845 4.65512481700388
24 2 65 -155 182.497284300889 4.56535569023994
24 3 65 -145 182.895733466242 3.79960602917782
24 4 65 -135 182.924758452025 3.61923028323647
24 5 65 -125 182.18292087049 3.30520970884604
24 6 65 -115 181.64619547224 3.40640983112377
24 7 65 -105 180.732120212585 5.33100279955794
24 8 65 -95 180.061405671996 5.95096327686975
24 9 65 -85 180 6
24 10 65 -75 180 6
24 11 65 -65 179.922022116548 6.00559712564235
24 12 65 -55 179.990761067268 6.00071634499465
24 13 65 -45 180 6
24 14 65 -35 180 6
24 15 65 -25 180.024398938685 5.98275518759081
24 16 65 -15 180.272209417427 5.7988910928517
24 17 65 -5 180 6
24 18 65 5 180.998965954223 5.75272140987695
24 19 65 15 183.226464871081 5.25022808381107
24 20 65 25 182.25762181419 4.06688035003581
24 21 65 35 180.920115832981 4.12414305171889
24 22 65 45 180.362037564981 5.2534100445128
24 23 65 55 181.185888114462 4.88334771088624
24 24 65 65 179.873733662761 5.26868237825227
24 25 65 75 180.30328384977 6.1011703414756
24 26 65 85 180.003640642423 5.76336671197327
24 27 65 95 180 6
24 28 65 105 180 6
24 29 65 115 180 6
24 30 65 125 180 6
24 31 65 135 180 6
24 32 65 145 180 6
24 33 65 155 180 6
24 34 65 165 180.001288797159 5.78734429575314
24 35 65 175 179.314627383923 5.96067253568086
25 0 75 -175 180.588313939188 4.80238764047815
25 1 75 -165 182.020886890338 4.65039152454878
25 2 75 -155 184.026184131751 5.11465662651947
25 3 75 -145 184.209616041794 5.20797645438647
25 4 75 -135 183.164117593001 4.80154156526451
25 5 75 -125 181.722872767221 4.75005228044247
25 6 75 -115 180.392595863044 4.91072795541908
25 7 75 -105 181.48390819144 6.83648566684414
25 8 75 -95 178.784408131717 6.79642136976319
25 9 75 -85 180.822697657053 6.31393847955508
25 10 75 -75 180.104802766996 6.00399085920385
25 11 75 -65 179.987889884517 5.98722848527996
25 12 75 -55 180 6
25 13 75 -45 180 6
25 14 75 -35 180 6
25 15 75 -25 180.393389192165 6.28368061482188
25 16 75 -15 180.084822768858 6.06444834056339
25 17 75 -5 180.151078530645 5.45753638712834
25 18 75 5 182.523742126157 4.80942283230585
25 19 75 15 182.415476095333 4.56831482238287
25 20 75 25 181.613069130968 4.36344624397319
25 21 75 35 180.601642031443 4.25413244590291
25 22 75 45 179.490996097976 4.67044323258623
25 23 75 55 180.170495456957 4.82939654142801
25 24 75 65 180.195142128045 5.07813106556061
25 25 75 75 181.957533449964 7.24424615702048
25 26 75 85 181.303666243992 7.13780172816489
25 27 75 95 180 6
25 28 75 105 180 6
25 29 75 115 180 6
25 30 75 125 180 6
25 31 75 135 180 6
25 32 75 145 180 6
25 33 75 155 179.791057970636 5.9941356723647
25 34 75 165 178.59105384134 6.15217425220539
25 35 75 175 178.064283293093 6.49729923863666
26 0 85 -175 181.240585220187 4.90581303178113
26 1 85 -165 182.877805180661 4.62093188656963
26 2 85 -155 184.485444177842 4.80440858788739
26 3 85 -145 184.700984525234 5.52695815959529
26 4 85 -135 184.768042137837 5.67910226286368
26 5 85 -125 182.133596754618 5.95053320117715
26 6 85 -115 180.653916806003 5.56887539175864
26 7 85 -105 180.557215972619 6.46705128755221
26 8 85 -95 179.021154033502 6.73298158485314
26 9 85 -85 180.042896669651 5.66492744924424
26 10 85 -75 179.227406647249 5.66870496855085
26 11 85 -65 176.259482130722 7.04006340411683
26 12 85 -55 178.241131752398 6.43106014995305
26 13 85 -45 179.994371136204 5.94960686262966
26 14 85 -35 179.918130533441 5.96434915245459
26 15 85 -25 181.421028045098 6.77329451327978
26 16 85 -15 180.55406494982 5.852637566893
26 17 85 -5 181.010830655196 4.54231601448347
26 18 85 5 181.406317024011 4.33998071753098
26 19 85 15 180.888987098146 4.5969560737322
26 20 85 25 180.311058440227 5.55935551993095
26 21 85 35 180.613835923729 5.42855523532535
26 22 85 45 179.321122487533 4.93066214976891
26 23 85 55 179.746282452038 5.1650088204034
26 24 85 65 179.324468994276 5.93998301592182
26 25 85 75 180.041117783985 5.91247789033402
26 26 85 85 180.754613684153 6.54439624482429
26 27 85 95 179.99143058812 5.95527894828424
26 28 85 105 179.990838081223 5.97138658011733
26 29 85 115 179.979240943404 5.95764243721394
26 30 85 125 180 6
26 31 85 135 180.022650388003 5.9497583786628
26 32 85 145 179.739391635229 6.10590534495051
26 33 85 155 179.883252780722 6.00524099120707
26 34 85 165 180.391876134006 6.07831092926949
26 35 85 175 182.162352702898 7.01345781119925
27 0 95 -175 181.183874257653 4.82962566564935
27 1 95 -165 182.761023477373 4.72981472114679
27 2 95 -155 183.81554158378 4.92129827495752
27 3 95 -145 185.071986052769 5.18426640205435
27 4 95 -135 184.46993914777 5.5497826408939
27 5 95 -125 182.947972035748 6.06579423738497
27 6 95 -115 181.380099290352 5.26874718617265
27 7 95 -105 179.517742608402 5.44555880971756
27 8 95 -95 178.432192689865 5.91500595932802
27 9 95 -85 179.350328753837 5.59287358115915
27 10 95 -75 179.251940396065 5.91722630991836
27 11 95 -65 176.176521741597 6.60845572578461
27 12 95 -55 177.47755380708 6.46083508946788
27 13 95 -45 179.996482165194 5.96855660957968
27 14 95 -35 179.700755182562 5.35453068481288
27 15 95 -25 180.605986072712 5.44143522083696
27 16 95 -15 180.584920161457 4.82322106182876
27 17 95 -5 180.357340066907 4.58825054098487
27 18 95 5 180.945027841153 5.03875147456115
27 19 95 15 179.827138456926 4.88396222571409
27 20 95 25 179.433298459933 5.58620415352013
27 21 95 35 180.540344234239 5.69027849930837
27 22 95 45 180.249795103539 5.82287455903583
27 23 95 55 180.008722797096 5.9283680081567
27 24 95 65 179.318025691158 6.03170981796616
27 25 95 75 180.055988357557 5.75970933164625
27 26 95 85 179.999262507639 5.47268220954045
27 27 95 95 179.41202615383 5.78117778843346
27 28 95 105 178.384245721202 6.46695309958413
27 29 95 115 180.174746242808 5.5229846659288
27 30 95 125 179.680960589957 5.80580476110173
27 31 95 135 180.025906664096 5.57859992141632
27 32 95 145 178.832002327583 6.26807389572533
27 33 95 155 179.724788410776 5.5789513279997
27 34 95 165 180.284736797496 4.31337307876412
27 35 95 175 182.272084857619 4.96934535295468
28 0 105 -175 181.425013194272 4.53234933094323
28 1 105 -165 182.868423621382 5.24366845097789
28 2 105 -155 184.009991301401 5.23828272824346
28 3 105 -145 184.506299890011 5.00383882064694
28 4 105 -135 184.006090250913 4.76174799823162
28 5 105 -125 182.031764826766 4.74961238592677
28 6 105 -115 181.825914596002 5.29491546598251
28 7 105 -105 180.536227940111 5.10375563893225
28 8 105 -95 180.487362886873 5.52921559801643
28 9 105 -85 179.660032743935 5.41676646762899
28 10 105 -75 179.14982718575 5.77502681621272
28 11 105 -65 180.654802783353 6.25039583219369
28 12 105 -55 179.961386289354 5.75408627806447
28 13 105 -45 180 6
28 14 105 -35 180.398251005825 5.64972384885367
28 15 105 -25 180.949406029513 5.50096417406689
28 16 105 -15 180.532928546094 4.35803792471924
28 17 105 -5 180.645795281231 5.12499619790151
28 18 105 5 180.606630410513 5.80392131362868
28 19 105 15 179.33970357524 4.53970728696041
28 20 105 25 179.187887123405 5.66738662871031
28 21 105 35 179.289717512064 6.00540627623082
28 22 105 45 179.345670317887 5.9305609469937
28 23 105 55 179.995387233424 5.9925323914594
28 24 105 65 180 6
28 25 105 75 181.307441635781 6.50302126116429
28 26 105 85 180.615878474204 5.43046711232335
28 27 105 95 180.282636412264 5.81014781625559
28 28 105 105 179.662772762875 6.1135866241618
28 29 105 115 180.49983059221 6.12631171200627
28 30 105 125 181.067337324583 6.78812676901828
28 31 105 135 179.742344822328 4.94495451367229
28 32 105 145 178.699319860786 5.52357598986573
28 33 105 155 179.378780467282 5.32158460967298
28 34 105 165 179.458788972022 4.27489261948113
28 35 105 175 180.190476000999 4.04382284383793
29 0 115 -175 181.543287571703 4.15697526120846
29 1 115 -165 182.491046770109 4.91144746411808
29 2 115 -155 184.892570145801 5.56853782110766
29 3 115 -145 184.730253955204 5.33999031297666
29 4 115 -135 183.906122061969 5.38993561253305
29 5 115 -125 181.905157820366 5.74702631663672
29 6 115 -115 182.217329787138 5.71332929154037
29 7 115 -105 181.711268091838 5.62208000534175
29 8 115 -95 180.427615405343 5.57332203370823
29 9 115 -85 179.808373252227 5.61763948628021
29 10 115 -75 179.912595766802 5.97238642875647
29 11 115 -65 180.745300277633 6.24947969640756
29 12 115 -55 180 6
29 13 115 -45 180 6
29 14 115 -35 180.244166943574 5.98754765434994
29 15 115 -25 180.260640358554 5.48769877356307
29 16 115 -15 180.990189437499 4.85987271834699
29 17 115 -5 180.515379432713 4.9367396740308
29 18 115 5 179.994984023103 5.24877244571563
29 19 115 15 179.126384467484 5.570766670163
29 20 115 25 179.622044371412 5.85936624034833
29 21 115 35 179.997664852559 5.99207300458041
29 22 115 45 179.792697810799 5.65095298302589
29 23 115 55 179.96738409771 5.66528685627176
29 24 115 65 179.99879324957 5.98260494821308
29 25 115 75 180 6
29 26 115 85 180.246902889018 5.97503704714898
29 27 115 95 180.050350094846 5.85802382548679
29 28 115 105 178.794412125494 6.36740074336939
29 29 115 115 180.224609084132 5.88156484542177
29 30 115 125 182.41628241284 7.29561921167525
29 31 115 135 180.230772981353 6.11308288562971
29 32 115 145 177.878778339234 5.73199810622086
29 33 115 155 178.943332557366 5.28521250771994
29 34 115 165 178.693168748579 4.78185290682618
29 35 115 175 180.222926478463 4.50322645003226
30 0 125 -175 181.398265457404 4.37553168161042
30 1 125 -165 183.199215688975 4.88153379284193
30 2 125 -155 184.158911206525 4.88566635403022
30 3 125 -145 184.880322191432 5.2287064191116
30 4 125 -135 183.744582471689 5.6708892497264
30 5 125 -125 182.584495742494 5.59071637686183
30 6 125 -115 182.46332658594 6.09336936968816
30 7 125 -105 180.645950166599 5.97708737288427
30 8 125 -95 180.050683151404 5.93510469956975
30 9 125 -85 180 6
30 10 125 -75 180.611057433199 5.97059162769042
30 11 125 -65 180.240795063747 5.99586800852233
30 12 125 -55 180 6
30 13 125 -45 180.004134263397 5.99000328325632
30 14 125 -35 179.790644950925 5.61725577935418
30 15 125 -25 178.688316181991 6.3597761572816
30 16 125 -15 181.52455009562 5.84000988789864
30 17 125 -5 180.871433553458 6.28507000831133
30 18 125 5 180.545104819115 5.56697818869745
30 19 125 15 179.890830255051 5.73762168601284
30 20 125 25 180 6
30 21 125 35 180 6
30 22 125 45 180 6
30 23 125 55 179.985632241197 5.78948315241783
30 24 125 65 179.999220756397 5.98877317552772
30 25 125 75 180 6
30 26 125 85 180 6
30 27 125 95 180.20845057076 5.46092433587178
30 28 125 105 180.436124932454 5.89452726892577
30 29 125 115 180.406112259258 5.81255119133972
30 30 125 125 180.529038565755 5.86233989572228
30 31 125 135 180.405808975486 6.12449135936999
30 32 125 145 179.077318475173 5.4683327642784
30 33 125 155 177.690726691616 5.66946971159172
30 34 125 165 177.148532973676 5.37028385947182
30 35 125 175 179.429109521174 4.53358707347248
31 0 135 -175 181.359915908409 4.37077820534462
31 1 135 -165 182.403703550769 4.63748497825976
31 2 135 -155 184.55861344352 5.27503695395147
31 3 135 -145 182.868055965793 5.66396168171333
31 4 135 -135 183.039819407106 5.31699629260909
31 5 135 -125 181.624987652484 4.81309664982456
31 6 135 -115 181.41809249464 5.07294641567572
31 7 135 -105 180.765583814649 5.44347230101359
31 8 135 -95 180.104167800648 5.95479253751139
31 9 135 -85 179.272453971762 5.84494273409108
31 10 135 -75 179.913338530299 5.73037462844843
31 11 135 -65 180.071354823989 5.99978351582156
31 12 135 -55 180 6
31 13 135 -45 180.000580559016 5.99859737620257
31 14 135 -35 179.750287941878 5.8462460243686
31 15 135 -25 179.740346751402 5.62941882965961
31 16 135 -15 179.494882448426 6.24804112974904
31 17 135 -5 178.126417155762 6.83243259185261
31 18 135 5 179.646169654836 6.0047311930137
31 19 135 15 180 6
31 20 135 25 180 6
31 21 135 35 180 6
31 22 135 45 180 6
31 23 135 55 180 6
31 24 135 65 180 6
31 25 135 75 180 6
31 26 135 85 180 6
31 27 135 95 180.008144730138 5.99055339600377
31 28 135 105 180.001259880637 5.99854043256206
31 29 135 115 180.628621618297 6.94012590472996
31 30 135 125 181.115123545674 6.64666539936381
31 31 135 135 180.16259176629 5.91355151961201
31 32 135 145 180.080557899825 5.62946928022677
31 33 135 155 179.680447069921 6.30090735329604
31 34 135 165 178.383413523156 6.85640680293322
31 35 135 175 179.865636408715 5.47107468183078
32 0 145 -175 181.365460590135 4.71021024697607
32 1 145 -165 182.043509427686 4.531718090708
32 2 145 -155 183.578761803817 4.82332018613698
32 3 145 -145 183.478759290178 5.08590047417562
32 4 145 -135 182.877820101163 5.27407242420468
32 5 145 -125 181.26439453223 4.81063637285724
32 6 145 -115 179.974352636281 5.78881287354834
32 7 145 -105 179.986668529964 5.78134383260254
32 8 145 -95 179.945350834026 5.85286303638237
32 9 145 -85 179.75365232627 5.96357007014848
32 10 145 -75 179.919200606975 5.92194624881169
32 11 145 -65 180 6
32 12 145 -55 180 6
32 13 145 -45 180 6
32 14 145 -35 180.028350871887 5.4803578883972
32 15 145 -25 179.942587675138 5.7158431931608
32 16 145 -15 179.850648842235 5.86677430106609
32 17 145 -5 179.849737887578 6.09773868935096
32 18 145 5 179.984646361498 6.01251310037054
32 19 145 15 180 6
32 20 145 25 180 6
32 21 145 35 180 6
32 22 145 45 180 6
32 23 145 55 180 6
32 24 145 65 180 6
32 25 145 75 180 6
32 26 145 85 180 6
32 27 145 95 180 6
32 28 145 105 180 6
32 29 145 115 178.979796854297 6.50268128282814
32 30 145 125 179.665980382185 6.18764047568034
32 31 145 135 179.992629530604 5.99426812624117
32 32 145 145 178.618609479638 5.72047204132087
32 33 145 155 178.971228858786 5.09281034476268
32 34 145 165 180.219915669746 4.96983856113881
32 35 145 175 180.481234514795 5.42510878902318
33 0 155 -175 180.399393150028 4.59555125446921
33 1 155 -165 181.62356393238 4.35535784090897
33 2 155 -155 182.722214995531 4.57955980723757
33 3 155 -145 183.235313152802 4.50073818432615
33 4 155 -135 183.432606517661 5.45503204885512
33 5 155 -125 182.108346426358 5.26728669965509
33 6 155 -115 180.167167523366 5.59011289355786
33 7 155 -105 179.545571689611 5.62359711475158
33 8 155 -95 179.968161722656 5.8383870873251
33 9 155 -85 180.144404450807 5.76186787714172
33 10 155 -75 180.060954697449 6.03535122188242
33 11 155 -65 180 6
33 12 155 -55 180.097865262115 5.87916248989568
33 13 155 -45 180.042066146987 5.94855763019462
33 14 155 -35 179.986777938556 5.85286295295304
33 15 155 -25 179.935984239422 5.82313106047748
33 16 155 -15 179.924351718039 5.85094477036589
33 17 155 -5 180 6
33 18 155 5 180 6
33 19 155 15 180 6
33 20 155 25 180 6
33 21 155 35 180 6
33 22 155 45 180 6
33 23 155 55 180 6
33 24 155 65 180 6
33 25 155 75 180 6
33 26 155 85 180 6
33 27 155 95 180 6
33 28 155 105 180 6
33 29 155 115 180 6
33 30 155 125 180.004274643309 5.99426493813727
33 31 155 135 180.05764567184 5.38912005152638
33 32 155 145 179.432767466101 4.98288355186152
33 33 155 155 178.313820251269 5.8216901721708
33 34 155 165 179.226031795945 5.26040768426792
33 35 155 175 180.368640169757 5.15347978569368
34 0 165 -175 180.0879457915 3.96571336249404
34 1 165 -165 181.465405440352 4.33896629287694
34 2 165 -155 182.695642191231 4.48023006580728
34 3 165 -145 183.415502253104 4.67299296285497
34 4 165 -135 184.033522317674 5.33460035727056
34 5 165 -125 182.59741504449 5.08924616640162
34 6 165 -115 181.232945912948 5.09985451545009
34 7 165 -105 180.318831791133 5.54479325961652
34 8 165 -95 180.010057703626 5.96105142400265
34 9 165 -85 180.994241041678 6.32127983805006
34 10 165 -75 180.776454035837 6.39250375448468
34 11 165 -65 180 6
34 12 165 -55 180.182303286663 5.7715383713241
34 13 165 -45 180.080252176503 5.90121231166795
34 14 165 -35 180 6
34 15 165 -25 180 6
34 16 165 -15 180 6
34 17 165 -5 180 6
34 18 165 5 180 6
34 19 165 15 180 6
34 20 165 25 180 6
34 21 165 35 180 6
34 22 165 45 180 6
34 23 165 55 180 6
34 24 165 65 180 6
34 25 165 75 180 6
34 26 165 85 180.155211710131 6.01269908078334
34 27 165 95 180.617279084716 6.0267296139772
34 28 165 105 180 6
34 29 165 115 180 6
34 30 165 125 180.0018032856 5.99758166778947
34 31 165 135 179.892647890458 5.32815872499789
34 32 165 145 178.947509486588 5.23987487474069
34 33 165 155 179.248475138621 4.83311725853022
34 34 165 165 178.684663093872 5.89701851112344
34 35 165 175 178.992149963337 5.04497476012904
35 0 175 -175 180.210108536309 4.26804365920328
35 1 175 -165 181.295188593348 4.34868810218348
35 2 175 -155 182.390471795463 4.57134415369802
35 3 175 -145 183.165264533074 4.859524510752
35 4 175 -135 183.267577422151 5.01340983270406
35 5 175 -125 182.892990492592 5.40733116280714
35 6 175 -115 182.824390108419 6.43886752703775
35 7 175 -105 180.263593334392 5.96698748321081
35 8 175 -95 179.286845158093 6.16360321289686
35 9 175 -85 180 6
35 10 175 -75 180 6
35 11 175 -65 180 6
35 12 175 -55 180 6
35 13 175 -45 180 6
35 14 175 -35 180 6
35 15 175 -25 180 6
35 16 175 -15 180 6
35 17 175 -5 180 6
35 18 175 5 180 6
35 19 175 15 180 6
35 20 175 25 180 6
35 21 175 35 180 6
35 22 175 45 180 6
35 23 175 55 180 6
35 24 175 65 178.352303808687 7.71482902665762
35 25 175 75 179.108194461308 7.07344122538509
35 26 175 85 180.105868922049 5.99097130434006
35 27 175 95 180.365880197362 6.0234978943403
35 28 175 105 179.854139481049 6.01799593551101
35 29 175 115 179.029065722377 6.05297968260224
35 30 175 125 180 6
35 31 175 135 179.36755851599 6.07928161579552
35 32 175 145 178.899048455515 5.94386724490194
35 33 175 155 178.917656827907 4.8067245117646
35 34 175 165 178.740140528285 4.32980227822937
35 35 175 175 178.828388175635 4.49731341311386
