0 0 -175 -175 180 6
0 1 -175 -165 180 6
0 2 -175 -155 180 6
0 3 -175 -145 180 6
0 4 -175 -135 180 6
0 5 -175 -125 180 6
0 6 -175 -115 180 6
0 7 -175 -105 180 6
0 8 -175 -95 180 6
0 9 -175 -85 180 6
0 10 -175 -75 180 6
0 11 -175 -65 180 6
0 12 -175 -55 180 6
0 13 -175 -45 180 6
0 14 -175 -35 180 6
0 15 -175 -25 180 6
0 16 -175 -15 180 6
0 17 -175 -5 180 6
0 18 -175 5 180 6
0 19 -175 15 180 6
0 20 -175 25 180 6
0 21 -175 35 180 6
0 22 -175 45 180 6
0 23 -175 55 180 6
0 24 -175 65 180 6
0 25 -175 75 180 6
0 26 -175 85 180 6
0 27 -175 95 180 6
0 28 -175 105 180 6
0 29 -175 115 180 6
0 30 -175 125 180 6
0 31 -175 135 180 6
0 32 -175 145 180 6
0 33 -175 155 180 6
0 34 -175 165 180 6
0 35 -175 175 180 6
1 0 -165 -175 180 6
1 1 -165 -165 180 6
1 2 -165 -155 180 6
1 3 -165 -145 180 6
1 4 -165 -135 180 6
1 5 -165 -125 180 6
1 6 -165 -115 180 6
1 7 -165 -105 180 6
1 8 -165 -95 180 6
1 9 -165 -85 180 6
1 10 -165 -75 180 6
1 11 -165 -65 180 6
1 12 -165 -55 180 6
1 13 -165 -45 180 6
1 14 -165 -35 180 6
1 15 -165 -25 180 6
1 16 -165 -15 180 6
1 17 -165 -5 180 6
1 18 -165 5 180 6
1 19 -165 15 180 6
1 20 -165 25 180 6
1 21 -165 35 180 6
1 22 -165 45 180 6
1 23 -165 55 180 6
1 24 -165 65 180 6
1 25 -165 75 180 6
1 26 -165 85 180 6
1 27 -165 95 180 6
1 28 -165 105 180 6
1 29 -165 115 180 6
1 30 -165 125 180 6
1 31 -165 135 180 6
1 32 -165 145 180 6
1 33 -165 155 180 6
1 34 -165 165 180 6
1 35 -165 175 180 6
2 0 -155 -175 180 6
2 1 -155 -165 180 6
2 2 -155 -155 180 6
2 3 -155 -145 180 6
2 4 -155 -135 180 6
2 5 -155 -125 180 6
2 6 -155 -115 180 6
2 7 -155 -105 180 6
2 8 -155 -95 180 6
2 9 -155 -85 180 6
2 10 -155 -75 180 6
2 11 -155 -65 180 6
2 12 -155 -55 180 6
2 13 -155 -45 180 6
2 14 -155 -35 180 6
2 15 -155 -25 180 6
2 16 -155 -15 180 6
2 17 -155 -5 180 6
2 18 -155 5 180 6
2 19 -155 15 180 6
2 20 -155 25 180 6
2 21 -155 35 180 6
2 22 -155 45 180 6
2 23 -155 55 180 6
2 24 -155 65 180 6
2 25 -155 75 180 6
2 26 -155 85 180 6
2 27 -155 95 180 6
2 28 -155 105 180 6
2 29 -155 115 180 6
2 30 -155 125 180 6
2 31 -155 135 180 6
2 32 -155 145 180 6
2 33 -155 155 180 6
2 34 -155 165 180 6
2 35 -155 175 180 6
3 0 -145 -175 179.927040696346 5.84706611033338
3 1 -145 -165 179.937244572415 5.86874927312511
3 2 -145 -155 180 6
3 3 -145 -145 180 6
3 4 -145 -135 180 6
3 5 -145 -125 180 6
3 6 -145 -115 180 6
3 7 -145 -105 180 6
3 8 -145 -95 180 6
3 9 -145 -85 180 6
3 10 -145 -75 180 6
3 11 -145 -65 180 6
3 12 -145 -55 180 6
3 13 -145 -45 180 6
3 14 -145 -35 180 6
3 15 -145 -25 180 6
3 16 -145 -15 180 6
3 17 -145 -5 180 6
3 18 -145 5 180 6
3 19 -145 15 180 6
3 20 -145 25 180 6
3 21 -145 35 180 6
3 22 -145 45 180 6
3 23 -145 55 180 6
3 24 -145 65 180 6
3 25 -145 75 180 6
3 26 -145 85 180 6
3 27 -145 95 180 6
3 28 -145 105 180 6
3 29 -145 115 180 6
3 30 -145 125 180 6
3 31 -145 135 180 6
3 32 -145 145 180 6
3 33 -145 155 180 6
3 34 -145 165 180 6
3 35 -145 175 180 6
4 0 -135 -175 179.932367105557 5.85839692097008
4 1 -135 -165 179.941859352932 5.87852356696128
4 2 -135 -155 180 6
4 3 -135 -145 180 6
4 4 -135 -135 180 6
4 5 -135 -125 180 6
4 6 -135 -115 180 6
4 7 -135 -105 180 6
4 8 -135 -95 180 6
4 9 -135 -85 180 6
4 10 -135 -75 180 6
4 11 -135 -65 180 6
4 12 -135 -55 180 6
4 13 -135 -45 180 6
4 14 -135 -35 180 6
4 15 -135 -25 180 6
4 16 -135 -15 180 6
4 17 -135 -5 180 6
4 18 -135 5 180 6
4 19 -135 15 180 6
4 20 -135 25 180 6
4 21 -135 35 180 6
4 22 -135 45 180 6
4 23 -135 55 180 6
4 24 -135 65 180 6
4 25 -135 75 180 6
4 26 -135 85 180 6
4 27 -135 95 180 6
4 28 -135 105 180 6
4 29 -135 115 180 6
4 30 -135 125 180 6
4 31 -135 135 180 6
4 32 -135 145 180 6
4 33 -135 155 180 6
4 34 -135 165 180 6
4 35 -135 175 180 6
5 0 -125 -175 180 6
5 1 -125 -165 180 6
5 2 -125 -155 180 6
5 3 -125 -145 180 6
5 4 -125 -135 180 6
5 5 -125 -125 180 6
5 6 -125 -115 180 6
5 7 -125 -105 180 6
5 8 -125 -95 180 6
5 9 -125 -85 180 6
5 10 -125 -75 180 6
5 11 -125 -65 180 6
5 12 -125 -55 180 6
5 13 -125 -45 180 6
5 14 -125 -35 180 6
5 15 -125 -25 180 6
5 16 -125 -15 180 6
5 17 -125 -5 180 6
5 18 -125 5 180 6
5 19 -125 15 180 6
5 20 -125 25 180 6
5 21 -125 35 180 6
5 22 -125 45 180 6
5 23 -125 55 180 6
5 24 -125 65 180 6
5 25 -125 75 180 6
5 26 -125 85 180 6
5 27 -125 95 180 6
5 28 -125 105 180 6
5 29 -125 115 180 6
5 30 -125 125 180 6
5 31 -125 135 180 6
5 32 -125 145 180 6
5 33 -125 155 180 6
5 34 -125 165 180 6
5 35 -125 175 180 6
6 0 -115 -175 180 6
6 1 -115 -165 180 6
6 2 -115 -155 180 6
6 3 -115 -145 180 6
6 4 -115 -135 180 6
6 5 -115 -125 180 6
6 6 -115 -115 180 6
6 7 -115 -105 180 6
6 8 -115 -95 180 6
6 9 -115 -85 180 6
6 10 -115 -75 180 6
6 11 -115 -65 180 6
6 12 -115 -55 180 6
6 13 -115 -45 180 6
6 14 -115 -35 180 6
6 15 -115 -25 180 6
6 16 -115 -15 180 6
6 17 -115 -5 180 6
6 18 -115 5 180 6
6 19 -115 15 180 6
6 20 -115 25 180 6
6 21 -115 35 180 6
6 22 -115 45 180 6
6 23 -115 55 180 6
6 24 -115 65 180 6
6 25 -115 75 180 6
6 26 -115 85 180 6
6 27 -115 95 180 6
6 28 -115 105 180 6
6 29 -115 115 180 6
6 30 -115 125 180 6
6 31 -115 135 180 6
6 32 -115 145 180.046340433767 5.82518527363058
6 33 -115 155 180.039474136246 5.85144046945605
6 34 -115 165 180 6
6 35 -115 175 180 6
7 0 -105 -175 180 6
7 1 -105 -165 180 6
7 2 -105 -155 180 6
7 3 -105 -145 180 6
7 4 -105 -135 180 6
7 5 -105 -125 180 6
7 6 -105 -115 180 6
7 7 -105 -105 180 6
7 8 -105 -95 180 6
7 9 -105 -85 180 6
7 10 -105 -75 180 6
7 11 -105 -65 180 6
7 12 -105 -55 180 6
7 13 -105 -45 180 6
7 14 -105 -35 180 6
7 15 -105 -25 180 6
7 16 -105 -15 180 6
7 17 -105 -5 180.239681490212 6.06751930598078
7 18 -105 5 180.419681596254 5.92194764201433
7 19 -105 15 180.151488997914 6.01222908528603
7 20 -105 25 180 6
7 21 -105 35 180 6
7 22 -105 45 180 6
7 23 -105 55 180 6
7 24 -105 65 180 6
7 25 -105 75 180 6
7 26 -105 85 180.025873360722 5.97855777383402
7 27 -105 95 180.117620343195 5.90098144604326
7 28 -105 105 180 6
7 29 -105 115 180 6
7 30 -105 125 180 6
7 31 -105 135 179.860033431471 7.39825866717396
7 32 -105 145 178.923249842145 7.97749159511019
7 33 -105 155 180.060485809126 5.74317706943865
7 34 -105 165 178.070427209918 6.90836596282447
7 35 -105 175 179.816200517611 6.16068017553022
8 0 -95 -175 179.701080738416 6.02399680922171
8 1 -95 -165 179.879491745737 5.84690651736865
8 2 -95 -155 180.03766783125 5.79587951507893
8 3 -95 -145 180 6
8 4 -95 -135 180 6
8 5 -95 -125 180 6
8 6 -95 -115 180 6
8 7 -95 -105 180 6
8 8 -95 -95 180 6
8 9 -95 -85 180 6
8 10 -95 -75 180 6
8 11 -95 -65 180 6
8 12 -95 -55 180 6
8 13 -95 -45 180 6
8 14 -95 -35 180 6
8 15 -95 -25 180.030534805203 5.971786624459
8 16 -95 -15 180.114220859158 6.10685777139413
8 17 -95 -5 183.277715551992 8.90324269176251
8 18 -95 5 182.332534064051 6.83801045648455
8 19 -95 15 181.391351385901 6.24793136414185
8 20 -95 25 181.073975212747 5.78532414249805
8 21 -95 35 180.058717004318 5.98902370693396
8 22 -95 45 180 6
8 23 -95 55 180 6
8 24 -95 65 180.003532716381 5.99950760098757
8 25 -95 75 180.201795464541 5.91559191083663
8 26 -95 85 180.545698161326 5.60519791712893
8 27 -95 95 180.886537954962 5.97637818173454
8 28 -95 105 180.66137548454 5.94987203387315
8 29 -95 115 181.852642833057 6.37259586868448
8 30 -95 125 179.84129755109 5.79741332585751
8 31 -95 135 178.108949766345 7.17021510838073
8 32 -95 145 177.720690111372 7.2931878785578
8 33 -95 155 175.117577977327 7.01023696941425
8 34 -95 165 174.919568823479 7.35266790782531
8 35 -95 175 176.279939894848 6.72988602542637
9 0 -85 -175 179.03009081019 5.64672314115359
9 1 -85 -165 179.382208991622 5.9923414295303
9 2 -85 -155 180.019607919589 5.89465761296675
9 3 -85 -145 180 6
9 4 -85 -135 180 6
9 5 -85 -125 180 6
9 6 -85 -115 180 6
9 7 -85 -105 180 6
9 8 -85 -95 180 6
9 9 -85 -85 180 6
9 10 -85 -75 180 6
9 11 -85 -65 180 6
9 12 -85 -55 180 6
9 13 -85 -45 180 6
9 14 -85 -35 179.997388144616 5.9730258598935
9 15 -85 -25 180.757482275921 5.65762331678089
9 16 -85 -15 182.65973728843 6.28227064195197
9 17 -85 -5 182.244812947424 7.4915926243823
9 18 -85 5 184.139035941531 7.39338416613353
9 19 -85 15 180.936730560275 5.11264642753819
9 20 -85 25 180.722907926257 5.07739208115796
9 21 -85 35 180.080946439331 5.94002022546268
9 22 -85 45 180.092332185138 5.87211201797827
9 23 -85 55 179.799040189035 5.8900190025227
9 24 -85 65 180.11481327634 6.0422930064211
9 25 -85 75 181.870101528746 5.93016275407925
9 26 -85 85 182.292257063459 6.6895083099481
9 27 -85 95 184.301047967148 6.6076272976177
9 28 -85 105 183.154424344592 6.11619602887422
9 29 -85 115 180.999885312291 5.60633462960815
9 30 -85 125 179.838026966312 5.03972511931081
9 31 -85 135 177.639591944131 5.82570412449775
9 32 -85 145 174.000075275011 6.70622967909625
9 33 -85 155 173.071556518888 6.52761574211742
9 34 -85 165 173.572896853709 6.51922858470155
9 35 -85 175 176.644233288855 6.63660760474165
10 0 -75 -175 179.631821822501 5.60548265265355
10 1 -75 -165 180.074882901627 5.58529985940032
10 2 -75 -155 179.989396769081 5.91601344986237
10 3 -75 -145 179.967109606833 5.73540849339428
10 4 -75 -135 180 6
10 5 -75 -125 180 6
10 6 -75 -115 180 6
10 7 -75 -105 180 6
10 8 -75 -95 180 6
10 9 -75 -85 180 6
10 10 -75 -75 180 6
10 11 -75 -65 180 6
10 12 -75 -55 180.124036370281 6.05993901057566
10 13 -75 -45 180.501882398563 6.09395315155245
10 14 -75 -35 180.746542216051 5.53352905142084
10 15 -75 -25 180.634144129062 5.80717958317724
10 16 -75 -15 180.598472203557 5.92801683556747
10 17 -75 -5 180.879940118223 6.24064802995407
10 18 -75 5 181.886513489114 6.14215617147457
10 19 -75 15 181.272641375063 5.9728853735868
10 20 -75 25 180.235575029269 5.89161289690249
10 21 -75 35 180.663970391549 5.92623433230009
10 22 -75 45 180.257276048978 5.4261281259617
10 23 -75 55 180.484983055557 5.64875321733384
10 24 -75 65 180.497830419639 5.48632089038897
10 25 -75 75 181.754267484725 5.91673695422132
10 26 -75 85 182.276889909541 5.68262566985484
10 27 -75 95 184.320671614584 5.64561672465781
10 28 -75 105 184.671580947678 6.08953604380507
10 29 -75 115 182.715497407542 5.18237689727199
10 30 -75 125 180.805613511229 4.75811964753876
10 31 -75 135 178.918154122195 5.19031142296034
10 32 -75 145 175.915077459524 6.16534431608185
10 33 -75 155 174.534215546975 6.04107301608421
10 34 -75 165 174.741772438155 6.29273465180266
10 35 -75 175 176.711311437986 6.48369312257445
11 0 -65 -175 180.597981376686 5.39540654086314
11 1 -65 -165 180.406371703608 5.6303282159674
11 2 -65 -155 179.993413287347 5.94796942313605
11 3 -65 -145 179.979089078595 5.83319031817122
11 4 -65 -135 180 6
11 5 -65 -125 180 6
11 6 -65 -115 180 6
11 7 -65 -105 180 6
11 8 -65 -95 180 6
11 9 -65 -85 180 6
11 10 -65 -75 180 6
11 11 -65 -65 180 6
11 12 -65 -55 180.792665789537 5.58077478736233
11 13 -65 -45 180.800868547309 4.15112789160443
11 14 -65 -35 179.623916289438 3.20346665657166
11 15 -65 -25 178.873411129557 3.4503358143177
11 16 -65 -15 179.049312960426 4.30490712575221
11 17 -65 -5 179.566856967059 5.52866838128955
11 18 -65 5 178.639506480404 6.1376769185327
11 19 -65 15 179.519655911853 6.6954758985092
11 20 -65 25 180.474196326025 5.6871997824548
11 21 -65 35 180.801742239329 6.03026617056007
11 22 -65 45 180.244113007615 6.00467979177873
11 23 -65 55 180.183279557841 5.95125930729577
11 24 -65 65 179.986058217272 5.47286656542133
11 25 -65 75 180.180631522865 5.7235519764911
11 26 -65 85 180.47293454301 5.97109880495498
11 27 -65 95 180.879560691851 6.20660239016197
11 28 -65 105 183.194962607742 6.41071261067455
11 29 -65 115 183.743066036404 5.70545753051774
11 30 -65 125 181.529014390882 5.1051127158225
11 31 -65 135 179.594960736555 5.31206473449598
11 32 -65 145 177.554309038439 5.53027155455094
11 33 -65 155 176.127103301626 5.72537002596301
11 34 -65 165 176.121688289311 6.40359955531057
11 35 -65 175 177.743453572143 6.24758397689601
12 0 -55 -175 180.137934517257 5.81856519118368
12 1 -55 -165 180.030138040714 5.9543277091627
12 2 -55 -155 180 6
12 3 -55 -145 180 6
12 4 -55 -135 180 6
12 5 -55 -125 180 6
12 6 -55 -115 180 6
12 7 -55 -105 180 6
12 8 -55 -95 180 6
12 9 -55 -85 180 6
12 10 -55 -75 180 6
12 11 -55 -65 180.238667797143 5.83928867872636
12 12 -55 -55 181.093293769344 4.33820650434234
12 13 -55 -45 180.545568198609 2.71729519955785
12 14 -55 -35 179.826635462108 2.65444452353441
12 15 -55 -25 179.44643805004 2.86689798829145
12 16 -55 -15 179.404938390705 3.62294212285608
12 17 -55 -5 179.115558120437 4.78979379318121
12 18 -55 5 177.456871849663 5.57908241290709
12 19 -55 15 179.78237597608 6.12663197852352
12 20 -55 25 180 6
12 21 -55 35 180 6
12 22 -55 45 180 6
12 23 -55 55 180 6
12 24 -55 65 180 6
12 25 -55 75 180 6
12 26 -55 85 180 6
12 27 -55 95 180 6
12 28 -55 105 180.813016770774 6.2431512261961
12 29 -55 115 182.505906656739 6.61638176582793
12 30 -55 125 181.697629664588 5.72951606656423
12 31 -55 135 180.430821930298 5.2525008726521
12 32 -55 145 178.817711245163 5.29481379303335
12 33 -55 155 177.769629931375 5.41777205491305
12 34 -55 165 177.863425906981 5.71276372509777
12 35 -55 175 179.536287091129 5.40209935561819
13 0 -45 -175 180 6
13 1 -45 -165 180 6
13 2 -45 -155 180 6
13 3 -45 -145 180 6
13 4 -45 -135 180 6
13 5 -45 -125 180 6
13 6 -45 -115 180 6
13 7 -45 -105 180 6
13 8 -45 -95 180 6
13 9 -45 -85 180 6
13 10 -45 -75 180.489125115409 5.90618615194728
13 11 -45 -65 180.342240008376 5.23742412747957
13 12 -45 -55 181.780971896951 3.33082415196345
13 13 -45 -45 181.124268869088 2.54928827592187
13 14 -45 -35 180.533268637473 2.58791539313895
13 15 -45 -25 180.099548131777 2.70631362714354
13 16 -45 -15 179.490066266948 3.27385071408031
13 17 -45 -5 178.222520163004 5.08868086100518
13 18 -45 5 179.820111089118 5.92251703831343
13 19 -45 15 180 6
13 20 -45 25 180 6
13 21 -45 35 180 6
13 22 -45 45 180 6
13 23 -45 55 180 6
13 24 -45 65 180 6
13 25 -45 75 180 6
13 26 -45 85 180 6
13 27 -45 95 180 6
13 28 -45 105 180 6
13 29 -45 115 180.096937921048 5.5669014421036
13 30 -45 125 181.378128474868 4.69265332462144
13 31 -45 135 181.191574964552 4.98775101934246
13 32 -45 145 180.331284822677 5.38781363142217
13 33 -45 155 179.589434317157 5.46127973117014
13 34 -45 165 180.334453977843 7.74110762012188
13 35 -45 175 181.130698306568 7.94094287191261
14 0 -35 -175 180 6
14 1 -35 -165 180 6
14 2 -35 -155 180 6
14 3 -35 -145 180 6
14 4 -35 -135 180 6
14 5 -35 -125 180 6
14 6 -35 -115 180 6
14 7 -35 -105 180 6
14 8 -35 -95 180 6
14 9 -35 -85 180 6
14 10 -35 -75 180.232153646561 5.96066365927785
14 11 -35 -65 180.825729988388 5.10600924024653
14 12 -35 -55 181.757314558661 3.20834289887402
14 13 -35 -45 181.818668296516 2.57909003796217
14 14 -35 -35 181.313693691788 2.59909076345196
14 15 -35 -25 180.168531199138 3.6062477173203
14 16 -35 -15 179.530788113684 5.26361091561938
14 17 -35 -5 180.102162464078 5.67272769346657
14 18 -35 5 180.039011446366 5.87738962387612
14 19 -35 15 180 6
14 20 -35 25 180 6
14 21 -35 35 180 6
14 22 -35 45 180 6
14 23 -35 55 180 6
14 24 -35 65 180 6
14 25 -35 75 180 6
14 26 -35 85 180 6
14 27 -35 95 180 6
14 28 -35 105 180 6
14 29 -35 115 180.31559280611 5.49231149725059
14 30 -35 125 181.772052443278 6.39645679564106
14 31 -35 135 182.10900849558 6.00869302286283
14 32 -35 145 181.826683609711 5.74983095181446
14 33 -35 155 182.072749452252 6.63860851789645
14 34 -35 165 180.321744224256 6.23356883443676
14 35 -35 175 180 6
15 0 -25 -175 180 6
15 1 -25 -165 180 6
15 2 -25 -155 180 6
15 3 -25 -145 180 6
15 4 -25 -135 180 6
15 5 -25 -125 180 6
15 6 -25 -115 180 6
15 7 -25 -105 180 6
15 8 -25 -95 180 6
15 9 -25 -85 180 6
15 10 -25 -75 180.1401713735 5.87054095619281
15 11 -25 -65 180.762479002614 5.73245673805625
15 12 -25 -55 181.745053663254 4.9180638720451
15 13 -25 -45 180.917219946028 4.72426946507553
15 14 -25 -35 181.523185559535 5.99144735020878
15 15 -25 -25 180 6
15 16 -25 -15 180 6
15 17 -25 -5 180 6
15 18 -25 5 180 6
15 19 -25 15 180 6
15 20 -25 25 180 6
15 21 -25 35 180 6
15 22 -25 45 180 6
15 23 -25 55 180 6
15 24 -25 65 180 6
15 25 -25 75 180 6
15 26 -25 85 180 6
15 27 -25 95 180 6
15 28 -25 105 180 6
15 29 -25 115 179.96262469338 5.97550022207344
15 30 -25 125 179.515230124363 5.65487938748972
15 31 -25 135 180 6
15 32 -25 145 180.005863045205 5.99499278363747
15 33 -25 155 180.159296667622 6.09328394598195
15 34 -25 165 180.022031764243 6.01774475571211
15 35 -25 175 180 6
16 0 -15 -175 180 6
16 1 -15 -165 180 6
16 2 -15 -155 180 6
16 3 -15 -145 180 6
16 4 -15 -135 180 6
16 5 -15 -125 180 6
16 6 -15 -115 180 6
16 7 -15 -105 180 6
16 8 -15 -95 180 6
16 9 -15 -85 180 6
16 10 -15 -75 180.085513383731 5.92175313493593
16 11 -15 -65 180.127991070357 5.80538016950467
16 12 -15 -55 180.018823021436 5.92718758653483
16 13 -15 -45 180 6
16 14 -15 -35 180 6
16 15 -15 -25 180 6
16 16 -15 -15 180 6
16 17 -15 -5 180 6
16 18 -15 5 180 6
16 19 -15 15 180 6
16 20 -15 25 180 6
16 21 -15 35 180 6
16 22 -15 45 180 6
16 23 -15 55 180 6
16 24 -15 65 180 6
16 25 -15 75 180 6
16 26 -15 85 180 6
16 27 -15 95 180 6
16 28 -15 105 180 6
16 29 -15 115 179.997509121862 5.99837756705104
16 30 -15 125 179.287128245167 6.33357837205528
16 31 -15 135 179.741117262901 6.14828778176258
16 32 -15 145 180 6
16 33 -15 155 180 6
16 34 -15 165 180 6
16 35 -15 175 180 6
17 0 -5 -175 180 6
17 1 -5 -165 180 6
17 2 -5 -155 180 6
17 3 -5 -145 180 6
17 4 -5 -135 180 6
17 5 -5 -125 180 6
17 6 -5 -115 180 6
17 7 -5 -105 180 6
17 8 -5 -95 180 6
17 9 -5 -85 180 6
17 10 -5 -75 180 6
17 11 -5 -65 180.057519473087 5.77442369542612
17 12 -5 -55 180.041511570727 5.83813478003388
17 13 -5 -45 180 6
17 14 -5 -35 180 6
17 15 -5 -25 180 6
17 16 -5 -15 180 6
17 17 -5 -5 180 6
17 18 -5 5 180 6
17 19 -5 15 180 6
17 20 -5 25 180 6
17 21 -5 35 180 6
17 22 -5 45 180 6
17 23 -5 55 180 6
17 24 -5 65 180 6
17 25 -5 75 180 6
17 26 -5 85 180 6
17 27 -5 95 180 6
17 28 -5 105 180 6
17 29 -5 115 180 6
17 30 -5 125 179.235304418169 6.39799674848195
17 31 -5 135 179.709745825946 6.16527663319847
17 32 -5 145 180 6
17 33 -5 155 180 6
17 34 -5 165 180 6
17 35 -5 175 180 6
18 0 5 -175 180 6
18 1 5 -165 180 6
18 2 5 -155 180 6
18 3 5 -145 180 6
18 4 5 -135 180 6
18 5 5 -125 180 6
18 6 5 -115 180 6
18 7 5 -105 180 6
18 8 5 -95 180 6
18 9 5 -85 180 6
18 10 5 -75 180 6
18 11 5 -65 180 6
18 12 5 -55 180 6
18 13 5 -45 180 6
18 14 5 -35 180 6
18 15 5 -25 180 6
18 16 5 -15 180 6
18 17 5 -5 180 6
18 18 5 5 180 6
18 19 5 15 180 6
18 20 5 25 180 6
18 21 5 35 180 6
18 22 5 45 180 6
18 23 5 55 180 6
18 24 5 65 180 6
18 25 5 75 180 6
18 26 5 85 180 6
18 27 5 95 180 6
18 28 5 105 180 6
18 29 5 115 180 6
18 30 5 125 180 6
18 31 5 135 180 6
18 32 5 145 180 6
18 33 5 155 180 6
18 34 5 165 180 6
18 35 5 175 180 6
19 0 15 -175 180 6
19 1 15 -165 180 6
19 2 15 -155 180 6
19 3 15 -145 180 6
19 4 15 -135 180 6
19 5 15 -125 180 6
19 6 15 -115 180 6
19 7 15 -105 180 6
19 8 15 -95 180 6
19 9 15 -85 180 6
19 10 15 -75 180 6
19 11 15 -65 180 6
19 12 15 -55 180 6
19 13 15 -45 180 6
19 14 15 -35 180 6
19 15 15 -25 180 6
19 16 15 -15 180 6
19 17 15 -5 180 6
19 18 15 5 180 6
19 19 15 15 180 6
19 20 15 25 180 6
19 21 15 35 180 6
19 22 15 45 180 6
19 23 15 55 180 6
19 24 15 65 180 6
19 25 15 75 180 6
19 26 15 85 180 6
19 27 15 95 180 6
19 28 15 105 180 6
19 29 15 115 180 6
19 30 15 125 180 6
19 31 15 135 180 6
19 32 15 145 180 6
19 33 15 155 180 6
19 34 15 165 180 6
19 35 15 175 180 6
20 0 25 -175 180 6
20 1 25 -165 180 6
20 2 25 -155 180 6
20 3 25 -145 180 6
20 4 25 -135 180 6
20 5 25 -125 180 6
20 6 25 -115 180 6
20 7 25 -105 180 6
20 8 25 -95 180 6
20 9 25 -85 180 6
20 10 25 -75 180 6
20 11 25 -65 180 6
20 12 25 -55 180 6
20 13 25 -45 180 6
20 14 25 -35 180 6
20 15 25 -25 180 6
20 16 25 -15 180 6
20 17 25 -5 180 6
20 18 25 5 180 6
20 19 25 15 180 6
20 20 25 25 180 6
20 21 25 35 180 6
20 22 25 45 180 6
20 23 25 55 180 6
20 24 25 65 180 6
20 25 25 75 180 6
20 26 25 85 180 6
20 27 25 95 180 6
20 28 25 105 180 6
20 29 25 115 180 6
20 30 25 125 180 6
20 31 25 135 180 6
20 32 25 145 180 6
20 33 25 155 180 6
20 34 25 165 180 6
20 35 25 175 180 6
21 0 35 -175 180 6
21 1 35 -165 180 6
21 2 35 -155 180 6
21 3 35 -145 180 6
21 4 35 -135 180 6
21 5 35 -125 180 6
21 6 35 -115 180 6
21 7 35 -105 180 6
21 8 35 -95 180 6
21 9 35 -85 180 6
21 10 35 -75 180 6
21 11 35 -65 180 6
21 12 35 -55 180 6
21 13 35 -45 180 6
21 14 35 -35 180 6
21 15 35 -25 180 6
21 16 35 -15 180 6
21 17 35 -5 180 6
21 18 35 5 180 6
21 19 35 15 180 6
21 20 35 25 180 6
21 21 35 35 180 6
21 22 35 45 180 6
21 23 35 55 180 6
21 24 35 65 180 6
21 25 35 75 180 6
21 26 35 85 180 6
21 27 35 95 180 6
21 28 35 105 180 6
21 29 35 115 180 6
21 30 35 125 180 6
21 31 35 135 180 6
21 32 35 145 180 6
21 33 35 155 180 6
21 34 35 165 180 6
21 35 35 175 180 6
22 0 45 -175 180 6
22 1 45 -165 180 6
22 2 45 -155 180 6
22 3 45 -145 180 6
22 4 45 -135 180 6
22 5 45 -125 180 6
22 6 45 -115 180 6
22 7 45 -105 180 6
22 8 45 -95 180 6
22 9 45 -85 180 6
22 10 45 -75 180 6
22 11 45 -65 180 6
22 12 45 -55 180 6
22 13 45 -45 180 6
22 14 45 -35 180 6
22 15 45 -25 180 6
22 16 45 -15 180 6
22 17 45 -5 180 6
22 18 45 5 180 6
22 19 45 15 180 6
22 20 45 25 180 6
22 21 45 35 180 6
22 22 45 45 180 6
22 23 45 55 180 6
22 24 45 65 180 6
22 25 45 75 180 6
22 26 45 85 180 6
22 27 45 95 180 6
22 28 45 105 180 6
22 29 45 115 180 6
22 30 45 125 180 6
22 31 45 135 180 6
22 32 45 145 180 6
22 33 45 155 180 6
22 34 45 165 180 6
22 35 45 175 180 6
23 0 55 -175 180 6
23 1 55 -165 180 6
23 2 55 -155 180 6
23 3 55 -145 180 6
23 4 55 -135 180 6
23 5 55 -125 180 6
23 6 55 -115 180 6
23 7 55 -105 180 6
23 8 55 -95 180 6
23 9 55 -85 180 6
23 10 55 -75 180 6
23 11 55 -65 180 6
23 12 55 -55 180 6
23 13 55 -45 180 6
23 14 55 -35 180 6
23 15 55 -25 180 6
23 16 55 -15 180 6
23 17 55 -5 180 6
23 18 55 5 180 6
23 19 55 15 180 6
23 20 55 25 180 6
23 21 55 35 180 6
23 22 55 45 180 6
23 23 55 55 180 6
23 24 55 65 180 6
23 25 55 75 180 6
23 26 55 85 180 6
23 27 55 95 180 6
23 28 55 105 180 6
23 29 55 115 180 6
23 30 55 125 180 6
23 31 55 135 180 6
23 32 55 145 180 6
23 33 55 155 180 6
23 34 55 165 180 6
23 35 55 175 180 6
24 0 65 -175 180 6
24 1 65 -165 180 6
24 2 65 -155 180 6
24 3 65 -145 180 6
24 4 65 -135 180 6
24 5 65 -125 180 6
24 6 65 -115 180 6
24 7 65 -105 180 6
24 8 65 -95 180 6
24 9 65 -85 180 6
24 10 65 -75 180 6
24 11 65 -65 180 6
24 12 65 -55 180 6
24 13 65 -45 180 6
24 14 65 -35 180 6
24 15 65 -25 180 6
24 16 65 -15 180 6
24 17 65 -5 180 6
24 18 65 5 180 6
24 19 65 15 180 6
24 20 65 25 180 6
24 21 65 35 180 6
24 22 65 45 180 6
24 23 65 55 180 6
24 24 65 65 180 6
24 25 65 75 180 6
24 26 65 85 180 6
24 27 65 95 180 6
24 28 65 105 180 6
24 29 65 115 180 6
24 30 65 125 180 6
24 31 65 135 180 6
24 32 65 145 180 6
24 33 65 155 180 6
24 34 65 165 180 6
24 35 65 175 180 6
25 0 75 -175 180 6
25 1 75 -165 180 6
25 2 75 -155 180 6
25 3 75 -145 180 6
25 4 75 -135 180 6
25 5 75 -125 180 6
25 6 75 -115 180 6
25 7 75 -105 180 6
25 8 75 -95 180 6
25 9 75 -85 180 6
25 10 75 -75 180 6
25 11 75 -65 180 6
25 12 75 -55 180 6
25 13 75 -45 180 6
25 14 75 -35 180 6
25 15 75 -25 180 6
25 16 75 -15 180 6
25 17 75 -5 180 6
25 18 75 5 180 6
25 19 75 15 180 6
25 20 75 25 180 6
25 21 75 35 180 6
25 22 75 45 180 6
25 23 75 55 180 6
25 24 75 65 180 6
25 25 75 75 180 6
25 26 75 85 180 6
25 27 75 95 180 6
25 28 75 105 180 6
25 29 75 115 180 6
25 30 75 125 180 6
25 31 75 135 180 6
25 32 75 145 180 6
25 33 75 155 180 6
25 34 75 165 180 6
25 35 75 175 180 6
26 0 85 -175 180 6
26 1 85 -165 180 6
26 2 85 -155 180 6
26 3 85 -145 180 6
26 4 85 -135 180 6
26 5 85 -125 180 6
26 6 85 -115 180 6
26 7 85 -105 180 6
26 8 85 -95 180 6
26 9 85 -85 180 6
26 10 85 -75 180 6
26 11 85 -65 180 6
26 12 85 -55 180 6
26 13 85 -45 180 6
26 14 85 -35 180 6
26 15 85 -25 180 6
26 16 85 -15 180 6
26 17 85 -5 180 6
26 18 85 5 180 6
26 19 85 15 180 6
26 20 85 25 180 6
26 21 85 35 180 6
26 22 85 45 180 6
26 23 85 55 180 6
26 24 85 65 180 6
26 25 85 75 180 6
26 26 85 85 180 6
26 27 85 95 180 6
26 28 85 105 180 6
26 29 85 115 180 6
26 30 85 125 180 6
26 31 85 135 180 6
26 32 85 145 180 6
26 33 85 155 180 6
26 34 85 165 180 6
26 35 85 175 180 6
27 0 95 -175 180 6
27 1 95 -165 180 6
27 2 95 -155 180 6
27 3 95 -145 180 6
27 4 95 -135 180 6
27 5 95 -125 180 6
27 6 95 -115 180 6
27 7 95 -105 180 6
27 8 95 -95 180 6
27 9 95 -85 180 6
27 10 95 -75 180 6
27 11 95 -65 180 6
27 12 95 -55 180 6
27 13 95 -45 180 6
27 14 95 -35 180 6
27 15 95 -25 180 6
27 16 95 -15 180 6
27 17 95 -5 180 6
27 18 95 5 180 6
27 19 95 15 180 6
27 20 95 25 180 6
27 21 95 35 180 6
27 22 95 45 180 6
27 23 95 55 180 6
27 24 95 65 180 6
27 25 95 75 180 6
27 26 95 85 180 6
27 27 95 95 180 6
27 28 95 105 180 6
27 29 95 115 180 6
27 30 95 125 180 6
27 31 95 135 180 6
27 32 95 145 180 6
27 33 95 155 180 6
27 34 95 165 180 6
27 35 95 175 180 6
28 0 105 -175 180 6
28 1 105 -165 180 6
28 2 105 -155 180 6
28 3 105 -145 180 6
28 4 105 -135 180 6
28 5 105 -125 180 6
28 6 105 -115 180 6
28 7 105 -105 180 6
28 8 105 -95 180 6
28 9 105 -85 180 6
28 10 105 -75 180 6
28 11 105 -65 180 6
28 12 105 -55 180 6
28 13 105 -45 180 6
28 14 105 -35 180 6
28 15 105 -25 180 6
28 16 105 -15 180 6
28 17 105 -5 180 6
28 18 105 5 180 6
28 19 105 15 180 6
28 20 105 25 180 6
28 21 105 35 180 6
28 22 105 45 180 6
28 23 105 55 180 6
28 24 105 65 180 6
28 25 105 75 180 6
28 26 105 85 180 6
28 27 105 95 180 6
28 28 105 105 180 6
28 29 105 115 180 6
28 30 105 125 180 6
28 31 105 135 180 6
28 32 105 145 180 6
28 33 105 155 180 6
28 34 105 165 180 6
28 35 105 175 180 6
29 0 115 -175 180 6
29 1 115 -165 180 6
29 2 115 -155 180 6
29 3 115 -145 180 6
29 4 115 -135 180 6
29 5 115 -125 180 6
29 6 115 -115 180 6
29 7 115 -105 180 6
29 8 115 -95 180 6
29 9 115 -85 180 6
29 10 115 -75 180 6
29 11 115 -65 180 6
29 12 115 -55 180 6
29 13 115 -45 180 6
29 14 115 -35 180 6
29 15 115 -25 180 6
29 16 115 -15 180 6
29 17 115 -5 180 6
29 18 115 5 180 6
29 19 115 15 180 6
29 20 115 25 180 6
29 21 115 35 180 6
29 22 115 45 180 6
29 23 115 55 180 6
29 24 115 65 180 6
29 25 115 75 180 6
29 26 115 85 180 6
29 27 115 95 180 6
29 28 115 105 180 6
29 29 115 115 180 6
29 30 115 125 180 6
29 31 115 135 180 6
29 32 115 145 180 6
29 33 115 155 180 6
29 34 115 165 180 6
29 35 115 175 180 6
30 0 125 -175 180 6
30 1 125 -165 180 6
30 2 125 -155 180 6
30 3 125 -145 180 6
30 4 125 -135 180 6
30 5 125 -125 180 6
30 6 125 -115 180 6
30 7 125 -105 180 6
30 8 125 -95 180 6
30 9 125 -85 180 6
30 10 125 -75 180 6
30 11 125 -65 180 6
30 12 125 -55 180 6
30 13 125 -45 180 6
30 14 125 -35 180 6
30 15 125 -25 180 6
30 16 125 -15 180 6
30 17 125 -5 180 6
30 18 125 5 180 6
30 19 125 15 180 6
30 20 125 25 180 6
30 21 125 35 180 6
30 22 125 45 180 6
30 23 125 55 180 6
30 24 125 65 180 6
30 25 125 75 180 6
30 26 125 85 180 6
30 27 125 95 180 6
30 28 125 105 180 6
30 29 125 115 180 6
30 30 125 125 180 6
30 31 125 135 180 6
30 32 125 145 180 6
30 33 125 155 180 6
30 34 125 165 180 6
30 35 125 175 180 6
31 0 135 -175 180 6
31 1 135 -165 180 6
31 2 135 -155 180 6
31 3 135 -145 180 6
31 4 135 -135 180 6
31 5 135 -125 180 6
31 6 135 -115 180 6
31 7 135 -105 180 6
31 8 135 -95 180 6
31 9 135 -85 180 6
31 10 135 -75 180 6
31 11 135 -65 180 6
31 12 135 -55 180 6
31 13 135 -45 180 6
31 14 135 -35 180 6
31 15 135 -25 180 6
31 16 135 -15 180 6
31 17 135 -5 180 6
31 18 135 5 180 6
31 19 135 15 180 6
31 20 135 25 180 6
31 21 135 35 180 6
31 22 135 45 180 6
31 23 135 55 180 6
31 24 135 65 180 6
31 25 135 75 180 6
31 26 135 85 180 6
31 27 135 95 180 6
31 28 135 105 180 6
31 29 135 115 180 6
31 30 135 125 180 6
31 31 135 135 180 6
31 32 135 145 180 6
31 33 135 155 180 6
31 34 135 165 180 6
31 35 135 175 180 6
32 0 145 -175 180 6
32 1 145 -165 180 6
32 2 145 -155 180 6
32 3 145 -145 180 6
32 4 145 -135 180 6
32 5 145 -125 180 6
32 6 145 -115 180 6
32 7 145 -105 180 6
32 8 145 -95 180 6
32 9 145 -85 180 6
32 10 145 -75 180 6
32 11 145 -65 180 6
32 12 145 -55 180 6
32 13 145 -45 180 6
32 14 145 -35 180 6
32 15 145 -25 180 6
32 16 145 -15 180 6
32 17 145 -5 180 6
32 18 145 5 180 6
32 19 145 15 180 6
32 20 145 25 180 6
32 21 145 35 180 6
32 22 145 45 180 6
32 23 145 55 180 6
32 24 145 65 180 6
32 25 145 75 180 6
32 26 145 85 180 6
32 27 145 95 180 6
32 28 145 105 180 6
32 29 145 115 180 6
32 30 145 125 180 6
32 31 145 135 180 6
32 32 145 145 180 6
32 33 145 155 180 6
32 34 145 165 180 6
32 35 145 175 180 6
33 0 155 -175 180 6
33 1 155 -165 180 6
33 2 155 -155 180 6
33 3 155 -145 180 6
33 4 155 -135 180 6
33 5 155 -125 180 6
33 6 155 -115 180 6
33 7 155 -105 180 6
33 8 155 -95 180 6
33 9 155 -85 180 6
33 10 155 -75 180 6
33 11 155 -65 180 6
33 12 155 -55 180 6
33 13 155 -45 180 6
33 14 155 -35 180 6
33 15 155 -25 180 6
33 16 155 -15 180 6
33 17 155 -5 180 6
33 18 155 5 180 6
33 19 155 15 180 6
33 20 155 25 180 6
33 21 155 35 180 6
33 22 155 45 180 6
33 23 155 55 180 6
33 24 155 65 180 6
33 25 155 75 180 6
33 26 155 85 180 6
33 27 155 95 180 6
33 28 155 105 180 6
33 29 155 115 180 6
33 30 155 125 180 6
33 31 155 135 180 6
33 32 155 145 180 6
33 33 155 155 180 6
33 34 155 165 180 6
33 35 155 175 180 6
34 0 165 -175 180 6
34 1 165 -165 180 6
34 2 165 -155 180 6
34 3 165 -145 180 6
34 4 165 -135 180 6
34 5 165 -125 180 6
34 6 165 -115 180 6
34 7 165 -105 180 6
34 8 165 -95 180 6
34 9 165 -85 180 6
34 10 165 -75 180 6
34 11 165 -65 180 6
34 12 165 -55 180 6
34 13 165 -45 180 6
34 14 165 -35 180 6
34 15 165 -25 180 6
34 16 165 -15 180 6
34 17 165 -5 180 6
34 18 165 5 180 6
34 19 165 15 180 6
34 20 165 25 180 6
34 21 165 35 180 6
34 22 165 45 180 6
34 23 165 55 180 6
34 24 165 65 180 6
34 25 165 75 180 6
34 26 165 85 180 6
34 27 165 95 180 6
34 28 165 105 180 6
34 29 165 115 180 6
34 30 165 125 180 6
34 31 165 135 180 6
34 32 165 145 180 6
34 33 165 155 180 6
34 34 165 165 180 6
34 35 165 175 180 6
35 0 175 -175 180 6
35 1 175 -165 180 6
35 2 175 -155 180 6
35 3 175 -145 180 6
35 4 175 -135 180 6
35 5 175 -125 180 6
35 6 175 -115 180 6
35 7 175 -105 180 6
35 8 175 -95 180 6
35 9 175 -85 180 6
35 10 175 -75 180 6
35 11 175 -65 180 6
35 12 175 -55 180 6
35 13 175 -45 180 6
35 14 175 -35 180 6
35 15 175 -25 180 6
35 16 175 -15 180 6
35 17 175 -5 180 6
35 18 175 5 180 6
35 19 175 15 180 6
35 20 175 25 180 6
35 21 175 35 180 6
35 22 175 45 180 6
35 23 175 55 180 6
35 24 175 65 180 6
35 25 175 75 180 6
35 26 175 85 180 6
35 27 175 95 180 6
35 28 175 105 180 6
35 29 175 115 180 6
35 30 175 125 180 6
35 31 175 135 180 6
35 32 175 145 180 6
35 33 175 155 180 6
35 34 175 165 180 6
35 35 175 175 180 6
