0 0 -175 -175 177.782443082228 5.85785806605983
0 1 -175 -165 178.604068025227 5.75305367803053
0 2 -175 -155 180.671365462488 6.41500368217322
0 3 -175 -145 180.883045990518 6.60486912278765
0 4 -175 -135 180 6
0 5 -175 -125 180 6
0 6 -175 -115 180 6
0 7 -175 -105 180 6
0 8 -175 -95 180 6
0 9 -175 -85 180 6
0 10 -175 -75 180 6
0 11 -175 -65 180 6
0 12 -175 -55 180 6
0 13 -175 -45 180 6
0 14 -175 -35 180 6
0 15 -175 -25 180 6
0 16 -175 -15 180.086088494934 5.77720206605108
0 17 -175 -5 180.039395857974 5.89924338581534
0 18 -175 5 180 6
0 19 -175 15 180 6
0 20 -175 25 180 6
0 21 -175 35 180 6
0 22 -175 45 180 6
0 23 -175 55 180.277803326581 6.14434580605549
0 24 -175 65 181.021770436943 6.35802285427994
0 25 -175 75 180.39234427882 6.15605561385804
0 26 -175 85 179.218412480397 7.50632323563277
0 27 -175 95 178.287620890166 8.64730849924269
0 28 -175 105 180.51333896106 6.04247049536207
0 29 -175 115 180.49782006471 6.04089123247024
0 30 -175 125 179.884291348196 5.81527219500538
0 31 -175 135 179.180464901786 5.71076869610653
0 32 -175 145 176.714847364072 5.67722324161731
0 33 -175 155 176.139540294398 5.43170350722279
0 34 -175 165 175.059492466689 5.90039294278151
0 35 -175 175 174.598094256251 6.32963656777721
1 0 -165 -175 178.516579935822 5.2765922148736
1 1 -165 -165 178.943919963292 5.68432811446212
1 2 -165 -155 181.345315798667 6.20746579096997
1 3 -165 -145 182.645636506909 6.55864219375573
1 4 -165 -135 180.344439665335 5.60520143188773
1 5 -165 -125 180.083067064059 5.83922354212893
1 6 -165 -115 180 6
1 7 -165 -105 180 6
1 8 -165 -95 180 6
1 9 -165 -85 180 6
1 10 -165 -75 180.003460727666 5.99818487930646
1 11 -165 -65 180.114484321121 5.93858960576434
1 12 -165 -55 180 6
1 13 -165 -45 180 6
1 14 -165 -35 180 6
1 15 -165 -25 180 6
1 16 -165 -15 180.061135490112 5.84278571558784
1 17 -165 -5 180.190292343737 5.97214795682705
1 18 -165 5 180.240073136652 5.96083963463193
1 19 -165 15 180.068572428941 5.9636195729184
1 20 -165 25 180.020630572246 5.76922885993202
1 21 -165 35 180.039696859379 6.16617692946219
1 22 -165 45 180.815031070522 6.1861070062289
1 23 -165 55 180.071222973505 6.03858752663563
1 24 -165 65 180.565281729614 5.86949685939939
1 25 -165 75 183.310859282473 7.77636557906657
1 26 -165 85 183.927897640416 7.41639041496185
1 27 -165 95 182.925165422948 5.45532546981785
1 28 -165 105 182.229750154153 5.46580026605582
1 29 -165 115 181.022525143938 5.34321985439728
1 30 -165 125 179.773497853073 5.24679535452947
1 31 -165 135 177.259900306573 5.66317970267404
1 32 -165 145 174.993087602817 5.68255276123614
1 33 -165 155 174.699836988229 5.61614037540883
1 34 -165 165 174.801848323406 5.88729811942715
1 35 -165 175 175.562854396654 5.81785674252807
2 0 -155 -175 179.903376716403 5.3046459291231
2 1 -155 -165 180.696659381774 5.3992722683262
2 2 -155 -155 181.514036765619 5.39954616771669
2 3 -155 -145 182.042014674398 5.95993262288375
2 4 -155 -135 181.445126074691 6.27835141236323
2 5 -155 -125 180.830374904852 6.86780392492043
2 6 -155 -115 180.016783537791 6.01791785593939
2 7 -155 -105 180.01683618989 5.96050893392418
2 8 -155 -95 180.049759682059 5.88237807047998
2 9 -155 -85 180 6
2 10 -155 -75 180.017074076465 5.99102006468577
2 11 -155 -65 180.648202619052 5.72463235855592
2 12 -155 -55 180.135876122893 5.93833902106944
2 13 -155 -45 179.258537878564 6.63699768761632
2 14 -155 -35 180.822464063305 8.15894253519891
2 15 -155 -25 180.946406689983 6.88302966359696
2 16 -155 -15 179.997949828022 5.87753451200401
2 17 -155 -5 181.098991708741 6.10555039831648
2 18 -155 5 181.263409847204 5.80465568023602
2 19 -155 15 180.41425845667 5.32859192648391
2 20 -155 25 181.224360899866 6.68160290162172
2 21 -155 35 181.611670276103 6.78484804013667
2 22 -155 45 180.525693234352 5.57351351013864
2 23 -155 55 180.978789079318 7.80830011332253
2 24 -155 65 181.912464325129 6.82745601519972
2 25 -155 75 185.059102639449 7.87824303588252
2 26 -155 85 184.842511869587 6.6556345830722
2 27 -155 95 184.680633857042 6.22267541428854
2 28 -155 105 183.240719298124 6.16046092948943
2 29 -155 115 182.043678834946 5.54758273750326
2 30 -155 125 178.733293538589 5.49458617967241
2 31 -155 135 176.392217740522 5.39806555973972
2 32 -155 145 175.186981751914 5.51842678371751
2 33 -155 155 175.23154476704 5.66014774375534
2 34 -155 165 175.625487967934 5.73866074508117
2 35 -155 175 176.800528991442 5.71753081006993
3 0 -145 -175 180.552895042475 5.44191946690063
3 1 -145 -165 180.964399096148 5.3067677013702
3 2 -145 -155 181.304211221182 4.86138266302936
3 3 -145 -145 181.574116145368 6.33996099867339
3 4 -145 -135 183.82352955053 7.89128459761047
3 5 -145 -125 183.722165566528 8.4605833952608
3 6 -145 -115 181.462679642176 7.10942708051078
3 7 -145 -105 180.042024889111 5.90084301663617
3 8 -145 -95 180.119333892021 5.71313391700823
3 9 -145 -85 180 6
3 10 -145 -75 180 6
3 11 -145 -65 180.240283763323 6.31875149854942
3 12 -145 -55 179.867362513284 5.98308537480941
3 13 -145 -45 179.484010616674 6.28871989001225
3 14 -145 -35 179.82030564546 6.79766620067024
3 15 -145 -25 181.538138111558 6.11494303013827
3 16 -145 -15 181.510724806915 6.48613136952544
3 17 -145 -5 181.851792291879 5.79773333638713
3 18 -145 5 181.068920145286 5.74157263395889
3 19 -145 15 179.852947817649 5.32708123974993
3 20 -145 25 179.940053915061 5.66946762752527
3 21 -145 35 178.687142272358 6.92619291633712
3 22 -145 45 181.336545310245 5.18440195060136
3 23 -145 55 181.992542390693 6.66583155902006
3 24 -145 65 183.019617901579 6.66241616620797
3 25 -145 75 184.09662947802 6.73813437139372
3 26 -145 85 184.369789392662 6.33354978620931
3 27 -145 95 184.75663546803 5.8616216894992
3 28 -145 105 184.077137019829 5.79785682017858
3 29 -145 115 182.256090791254 5.24006772235006
3 30 -145 125 179.474777587804 5.31884915398577
3 31 -145 135 177.085542104705 5.3837895275744
3 32 -145 145 175.761536040317 5.55504310245289
3 33 -145 155 175.673040356421 5.91445733637901
3 34 -145 165 176.278807939602 5.89120866325774
3 35 -145 175 177.436665251615 5.95116827531979
4 0 -135 -175 180.659763312392 5.87806195028704
4 1 -135 -165 181.363698959094 5.5440641408836
4 2 -135 -155 181.701271177064 5.53412892113031
4 3 -135 -145 181.548301185673 6.16845733356793
4 4 -135 -135 182.496774229651 6.33313319125774
4 5 -135 -125 182.36313443149 6.48189385230086
4 6 -135 -115 180.267233458148 5.87394173887574
4 7 -135 -105 180.389940831391 5.54189062632349
4 8 -135 -95 179.46629632469 5.68389888240507
4 9 -135 -85 180.582256213873 5.82961348010956
4 10 -135 -75 179.873973006933 5.18264350283858
4 11 -135 -65 179.422002177876 5.41239842092616
4 12 -135 -55 180.50196689648 6.84820982414748
4 13 -135 -45 182.197683926439 6.06192954336492
4 14 -135 -35 182.967018147225 6.3575236536936
4 15 -135 -25 183.191028887593 5.69974421851022
4 16 -135 -15 183.107814749542 5.23527432031508
4 17 -135 -5 183.082626528513 5.56557300839527
4 18 -135 5 181.067511698533 5.62210763195709
4 19 -135 15 179.828790845414 4.95334008161596
4 20 -135 25 180.481591238562 4.87244576429939
4 21 -135 35 180.192462108812 6.25280384617789
4 22 -135 45 181.300351944341 5.98927623659427
4 23 -135 55 182.551606794817 6.1072156299339
4 24 -135 65 182.690913149993 5.97444894030258
4 25 -135 75 183.599502616377 6.11423373684269
4 26 -135 85 184.687056900923 5.67215134898011
4 27 -135 95 185.016509782119 5.56045712209825
4 28 -135 105 184.370648047386 5.75625582304537
4 29 -135 115 182.056086529189 5.54370946658734
4 30 -135 125 179.68720042498 5.11790850304941
4 31 -135 135 177.521214546793 5.34511706177208
4 32 -135 145 175.960287374538 5.69211698380137
4 33 -135 155 175.453618877186 6.10346453292503
4 34 -135 165 176.206269481291 6.23825445295573
4 35 -135 175 177.758892965069 6.02203508496015
5 0 -125 -175 180.74747697541 6.09724319616932
5 1 -125 -165 181.061474037171 5.8057297674362
5 2 -125 -155 181.332316397639 5.93277688846035
5 3 -125 -145 181.233571022294 5.7056928028416
5 4 -125 -135 182.786526998988 5.9917419600769
5 5 -125 -125 183.963204306643 7.12010441596203
5 6 -125 -115 182.353663861316 6.99861075256489
5 7 -125 -105 180.891385467181 6.13476538209826
5 8 -125 -95 180.020362638471 5.74680779178237
5 9 -125 -85 180.43286563541 5.01540634641143
5 10 -125 -75 180.691425325475 5.38549046423218
5 11 -125 -65 180.346892693702 6.18938142223158
5 12 -125 -55 182.13661274782 4.74710636491946
5 13 -125 -45 182.778344784359 5.55584421910008
5 14 -125 -35 183.375131310686 5.63340044815148
5 15 -125 -25 184.765078267649 5.5204859806596
5 16 -125 -15 184.471769982211 5.11120856086426
5 17 -125 -5 182.722435975976 5.07302974484389
5 18 -125 5 181.314624990933 5.11292096273331
5 19 -125 15 180.638193810194 5.01656743658259
5 20 -125 25 180.675361596909 4.82323780913959
5 21 -125 35 180.056558710882 6.03090862600262
5 22 -125 45 180.286844744475 6.10991404999727
5 23 -125 55 180.54177265369 5.81233632804774
5 24 -125 65 181.489063330171 6.0803928338756
5 25 -125 75 182.961911648332 6.05616316893895
5 26 -125 85 183.54106542397 5.72201664550615
5 27 -125 95 184.888767389699 5.30482808081008
5 28 -125 105 184.044356293998 5.68852803620904
5 29 -125 115 182.258772054448 5.50919472275607
5 30 -125 125 180.124745801858 5.25450016813433
5 31 -125 135 177.959678652719 5.41317076395193
5 32 -125 145 176.298791922426 5.84609062179011
5 33 -125 155 175.673987141647 6.18435685968353
5 34 -125 165 176.405430186831 6.27729350675362
5 35 -125 175 177.854050022804 6.14933631453236
6 0 -115 -175 180.357798580311 5.60098260339296
6 1 -115 -165 181.642847618714 6.00245267921211
6 2 -115 -155 182.486101960322 6.3855272177021
6 3 -115 -145 181.970954735244 5.66878593482268
6 4 -115 -135 184.166614681885 6.3924181036822
6 5 -115 -125 185.204307951217 7.11114268684923
6 6 -115 -115 183.245973764489 6.89830970146475
6 7 -115 -105 181.501339525231 6.43417408604694
6 8 -115 -95 181.093680049101 5.84729274459896
6 9 -115 -85 180.629552891712 4.981681428232
6 10 -115 -75 180.630910976222 4.94513574045356
6 11 -115 -65 181.160533118843 4.75967517768067
6 12 -115 -55 181.642627520741 4.80689612179493
6 13 -115 -45 183.147137841121 5.15681855171885
6 14 -115 -35 184.179178934786 5.64117122153491
6 15 -115 -25 185.028948816215 5.64358755690212
6 16 -115 -15 183.835027831372 5.38885535023816
6 17 -115 -5 182.359740377478 5.04432293346329
6 18 -115 5 181.21115358956 5.04543026461168
6 19 -115 15 180.943740839035 5.14195264381415
6 20 -115 25 180.453079241718 5.01444224916948
6 21 -115 35 179.965632298412 5.09838224612176
6 22 -115 45 179.969736968282 5.37662949442905
6 23 -115 55 180.020262255441 4.5814755412498
6 24 -115 65 181.373196860078 4.92119620492597
6 25 -115 75 183.789858592209 7.08529532607435
6 26 -115 85 184.110555208575 5.96861286376893
6 27 -115 95 184.767604247507 5.75783778914147
6 28 -115 105 183.792885331808 5.58223076945354
6 29 -115 115 182.443027600323 5.35492180463522
6 30 -115 125 180.405841974897 5.30498337338501
6 31 -115 135 178.464814647883 5.37480034657548
6 32 -115 145 176.818122257046 5.89424811046208
6 33 -115 155 176.143367691032 6.31939252341696
6 34 -115 165 176.742599575633 6.31810605143547
6 35 -115 175 178.176300238398 6.26196012662427
7 0 -105 -175 179.490012797108 5.4988074453558
7 1 -105 -165 179.927559094724 5.71784710289331
7 2 -105 -155 181.013477263052 5.18623705742766
7 3 -105 -145 183.055951437709 6.11554497220846
7 4 -105 -135 182.97413896038 5.97130461321048
7 5 -105 -125 181.760743217712 5.8505037513702
7 6 -105 -115 181.04294436633 5.53237031165835
7 7 -105 -105 181.079735496863 5.07547639136575
7 8 -105 -95 180.369018101457 5.11967993114737
7 9 -105 -85 181.144593192736 5.04201961455162
7 10 -105 -75 181.083138679543 4.96008679413623
7 11 -105 -65 181.83493144366 4.83264307034725
7 12 -105 -55 182.557614354917 4.86392260740646
7 13 -105 -45 183.140397896378 5.27443591189483
7 14 -105 -35 183.780128414101 5.38097922942307
7 15 -105 -25 184.127560484611 5.59358539174871
7 16 -105 -15 183.278257327644 5.24995205004303
7 17 -105 -5 182.524566808674 5.09383072295153
7 18 -105 5 181.965718325211 4.96109407742462
7 19 -105 15 180.847166262718 5.08119796506004
7 20 -105 25 179.764484704445 5.09348451417146
7 21 -105 35 179.558301572722 5.05795010374264
7 22 -105 45 179.957298357737 5.29989400549303
7 23 -105 55 181.078382048836 5.05601781534841
7 24 -105 65 182.497183754306 6.57872315731881
7 25 -105 75 183.134081649644 6.7323568354099
7 26 -105 85 184.334733957704 5.87666229630103
7 27 -105 95 184.867080479172 5.75827827481461
7 28 -105 105 184.042077943471 5.44436836503445
7 29 -105 115 182.505778351829 5.37248462631098
7 30 -105 125 180.711323459449 5.25841013139884
7 31 -105 135 179.006618266353 5.38815509737793
7 32 -105 145 177.411809112131 5.80133289637116
7 33 -105 155 176.475963318593 6.25272695821451
7 34 -105 165 177.2331073152 6.16831579286562
7 35 -105 175 178.853098864727 5.86688077352734
8 0 -95 -175 180.571142257598 6.10619509984689
8 1 -95 -165 181.537974345276 6.31314984101788
8 2 -95 -155 182.586492302634 6.14085124008747
8 3 -95 -145 183.607078570209 6.67646936497917
8 4 -95 -135 183.176125825669 6.62585007816993
8 5 -95 -125 180.261834827994 5.56885586812722
8 6 -95 -115 181.112629626764 7.25434874057733
8 7 -95 -105 182.644784474303 10.2654427529828
8 8 -95 -95 180.509161177034 7.25990319106793
8 9 -95 -85 180.600949396383 5.32391137803242
8 10 -95 -75 181.373759013691 5.15257612511927
8 11 -95 -65 182.142110769889 5.01557562296995
8 12 -95 -55 182.844316390988 5.01978701588424
8 13 -95 -45 183.427690712878 5.26683115433307
8 14 -95 -35 183.731682873137 5.24244063400553
8 15 -95 -25 184.039554907815 5.25915120166034
8 16 -95 -15 183.464895483473 5.30576075890713
8 17 -95 -5 182.860321397797 5.21432501512905
8 18 -95 5 181.965956107952 4.99207790866182
8 19 -95 15 180.557496937292 5.22229689810802
8 20 -95 25 179.539230073008 5.48503999435084
8 21 -95 35 179.471314781812 5.4734399407752
8 22 -95 45 180.076253629506 5.87602330595255
8 23 -95 55 180.852308715374 5.51651563520142
8 24 -95 65 180.287565722747 6.05140522869649
8 25 -95 75 183.377069075871 6.45895899565974
8 26 -95 85 184.585242185773 6.28617025801171
8 27 -95 95 185.075090282929 5.97664011180457
8 28 -95 105 184.102495504315 5.42801146030144
8 29 -95 115 182.69704549391 5.29959634106634
8 30 -95 125 181.021338366318 5.38548037738899
8 31 -95 135 179.256363347856 5.41934697717555
8 32 -95 145 177.618957503139 5.76455110014888
8 33 -95 155 176.851353629821 6.03529120417497
8 34 -95 165 177.73042252765 6.2003471387758
8 35 -95 175 179.152177790216 6.27764252715508
9 0 -85 -175 182.182056528404 6.17435624653007
9 1 -85 -165 182.334476207819 6.64243887019489
9 2 -85 -155 182.626847606316 6.5006751107379
9 3 -85 -145 180.999526997457 6.29519135396186
9 4 -85 -135 181.912784941488 6.73138510456129
9 5 -85 -125 180.707692234304 5.75024942977876
9 6 -85 -115 180.449439851565 6.48864928695141
9 7 -85 -105 180.071981937408 6.59469287062148
9 8 -85 -95 180.510725021584 6.40042496028334
9 9 -85 -85 181.424664001496 6.77413766602839
9 10 -85 -75 181.951621066473 6.78884062578671
9 11 -85 -65 182.387268743375 5.95145071063523
9 12 -85 -55 183.897863147644 5.94991202180023
9 13 -85 -45 184.195352821013 5.41780535003204
9 14 -85 -35 184.288785594183 5.51456520180494
9 15 -85 -25 184.037435558922 5.61712545852897
9 16 -85 -15 183.373823588527 5.57255026010709
9 17 -85 -5 182.55720378065 5.27405368992286
9 18 -85 5 181.275888424619 5.31978369865858
9 19 -85 15 179.998336940684 5.57885444998006
9 20 -85 25 178.945461425834 5.89894675519932
9 21 -85 35 179.629447431272 6.14019427961528
9 22 -85 45 179.612664861708 5.55151878592377
9 23 -85 55 179.626211082443 6.76816444959191
9 24 -85 65 180.615558770551 5.7408885386593
9 25 -85 75 183.035012797589 6.27411330825868
9 26 -85 85 185.000429039646 5.98045739817258
9 27 -85 95 185.137833153216 5.6512515084807
9 28 -85 105 184.153041734433 5.26925119204128
9 29 -85 115 183.011760872928 5.17073522511371
9 30 -85 125 181.348637098646 5.3012589261892
9 31 -85 135 179.386253737334 5.47229518791536
9 32 -85 145 177.542828676277 5.68162558062092
9 33 -85 155 177.011603322262 6.03950437256922
9 34 -85 165 177.693749780992 6.0203858118458
9 35 -85 175 179.19646058335 5.91220441650968
10 0 -75 -175 183.655641059303 5.38865108631427
10 1 -75 -165 183.511104323955 6.01234124567743
10 2 -75 -155 180.979897693092 5.93606927280453
10 3 -75 -145 180.376140079533 6.02000848873068
10 4 -75 -135 180.557422624507 6.08588779372648
10 5 -75 -125 180.13247409188 6.02912742036999
10 6 -75 -115 180 6
10 7 -75 -105 179.431442575946 5.87995401820404
10 8 -75 -95 179.685505129276 5.74940794225353
10 9 -75 -85 180.179108901436 5.74361981710131
10 10 -75 -75 183.379727098231 6.99768556389531
10 11 -75 -65 183.060254610587 7.05852579773749
10 12 -75 -55 184.294127623165 5.92384606857541
10 13 -75 -45 183.351436063828 5.7512532366477
10 14 -75 -35 181.334877321969 6.3062019794299
10 15 -75 -25 180.520445043799 6.47831695462053
10 16 -75 -15 181.477109909271 6.03746314873568
10 17 -75 -5 180.720241044454 5.71631946481995
10 18 -75 5 178.742724948701 6.164345845109
10 19 -75 15 176.77664232791 6.12486098949866
10 20 -75 25 177.156645000845 6.73681274365709
10 21 -75 35 178.090490311481 5.8916122262388
10 22 -75 45 177.198708074744 7.53275188790652
10 23 -75 55 178.721943436531 6.04654439268721
10 24 -75 65 180.337810496895 5.81933598185121
10 25 -75 75 182.899522085024 6.09214292014211
10 26 -75 85 185.497982975417 5.87618786968568
10 27 -75 95 185.837265762287 5.7906867100464
10 28 -75 105 184.567101685187 5.35099941647427
10 29 -75 115 183.328316812835 5.08533839660946
10 30 -75 125 181.392426397116 5.13580822625779
10 31 -75 135 179.366414411312 5.31182629946013
10 32 -75 145 177.599185447622 5.65277506482993
10 33 -75 155 177.209666709484 6.03699527928594
10 34 -75 165 177.681817038056 5.96530079037666
10 35 -75 175 178.968913765036 6.15758667083691
11 0 -65 -175 181.683513221491 7.00638775664504
11 1 -65 -165 181.235380509989 6.04739553033527
11 2 -65 -155 180.03919902879 5.89891970367673
11 3 -65 -145 180.186386924468 6.03319330352222
11 4 -65 -135 180.582947606541 6.08424725526829
11 5 -65 -125 180 6
11 6 -65 -115 180 6
11 7 -65 -105 179.908772566287 5.94522497535609
11 8 -65 -95 179.644989034056 5.46969274510204
11 9 -65 -85 180.681178454172 5.93448680699196
11 10 -65 -75 181.589450237253 5.43142601310676
11 11 -65 -65 182.540904139793 5.98729480885137
11 12 -65 -55 182.588538543409 4.73944747731448
11 13 -65 -45 180.173746401677 3.65430632427125
11 14 -65 -35 178.945599374598 3.45750064687909
11 15 -65 -25 178.638641329281 4.12752756587877
11 16 -65 -15 179.310011118409 4.54979232339942
11 17 -65 -5 178.504179242563 4.69823523059149
11 18 -65 5 176.51422737377 5.33356418384164
11 19 -65 15 175.860554135387 5.43654268442485
11 20 -65 25 179.475218617267 6.91624456247858
11 21 -65 35 179.914725856364 5.60931982600863
11 22 -65 45 179.965100329564 5.75079380196938
11 23 -65 55 180.836326104392 6.73392393708248
11 24 -65 65 181.204094843913 6.78309117329647
11 25 -65 75 182.396293119825 6.69427486858106
11 26 -65 85 183.728250352634 6.34877063858555
11 27 -65 95 184.671912736889 6.62709290002685
11 28 -65 105 183.735746199866 5.52605555538889
11 29 -65 115 183.340115309943 5.34605536978135
11 30 -65 125 181.39795231891 5.28231722991571
11 31 -65 135 179.099662308272 5.31256737670052
11 32 -65 145 177.687272795655 5.4923471340988
11 33 -65 155 177.384760471903 6.0330746714826
11 34 -65 165 177.907031161095 5.98469519123063
11 35 -65 175 178.774682886362 6.22992397271199
12 0 -55 -175 179.556831448362 6.45814255134511
12 1 -55 -165 179.926260462279 6.07709446607881
12 2 -55 -155 180 6
12 3 -55 -145 180 6
12 4 -55 -135 180 6
12 5 -55 -125 180 6
12 6 -55 -115 180 6
12 7 -55 -105 180 6
12 8 -55 -95 180 6
12 9 -55 -85 180.132685473292 6.02411576209239
12 10 -55 -75 181.194563327098 5.75838525318918
12 11 -55 -65 182.488789650485 4.72528642145351
12 12 -55 -55 182.052543438825 3.46020459225858
12 13 -55 -45 180.48550970451 2.90904391859111
12 14 -55 -35 179.719395002864 2.87836107289062
12 15 -55 -25 179.716565407232 3.33119855795161
12 16 -55 -15 179.632301938299 3.58015455907766
12 17 -55 -5 178.606537786456 3.89279358698611
12 18 -55 5 177.68747884228 5.36831122648922
12 19 -55 15 179.439357753287 5.32573034956937
12 20 -55 25 179.992481217525 5.99699588841397
12 21 -55 35 180 6
12 22 -55 45 180 6
12 23 -55 55 180 6
12 24 -55 65 180.04001040035 5.9631591193599
12 25 -55 75 180.084785352521 5.99352046199101
12 26 -55 85 180.021180889546 5.94617757078991
12 27 -55 95 180.301496978732 5.98116604008463
12 28 -55 105 181.677491949314 6.01661261248633
12 29 -55 115 182.952656597027 5.31813833695981
12 30 -55 125 181.553205121746 5.41444427176087
12 31 -55 135 179.500287425489 5.59143503970861
12 32 -55 145 178.186405273441 5.6464248517073
12 33 -55 155 178.023698161289 5.99615881132273
12 34 -55 165 178.586047797299 6.3350591816129
12 35 -55 175 179.455745563789 6.0764504920533
13 0 -45 -175 180 6
13 1 -45 -165 180 6
13 2 -45 -155 180 6
13 3 -45 -145 180 6
13 4 -45 -135 180 6
13 5 -45 -125 180 6
13 6 -45 -115 180 6
13 7 -45 -105 180 6
13 8 -45 -95 180 6
13 9 -45 -85 180.24942417438 6.04284485273918
13 10 -45 -75 182.012479558573 6.60530847311426
13 11 -45 -65 182.718306182918 5.26327262138637
13 12 -45 -55 182.590488657876 3.27647177010703
13 13 -45 -45 181.669444100555 3.01287145908131
13 14 -45 -35 181.335683940274 3.05314889112463
13 15 -45 -25 181.322770823535 3.39299143370839
13 16 -45 -15 180.507736979353 3.75504795929474
13 17 -45 -5 179.376834097324 4.32873133307998
13 18 -45 5 179.354569877831 5.61614495569792
13 19 -45 15 179.986018694099 5.91875293248213
13 20 -45 25 180 6
13 21 -45 35 180 6
13 22 -45 45 180 6
13 23 -45 55 180 6
13 24 -45 65 179.967797655387 5.89358194892463
13 25 -45 75 179.958495592111 5.86244920493149
13 26 -45 85 180.075037724981 5.80672842966529
13 27 -45 95 180.090925173543 5.76485138923981
13 28 -45 105 179.880679547444 5.8720573872999
13 29 -45 115 180.812448455738 5.37837538922052
13 30 -45 125 181.312745461256 5.08110879461269
13 31 -45 135 179.99203851652 5.5189667310968
13 32 -45 145 179.126425056322 5.9260487299993
13 33 -45 155 178.636315951676 6.22668946347168
13 34 -45 165 178.349961320852 6.16709226672006
13 35 -45 175 180.123701887088 6.33393199052802
14 0 -35 -175 180 6
14 1 -35 -165 180 6
14 2 -35 -155 180 6
14 3 -35 -145 180 6
14 4 -35 -135 180 6
14 5 -35 -125 180 6
14 6 -35 -115 180 6
14 7 -35 -105 180 6
14 8 -35 -95 180 6
14 9 -35 -85 180 6
14 10 -35 -75 180.874642351101 6.69566022057284
14 11 -35 -65 183.356299713994 5.67916911772696
14 12 -35 -55 183.816371629516 3.59116774768523
14 13 -35 -45 183.653862203848 3.43837019967159
14 14 -35 -35 183.28618463814 3.67537215174011
14 15 -35 -25 182.663652753845 4.41858346840127
14 16 -35 -15 180.10414246045 6.05289184720983
14 17 -35 -5 180.035849876513 5.92025432773573
14 18 -35 5 180.015546644267 5.90158057131151
14 19 -35 15 180 6
14 20 -35 25 180 6
14 21 -35 35 180 6
14 22 -35 45 180 6
14 23 -35 55 180 6
14 24 -35 65 180 6
14 25 -35 75 180 6
14 26 -35 85 180 6
14 27 -35 95 180 6
14 28 -35 105 180.090012266872 6.04122408595857
14 29 -35 115 181.269053826933 6.64423839950707
14 30 -35 125 180.553237308672 5.13629024808525
14 31 -35 135 179.794711383338 6.95848005328265
14 32 -35 145 178.617093799753 6.52526414050462
14 33 -35 155 179.40842140754 5.33693782223991
14 34 -35 165 179.291972102514 5.85765535886477
14 35 -35 175 180 6
15 0 -25 -175 180 6
15 1 -25 -165 180 6
15 2 -25 -155 180 6
15 3 -25 -145 180 6
15 4 -25 -135 180 6
15 5 -25 -125 180 6
15 6 -25 -115 180 6
15 7 -25 -105 180 6
15 8 -25 -95 180.173533537422 5.82819037092111
15 9 -25 -85 180.261831233111 5.73678108331152
15 10 -25 -75 181.176364831539 6.82176480789211
15 11 -25 -65 183.478797784061 6.50932220379158
15 12 -25 -55 184.661431841758 5.08706652275123
15 13 -25 -45 184.268056593647 5.26758781617771
15 14 -25 -35 182.784899308495 6.53800969233124
15 15 -25 -25 180.856060888586 6.63618217487485
15 16 -25 -15 180.013328341385 6.00270390087088
15 17 -25 -5 180 6
15 18 -25 5 180 6
15 19 -25 15 180 6
15 20 -25 25 180 6
15 21 -25 35 180 6
15 22 -25 45 180 6
15 23 -25 55 180 6
15 24 -25 65 180 6
15 25 -25 75 180 6
15 26 -25 85 180 6
15 27 -25 95 180 6
15 28 -25 105 180.012962419026 6.00603715348548
15 29 -25 115 180.246793862881 6.27690541488411
15 30 -25 125 180.13477548544 6.28180138338769
15 31 -25 135 179.165707281187 7.54079228117797
15 32 -25 145 180.159732797604 6.26623888062343
15 33 -25 155 180 6
15 34 -25 165 180 6
15 35 -25 175 180 6
16 0 -15 -175 180 6
16 1 -15 -165 180 6
16 2 -15 -155 180 6
16 3 -15 -145 180 6
16 4 -15 -135 180 6
16 5 -15 -125 180 6
16 6 -15 -115 180 6
16 7 -15 -105 180 6
16 8 -15 -95 180.012551681328 5.98790712831291
16 9 -15 -85 180.01961380448 5.98108082370366
16 10 -15 -75 181.380708906662 6.07185094241409
16 11 -15 -65 181.973909535521 6.32458937837629
16 12 -15 -55 181.559664841246 6.23855263894968
16 13 -15 -45 180.110701061727 5.86086197439625
16 14 -15 -35 179.579373686917 5.85515887782275
16 15 -15 -25 179.870469716935 5.95161622316478
16 16 -15 -15 180 6
16 17 -15 -5 180.011680437487 5.98920867898521
16 18 -15 5 180.003022290672 5.99721181027678
16 19 -15 15 180 6
16 20 -15 25 180 6
16 21 -15 35 180 6
16 22 -15 45 180 6
16 23 -15 55 180 6
16 24 -15 65 180 6
16 25 -15 75 180 6
16 26 -15 85 180 6
16 27 -15 95 180 6
16 28 -15 105 180 6
16 29 -15 115 179.951698030429 6.0011661770294
16 30 -15 125 179.45487177233 6.02021212062304
16 31 -15 135 180 6
16 32 -15 145 180 6
16 33 -15 155 180 6
16 34 -15 165 180 6
16 35 -15 175 180 6
17 0 -5 -175 180 6
17 1 -5 -165 180 6
17 2 -5 -155 180 6
17 3 -5 -145 180 6
17 4 -5 -135 180 6
17 5 -5 -125 180 6
17 6 -5 -115 180 6
17 7 -5 -105 180 6
17 8 -5 -95 180 6
17 9 -5 -85 181.537706808492 6.93280814784655
17 10 -5 -75 181.023272969879 6.27850263225436
17 11 -5 -65 181.92003044672 6.9229945109424
17 12 -5 -55 180.492649692898 6.36733824354647
17 13 -5 -45 180 6
17 14 -5 -35 180 6
17 15 -5 -25 180 6
17 16 -5 -15 180 6
17 17 -5 -5 180.350975682439 5.65626222972764
17 18 -5 5 180.100495742911 5.90575350395835
17 19 -5 15 180 6
17 20 -5 25 180 6
17 21 -5 35 180 6
17 22 -5 45 180 6
17 23 -5 55 180 6
17 24 -5 65 180 6
17 25 -5 75 180 6
17 26 -5 85 180 6
17 27 -5 95 180 6
17 28 -5 105 180 6
17 29 -5 115 180 6
17 30 -5 125 180 6
17 31 -5 135 180 6
17 32 -5 145 180 6
17 33 -5 155 180 6
17 34 -5 165 180 6
17 35 -5 175 180 6
18 0 5 -175 180.785681183946 6.27766867976956
18 1 5 -165 180.862647607178 6.29894369662545
18 2 5 -155 180 6
18 3 5 -145 180 6
18 4 5 -135 180 6
18 5 5 -125 180.164146849155 6.01257248675893
18 6 5 -115 180.329154434643 6.02067560852863
18 7 5 -105 180 6
18 8 5 -95 180.00647417727 6.003641581327
18 9 5 -85 180.082124461671 6.04960402922658
18 10 5 -75 180.215704778139 5.78002293490617
18 11 5 -65 180.866775419885 6.05446438385004
18 12 5 -55 181.989184388672 7.13240276141496
18 13 5 -45 181.503517925401 6.15587601483674
18 14 5 -35 181.518738887033 5.36418724479558
18 15 5 -25 181.38963443564 4.63500357838246
18 16 5 -15 180.858754961314 5.14210607777611
18 17 5 -5 180.040088252665 5.3222517153914
18 18 5 5 179.570124078787 5.4591694827974
18 19 5 15 179.960890158779 5.80236100307282
18 20 5 25 180 6
18 21 5 35 180 6
18 22 5 45 180 6
18 23 5 55 180 6
18 24 5 65 180 6
18 25 5 75 180 6
18 26 5 85 181.077210440644 6.19655359292491
18 27 5 95 181.499058807713 6.19359603501377
18 28 5 105 181.918504131898 7.05684925809506
18 29 5 115 180.361323163211 5.52651996012477
18 30 5 125 179.982611641711 5.03446385436258
18 31 5 135 180.380750741901 5.6646281262219
18 32 5 145 179.807009718629 5.90401308485222
18 33 5 155 177.15789313037 5.64872330981293
18 34 5 165 177.273566674816 6.95449992346918
18 35 5 175 180.420509761672 5.93060810133979
19 0 15 -175 180 6
19 1 15 -165 180 6
19 2 15 -155 180 6
19 3 15 -145 180 6
19 4 15 -135 180 6
19 5 15 -125 180.250782027703 6.01739249896807
19 6 15 -115 180.496125403746 6.02426519058129
19 7 15 -105 180 6
19 8 15 -95 180.179376113654 6.09754819864422
19 9 15 -85 181.529350753654 6.63301072481809
19 10 15 -75 179.975492443159 5.83832143054958
19 11 15 -65 180.054511786798 5.65413774791709
19 12 15 -55 180.118694438861 5.66221374510057
19 13 15 -45 180.013855999934 5.99523721563976
19 14 15 -35 180.430310686876 5.90598121235298
19 15 15 -25 180.320628400104 5.93305171419881
19 16 15 -15 180 6
19 17 15 -5 180 6
19 18 15 5 180 6
19 19 15 15 180 6
19 20 15 25 180 6
19 21 15 35 180 6
19 22 15 45 180 6
19 23 15 55 180 6
19 24 15 65 180 6
19 25 15 75 180 6
19 26 15 85 180 6
19 27 15 95 180 6
19 28 15 105 180 6
19 29 15 115 180 6
19 30 15 125 180 6
19 31 15 135 179.703702758186 5.90763476924452
19 32 15 145 179.816667306482 5.94476085029931
19 33 15 155 180 6
19 34 15 165 180 6
19 35 15 175 180 6
20 0 25 -175 180 6
20 1 25 -165 180 6
20 2 25 -155 180 6
20 3 25 -145 180 6
20 4 25 -135 180 6
20 5 25 -125 180.026488646002 5.99668925379597
20 6 25 -115 180.350031365651 5.98847026675093
20 7 25 -105 180.643041752741 5.91552518826005
20 8 25 -95 180.301151609464 5.79625983607093
20 9 25 -85 180 6
20 10 25 -75 180 6
20 11 25 -65 180.003436059117 5.98982362514907
20 12 25 -55 180.332168683771 5.85893230681127
20 13 25 -45 180.427626586252 5.83608438621019
20 14 25 -35 180.104682734968 5.98011470372678
20 15 25 -25 180.076606019618 5.9856342465534
20 16 25 -15 180 6
20 17 25 -5 180.010113126397 5.96683857859447
20 18 25 5 180.00268281976 5.99122245777369
20 19 25 15 180 6
20 20 25 25 180 6
20 21 25 35 180 6
20 22 25 45 180 6
20 23 25 55 179.889563805834 5.95863730949899
20 24 25 65 179.79930135048 5.8955654872314
20 25 25 75 180.015317406893 5.95184809842635
20 26 25 85 179.969554280036 5.84113224371747
20 27 25 95 180 6
20 28 25 105 180 6
20 29 25 115 180 6
20 30 25 125 180 6
20 31 25 135 179.764828666822 5.92802009027035
20 32 25 145 179.855285616845 5.95690845559069
20 33 25 155 180 6
20 34 25 165 180 6
20 35 25 175 180 6
21 0 35 -175 180 6
21 1 35 -165 180 6
21 2 35 -155 180 6
21 3 35 -145 180 6
21 4 35 -135 180.006953191882 5.98535459710132
21 5 35 -125 180.601014614938 5.57842927712069
21 6 35 -115 181.154362738083 5.86683050760541
21 7 35 -105 182.222665792434 6.32408027295362
21 8 35 -95 180.778754326733 6.02517063740647
21 9 35 -85 180.030757736638 5.95464630311668
21 10 35 -75 180 6
21 11 35 -65 180 6
21 12 35 -55 180 6
21 13 35 -45 180 6
21 14 35 -35 180 6
21 15 35 -25 180 6
21 16 35 -15 179.970309116323 6.0020050428177
21 17 35 -5 180.054579441481 5.64022322004757
21 18 35 5 180.048023098491 5.89063578982997
21 19 35 15 180 6
21 20 35 25 180 6
21 21 35 35 180 6
21 22 35 45 179.986067362165 5.96341588833907
21 23 35 55 179.028651041832 7.01815821848285
21 24 35 65 179.601364585245 6.37947293362903
21 25 35 75 180.315540708613 6.06542130165911
21 26 35 85 180.164284119439 5.64964197447344
21 27 35 95 180 6
21 28 35 105 180 6
21 29 35 115 180 6
21 30 35 125 180 6
21 31 35 135 180 6
21 32 35 145 180 6
21 33 35 155 180 6
21 34 35 165 180 6
21 35 35 175 180 6
22 0 45 -175 180 6
22 1 45 -165 180 6
22 2 45 -155 180 6
22 3 45 -145 180.830402913863 6.09603217022575
22 4 45 -135 182.306291057422 5.84776962618567
22 5 45 -125 183.612636534336 4.27252902567713
22 6 45 -115 183.849870744312 4.70771791641894
22 7 45 -105 182.29492775823 5.03760775268291
22 8 45 -95 181.30331677343 4.82231258652167
22 9 45 -85 180.3914057039 5.12885752839131
22 10 45 -75 180.009656005744 5.97760382609277
22 11 45 -65 180 6
22 12 45 -55 179.545906470812 5.92374652239521
22 13 45 -45 179.603373086692 5.77721988379771
22 14 45 -35 179.966495230761 5.95499567865698
22 15 45 -25 179.978259622987 5.76711354958877
22 16 45 -15 179.555405366334 5.89608231995703
22 17 45 -5 179.297114429919 6.0294009458269
22 18 45 5 180.112306415289 5.99752804140151
22 19 45 15 180 6
22 20 45 25 179.983134483852 5.93419229787392
22 21 45 35 180.092460135685 5.49210445162054
22 22 45 45 179.489181035907 4.83317751438964
22 23 45 55 179.917471447061 5.66618524610069
22 24 45 65 180.912997919051 5.37702323516398
22 25 45 75 181.595010662496 5.73662274447561
22 26 45 85 180.249215310916 5.88120331324762
22 27 45 95 180 6
22 28 45 105 180 6
22 29 45 115 180 6
22 30 45 125 180 6
22 31 45 135 180 6
22 32 45 145 180 6
22 33 45 155 180 6
22 34 45 165 180 6
22 35 45 175 180 6
23 0 55 -175 180 6
23 1 55 -165 180.629856164468 6.37052734623233
23 2 55 -155 182.046580641218 6.39076189126809
23 3 55 -145 183.49422215405 5.90070560975666
23 4 55 -135 184.313586394469 4.62205400886852
23 5 55 -125 184.467245281024 3.54884776617585
23 6 55 -115 183.826352336831 4.14497591893601
23 7 55 -105 182.525420335703 5.21720418939188
23 8 55 -95 180.67940780412 4.90392371821881
23 9 55 -85 180.165254854516 5.453384547017
23 10 55 -75 180.043767069811 5.80711224808733
23 11 55 -65 180.001626412942 5.98991210032695
23 12 55 -55 179.802143841651 5.92295383783747
23 13 55 -45 179.696727639107 5.60635707063429
23 14 55 -35 179.828682816523 5.60890950185924
23 15 55 -25 179.983582230151 5.81470704218937
23 16 55 -15 180.031588123201 5.67920659086923
23 17 55 -5 179.321181123944 5.71152754486285
23 18 55 5 180.319925705924 5.92690767202239
23 19 55 15 181.01032216051 5.3869012538092
23 20 55 25 181.420889575281 4.50349217182978
23 21 55 35 180.380005793125 4.39801514765439
23 22 55 45 179.664441616048 4.63212931707837
23 23 55 55 180.220841490075 4.90734503713663
23 24 55 65 180.772266880677 4.821172232864
23 25 55 75 180.832894837091 5.91227229230289
23 26 55 85 180.838981352569 6.16309831299993
23 27 55 95 179.631104214294 5.75538030418488
23 28 55 105 180 6
23 29 55 115 180 6
23 30 55 125 180 6
23 31 55 135 180 6
23 32 55 145 180 6
23 33 55 155 180 6
23 34 55 165 180 6
23 35 55 175 180 6
24 0 65 -175 180.858917666437 6.63927895241666
24 1 65 -165 182.674612192719 6.88401490620599
24 2 65 -155 184.396027287083 6.45549817021443
24 3 65 -145 185.314494769444 6.93624165455573
24 4 65 -135 183.772688752396 4.9883392544011
24 5 65 -125 183.310802620845 4.6948985041959
24 6 65 -115 183.071112331088 4.92526422262584
24 7 65 -105 181.351313390994 4.98326831353756
24 8 65 -95 180.043668584528 4.96197817979654
24 9 65 -85 179.974107276352 5.92843549130865
24 10 65 -75 180.14902306765 5.60694292427892
24 11 65 -65 180.324613765098 5.76978072054085
24 12 65 -55 180.168164196494 5.83880733708213
24 13 65 -45 180.480550617128 5.36045541166755
24 14 65 -35 180.116118471714 5.47218688607152
24 15 65 -25 179.999596662784 5.97251987908869
24 16 65 -15 180.317799200423 5.9422296989176
24 17 65 -5 180.04656391797 5.94403965691197
24 18 65 5 181.735717302272 6.11654783557212
24 19 65 15 181.380272416146 5.5264568258793
24 20 65 25 180.464494015852 4.90467034478623
24 21 65 35 179.49241281576 5.16371180924444
24 22 65 45 179.07871684579 5.04799343504363
24 23 65 55 179.31342412874 4.91747594352153
24 24 65 65 180.378424635002 4.97689221531067
24 25 65 75 181.466756266937 4.77177122618046
24 26 65 85 181.452865130022 8.32673417743791
24 27 65 95 179.223389013447 5.53009429758398
24 28 65 105 180.004993381728 5.95118951734535
24 29 65 115 180 6
24 30 65 125 179.972559904915 5.91335856343198
24 31 65 135 179.98378177011 5.94895913314963
24 32 65 145 180 6
24 33 65 155 179.920778769937 5.97225998572163
24 34 65 165 179.746918811466 5.81012514534566
24 35 65 175 179.840475955905 5.6130578629028
25 0 75 -175 182.423075889717 7.30355670423578
25 1 75 -165 182.953560663417 7.25687593446161
25 2 75 -155 181.634405780414 5.99140449894215
25 3 75 -145 181.358573733693 6.43568802638322
25 4 75 -135 182.550291561977 6.89897196366453
25 5 75 -125 182.982427615671 8.8243372027615
25 6 75 -115 180.855551000399 7.21629139321574
25 7 75 -105 179.979890992369 6.10839088525511
25 8 75 -95 179.631868368194 6.07754554542121
25 9 75 -85 180.07558246843 5.61092042488431
25 10 75 -75 180.85414613211 5.41794510670494
25 11 75 -65 180.747641145091 5.31723612923306
25 12 75 -55 179.800542269471 5.11838243728002
25 13 75 -45 180.885604407148 5.19632341941248
25 14 75 -35 180.504710584745 5.79443126335239
25 15 75 -25 180.271187483569 6.25455053487592
25 16 75 -15 182.415836346277 7.2823430221571
25 17 75 -5 180.309842607109 5.70835340704804
25 18 75 5 179.578828607621 5.66184617120213
25 19 75 15 179.068773311905 6.73678625979935
25 20 75 25 178.765227595525 5.94231424330673
25 21 75 35 178.001157671922 6.1784539508389
25 22 75 45 177.653182480209 5.26521760756105
25 23 75 55 179.433189739266 5.72110283985511
25 24 75 65 180.536240819486 5.85361088224278
25 25 75 75 181.552857998489 5.37839505080048
25 26 75 85 181.558081083821 7.61930337357438
25 27 75 95 180.714551083452 5.84783622053645
25 28 75 105 179.666758320195 5.37670467719713
25 29 75 115 179.844334570732 5.83317334524554
25 30 75 125 179.942183305347 5.71009416659558
25 31 75 135 179.970428178877 5.81793262071349
25 32 75 145 179.922782310834 5.83801845236371
25 33 75 155 179.451762920831 5.64714726819157
25 34 75 165 179.077769288669 6.18373234846385
25 35 75 175 179.129763330257 5.61175932260648
26 0 85 -175 180.584898391102 6.2642711516817
26 1 85 -165 180.510350616804 6.28187537654656
26 2 85 -155 180.224202490097 5.66186199848228
26 3 85 -145 180.170085627016 5.74614629860875
26 4 85 -135 180 6
26 5 85 -125 180.406838522213 5.91526205555345
26 6 85 -115 180.069794003489 5.9875129937266
26 7 85 -105 181.446256250165 7.23546256095693
26 8 85 -95 181.264938431161 6.68831042316038
26 9 85 -85 180.204185685085 5.84150716498218
26 10 85 -75 179.549805183352 5.27416719828754
26 11 85 -65 180.451688934603 5.13446473421438
26 12 85 -55 178.80334589908 5.91485802789358
26 13 85 -45 180.332518819942 5.38766618702404
26 14 85 -35 180.72407466507 5.56139127350056
26 15 85 -25 179.568160655545 6.21864371317965
26 16 85 -15 178.025344534916 6.32521967876939
26 17 85 -5 179.194332850066 5.22274881103211
26 18 85 5 178.11682853847 5.131559067979
26 19 85 15 177.894984196395 6.46594921585509
26 20 85 25 178.280850140964 5.31537193672347
26 21 85 35 178.448065875214 5.72010413309888
26 22 85 45 179.752117086887 5.96945881095089
26 23 85 55 179.92469637149 5.92496231063368
26 24 85 65 180.438558016655 6.13422278689251
26 25 85 75 180.535626072932 6.28518256557212
26 26 85 85 180.651445930284 6.09266519576079
26 27 85 95 180.5828179128 5.49655876174161
26 28 85 105 179.830707343379 5.74121828994817
26 29 85 115 179.131861881977 5.99286888053483
26 30 85 125 180.168883682821 5.75644567143725
26 31 85 135 180.140813895733 5.79797617539077
26 32 85 145 179.959925294698 5.9925083024531
26 33 85 155 180.430136334582 6.28456277826111
26 34 85 165 181.561023471353 6.54152708702677
26 35 85 175 180.814209386278 6.27638003918714
27 0 95 -175 180 6
27 1 95 -165 180 6
27 2 95 -155 180.024768651373 5.96312244700351
27 3 95 -145 180.018207842812 5.97292287218751
27 4 95 -135 180.166696047785 5.75967441266106
27 5 95 -125 180.167955331074 5.75780236326419
27 6 95 -115 180.108460030824 6.08403184560936
27 7 95 -105 181.276046801524 6.69459434954925
27 8 95 -95 180.246308923099 5.82698322168964
27 9 95 -85 179.091163028914 6.38167728490009
27 10 95 -75 179.124359905666 5.93916485232514
27 11 95 -65 180.323373871518 5.90934884688413
27 12 95 -55 180.268423514539 6.05734194448173
27 13 95 -45 180.041395369563 5.93591095389925
27 14 95 -35 180.006687387335 5.98971228625217
27 15 95 -25 178.662289434143 6.81530363429419
27 16 95 -15 178.584192095499 6.48160999789255
27 17 95 -5 179.547034382992 5.58375732667624
27 18 95 5 179.269856470568 5.46573248029713
27 19 95 15 179.836003884015 5.68897249421633
27 20 95 25 179.381966024621 6.10696954887635
27 21 95 35 180.012531478042 6.02704336004875
27 22 95 45 180 6
27 23 95 55 180 6
27 24 95 65 180 6
27 25 95 75 180 6
27 26 95 85 180 6
27 27 95 95 179.64849175996 5.63500602219492
27 28 95 105 179.911981291864 5.91556166198714
27 29 95 115 179.68675599587 6.02181139764335
27 30 95 125 180 6
27 31 95 135 180 6
27 32 95 145 180 6
27 33 95 155 180 6
27 34 95 165 179.923808111748 6.04028759608311
27 35 95 175 179.887007486076 6.00839317946156
28 0 105 -175 180 6
28 1 105 -165 180 6
28 2 105 -155 180 6
28 3 105 -145 180 6
28 4 105 -135 180.007787593288 5.98909069209274
28 5 105 -125 180.007851823546 5.98900058992957
28 6 105 -115 180.006066361337 6.00478281936061
28 7 105 -105 180.145758217278 6.08299832677976
28 8 105 -95 180.017181668078 5.9920793656952
28 9 105 -85 179.792760689499 6.1023320062786
28 10 105 -75 179.694358065292 5.95186597567976
28 11 105 -65 179.980464750032 5.98969018313726
28 12 105 -55 180 6
28 13 105 -45 180 6
28 14 105 -35 180 6
28 15 105 -25 180 6
28 16 105 -15 180 6
28 17 105 -5 180 6
28 18 105 5 179.948648204475 5.89211209387781
28 19 105 15 179.966151082129 5.92915538061725
28 20 105 25 180 6
28 21 105 35 180 6
28 22 105 45 180 6
28 23 105 55 180 6
28 24 105 65 180 6
28 25 105 75 180 6
28 26 105 85 180 6
28 27 105 95 179.993427808288 5.99356870265393
28 28 105 105 179.998574459102 5.99860621692508
28 29 105 115 180 6
28 30 105 125 179.032585397127 7.23442938102218
28 31 105 135 179.710728133375 6.40945963506466
28 32 105 145 180 6
28 33 105 155 180 6
28 34 105 165 180 6
28 35 105 175 180 6
29 0 115 -175 180 6
29 1 115 -165 180 6
29 2 115 -155 180 6
29 3 115 -145 180 6
29 4 115 -135 180 6
29 5 115 -125 180 6
29 6 115 -115 180 6
29 7 115 -105 180 6
29 8 115 -95 180 6
29 9 115 -85 180 6
29 10 115 -75 180 6
29 11 115 -65 180 6
29 12 115 -55 180 6
29 13 115 -45 180.015727948723 6.00134416807061
29 14 115 -35 180.442294511938 6.02204151896234
29 15 115 -25 180 6
29 16 115 -15 180 6
29 17 115 -5 180 6
29 18 115 5 180 6
29 19 115 15 180 6
29 20 115 25 180 6
29 21 115 35 180 6
29 22 115 45 180 6
29 23 115 55 180 6
29 24 115 65 180 6
29 25 115 75 180 6
29 26 115 85 180 6
29 27 115 95 180 6
29 28 115 105 180 6
29 29 115 115 180 6
29 30 115 125 178.154379569133 8.09608620165531
29 31 115 135 179.429354727196 6.77222575628397
29 32 115 145 180 6
29 33 115 155 180 6
29 34 115 165 180 6
29 35 115 175 180 6
30 0 125 -175 180 6
30 1 125 -165 180 6
30 2 125 -155 180 6
30 3 125 -145 180 6
30 4 125 -135 180 6
30 5 125 -125 180 6
30 6 125 -115 180 6
30 7 125 -105 180 6
30 8 125 -95 180 6
30 9 125 -85 180 6
30 10 125 -75 180 6
30 11 125 -65 179.976138608589 6.00317063016582
30 12 125 -55 179.373573263859 6.05158271510286
30 13 125 -45 180.026202171087 6.00221630434418
30 14 125 -35 180.706101519561 6.0196976281692
30 15 125 -25 180 6
30 16 125 -15 180 6
30 17 125 -5 180 6
30 18 125 5 180 6
30 19 125 15 180 6
30 20 125 25 180 6
30 21 125 35 180 6
30 22 125 45 180 6
30 23 125 55 180 6
30 24 125 65 180 6
30 25 125 75 180 6
30 26 125 85 180 6
30 27 125 95 180 6
30 28 125 105 180 6
30 29 125 115 180 6
30 30 125 125 180 6
30 31 125 135 180 6
30 32 125 145 180 6
30 33 125 155 180 6
30 34 125 165 180 6
30 35 125 175 180 6
31 0 135 -175 180 6
31 1 135 -165 180 6
31 2 135 -155 180 6
31 3 135 -145 180 6
31 4 135 -135 180 6
31 5 135 -125 180 6
31 6 135 -115 180 6
31 7 135 -105 180 6
31 8 135 -95 180 6
31 9 135 -85 180 6
31 10 135 -75 180 6
31 11 135 -65 179.89667556906 6.07942220255786
31 12 135 -55 178.561269852148 6.71429169106459
31 13 135 -45 180.659838862027 6.50482780680449
31 14 135 -35 182.121349183035 7.7050290633126
31 15 135 -25 180.513193475057 5.7645889385028
31 16 135 -15 180 6
31 17 135 -5 180 6
31 18 135 5 180 6
31 19 135 15 180 6
31 20 135 25 180 6
31 21 135 35 180 6
31 22 135 45 180 6
31 23 135 55 180 6
31 24 135 65 180 6
31 25 135 75 180 6
31 26 135 85 180 6
31 27 135 95 180 6
31 28 135 105 180 6
31 29 135 115 180 6
31 30 135 125 180 6
31 31 135 135 180 6
31 32 135 145 180 6
31 33 135 155 180 6
31 34 135 165 180 6
31 35 135 175 180 6
32 0 145 -175 180 6
32 1 145 -165 180 6
32 2 145 -155 180 6
32 3 145 -145 180 6
32 4 145 -135 180 6
32 5 145 -125 180 6
32 6 145 -115 180 6
32 7 145 -105 180 6
32 8 145 -95 180 6
32 9 145 -85 180 6
32 10 145 -75 180 6
32 11 145 -65 179.878865846205 6.11345141015728
32 12 145 -55 178.601717129762 7.07657744644682
32 13 145 -45 180.528606796173 6.50077775272258
32 14 145 -35 182.584322385208 7.41538849976908
32 15 145 -25 180.549273106379 6.15548015049786
32 16 145 -15 180 6
32 17 145 -5 180 6
32 18 145 5 180 6
32 19 145 15 180 6
32 20 145 25 180 6
32 21 145 35 180 6
32 22 145 45 180 6
32 23 145 55 180 6
32 24 145 65 180 6
32 25 145 75 180 6
32 26 145 85 180 6
32 27 145 95 180 6
32 28 145 105 180 6
32 29 145 115 180 6
32 30 145 125 180 6
32 31 145 135 180 6
32 32 145 145 180 6
32 33 145 155 180 6
32 34 145 165 180 6
32 35 145 175 180 6
33 0 155 -175 180 6
33 1 155 -165 180 6
33 2 155 -155 180 6
33 3 155 -145 180 6
33 4 155 -135 180 6
33 5 155 -125 180 6
33 6 155 -115 180 6
33 7 155 -105 180 6
33 8 155 -95 180 6
33 9 155 -85 180 6
33 10 155 -75 180 6
33 11 155 -65 180 6
33 12 155 -55 180 6
33 13 155 -45 180.567340623342 6.02811221774194
33 14 155 -35 181.576487912043 6.1622360430887
33 15 155 -25 180.299316034415 6.17391436151643
33 16 155 -15 180 6
33 17 155 -5 180 6
33 18 155 5 180 6
33 19 155 15 180 6
33 20 155 25 180 6
33 21 155 35 180 6
33 22 155 45 180 6
33 23 155 55 180 6
33 24 155 65 180 6
33 25 155 75 180 6
33 26 155 85 180 6
33 27 155 95 180 6
33 28 155 105 180 6
33 29 155 115 180 6
33 30 155 125 180.014561365241 5.91716587367392
33 31 155 135 180.018266333315 5.8958982436455
33 32 155 145 180 6
33 33 155 155 180 6
33 34 155 165 180 6
33 35 155 175 180 6
34 0 165 -175 179.999042941543 5.98913030172956
34 1 165 -165 179.991028786235 5.89731798092965
34 2 165 -155 180 6
34 3 165 -145 180 6
34 4 165 -135 180 6
34 5 165 -125 180 6
34 6 165 -115 180 6
34 7 165 -105 180 6
34 8 165 -95 180 6
34 9 165 -85 180 6
34 10 165 -75 180 6
34 11 165 -65 180 6
34 12 165 -55 180 6
34 13 165 -45 180.046927642101 5.99829696932493
34 14 165 -35 180.130379337458 5.9943597825269
34 15 165 -25 180 6
34 16 165 -15 180 6
34 17 165 -5 180 6
34 18 165 5 180 6
34 19 165 15 180 6
34 20 165 25 180 6
34 21 165 35 180 6
34 22 165 45 180 6
34 23 165 55 180 6
34 24 165 65 180 6
34 25 165 75 180 6
34 26 165 85 180 6
34 27 165 95 180 6
34 28 165 105 180 6
34 29 165 115 180.052290471649 5.91471363277458
34 30 165 125 180.133613336839 5.66049363630193
34 31 165 135 180.037070578986 5.78671468288987
34 32 165 145 179.897517966249 6.11802057438359
34 33 165 155 178.826086914265 7.15014940722875
34 34 165 165 180.015425323752 5.98379366250023
34 35 165 175 180.046562511589 5.95082366217552
35 0 175 -175 179.87738512167 5.78713434655112
35 1 175 -165 180.037358449884 5.39706670472452
35 2 175 -155 180.227956138776 5.83207839035652
35 3 175 -145 180 6
35 4 175 -135 180 6
35 5 175 -125 180 6
35 6 175 -115 180 6
35 7 175 -105 180 6
35 8 175 -95 180 6
35 9 175 -85 180 6
35 10 175 -75 180 6
35 11 175 -65 180 6
35 12 175 -55 180 6
35 13 175 -45 180 6
35 14 175 -35 180 6
35 15 175 -25 180 6
35 16 175 -15 180 6
35 17 175 -5 180 6
35 18 175 5 180 6
35 19 175 15 180 6
35 20 175 25 180 6
35 21 175 35 180 6
35 22 175 45 180 6
35 23 175 55 180 6
35 24 175 65 180 6
35 25 175 75 180 6
35 26 175 85 180 6
35 27 175 95 180 6
35 28 175 105 180 6
35 29 175 115 180.116386580366 5.92886588189102
35 30 175 125 180.3284014584 5.85794108961983
35 31 175 135 179.619110123616 6.1273423024719
35 32 175 145 179.372064083118 6.0392092973493
35 33 175 155 177.565458273773 7.18082072779492
35 34 175 165 178.602800215726 5.82934431829821
35 35 175 175 178.899296045067 6.69197414842923
