20	112.5
80	118
80	122.5

60	117.1667	0.1990167

3.141593 0 0
3.102323	-0.5	0


20	112.5
80	121
80	122.5

60	115.1667	0.06498505

3.141593 0 0
3.128503	-0.5	0


20	112.5
80	122.5
80	118

60	117.1667	0.1990167

3.141593 0 0
3.180863	-0.5	0


20	112.5
80	122.5
80	121

60	115.1667	0.06498505

3.141593 0 0
3.154683	-0.5	0


20	116.199921
80	120.800045
80	123.000033999731

60	116.1999	3.158734e-22

3.141593 0 0
3.122394	-0.5	0


20	116.199921
80	123.000033999731
80	120.800045

60	116.1999	2.930111e-22

3.141593 0 0
3.160791	-0.5	0


20	116.19994
80	120.800064
80	122.999995999998

60	116.1999	2.284332e-23

3.141593 0 0
3.122395	-0.5	0


20	116.19994
80	120.800095
80	122.999965

60	116.1999	2.282969e-23

3.141593 0 0
3.122395	-0.5	0


20	116.19994
80	122.999965
80	120.800095

60	116.1999	2.303474e-27

3.141593 0 0
3.16079	-0.5	0


20	116.19994
80	122.999995999998
80	120.800064

60	116.1999	1.644381e-26

3.141593 0 0
3.160791	-0.5	0


20	116.199959
80	120.80006
80	122.999981

60	116.2000	2.282184e-23

3.141593 0 0
3.122395	-0.5	0


20	116.199959
80	122.999981
80	120.80006

60	116.2000	1.577722e-28

3.141593 0 0
3.160791	-0.5	0


20	116.199966
80	120.799995
80	123.000039

60	116.2000	2.275980e-23

3.141593 0 0
3.122394	-0.5	0


20	116.199966
80	120.800018
80	123.000016

60	116.2000	2.280012e-23

3.141593 0 0
3.122394	-0.5	0


20	116.199966
80	123.000016
80	120.800018

60	116.2000	3.222497e-27

3.141593 0 0
3.160791	-0.5	0


20	116.199966
80	123.000039
80	120.799995

60	116.2000	3.222497e-27

3.141593 0 0
3.160792	-0.5	0


20	116.199974
80	120.800011
80	123.000015

60	116.2000	2.272055e-23

3.141593 0 0
3.122394	-0.5	0


20	116.199974
80	120.800095
80	122.999931

60	116.2000	2.282184e-23

3.141593 0 0
3.122395	-0.5	0


20	116.199974
80	122.999931
80	120.800095

60	116.2000	2.591408e-27

3.141593 0 0
3.16079	-0.5	0


20	116.199974
80	123.000015
80	120.800011

60	116.2000	1.301620e-28

3.141593 0 0
3.160791	-0.5	0


20	116.199982
80	120.799976
80	123.000041999992

60	116.2000	2.300555e-23

3.141593 0 0
3.122393	-0.5	0


20	116.199982
80	120.799992
80	123.000026

60	116.2000	2.279713e-23

3.141593 0 0
3.122394	-0.5	0


20	116.199982
80	120.800037
80	122.999981

60	116.2000	2.273922e-23

3.141593 0 0
3.122395	-0.5	0


20	116.199982
80	122.999981
80	120.800037

60	116.2000	1.577722e-28

3.141593 0 0
3.160791	-0.5	0


20	116.199982
80	123.000026
80	120.799992

60	116.2000	1.301620e-28

3.141593 0 0
3.160792	-0.5	0


20	116.199982
80	123.000041999992
80	120.799976

60	116.2000	2.383662e-25

3.141593 0 0
3.160792	-0.5	0


20	116.199993
80	120.799995
80	123.000012

60	116.2	2.279226e-23

3.141593 0 0
3.122394	-0.5	0


20	116.199993
80	123.000012
80	120.799995

60	116.2	2.717626e-27

3.141593 0 0
3.160791	-0.5	0


20	116.200008
80	120.799969
80	123.000022999998

60	116.2	2.28317e-23

3.141593 0 0
3.122394	-0.5	0


20	116.200008
80	123.000022999998
80	120.799969

60	116.2	1.338303e-26

3.141593 0 0
3.160792	-0.5	0


20	116.200016
80	120.799976
80	123.000007999992

60	116.2000	2.300555e-23

3.141593 0 0
3.122394	-0.5	0


20	116.200016
80	123.000007999992
80	120.799976

60	116.2000	2.421369e-25

3.141593 0 0
3.160792	-0.5	0


20	116.200027
80	120.799957
80	123.000015999998

60	116.2000	2.268086e-23

3.141593 0 0
3.122394	-0.5	0


20	116.200027
80	120.800011
80	122.999961999992

60	116.2000	2.296794e-23

3.141593 0 0
3.122394	-0.5	0


20	116.200024
80	120.800053
80	122.999922999998

60	116.2000	2.267598e-23

3.141593 0 0
3.122395	-0.5	0


20	116.200024
80	122.999922999998
80	120.800053

60	116.2000	1.327258e-26

3.141593 0 0
3.16079	-0.5	0


20	116.200027
80	122.999961999992
80	120.800011

60	116.2000	2.422631e-25

3.141593 0 0
3.160791	-0.5	0


20	116.200027
80	123.000015999998
80	120.799957

60	116.2000	1.592316e-26

3.141593 0 0
3.160792	-0.5	0


20	116.200043
80	120.800045
80	122.999911999970

60	116.2000	2.625599e-23

3.141593 0 0
3.122395	-0.5	0


20	116.200043
80	122.999911999970
80	120.800045

60	116.2000	3.612021e-24

3.141593 0 0
3.16079	-0.5	0


40	118
40	118
100	124

68.57143	118	5.447085e-27

3.141593 0 0
3.530552	-0.7142857	0


40	120
40	120
100	120

68.57143	120	9.46633e-29

3.141593 0 0
3.590392	-0.7142857	0


50	120
34	123
35	117

67.24638	120	8.222539e-20

3.141593 0 0
3.209129	-0.5072464	0


50	120
35	117
34	123

67.24638	120	3.914039e-20

3.141593 0 0
3.074056	-0.4927536	0


50	121.699928
34	119.150036
35	119.150036

67.24638	121.6999	3.42453e-24

3.141593 0 0
3.156984	-0.5072464	0


50	121.699928
35	119.150036
34	119.150036

67.24638	121.6999	3.964373e-25

3.141593 0 0
3.126201	-0.4927536	0


50	121.699963
34	119.149973999993
35	119.150063

67.24638	121.7000	3.527977e-24

3.141593 0 0
3.156984	-0.5072464	0


50	121.699963
35	119.150063
34	119.149973999993

67.24638	121.7000	6.060633e-25

3.141593 0 0
3.126202	-0.4927536	0


50	121.69997
34	119.150009
35	119.150021

67.24638	121.7000	3.412427e-24

3.141593 0 0
3.156984	-0.5072464	0


50	121.69997
34	119.150027999998
35	119.150002

67.24638	121.7000	3.420464e-24

3.141593 0 0
3.156985	-0.5072464	0


50	121.69997
35	119.150002
34	119.150027999998

67.24638	121.7000	4.851611e-25

3.141593 0 0
3.126201	-0.4927536	0


50	121.69997
35	119.150021
34	119.150009

67.24638	121.7000	4.748223e-25

3.141593 0 0
3.126201	-0.4927536	0


50	121.699978
34	119.150047
35	119.149975

67.24638	121.7000	3.340028e-24

3.141593 0 0
3.156985	-0.5072464	0


50	121.699978
35	119.149975
34	119.150047

67.24638	121.7000	4.101043e-25

3.141593 0 0
3.1262	-0.4927536	0


50	121.699989
34	119.14999
35	119.150021

67.24638	121.7	3.416973e-24

3.141593 0 0
3.156984	-0.5072464	0


50	121.699989
34	119.150008999998
35	119.150002

67.24638	121.7	3.424694e-24

3.141593 0 0
3.156984	-0.5072464	0


50	121.699986
34	119.150019999998
35	119.149994

67.24638	121.7000	3.408354e-24

3.141593 0 0
3.156985	-0.5072464	0


50	121.699986
35	119.149994
34	119.150019999998

67.24638	121.7000	4.805634e-25

3.141593 0 0
3.126201	-0.4927536	0


50	121.699989
35	119.150002
34	119.150008999998

67.24638	121.7	4.089216e-25

3.141593 0 0
3.126201	-0.4927536	0


50	121.699989
35	119.150021
34	119.14999

67.24638	121.7	3.990672e-25

3.141593 0 0
3.126201	-0.4927536	0


50	121.699997
34	119.150001
35	119.150002

67.24638	121.7	3.337100e-24

3.141593 0 0
3.156984	-0.5072464	0


50	121.699997
34	119.150017
35	119.149986

67.24638	121.7	3.407806e-24

3.141593 0 0
3.156985	-0.5072464	0


50	121.699997
34	119.150043
35	119.14996

67.24638	121.7	3.4321e-24

3.141593 0 0
3.156985	-0.5072464	0


50	121.699997
35	119.14996
34	119.150043

67.24638	121.7	4.089417e-25

3.141593 0 0
3.1262	-0.4927536	0


50	121.699997
35	119.149986
34	119.150017

67.24638	121.7	4.142981e-25

3.141593 0 0
3.126201	-0.4927536	0


50	121.699997
35	119.150002
34	119.150001

67.24638	121.7	3.975048e-25

3.141593 0 0
3.126201	-0.4927536	0


50	121.700005
34	119.149913
35	119.150082

67.24638	121.7	3.400293e-24

3.141593 0 0
3.156983	-0.5072464	0


50	121.700005
34	119.149993
35	119.150002

67.24638	121.7	3.407806e-24

3.141593 0 0
3.156984	-0.5072464	0


50	121.700005
34	119.15002
35	119.149975

67.24638	121.7	3.424588e-24

3.141593 0 0
3.156985	-0.5072464	0


50	121.700005
35	119.149975
34	119.15002

67.24638	121.7	4.116935e-25

3.141593 0 0
3.126200	-0.4927536	0


50	121.700005
35	119.150002
34	119.149993

67.24638	121.7	3.959559e-25

3.141593 0 0
3.126201	-0.4927536	0


50	121.700005
35	119.150082
34	119.149913

67.24638	121.7	4.101043e-25

3.141593 0 0
3.126202	-0.4927536	0


50	121.700012
34	119.149966999993
35	119.150021

67.24638	121.7	3.542693e-24

3.141593 0 0
3.156984	-0.5072464	0


50	121.700012
35	119.150021
34	119.149966999993

67.24638	121.7	6.799628e-25

3.141593 0 0
3.126201	-0.4927536	0


50	121.700024
34	119.149955
35	119.150021

67.24638	121.7000	3.404828e-24

3.141593 0 0
3.156984	-0.5072464	0


50	121.70002
34	119.149985999889
35	119.149994

67.24638	121.7000	5.10872e-23

3.141593 0 0
3.156984	-0.5072464	0


50	121.70002
35	119.149994
34	119.149985999889

67.24638	121.7000	4.819569e-23

3.141593 0 0
3.126201	-0.4927536	0


50	121.700024
35	119.150021
34	119.149955

67.24638	121.7000	3.989938e-25

3.141593 0 0
3.126201	-0.4927536	0


50	121.700081
34	119.149890999957
35	119.150028

67.24638	121.7001	1.050624e-23

3.141593 0 0
3.156983	-0.5072464	0


50	121.700081
35	119.150028
34	119.149890999957

67.24638	121.7001	7.594419e-24

3.141593 0 0
3.126202	-0.4927536	0


80	116.199921
80	120.800045
80	123.000033999731

120	116.1999	1.764125e-20

3.141593 0 0
3.122394	-0.5	0


80	116.199921
80	123.000033999731
80	120.800045

120	116.1999	1.302139e-21

3.141593 0 0
3.160791	-0.5	0


80	116.19994
80	120.800064
80	122.999995999998

120	116.1999	1.705502e-20

3.141593 0 0
3.122395	-0.5	0


80	116.19994
80	120.800095
80	122.999965

120	116.1999	1.705148e-20

3.141593 0 0
3.122395	-0.5	0


80	116.19994
80	122.999965
80	120.800095

120	116.1999	7.165196e-22

3.141593 0 0
3.16079	-0.5	0


80	116.19994
80	122.999995999998
80	120.800064

120	116.1999	7.164667e-22

3.141593 0 0
3.160791	-0.5	0


80	116.199959
80	120.80006
80	122.999981

120	116.2000	1.705549e-20

3.141593 0 0
3.122395	-0.5	0


80	116.199959
80	122.999981
80	120.80006

120	116.2000	7.161583e-22

3.141593 0 0
3.160791	-0.5	0


80	116.199966
80	120.799995
80	123.000039

120	116.2000	1.705469e-20

3.141593 0 0
3.122394	-0.5	0


80	116.199966
80	120.800018
80	123.000016

120	116.2000	1.705886e-20

3.141593 0 0
3.122394	-0.5	0


80	116.199966
80	123.000016
80	120.800018

120	116.2000	7.160788e-22

3.141593 0 0
3.160791	-0.5	0


80	116.199966
80	123.000039
80	120.799995

120	116.2000	7.15826e-22

3.141593 0 0
3.160792	-0.5	0


80	116.199974
80	120.800011
80	123.000015

120	116.2000	1.705228e-20

3.141593 0 0
3.122394	-0.5	0


80	116.199974
80	120.800095
80	122.999931

120	116.2000	1.705934e-20

3.141593 0 0
3.122395	-0.5	0


80	116.199974
80	122.999931
80	120.800095

120	116.2000	7.16693e-22

3.141593 0 0
3.16079	-0.5	0


80	116.199974
80	123.000015
80	120.800011

120	116.2000	7.160788e-22

3.141593 0 0
3.160791	-0.5	0


80	116.199982
80	120.799976
80	123.000041999992

120	116.2000	1.705212e-20

3.141593 0 0
3.122393	-0.5	0


80	116.199982
80	120.799992
80	123.000026

120	116.2000	1.705405e-20

3.141593 0 0
3.122394	-0.5	0


80	116.199982
80	120.800037
80	122.999981

120	116.2000	1.705566e-20

3.141593 0 0
3.122395	-0.5	0


80	116.199982
80	122.999981
80	120.800037

120	116.2000	7.161728e-22

3.141593 0 0
3.160791	-0.5	0


80	116.199982
80	123.000026
80	120.799992

120	116.2000	7.156383e-22

3.141593 0 0
3.160792	-0.5	0


80	116.199982
80	123.000041999992
80	120.799976

120	116.2000	7.161324e-22

3.141593 0 0
3.160792	-0.5	0


80	116.199993
80	120.799995
80	123.000012

120	116.2	1.705068e-20

3.141593 0 0
3.122394	-0.5	0


80	116.199993
80	123.000012
80	120.799995

120	116.2	7.15826e-22

3.141593 0 0
3.160791	-0.5	0


80	116.200008
80	120.799969
80	123.000022999998

120	116.2	1.705087e-20

3.141593 0 0
3.122394	-0.5	0


80	116.200008
80	123.000022999998
80	120.799969

120	116.2	7.155846e-22

3.141593 0 0
3.160792	-0.5	0


80	116.200016
80	120.799976
80	123.000007999992

120	116.2000	1.705486e-20

3.141593 0 0
3.122394	-0.5	0


80	116.200016
80	123.000007999992
80	120.799976

120	116.2000	7.162295e-22

3.141593 0 0
3.160792	-0.5	0


80	116.200027
80	120.799957
80	123.000015999998

120	116.2000	1.704622e-20

3.141593 0 0
3.122394	-0.5	0


80	116.200027
80	120.800011
80	122.999961999992

120	116.2000	1.705453e-20

3.141593 0 0
3.122394	-0.5	0


80	116.200024
80	120.800053
80	122.999922999998

120	116.2000	1.705936e-20

3.141593 0 0
3.122395	-0.5	0


80	116.200024
80	122.999922999998
80	120.800053

120	116.2000	7.164521e-22

3.141593 0 0
3.16079	-0.5	0


80	116.200027
80	122.999961999992
80	120.800011

120	116.2000	7.164822e-22

3.141593 0 0
3.160791	-0.5	0


80	116.200027
80	123.000015999998
80	120.799957

120	116.2000	7.154922e-22

3.141593 0 0
3.160792	-0.5	0


80	116.200043
80	120.800045
80	122.999911999970

120	116.2000	1.706367e-20

3.141593 0 0
3.122395	-0.5	0


80	116.200043
80	122.999911999970
80	120.800045

120	116.2000	7.234883e-22

3.141593 0 0
3.16079	-0.5	0


80	116.5
80	118
80	122.5

120	117.5	0.07310818

3.141593 0 0
3.102323	-0.5	0


80	116.5
80	121
80	122.5

120	116.5	2.874609e-20

3.141593 0 0
3.128503	-0.5	0


80	116.5
80	122.5
80	118

120	117.5	0.07310818

3.141593 0 0
3.180863	-0.5	0


80	116.5
80	122.5
80	121

120	116.5	2.667401e-20

3.141593 0 0
3.154683	-0.5	0


