DDIPP: ALA ALA 0 0 0 0 0 0 0 0 -0.592 -0.812 -0.353 0 0 0 0 0 0 0 0 0 0 0 0 0 0 0 0 0 0 0 0 0 0 0 0 0 0 0 0 0 0 0 0 0 0 0 0 0 0 0 
DDIPP: ALA CYS 0 0 0 0 0 0 0 0 -0.288 -0.471 0 0 0 0 0 0 0 0 0 0 0 0 0 0 0 0 0 0 0 0 0 0 0 0 0 0 0 0 0 0 0 0 0 0 0 0 0 0 0 0 
DDIPP: ALA ASP 0 0 0 0 0 0 0 0 0 0 0 0 0 0 0 -0.00479 -0.0638 -0.126 -0.122 -0.153 -0.0636 -0.159 -0.144 -0.119 -0.195 -0.218 -0.171 -0.188 -0.242 -0.176 -0.192 -0.239 -0.194 -0.217 -0.196 -0.186 -0.182 -0.217 -0.25 -0.218 -0.216 -0.213 -0.236 -0.247 -0.23 -0.251 -0.253 -0.227 -0.235 -0.235 
DDIPP: ALA GLU 0 0 0 0 0 0 0 0 -0.265 -0.159 0 0 0 0 0 0 0 0 0 0 0 0 0 0 0 0 0 0 0 0 0 0 0 0 0 0 0 0 0 0 0 0 0 0 0 0 0 0 0 0 
DDIPP: ALA PHE 0 0 0 0 0 0 0 0 -0.866 -1.28 -0.529 0 0 0 0 0 0 0 0 0 0 0 0 0 0 0 0 0 0 0 0 0 0 0 0 0 0 0 0 0 0 0 0 0 0 0 0 0 0 0 
DDIPP: ALA GLY 0 0 0 0 0 0 0 0 -0.182 -0.279 0 0 0 0 0 0 0 0 0 0 0 0 0 0 0 0 0 0 0 0 0 0 0 0 0 0 0 0 0 0 0 0 0 0 0 0 0 0 0 0 
DDIPP: ALA HIS 0 0 0 0 0 0 0 -0.255 -0.69 -0.681 0 0 0 0 0 0 0 0 0 0 0 0 0 0 0 0 0 0 0 0 0 0 0 0 0 0 0 0 0 0 0 0 0 0 0 0 0 0 0 0 
DDIPP: ALA ILE 0 0 0 0 0 0 0 0 -0.47 -0.89 -0.299 0 0 0 0 0 0 0 0 0 0 0 0 0 0 0 0 0 0 0 0 0 0 0 0 0 0 0 0 0 0 0 0 0 0 0 0 0 0 0 
DDIPP: ALA LYS 0 0 0 0 0 0 0 0 -0.185 -0.405 0 0 0 0 0 0 0 0 0 0 0 0 0 0 0 0 0 0 0 0 0 0 0 0 0 0 0 0 0 0 0 0 0 0 0 0 0 0 0 0 
DDIPP: ALA LEU 0 0 0 0 0 0 0 0 -0.457 -0.857 -0.471 0 0 0 0 0 0 0 0 0 0 0 0 0 0 0 0 0 0 0 0 0 0 0 0 0 0 0 0 0 0 0 0 0 0 0 0 0 0 0 
DDIPP: ALA MET 0 0 0 0 0 0 0 0 -0.838 -1.05 -0.433 -0.0992 0 0 0 0 0 0 0 0 0 0 0 0 0 0 0 0 0 0 0 0 0 0 0 0 0 0 0 0 0 0 0 0 0 0 0 0 0 0 
DDIPP: ALA ASN 0 0 0 0 0 0 0 -0.418 -0.619 -0.304 0 0 0 0 0 0 0 0 0 0 0 0 0 0 0 0 0 0 0 0 0 0 0 0 0 0 0 0 0 0 0 0 0 0 0 0 0 0 0 0 
DDIPP: ALA PRO 0 0 0 0 0 0 0 0 -0.472 -0.745 -0.157 0 0 0 0 0 0 0 0 0 0 0 0 0 0 0 0 0 0 0 0 0 0 0 0 0 0 0 0 0 0 0 0 0 0 0 0 0 0 0 
DDIPP: ALA GLN 0 0 0 0 0 0 0 -0.362 -0.574 -0.569 -0.0687 0 0 0 0 0 0 0 0 0 0 0 0 0 0 0 0 0 0 0 0 0 0 0 0 0 0 0 0 0 0 0 0 0 0 0 0 0 0 0 
DDIPP: ALA ARG 0 0 0 0 0 0 0 -0.452 -0.663 -0.63 -0.187 0 0 0 0 0 0 0 0 0 0 0 0 0 0 0 0 0 0 0 0 0 0 0 0 0 0 0 0 0 0 0 0 0 0 0 0 0 0 0 
DDIPP: ALA SER 0 0 0 0 0 0 0 0 -0.507 -0.288 0 0 0 0 0 0 0 0 0 0 0 0 0 0 0 0 0 0 0 0 0 0 0 0 0 0 0 0 0 0 0 0 0 0 0 0 0 0 0 0 
DDIPP: ALA THR 0 0 0 0 0 0 0 0 -0.319 -0.545 -0.0701 0 0 0 0 0 0 0 0 0 0 0 0 0 0 0 0 0 0 0 0 0 0 0 0 0 0 0 0 0 0 0 0 0 0 0 0 0 0 0 
DDIPP: ALA VAL 0 0 0 0 0 0 0 0 -0.266 -0.846 -0.14 0 0 0 0 0 0 0 0 0 0 0 0 0 0 0 0 0 0 0 0 0 0 0 0 0 0 0 0 0 0 0 0 0 0 0 0 0 0 0 
DDIPP: ALA TRP 0 0 0 0 0 0 0 -0.226 -1.11 -1.3 -0.339 0 0 0 0 0 0 0 0 0 0 0 0 0 0 0 0 0 0 0 0 0 0 0 0 0 0 0 0 0 0 0 0 0 0 0 0 0 0 0 
DDIPP: ALA TYR 0 0 0 0 0 0 0 0 -0.956 -1.03 -0.506 0 0 0 0 0 0 0 0 0 0 0 0 0 0 0 0 0 0 0 0 0 0 0 0 0 0 0 0 0 0 0 0 0 0 0 0 0 0 0 
DDIPP: CYS ALA 0 0 0 0 0 0 0 0 -0.288 -0.471 0 0 0 0 0 0 0 0 0 0 0 0 0 0 0 0 0 0 0 0 0 0 0 0 0 0 0 0 0 0 0 0 0 0 0 0 0 0 0 0 
DDIPP: CYS CYS 0 0 0 0 0 0 0 -1.12 -0.867 -0.819 -0.866 -0.109 -0.187 -0.363 -0.0869 -0.232 -0.234 -0.522 -0.0961 -0.506 -0.173 -0.374 -0.258 -0.404 -0.459 -0.438 -0.319 -0.303 -0.352 -0.44 -0.349 -0.39 -0.413 -0.378 -0.299 -0.301 -0.45 -0.426 -0.2 -0.197 -0.273 -0.205 -0.137 -0.274 -0.222 -0.32 -0.118 -0.181 -0.16 -0.137 
DDIPP: CYS ASP 0 0 0 0 0 0 0 0 0 0 0 0 0 0 0 0 0 0 0 0 -0.142 -0.273 -0.169 -0.142 -0.279 -0.216 -0.229 -0.331 -0.254 -0.349 -0.234 -0.309 -0.26 -0.301 -0.328 -0.265 -0.157 -0.229 -0.211 -0.299 -0.314 -0.302 -0.297 -0.255 -0.338 -0.33 -0.364 -0.253 -0.323 -0.27 
DDIPP: CYS GLU 0 0 0 0 0 0 0 0 0 0 0 0 0 0 0 0 -0.179 -0.185 -0.161 -0.168 -0.291 -0.0349 -0.13 -0.305 -0.28 -0.259 -0.342 -0.184 -0.25 -0.22 -0.297 -0.354 -0.289 -0.325 -0.384 -0.314 -0.295 -0.231 -0.262 -0.245 -0.233 -0.262 -0.268 -0.185 -0.305 -0.29 -0.315 -0.259 -0.219 -0.336 
DDIPP: CYS PHE 0 0 0 0 0 0 0 0 -0.736 -1.21 -0.606 -0.0185 0 0 0 0 0 0 0 0 0 0 0 0 0 0 0 0 0 0 0 0 0 0 0 0 0 0 0 0 0 0 0 0 0 0 0 0 0 0 
DDIPP: CYS GLY 0 0 0 0 0 0 0 0 -0.439 -0.584 0 0 0 0 0 0 0 0 0 0 0 0 0 0 0 0 0 0 0 0 0 0 0 0 0 0 0 0 0 0 0 0 0 0 0 0 0 0 0 0 
DDIPP: CYS HIS 0 0 0 0 0 0 0 -0.0797 -0.81 -0.733 -0.0129 0 0 0 0 0 0 0 0 0 0 0 0 0 0 0 0 0 0 0 0 0 0 0 0 0 0 0 0 0 0 0 0 0 0 0 0 0 0 0 
DDIPP: CYS ILE 0 0 0 0 0 0 0 -0.102 -0.411 -0.845 -0.221 0 0 0 0 0 0 0 0 0 0 0 0 0 0 0 0 0 0 0 0 0 0 0 0 0 0 0 0 0 0 0 0 0 0 0 0 0 0 0 
DDIPP: CYS LYS 0 0 0 0 0 0 0 -0.479 -0.284 -0.402 0 0 0 0 0 0 0 0 0 0 0 0 0 0 0 0 0 0 0 0 0 0 0 0 0 0 0 0 0 0 0 0 0 0 0 0 0 0 0 0 
DDIPP: CYS LEU 0 0 0 0 0 0 0 0 -0.358 -0.965 -0.155 -0.00946 0 0 0 0 0 0 0 0 0 0 0 0 0 0 0 0 0 0 0 0 0 0 0 0 0 0 0 0 0 0 0 0 0 0 0 0 0 0 
DDIPP: CYS MET 0 0 0 0 0 0 0 -0.507 -0.682 -1.39 -0.498 -0.115 0 0 0 0 0 0 0 0 0 0 0 0 0 0 0 0 0 0 0 0 0 0 0 0 0 0 0 0 0 0 0 0 0 0 0 0 0 0 
DDIPP: CYS ASN 0 0 0 0 0 0 0 -0.344 -0.787 -0.413 0 0 0 0 0 0 0 0 0 0 0 0 0 0 0 0 0 0 0 0 0 0 0 0 0 0 0 0 0 0 0 0 0 0 0 0 0 0 0 0 
DDIPP: CYS PRO 0 0 0 0 0 0 0 0 -0.745 -0.746 -0.303 -0.0397 0 0 0 0 0 0 0 0 0 0 0 0 0 0 0 0 0 0 0 0 0 0 0 0 0 0 0 0 0 0 0 0 0 0 0 0 0 0 
DDIPP: CYS GLN 0 0 0 0 0 0 0 -0.494 -0.856 -0.374 0 0 0 0 0 0 0 0 0 0 0 0 0 0 0 0 0 0 0 0 0 0 0 0 0 0 0 0 0 0 0 0 0 0 0 0 0 0 0 0 
DDIPP: CYS ARG 0 0 0 0 0 0 0 -0.624 -1.03 -0.951 -0.0685 -0.0312 0 0 0 0 0 0 0 0 0 0 0 0 0 0 0 0 0 0 0 0 0 0 0 0 0 0 0 0 0 0 0 0 0 0 0 0 0 0 
DDIPP: CYS SER 0 0 0 0 0 0 0 -0.459 -0.527 0 0 0 0 0 0 0 0 0 0 0 0 0 0 0 0 0 0 0 0 0 0 0 0 0 0 0 0 0 0 0 0 0 0 0 0 0 0 0 0 0 
DDIPP: CYS THR 0 0 0 0 0 0 0 0 -0.619 -0.666 0 0 0 0 0 0 0 0 0 0 0 0 0 0 0 0 0 0 0 0 0 0 0 0 0 0 0 0 0 0 0 0 0 0 0 0 0 0 0 0 
DDIPP: CYS VAL 0 0 0 0 0 0 0 -0.248 -0.384 -0.58 -0.192 0 0 0 0 0 0 0 0 0 0 0 0 0 0 0 0 0 0 0 0 0 0 0 0 0 0 0 0 0 0 0 0 0 0 0 0 0 0 0 
DDIPP: CYS TRP 0 0 0 0 0 0 0 0 -1.25 -1.33 -0.326 -0.144 0 0 0 0 0 0 0 0 0 0 0 0 0 0 0 0 0 0 0 0 0 0 0 0 0 0 0 0 0 0 0 0 0 0 0 0 0 0 
DDIPP: CYS TYR 0 0 0 0 0 0 0 -0.363 -0.764 -0.773 -0.176 -0.068 0 0 0 0 0 0 0 0 0 0 0 0 0 0 0 0 0 0 0 0 0 0 0 0 0 0 0 0 0 0 0 0 0 0 0 0 0 0 
DDIPP: ASP ALA 0 0 0 0 0 0 0 0 0 0 0 0 0 0 0 -0.00479 -0.0638 -0.126 -0.122 -0.153 -0.0636 -0.159 -0.144 -0.119 -0.195 -0.218 -0.171 -0.188 -0.242 -0.176 -0.192 -0.239 -0.194 -0.217 -0.196 -0.186 -0.182 -0.217 -0.25 -0.218 -0.216 -0.213 -0.236 -0.247 -0.23 -0.251 -0.253 -0.227 -0.235 -0.235 
DDIPP: ASP CYS 0 0 0 0 0 0 0 0 0 0 0 0 0 0 0 0 0 0 0 0 -0.142 -0.273 -0.169 -0.142 -0.279 -0.216 -0.229 -0.331 -0.254 -0.349 -0.234 -0.309 -0.26 -0.301 -0.328 -0.265 -0.157 -0.229 -0.211 -0.299 -0.314 -0.302 -0.297 -0.255 -0.338 -0.33 -0.364 -0.253 -0.323 -0.27 
DDIPP: ASP ASP 0 0 0 0 0 0 -0.206 -0.341 -0.557 -0.445 -0.296 -0.304 -0.116 -0.124 -0.0508 -0.358 -0.48 -0.446 -0.337 -0.346 -0.209 -0.331 -0.305 -0.259 -0.329 -0.323 -0.328 -0.296 -0.267 -0.242 -0.302 -0.205 -0.257 -0.219 -0.222 -0.137 -0.151 -0.233 -0.16 -0.209 -0.243 -0.189 -0.163 -0.211 -0.198 -0.193 -0.216 -0.191 -0.174 -0.193 
DDIPP: ASP GLU 0 0 0 0 0 0 0 -0.171 -0.219 -0.0917 -0.112 -0.0529 -0.0798 -0.152 -0.145 -0.181 -0.371 -0.374 -0.33 -0.288 -0.181 -0.264 -0.275 -0.324 -0.291 -0.291 -0.235 -0.319 -0.324 -0.262 -0.197 -0.213 -0.221 -0.234 -0.199 -0.206 -0.198 -0.228 -0.195 -0.186 -0.192 -0.21 -0.243 -0.202 -0.19 -0.2 -0.208 -0.181 -0.217 -0.174 
DDIPP: ASP PHE 0 0 0 0 0 0 0 -0.284 -0.75 -0.571 -0.111 0 0 0 0 0 0 0 0 0 0 0 0 0 0 0 0 0 0 0 0 0 0 0 0 0 0 0 0 0 0 0 0 0 0 0 0 0 0 0 
DDIPP: ASP GLY 0 0 0 0 0 0 0 -0.242 -0.466 0 0 0 0 0 0 0 0 0 0 0 0 0 0 0 0 0 0 0 0 0 0 0 0 0 0 0 0 0 0 0 0 0 0 0 0 0 0 0 0 0 
DDIPP: ASP HIS 0 0 0 0 0 0 -1.29 -1.55 -0.905 -0.548 -0.169 -0.156 -0.15 0 0 0 0 0 0 0 0 0 0 0 0 0 0 0 0 0 0 0 0 0 0 0 0 0 0 0 0 0 0 0 0 0 0 0 0 0 
DDIPP: ASP ILE 0 0 0 0 0 0 0 0 -0.2 -0.361 0 0 0 0 0 0 0 0 0 0 0 0 0 0 0 0 0 0 0 0 0 0 0 0 0 0 0 0 0 0 0 0 0 0 0 0 0 0 0 0 
DDIPP: ASP LYS 0 0 0 0 0 0 -1.68 -1.79 -1.27 -0.663 -0.311 -0.386 -0.314 -0.241 -0.223 -0.392 -0.377 -0.387 -0.374 -0.299 -0.289 -0.308 -0.331 -0.341 -0.317 -0.319 -0.335 -0.297 -0.303 -0.264 -0.293 -0.22 -0.185 -0.235 -0.223 -0.222 -0.217 -0.238 -0.205 -0.179 -0.221 -0.174 -0.186 -0.147 -0.197 -0.168 -0.203 -0.18 -0.203 -0.201 
DDIPP: ASP LEU 0 0 0 0 0 0 0 0 -0.136 -0.311 0 0 0 0 0 0 0 0 0 0 0 0 0 0 0 0 0 0 0 0 0 0 0 0 0 0 0 0 0 0 0 0 0 0 0 0 0 0 0 0 
DDIPP: ASP MET 0 0 0 0 0 0 0 -0.225 -0.907 -0.554 -0.245 0 0 0 0 0 0 0 0 0 0 0 0 0 0 0 0 0 0 0 0 0 0 0 0 0 0 0 0 0 0 0 0 0 0 0 0 0 0 0 
DDIPP: ASP ASN 0 0 0 0 0 0 -0.258 -1.25 -0.765 -0.307 0 0 0 0 0 0 0 0 0 0 0 0 0 0 0 0 0 0 0 0 0 0 0 0 0 0 0 0 0 0 0 0 0 0 0 0 0 0 0 0 
DDIPP: ASP PRO 0 0 0 0 0 0 0 -0.102 -0.889 -0.881 -0.0803 0 0 0 0 0 0 0 0 0 0 0 0 0 0 0 0 0 0 0 0 0 0 0 0 0 0 0 0 0 0 0 0 0 0 0 0 0 0 0 
DDIPP: ASP GLN 0 0 0 0 0 0 -0.439 -1.14 -0.859 -0.358 -0.36 -0.33 -0.239 -0.0996 -0.124 -0.353 -0.454 -0.498 -0.415 -0.392 -0.257 -0.38 -0.356 -0.259 -0.26 -0.342 -0.319 -0.342 -0.314 -0.291 -0.267 -0.294 -0.209 -0.265 -0.244 -0.244 -0.24 -0.257 -0.239 -0.233 -0.197 -0.193 -0.205 -0.176 -0.214 -0.195 -0.224 -0.166 -0.163 -0.205 
DDIPP: ASP ARG 0 0 0 0 0 0 -2.16 -2.32 -1.5 -0.954 -0.582 -0.469 -0.479 -0.325 -0.36 -0.484 -0.522 -0.602 -0.635 -0.455 -0.394 -0.36 -0.341 -0.399 -0.261 -0.38 -0.336 -0.312 -0.305 -0.27 -0.301 -0.222 -0.231 -0.226 -0.221 -0.233 -0.182 -0.198 -0.207 -0.199 -0.216 -0.177 -0.216 -0.224 -0.155 -0.189 -0.18 -0.16 -0.16 -0.173 
DDIPP: ASP SER 0 0 0 0 0 0 -0.992 -0.705 -0.506 -0.179 0 0 0 0 0 0 0 0 0 0 0 0 0 0 0 0 0 0 0 0 0 0 0 0 0 0 0 0 0 0 0 0 0 0 0 0 0 0 0 0 
DDIPP: ASP THR 0 0 0 0 0 0 -0.682 -0.612 -0.394 -0.391 0 0 0 0 0 0 0 0 0 0 0 0 0 0 0 0 0 0 0 0 0 0 0 0 0 0 0 0 0 0 0 0 0 0 0 0 0 0 0 0 
DDIPP: ASP VAL 0 0 0 0 0 0 0 0 -0.208 -0.284 0 0 0 0 0 0 0 0 0 0 0 0 0 0 0 0 0 0 0 0 0 0 0 0 0 0 0 0 0 0 0 0 0 0 0 0 0 0 0 0 
DDIPP: ASP TRP 0 0 0 0 0 0 -0.56 -1.17 -1.13 -0.853 0 0 0 0 0 0 0 0 0 0 0 0 0 0 0 0 0 0 0 0 0 0 0 0 0 0 0 0 0 0 0 0 0 0 0 0 0 0 0 0 
DDIPP: ASP TYR 0 0 0 0 0 0 -1.56 -0.872 -0.904 -0.392 -0.329 -0.331 -0.0224 -0.0547 -0.175 -0.339 -0.516 -0.464 -0.465 -0.403 -0.244 -0.264 -0.291 -0.286 -0.274 -0.262 -0.231 -0.366 -0.304 -0.309 -0.306 -0.307 -0.237 -0.195 -0.276 -0.193 -0.238 -0.206 -0.198 -0.21 -0.267 -0.21 -0.208 -0.223 -0.196 -0.191 -0.213 -0.21 -0.217 -0.219 
DDIPP: GLU ALA 0 0 0 0 0 0 0 0 -0.265 -0.159 0 0 0 0 0 0 0 0 0 0 0 0 0 0 0 0 0 0 0 0 0 0 0 0 0 0 0 0 0 0 0 0 0 0 0 0 0 0 0 0 
DDIPP: GLU CYS 0 0 0 0 0 0 0 0 0 0 0 0 0 0 0 0 -0.179 -0.185 -0.161 -0.168 -0.291 -0.0349 -0.13 -0.305 -0.28 -0.259 -0.342 -0.184 -0.25 -0.22 -0.297 -0.354 -0.289 -0.325 -0.384 -0.314 -0.295 -0.231 -0.262 -0.245 -0.233 -0.262 -0.268 -0.185 -0.305 -0.29 -0.315 -0.259 -0.219 -0.336 
DDIPP: GLU ASP 0 0 0 0 0 0 0 -0.171 -0.219 -0.0917 -0.112 -0.0529 -0.0798 -0.152 -0.145 -0.181 -0.371 -0.374 -0.33 -0.288 -0.181 -0.264 -0.275 -0.324 -0.291 -0.291 -0.235 -0.319 -0.324 -0.262 -0.197 -0.213 -0.221 -0.234 -0.199 -0.206 -0.198 -0.228 -0.195 -0.186 -0.192 -0.21 -0.243 -0.202 -0.19 -0.2 -0.208 -0.181 -0.217 -0.174 
DDIPP: GLU GLU 0 0 0 0 0 0 -0.569 -0.582 -0.628 -0.412 -0.376 -0.301 -0.266 -0.186 -0.379 -0.368 -0.279 -0.432 -0.327 -0.299 -0.303 -0.283 -0.354 -0.322 -0.211 -0.361 -0.379 -0.383 -0.328 -0.282 -0.272 -0.241 -0.197 -0.257 -0.184 -0.187 -0.222 -0.183 -0.152 -0.16 -0.212 -0.164 -0.185 -0.123 -0.213 -0.08 -0.148 -0.109 -0.134 -0.131 
DDIPP: GLU PHE 0 0 0 0 0 0 0 -0.0541 -1.04 -0.852 -0.17 0 0 0 0 0 0 0 0 0 0 0 0 0 0 0 0 0 0 0 0 0 0 0 0 0 0 0 0 0 0 0 0 0 0 0 0 0 0 0 
DDIPP: GLU GLY 0 0 0 0 0 0 0 -0.236 -0.56 -0.0564 0 0 0 0 0 0 0 0 0 0 0 0 0 0 0 0 0 0 0 0 0 0 0 0 0 0 0 0 0 0 0 0 0 0 0 0 0 0 0 0 
DDIPP: GLU HIS 0 0 0 0 0 0 -1.44 -1.63 -1.34 -0.602 -0.199 -0.204 -0.188 -0.201 -0.132 -0.332 -0.422 -0.463 -0.422 -0.376 -0.259 -0.357 -0.286 -0.344 -0.252 -0.364 -0.346 -0.334 -0.335 -0.266 -0.357 -0.247 -0.258 -0.281 -0.257 -0.226 -0.252 -0.211 -0.195 -0.267 -0.226 -0.219 -0.244 -0.246 -0.239 -0.183 -0.2 -0.176 -0.229 -0.2 
DDIPP: GLU ILE 0 0 0 0 0 0 0 0 -0.46 -0.614 0 0 0 0 0 0 0 0 0 0 0 0 0 0 0 0 0 0 0 0 0 0 0 0 0 0 0 0 0 0 0 0 0 0 0 0 0 0 0 0 
DDIPP: GLU LYS 0 0 0 0 0 0 -1.46 -1.84 -1.29 -0.871 -0.596 -0.394 -0.396 -0.237 -0.285 -0.396 -0.434 -0.472 -0.378 -0.375 -0.293 -0.301 -0.359 -0.272 -0.309 -0.267 -0.32 -0.316 -0.272 -0.238 -0.267 -0.263 -0.285 -0.226 -0.232 -0.292 -0.213 -0.186 -0.221 -0.205 -0.189 -0.185 -0.186 -0.19 -0.17 -0.12 -0.16 -0.141 -0.142 -0.146 
DDIPP: GLU LEU 0 0 0 0 0 0 0 0 -0.6 -0.74 -0.0263 0 0 0 0 0 0 0 0 0 0 0 0 0 0 0 0 0 0 0 0 0 0 0 0 0 0 0 0 0 0 0 0 0 0 0 0 0 0 0 
DDIPP: GLU MET 0 0 0 0 0 0 0 -0.535 -1.05 -0.769 -0.137 0 0 0 0 0 0 0 0 0 0 0 0 0 0 0 0 0 0 0 0 0 0 0 0 0 0 0 0 0 0 0 0 0 0 0 0 0 0 0 
DDIPP: GLU ASN 0 0 0 0 0 0 -0.435 -1.19 -0.788 -0.338 -0.193 -0.051 -0.137 -0.145 -0.289 -0.313 -0.393 -0.439 -0.296 -0.355 -0.335 -0.249 -0.259 -0.295 -0.389 -0.305 -0.294 -0.314 -0.262 -0.263 -0.285 -0.253 -0.208 -0.212 -0.231 -0.244 -0.199 -0.223 -0.231 -0.199 -0.192 -0.205 -0.22 -0.21 -0.217 -0.226 -0.172 -0.17 -0.173 -0.194 
DDIPP: GLU PRO 0 0 0 0 0 0 0 0 -1.09 -0.871 -0.132 -0.0125 0 0 0 0 0 0 0 0 0 0 0 0 0 0 0 0 0 0 0 0 0 0 0 0 0 0 0 0 0 0 0 0 0 0 0 0 0 0 
DDIPP: GLU GLN 0 0 0 0 0 0 -0.556 -1.14 -0.866 -0.508 -0.15 -0.12 -0.183 -0.227 -0.113 -0.444 -0.406 -0.505 -0.428 -0.359 -0.301 -0.307 -0.3 -0.349 -0.34 -0.379 -0.305 -0.284 -0.271 -0.312 -0.26 -0.251 -0.221 -0.236 -0.213 -0.233 -0.228 -0.235 -0.263 -0.247 -0.212 -0.213 -0.209 -0.207 -0.162 -0.157 -0.184 -0.145 -0.202 -0.186 
DDIPP: GLU ARG 0 0 0 0 0 0 -2.01 -2.2 -1.44 -1.01 -0.638 -0.445 -0.427 -0.344 -0.393 -0.465 -0.596 -0.52 -0.486 -0.409 -0.398 -0.39 -0.332 -0.32 -0.349 -0.38 -0.331 -0.292 -0.299 -0.301 -0.293 -0.228 -0.188 -0.198 -0.223 -0.21 -0.192 -0.211 -0.199 -0.189 -0.164 -0.22 -0.168 -0.18 -0.162 -0.149 -0.184 -0.141 -0.149 -0.134 
DDIPP: GLU SER 0 0 0 0 0 0 -0.98 -0.891 -0.764 -0.256 -0.0207 0 0 0 0 0 0 0 0 0 0 0 0 0 0 0 0 0 0 0 0 0 0 0 0 0 0 0 0 0 0 0 0 0 0 0 0 0 0 0 
DDIPP: GLU THR 0 0 0 0 0 0 -0.761 -0.654 -0.63 -0.394 -0.133 0 0 0 0 0 0 0 0 0 0 0 0 0 0 0 0 0 0 0 0 0 0 0 0 0 0 0 0 0 0 0 0 0 0 0 0 0 0 0 
DDIPP: GLU VAL 0 0 0 0 0 0 0 -0.0304 -0.561 -0.425 0 0 0 0 0 0 0 0 0 0 0 0 0 0 0 0 0 0 0 0 0 0 0 0 0 0 0 0 0 0 0 0 0 0 0 0 0 0 0 0 
DDIPP: GLU TRP 0 0 0 0 0 0 0 -1.32 -1.38 -0.871 -0.376 -0.0839 -0.154 -0.233 -0.313 -0.591 -0.591 -0.543 -0.477 -0.309 -0.306 -0.394 -0.314 -0.35 -0.288 -0.263 -0.26 -0.36 -0.329 -0.298 -0.273 -0.291 -0.27 -0.305 -0.311 -0.305 -0.281 -0.332 -0.297 -0.256 -0.287 -0.282 -0.24 -0.228 -0.253 -0.264 -0.207 -0.246 -0.239 -0.24 
DDIPP: GLU TYR 0 0 0 0 0 0 -1.53 -1.01 -1.14 -0.907 -0.316 -0.145 -0.12 -0.127 -0.207 -0.39 -0.542 -0.602 -0.456 -0.428 -0.287 -0.269 -0.278 -0.234 -0.312 -0.358 -0.291 -0.251 -0.319 -0.252 -0.234 -0.285 -0.214 -0.23 -0.251 -0.259 -0.225 -0.246 -0.221 -0.2 -0.228 -0.199 -0.266 -0.209 -0.216 -0.197 -0.14 -0.177 -0.176 -0.19 
DDIPP: PHE ALA 0 0 0 0 0 0 0 0 -0.866 -1.28 -0.529 0 0 0 0 0 0 0 0 0 0 0 0 0 0 0 0 0 0 0 0 0 0 0 0 0 0 0 0 0 0 0 0 0 0 0 0 0 0 0 
DDIPP: PHE CYS 0 0 0 0 0 0 0 0 -0.736 -1.21 -0.606 -0.0185 0 0 0 0 0 0 0 0 0 0 0 0 0 0 0 0 0 0 0 0 0 0 0 0 0 0 0 0 0 0 0 0 0 0 0 0 0 0 
DDIPP: PHE ASP 0 0 0 0 0 0 0 -0.284 -0.75 -0.571 -0.111 0 0 0 0 0 0 0 0 0 0 0 0 0 0 0 0 0 0 0 0 0 0 0 0 0 0 0 0 0 0 0 0 0 0 0 0 0 0 0 
DDIPP: PHE GLU 0 0 0 0 0 0 0 -0.0541 -1.04 -0.852 -0.17 0 0 0 0 0 0 0 0 0 0 0 0 0 0 0 0 0 0 0 0 0 0 0 0 0 0 0 0 0 0 0 0 0 0 0 0 0 0 0 
DDIPP: PHE PHE 0 0 0 0 0 0 0 -0.582 -2.17 -2.23 -1.38 -0.618 -0.0963 0 0 0 0 0 0 0 0 0 0 0 0 0 0 0 0 0 0 0 0 0 0 0 0 0 0 0 0 0 0 0 0 0 0 0 0 0 
DDIPP: PHE GLY 0 0 0 0 0 0 0 -0.0154 -0.97 -0.751 -0.114 0 0 0 0 0 0 0 0 0 0 0 0 0 0 0 0 0 0 0 0 0 0 0 0 0 0 0 0 0 0 0 0 0 0 0 0 0 0 0 
DDIPP: PHE HIS 0 0 0 0 0 0 0 -0.072 -1.57 -1.4 -0.566 0 0 0 0 0 0 0 0 0 0 0 0 0 0 0 0 0 0 0 0 0 0 0 0 0 0 0 0 0 0 0 0 0 0 0 0 0 0 0 
DDIPP: PHE ILE 0 0 0 0 0 0 0 0 -1.34 -1.7 -1 -0.3 0 0 0 0 0 0 0 0 0 0 0 0 0 0 0 0 0 0 0 0 0 0 0 0 0 0 0 0 0 0 0 0 0 0 0 0 0 0 
DDIPP: PHE LYS 0 0 0 0 0 0 0 -0.274 -0.988 -1.04 -0.368 0 0 0 0 0 0 0 0 0 0 0 0 0 0 0 0 0 0 0 0 0 0 0 0 0 0 0 0 0 0 0 0 0 0 0 0 0 0 0 
DDIPP: PHE LEU 0 0 0 0 0 0 0 -0.0811 -1.39 -1.8 -1.08 -0.206 0 0 0 0 0 0 0 0 0 0 0 0 0 0 0 0 0 0 0 0 0 0 0 0 0 0 0 0 0 0 0 0 0 0 0 0 0 0 
DDIPP: PHE MET 0 0 0 0 0 0 0 -0.415 -1.7 -1.75 -1.04 -0.185 -0.159 -0.0255 -0.251 -0.519 -0.566 -0.766 -0.618 -0.607 -0.43 -0.43 -0.334 -0.207 -0.259 -0.347 -0.298 -0.308 -0.321 -0.36 -0.337 -0.305 -0.292 -0.297 -0.239 -0.231 -0.245 -0.303 -0.27 -0.318 -0.236 -0.197 -0.188 -0.236 -0.243 -0.266 -0.221 -0.228 -0.186 -0.216 
DDIPP: PHE ASN 0 0 0 0 0 0 0 -0.812 -1.37 -0.773 -0.352 0 0 0 0 0 0 0 0 0 0 0 0 0 0 0 0 0 0 0 0 0 0 0 0 0 0 0 0 0 0 0 0 0 0 0 0 0 0 0 
DDIPP: PHE PRO 0 0 0 0 0 0 0 0 -1.49 -1.59 -0.627 0 0 0 0 0 0 0 0 0 0 0 0 0 0 0 0 0 0 0 0 0 0 0 0 0 0 0 0 0 0 0 0 0 0 0 0 0 0 0 
DDIPP: PHE GLN 0 0 0 0 0 0 0 -0.903 -1.48 -1.21 -0.52 0 0 0 0 0 0 0 0 0 0 0 0 0 0 0 0 0 0 0 0 0 0 0 0 0 0 0 0 0 0 0 0 0 0 0 0 0 0 0 
DDIPP: PHE ARG 0 0 0 0 0 0 0 -0.995 -1.48 -1.28 -0.533 -0.0244 0 0 0 0 0 0 0 0 0 0 0 0 0 0 0 0 0 0 0 0 0 0 0 0 0 0 0 0 0 0 0 0 0 0 0 0 0 0 
DDIPP: PHE SER 0 0 0 0 0 0 0 -0.171 -1.12 -0.936 -0.179 0 0 0 0 0 0 0 0 0 0 0 0 0 0 0 0 0 0 0 0 0 0 0 0 0 0 0 0 0 0 0 0 0 0 0 0 0 0 0 
DDIPP: PHE THR 0 0 0 0 0 0 0 0 -1.15 -1.07 -0.526 0 0 0 0 0 0 0 0 0 0 0 0 0 0 0 0 0 0 0 0 0 0 0 0 0 0 0 0 0 0 0 0 0 0 0 0 0 0 0 
DDIPP: PHE VAL 0 0 0 0 0 0 0 0 -1.08 -1.51 -0.996 -0.153 0 0 0 0 0 0 0 0 0 0 0 0 0 0 0 0 0 0 0 0 0 0 0 0 0 0 0 0 0 0 0 0 0 0 0 0 0 0 
DDIPP: PHE TRP 0 0 0 0 0 0 0 -0.444 -2.15 -1.98 -1.15 -0.078 -0.17 -0.163 -0.187 -0.501 -0.672 -0.653 -0.741 -0.458 -0.314 -0.268 -0.322 -0.143 -0.326 -0.307 -0.335 -0.322 -0.234 -0.312 -0.257 -0.314 -0.352 -0.226 -0.333 -0.272 -0.16 -0.348 -0.297 -0.284 -0.328 -0.268 -0.266 -0.325 -0.304 -0.223 -0.251 -0.246 -0.324 -0.298 
DDIPP: PHE TYR 0 0 0 0 0 0 0 -0.608 -1.89 -1.8 -0.84 0 0 0 0 0 0 0 0 0 0 0 0 0 0 0 0 0 0 0 0 0 0 0 0 0 0 0 0 0 0 0 0 0 0 0 0 0 0 0 
DDIPP: GLY ALA 0 0 0 0 0 0 0 0 -0.182 -0.279 0 0 0 0 0 0 0 0 0 0 0 0 0 0 0 0 0 0 0 0 0 0 0 0 0 0 0 0 0 0 0 0 0 0 0 0 0 0 0 0 
DDIPP: GLY CYS 0 0 0 0 0 0 0 0 -0.439 -0.584 0 0 0 0 0 0 0 0 0 0 0 0 0 0 0 0 0 0 0 0 0 0 0 0 0 0 0 0 0 0 0 0 0 0 0 0 0 0 0 0 
DDIPP: GLY ASP 0 0 0 0 0 0 0 -0.242 -0.466 0 0 0 0 0 0 0 0 0 0 0 0 0 0 0 0 0 0 0 0 0 0 0 0 0 0 0 0 0 0 0 0 0 0 0 0 0 0 0 0 0 
DDIPP: GLY GLU 0 0 0 0 0 0 0 -0.236 -0.56 -0.0564 0 0 0 0 0 0 0 0 0 0 0 0 0 0 0 0 0 0 0 0 0 0 0 0 0 0 0 0 0 0 0 0 0 0 0 0 0 0 0 0 
DDIPP: GLY PHE 0 0 0 0 0 0 0 -0.0154 -0.97 -0.751 -0.114 0 0 0 0 0 0 0 0 0 0 0 0 0 0 0 0 0 0 0 0 0 0 0 0 0 0 0 0 0 0 0 0 0 0 0 0 0 0 0 
DDIPP: GLY GLY 0 0 0 0 0 0 0 -0.0774 -0.732 -0.43 -0.103 0 0 0 0 0 0 0 0 0 0 0 0 0 0 0 0 0 0 0 0 0 0 0 0 0 0 0 0 0 0 0 0 0 0 0 0 0 0 0 
DDIPP: GLY HIS 0 0 0 0 0 0 0 -0.436 -0.74 -0.532 -0.0245 -0.0495 0 0 0 0 0 0 0 0 0 0 0 0 0 0 0 0 0 0 0 0 0 0 0 0 0 0 0 0 0 0 0 0 0 0 0 0 0 0 
DDIPP: GLY ILE 0 0 0 0 0 0 0 0 -0.401 -0.433 0 0 0 0 0 0 0 0 0 0 0 0 0 0 0 0 0 0 0 0 0 0 0 0 0 0 0 0 0 0 0 0 0 0 0 0 0 0 0 0 
DDIPP: GLY LYS 0 0 0 0 0 0 0 -0.495 -0.407 -0.373 -0.04 0 0 0 0 0 0 0 0 0 0 0 0 0 0 0 0 0 0 0 0 0 0 0 0 0 0 0 0 0 0 0 0 0 0 0 0 0 0 0 
DDIPP: GLY LEU 0 0 0 0 0 0 0 0 -0.288 -0.499 0 0 0 0 0 0 0 0 0 0 0 0 0 0 0 0 0 0 0 0 0 0 0 0 0 0 0 0 0 0 0 0 0 0 0 0 0 0 0 0 
DDIPP: GLY MET 0 0 0 0 0 0 0 -0.0481 -0.59 -0.693 -0.0683 -0.0187 0 0 0 0 0 0 0 0 0 0 0 0 0 0 0 0 0 0 0 0 0 0 0 0 0 0 0 0 0 0 0 0 0 0 0 0 0 0 
DDIPP: GLY ASN 0 0 0 0 0 0 0 -0.894 -0.838 -0.341 0 0 0 0 0 0 0 0 0 0 0 0 0 0 0 0 0 0 0 0 0 0 0 0 0 0 0 0 0 0 0 0 0 0 0 0 0 0 0 0 
DDIPP: GLY PRO 0 0 0 0 0 0 0 -0.24 -0.678 -0.752 -0.325 0 0 0 0 0 0 0 0 0 0 0 0 0 0 0 0 0 0 0 0 0 0 0 0 0 0 0 0 0 0 0 0 0 0 0 0 0 0 0 
DDIPP: GLY GLN 0 0 0 0 0 0 0 -0.738 -0.93 -0.468 -0.141 0 0 0 0 0 0 0 0 0 0 0 0 0 0 0 0 0 0 0 0 0 0 0 0 0 0 0 0 0 0 0 0 0 0 0 0 0 0 0 
DDIPP: GLY ARG 0 0 0 0 0 0 0 -1.01 -0.906 -0.741 -0.285 -0.124 -0.126 -0.0689 -0.162 -0.335 -0.422 -0.421 -0.418 -0.364 -0.265 -0.206 -0.306 -0.251 -0.209 -0.263 -0.27 -0.268 -0.265 -0.177 -0.223 -0.214 -0.215 -0.254 -0.191 -0.215 -0.223 -0.205 -0.177 -0.239 -0.22 -0.2 -0.219 -0.202 -0.215 -0.213 -0.208 -0.211 -0.202 -0.198 
DDIPP: GLY SER 0 0 0 0 0 0 0 0 -0.492 -0.185 0 0 0 0 0 0 0 0 0 0 0 0 0 0 0 0 0 0 0 0 0 0 0 0 0 0 0 0 0 0 0 0 0 0 0 0 0 0 0 0 
DDIPP: GLY THR 0 0 0 0 0 0 0 -0.158 -0.573 -0.433 0 0 0 0 0 0 0 0 0 0 0 0 0 0 0 0 0 0 0 0 0 0 0 0 0 0 0 0 0 0 0 0 0 0 0 0 0 0 0 0 
DDIPP: GLY VAL 0 0 0 0 0 0 0 0 0 0 0 0 0 0 0 0 0 0 0 0 0 0 0 -0.0643 -0.156 -0.15 -0.0865 -0.135 -0.157 -0.151 -0.128 -0.166 -0.179 -0.191 -0.192 -0.209 -0.214 -0.21 -0.25 -0.23 -0.232 -0.245 -0.253 -0.268 -0.266 -0.281 -0.269 -0.276 -0.287 -0.28 
DDIPP: GLY TRP 0 0 0 0 0 0 0 -0.425 -1.27 -1 -0.281 0 0 0 0 0 0 0 0 0 0 0 0 0 0 0 0 0 0 0 0 0 0 0 0 0 0 0 0 0 0 0 0 0 0 0 0 0 0 0 
DDIPP: GLY TYR 0 0 0 0 0 0 0 -0.427 -1.15 -0.877 -0.108 0 0 0 0 0 0 0 0 0 0 0 0 0 0 0 0 0 0 0 0 0 0 0 0 0 0 0 0 0 0 0 0 0 0 0 0 0 0 0 
DDIPP: HIS ALA 0 0 0 0 0 0 0 -0.255 -0.69 -0.681 0 0 0 0 0 0 0 0 0 0 0 0 0 0 0 0 0 0 0 0 0 0 0 0 0 0 0 0 0 0 0 0 0 0 0 0 0 0 0 0 
DDIPP: HIS CYS 0 0 0 0 0 0 0 -0.0797 -0.81 -0.733 -0.0129 0 0 0 0 0 0 0 0 0 0 0 0 0 0 0 0 0 0 0 0 0 0 0 0 0 0 0 0 0 0 0 0 0 0 0 0 0 0 0 
DDIPP: HIS ASP 0 0 0 0 0 0 -1.29 -1.55 -0.905 -0.548 -0.169 -0.156 -0.15 0 0 0 0 0 0 0 0 0 0 0 0 0 0 0 0 0 0 0 0 0 0 0 0 0 0 0 0 0 0 0 0 0 0 0 0 0 
DDIPP: HIS GLU 0 0 0 0 0 0 -1.44 -1.63 -1.34 -0.602 -0.199 -0.204 -0.188 -0.201 -0.132 -0.332 -0.422 -0.463 -0.422 -0.376 -0.259 -0.357 -0.286 -0.344 -0.252 -0.364 -0.346 -0.334 -0.335 -0.266 -0.357 -0.247 -0.258 -0.281 -0.257 -0.226 -0.252 -0.211 -0.195 -0.267 -0.226 -0.219 -0.244 -0.246 -0.239 -0.183 -0.2 -0.176 -0.229 -0.2 
DDIPP: HIS PHE 0 0 0 0 0 0 0 -0.072 -1.57 -1.4 -0.566 0 0 0 0 0 0 0 0 0 0 0 0 0 0 0 0 0 0 0 0 0 0 0 0 0 0 0 0 0 0 0 0 0 0 0 0 0 0 0 
DDIPP: HIS GLY 0 0 0 0 0 0 0 -0.436 -0.74 -0.532 -0.0245 -0.0495 0 0 0 0 0 0 0 0 0 0 0 0 0 0 0 0 0 0 0 0 0 0 0 0 0 0 0 0 0 0 0 0 0 0 0 0 0 0 
DDIPP: HIS HIS 0 0 0 0 0 0 -0.801 -2.01 -1.96 -1.44 -0.976 -0.64 -0.129 -0.683 -0.675 -0.567 -0.826 -0.835 -0.893 -0.69 -0.425 -0.548 -0.437 -0.289 -0.287 -0.514 -0.27 -0.382 -0.405 -0.297 -0.535 -0.427 -0.233 -0.28 -0.21 -0.245 -0.252 -0.288 -0.369 -0.176 -0.217 -0.186 -0.2 -0.174 -0.273 -0.312 -0.221 -0.24 -0.131 -0.167 
DDIPP: HIS ILE 0 0 0 0 0 0 0 -0.288 -0.958 -0.869 -0.441 0 0 0 0 0 0 0 0 0 0 0 0 0 0 0 0 0 0 0 0 0 0 0 0 0 0 0 0 0 0 0 0 0 0 0 0 0 0 0 
DDIPP: HIS LYS 0 0 0 0 0 0 -0.0951 -0.718 -0.776 -0.773 -0.188 -0.00557 -0.182 0 0 0 0 0 0 0 0 0 0 0 0 0 0 0 0 0 0 0 0 0 0 0 0 0 0 0 0 0 0 0 0 0 0 0 0 0 
DDIPP: HIS LEU 0 0 0 0 0 0 0 0 -0.951 -1.03 -0.413 0 0 0 0 0 0 0 0 0 0 0 0 0 0 0 0 0 0 0 0 0 0 0 0 0 0 0 0 0 0 0 0 0 0 0 0 0 0 0 
DDIPP: HIS MET 0 0 0 0 0 0 0 -0.652 -1.61 -1.23 -0.49 0 0 0 0 0 0 0 0 0 0 0 0 0 0 0 0 0 0 0 0 0 0 0 0 0 0 0 0 0 0 0 0 0 0 0 0 0 0 0 
DDIPP: HIS ASN 0 0 0 0 0 0 -0.328 -1.39 -1.21 -0.512 -0.202 0 0 0 0 0 0 0 0 0 0 0 0 0 0 0 0 0 0 0 0 0 0 0 0 0 0 0 0 0 0 0 0 0 0 0 0 0 0 0 
DDIPP: HIS PRO 0 0 0 0 0 0 0 -0.618 -1.29 -1 -0.529 0 0 0 0 0 0 0 0 0 0 0 0 0 0 0 0 0 0 0 0 0 0 0 0 0 0 0 0 0 0 0 0 0 0 0 0 0 0 0 
DDIPP: HIS GLN 0 0 0 0 0 0 -0.333 -1.06 -1.23 -0.684 -0.411 -0.203 -0.225 -0.0713 -0.248 -0.566 -0.494 -0.588 -0.469 -0.463 -0.349 -0.341 -0.313 -0.404 -0.336 -0.34 -0.388 -0.413 -0.356 -0.323 -0.386 -0.248 -0.251 -0.278 -0.25 -0.186 -0.27 -0.308 -0.307 -0.22 -0.25 -0.248 -0.253 -0.236 -0.221 -0.169 -0.202 -0.183 -0.207 -0.251 
DDIPP: HIS ARG 0 0 0 0 0 0 0 -1.03 -1.41 -0.937 -0.611 -0.332 -0.211 -0.196 -0.505 -0.619 -0.732 -0.639 -0.583 -0.445 -0.397 -0.375 -0.494 -0.398 -0.349 -0.274 -0.313 -0.397 -0.312 -0.354 -0.289 -0.322 -0.246 -0.291 -0.231 -0.304 -0.249 -0.249 -0.273 -0.287 -0.181 -0.177 -0.242 -0.238 -0.236 -0.206 -0.204 -0.152 -0.17 -0.152 
DDIPP: HIS SER 0 0 0 0 0 0 -0.579 -1.22 -1.04 -0.532 -0.0919 -0.0106 -0.153 0 0 0 0 0 0 0 0 0 0 0 0 0 0 0 0 0 0 0 0 0 0 0 0 0 0 0 0 0 0 0 0 0 0 0 0 0 
DDIPP: HIS THR 0 0 0 0 0 0 0 -0.723 -1.13 -0.714 -0.299 0 0 0 0 0 0 0 0 0 0 0 0 0 0 0 0 0 0 0 0 0 0 0 0 0 0 0 0 0 0 0 0 0 0 0 0 0 0 0 
DDIPP: HIS VAL 0 0 0 0 0 0 0 0 -0.659 -0.72 -0.167 0 0 0 0 0 0 0 0 0 0 0 0 0 0 0 0 0 0 0 0 0 0 0 0 0 0 0 0 0 0 0 0 0 0 0 0 0 0 0 
DDIPP: HIS TRP 0 0 0 0 0 0 0 -0.89 -1.67 -1.65 -0.805 -0.149 0 0 0 0 0 0 0 0 0 0 0 0 0 0 0 0 0 0 0 0 0 0 0 0 0 0 0 0 0 0 0 0 0 0 0 0 0 0 
DDIPP: HIS TYR 0 0 0 0 0 0 -0.876 -1.37 -1.9 -1.01 -0.507 -0.172 -0.0429 -0.286 -0.389 -0.421 -0.661 -0.674 -0.469 -0.531 -0.455 -0.301 -0.251 -0.311 -0.373 -0.376 -0.358 -0.28 -0.39 -0.287 -0.269 -0.268 -0.336 -0.362 -0.297 -0.241 -0.196 -0.278 -0.344 -0.256 -0.228 -0.274 -0.242 -0.268 -0.196 -0.186 -0.168 -0.187 -0.184 -0.177 
DDIPP: ILE ALA 0 0 0 0 0 0 0 0 -0.47 -0.89 -0.299 0 0 0 0 0 0 0 0 0 0 0 0 0 0 0 0 0 0 0 0 0 0 0 0 0 0 0 0 0 0 0 0 0 0 0 0 0 0 0 
DDIPP: ILE CYS 0 0 0 0 0 0 0 -0.102 -0.411 -0.845 -0.221 0 0 0 0 0 0 0 0 0 0 0 0 0 0 0 0 0 0 0 0 0 0 0 0 0 0 0 0 0 0 0 0 0 0 0 0 0 0 0 
DDIPP: ILE ASP 0 0 0 0 0 0 0 0 -0.2 -0.361 0 0 0 0 0 0 0 0 0 0 0 0 0 0 0 0 0 0 0 0 0 0 0 0 0 0 0 0 0 0 0 0 0 0 0 0 0 0 0 0 
DDIPP: ILE GLU 0 0 0 0 0 0 0 0 -0.46 -0.614 0 0 0 0 0 0 0 0 0 0 0 0 0 0 0 0 0 0 0 0 0 0 0 0 0 0 0 0 0 0 0 0 0 0 0 0 0 0 0 0 
DDIPP: ILE PHE 0 0 0 0 0 0 0 0 -1.34 -1.7 -1 -0.3 0 0 0 0 0 0 0 0 0 0 0 0 0 0 0 0 0 0 0 0 0 0 0 0 0 0 0 0 0 0 0 0 0 0 0 0 0 0 
DDIPP: ILE GLY 0 0 0 0 0 0 0 0 -0.401 -0.433 0 0 0 0 0 0 0 0 0 0 0 0 0 0 0 0 0 0 0 0 0 0 0 0 0 0 0 0 0 0 0 0 0 0 0 0 0 0 0 0 
DDIPP: ILE HIS 0 0 0 0 0 0 0 -0.288 -0.958 -0.869 -0.441 0 0 0 0 0 0 0 0 0 0 0 0 0 0 0 0 0 0 0 0 0 0 0 0 0 0 0 0 0 0 0 0 0 0 0 0 0 0 0 
DDIPP: ILE ILE 0 0 0 0 0 0 0 -0.393 -1.43 -1.65 -1.23 -0.46 -0.161 0 0 0 0 0 0 0 0 0 0 0 0 0 0 0 0 0 0 0 0 0 0 0 0 0 0 0 0 0 0 0 0 0 0 0 0 0 
DDIPP: ILE LYS 0 0 0 0 0 0 0 0 -0.473 -0.534 -0.209 0 0 0 0 0 0 0 0 0 0 0 0 0 0 0 0 0 0 0 0 0 0 0 0 0 0 0 0 0 0 0 0 0 0 0 0 0 0 0 
DDIPP: ILE LEU 0 0 0 0 0 0 0 0 -0.988 -1.46 -1.09 -0.28 0 0 0 0 0 0 0 0 0 0 0 0 0 0 0 0 0 0 0 0 0 0 0 0 0 0 0 0 0 0 0 0 0 0 0 0 0 0 
DDIPP: ILE MET 0 0 0 0 0 0 0 -0.123 -1.23 -1.52 -1.05 -0.299 0 0 0 0 0 0 0 0 0 0 0 0 0 0 0 0 0 0 0 0 0 0 0 0 0 0 0 0 0 0 0 0 0 0 0 0 0 0 
DDIPP: ILE ASN 0 0 0 0 0 0 0 -0.347 -0.621 -0.693 0 0 0 0 0 0 0 0 0 0 0 0 0 0 0 0 0 0 0 0 0 0 0 0 0 0 0 0 0 0 0 0 0 0 0 0 0 0 0 0 
DDIPP: ILE PRO 0 0 0 0 0 0 0 0 -0.579 -1.01 -0.523 0 0 0 0 0 0 0 0 0 0 0 0 0 0 0 0 0 0 0 0 0 0 0 0 0 0 0 0 0 0 0 0 0 0 0 0 0 0 0 
DDIPP: ILE GLN 0 0 0 0 0 0 0 -0.539 -1.02 -0.933 -0.281 0 0 0 0 0 0 0 0 0 0 0 0 0 0 0 0 0 0 0 0 0 0 0 0 0 0 0 0 0 0 0 0 0 0 0 0 0 0 0 
DDIPP: ILE ARG 0 0 0 0 0 0 0 -0.435 -0.96 -0.922 -0.433 0 0 0 0 0 0 0 0 0 0 0 0 0 0 0 0 0 0 0 0 0 0 0 0 0 0 0 0 0 0 0 0 0 0 0 0 0 0 0 
DDIPP: ILE SER 0 0 0 0 0 0 0 0 -0.445 -0.594 -0.265 0 0 0 0 0 0 0 0 0 0 0 0 0 0 0 0 0 0 0 0 0 0 0 0 0 0 0 0 0 0 0 0 0 0 0 0 0 0 0 
DDIPP: ILE THR 0 0 0 0 0 0 0 0 -0.661 -0.864 -0.367 0 0 0 0 0 0 0 0 0 0 0 0 0 0 0 0 0 0 0 0 0 0 0 0 0 0 0 0 0 0 0 0 0 0 0 0 0 0 0 
DDIPP: ILE VAL 0 0 0 0 0 0 0 0 -0.66 -1.18 -0.733 -0.0248 0 0 0 0 0 0 0 0 0 0 0 0 0 0 0 0 0 0 0 0 0 0 0 0 0 0 0 0 0 0 0 0 0 0 0 0 0 0 
DDIPP: ILE TRP 0 0 0 0 0 0 0 0 -1.45 -1.62 -0.893 -0.0368 0 0 0 0 0 0 0 0 0 0 0 0 0 0 0 0 0 0 0 0 0 0 0 0 0 0 0 0 0 0 0 0 0 0 0 0 0 0 
DDIPP: ILE TYR 0 0 0 0 0 0 0 0 -1.34 -1.49 -0.665 0 0 0 0 0 0 0 0 0 0 0 0 0 0 0 0 0 0 0 0 0 0 0 0 0 0 0 0 0 0 0 0 0 0 0 0 0 0 0 
DDIPP: LYS ALA 0 0 0 0 0 0 0 0 -0.185 -0.405 0 0 0 0 0 0 0 0 0 0 0 0 0 0 0 0 0 0 0 0 0 0 0 0 0 0 0 0 0 0 0 0 0 0 0 0 0 0 0 0 
DDIPP: LYS CYS 0 0 0 0 0 0 0 -0.479 -0.284 -0.402 0 0 0 0 0 0 0 0 0 0 0 0 0 0 0 0 0 0 0 0 0 0 0 0 0 0 0 0 0 0 0 0 0 0 0 0 0 0 0 0 
DDIPP: LYS ASP 0 0 0 0 0 0 -1.68 -1.79 -1.27 -0.663 -0.311 -0.386 -0.314 -0.241 -0.223 -0.392 -0.377 -0.387 -0.374 -0.299 -0.289 -0.308 -0.331 -0.341 -0.317 -0.319 -0.335 -0.297 -0.303 -0.264 -0.293 -0.22 -0.185 -0.235 -0.223 -0.222 -0.217 -0.238 -0.205 -0.179 -0.221 -0.174 -0.186 -0.147 -0.197 -0.168 -0.203 -0.18 -0.203 -0.201 
DDIPP: LYS GLU 0 0 0 0 0 0 -1.46 -1.84 -1.29 -0.871 -0.596 -0.394 -0.396 -0.237 -0.285 -0.396 -0.434 -0.472 -0.378 -0.375 -0.293 -0.301 -0.359 -0.272 -0.309 -0.267 -0.32 -0.316 -0.272 -0.238 -0.267 -0.263 -0.285 -0.226 -0.232 -0.292 -0.213 -0.186 -0.221 -0.205 -0.189 -0.185 -0.186 -0.19 -0.17 -0.12 -0.16 -0.141 -0.142 -0.146 
DDIPP: LYS PHE 0 0 0 0 0 0 0 -0.274 -0.988 -1.04 -0.368 0 0 0 0 0 0 0 0 0 0 0 0 0 0 0 0 0 0 0 0 0 0 0 0 0 0 0 0 0 0 0 0 0 0 0 0 0 0 0 
DDIPP: LYS GLY 0 0 0 0 0 0 0 -0.495 -0.407 -0.373 -0.04 0 0 0 0 0 0 0 0 0 0 0 0 0 0 0 0 0 0 0 0 0 0 0 0 0 0 0 0 0 0 0 0 0 0 0 0 0 0 0 
DDIPP: LYS HIS 0 0 0 0 0 0 -0.0951 -0.718 -0.776 -0.773 -0.188 -0.00557 -0.182 0 0 0 0 0 0 0 0 0 0 0 0 0 0 0 0 0 0 0 0 0 0 0 0 0 0 0 0 0 0 0 0 0 0 0 0 0 
DDIPP: LYS ILE 0 0 0 0 0 0 0 0 -0.473 -0.534 -0.209 0 0 0 0 0 0 0 0 0 0 0 0 0 0 0 0 0 0 0 0 0 0 0 0 0 0 0 0 0 0 0 0 0 0 0 0 0 0 0 
DDIPP: LYS LYS 0 0 0 0 0 0 -0.25 -0.708 -0.515 -0.708 -0.437 -0.301 -0.0616 -0.175 -0.199 -0.409 -0.396 -0.516 -0.405 -0.326 -0.29 -0.351 -0.302 -0.302 -0.253 -0.332 -0.324 -0.321 -0.278 -0.314 -0.264 -0.279 -0.296 -0.195 -0.218 -0.243 -0.247 -0.237 -0.17 -0.232 -0.17 -0.159 -0.162 -0.19 -0.182 -0.165 -0.154 -0.103 -0.123 -0.148 
DDIPP: LYS LEU 0 0 0 0 0 0 0 -0.0228 -0.416 -0.692 -0.326 0 0 0 0 0 0 0 0 0 0 0 0 0 0 0 0 0 0 0 0 0 0 0 0 0 0 0 0 0 0 0 0 0 0 0 0 0 0 0 
DDIPP: LYS MET 0 0 0 0 0 0 0 -0.655 -0.988 -0.987 -0.321 0 0 0 0 0 0 0 0 0 0 0 0 0 0 0 0 0 0 0 0 0 0 0 0 0 0 0 0 0 0 0 0 0 0 0 0 0 0 0 
DDIPP: LYS ASN 0 0 0 0 0 0 -0.505 -1.26 -0.814 -0.558 -0.206 -0.106 -0.131 -0.103 -0.133 -0.283 -0.442 -0.517 -0.375 -0.284 -0.279 -0.306 -0.25 -0.289 -0.279 -0.22 -0.341 -0.289 -0.26 -0.292 -0.314 -0.286 -0.295 -0.207 -0.229 -0.252 -0.227 -0.221 -0.219 -0.187 -0.259 -0.236 -0.221 -0.234 -0.225 -0.21 -0.182 -0.151 -0.18 -0.194 
DDIPP: LYS PRO 0 0 0 0 0 0 0 -0.142 -0.713 -0.785 -0.382 0 0 0 0 0 0 0 0 0 0 0 0 0 0 0 0 0 0 0 0 0 0 0 0 0 0 0 0 0 0 0 0 0 0 0 0 0 0 0 
DDIPP: LYS GLN 0 0 0 0 0 0 -0.372 -1.15 -1.16 -0.638 -0.271 -0.261 -0.216 -0.233 -0.251 -0.392 -0.468 -0.439 -0.413 -0.411 -0.349 -0.344 -0.42 -0.35 -0.325 -0.313 -0.371 -0.357 -0.349 -0.271 -0.214 -0.225 -0.248 -0.192 -0.29 -0.189 -0.254 -0.198 -0.218 -0.205 -0.261 -0.218 -0.213 -0.181 -0.225 -0.23 -0.227 -0.191 -0.203 -0.171 
DDIPP: LYS ARG 0 0 0 0 0 0 -0.0941 -0.769 -0.982 -0.916 -0.317 -0.186 -0.21 -0.142 -0.311 -0.341 -0.537 -0.476 -0.464 -0.415 -0.312 -0.279 -0.328 -0.298 -0.301 -0.295 -0.366 -0.298 -0.329 -0.274 -0.222 -0.296 -0.248 -0.22 -0.234 -0.22 -0.191 -0.226 -0.23 -0.219 -0.236 -0.195 -0.182 -0.18 -0.176 -0.171 -0.175 -0.169 -0.175 -0.166 
DDIPP: LYS SER 0 0 0 0 0 0 -0.291 -0.842 -0.581 -0.526 -0.153 0 0 0 0 0 0 0 0 0 0 0 0 0 0 0 0 0 0 0 0 0 0 0 0 0 0 0 0 0 0 0 0 0 0 0 0 0 0 0 
DDIPP: LYS THR 0 0 0 0 0 0 -0.0308 -0.628 -0.761 -0.674 -0.212 0 0 0 0 0 0 0 0 0 0 0 0 0 0 0 0 0 0 0 0 0 0 0 0 0 0 0 0 0 0 0 0 0 0 0 0 0 0 0 
DDIPP: LYS VAL 0 0 0 0 0 0 0 -0.0788 -0.326 -0.508 -0.0898 0 0 0 0 0 0 0 0 0 0 0 0 0 0 0 0 0 0 0 0 0 0 0 0 0 0 0 0 0 0 0 0 0 0 0 0 0 0 0 
DDIPP: LYS TRP 0 0 0 0 0 0 0 -0.76 -1.45 -1.15 -0.617 -0.0562 0 0 0 0 0 0 0 0 0 0 0 0 0 0 0 0 0 0 0 0 0 0 0 0 0 0 0 0 0 0 0 0 0 0 0 0 0 0 
DDIPP: LYS TYR 0 0 0 0 0 0 -0.285 -1.05 -1.43 -1.1 -0.458 -0.11 -0.0758 -0.121 -0.0918 -0.275 -0.522 -0.522 -0.561 -0.459 -0.314 -0.346 -0.175 -0.227 -0.305 -0.278 -0.304 -0.366 -0.351 -0.305 -0.236 -0.252 -0.255 -0.211 -0.264 -0.201 -0.219 -0.248 -0.232 -0.248 -0.23 -0.245 -0.218 -0.18 -0.201 -0.197 -0.196 -0.163 -0.18 -0.198 
DDIPP: LEU ALA 0 0 0 0 0 0 0 0 -0.457 -0.857 -0.471 0 0 0 0 0 0 0 0 0 0 0 0 0 0 0 0 0 0 0 0 0 0 0 0 0 0 0 0 0 0 0 0 0 0 0 0 0 0 0 
DDIPP: LEU CYS 0 0 0 0 0 0 0 0 -0.358 -0.965 -0.155 -0.00946 0 0 0 0 0 0 0 0 0 0 0 0 0 0 0 0 0 0 0 0 0 0 0 0 0 0 0 0 0 0 0 0 0 0 0 0 0 0 
DDIPP: LEU ASP 0 0 0 0 0 0 0 0 -0.136 -0.311 0 0 0 0 0 0 0 0 0 0 0 0 0 0 0 0 0 0 0 0 0 0 0 0 0 0 0 0 0 0 0 0 0 0 0 0 0 0 0 0 
DDIPP: LEU GLU 0 0 0 0 0 0 0 0 -0.6 -0.74 -0.0263 0 0 0 0 0 0 0 0 0 0 0 0 0 0 0 0 0 0 0 0 0 0 0 0 0 0 0 0 0 0 0 0 0 0 0 0 0 0 0 
DDIPP: LEU PHE 0 0 0 0 0 0 0 -0.0811 -1.39 -1.8 -1.08 -0.206 0 0 0 0 0 0 0 0 0 0 0 0 0 0 0 0 0 0 0 0 0 0 0 0 0 0 0 0 0 0 0 0 0 0 0 0 0 0 
DDIPP: LEU GLY 0 0 0 0 0 0 0 0 -0.288 -0.499 0 0 0 0 0 0 0 0 0 0 0 0 0 0 0 0 0 0 0 0 0 0 0 0 0 0 0 0 0 0 0 0 0 0 0 0 0 0 0 0 
DDIPP: LEU HIS 0 0 0 0 0 0 0 0 -0.951 -1.03 -0.413 0 0 0 0 0 0 0 0 0 0 0 0 0 0 0 0 0 0 0 0 0 0 0 0 0 0 0 0 0 0 0 0 0 0 0 0 0 0 0 
DDIPP: LEU ILE 0 0 0 0 0 0 0 0 -0.988 -1.46 -1.09 -0.28 0 0 0 0 0 0 0 0 0 0 0 0 0 0 0 0 0 0 0 0 0 0 0 0 0 0 0 0 0 0 0 0 0 0 0 0 0 0 
DDIPP: LEU LYS 0 0 0 0 0 0 0 -0.0228 -0.416 -0.692 -0.326 0 0 0 0 0 0 0 0 0 0 0 0 0 0 0 0 0 0 0 0 0 0 0 0 0 0 0 0 0 0 0 0 0 0 0 0 0 0 0 
DDIPP: LEU LEU 0 0 0 0 0 0 0 0 -1.27 -1.81 -1.41 -0.634 -0.179 -0.054 -0.0355 -0.281 -0.358 -0.5 -0.508 -0.45 -0.362 -0.247 -0.264 -0.247 -0.19 -0.153 -0.213 -0.181 -0.244 -0.186 -0.21 -0.195 -0.198 -0.195 -0.0985 -0.212 -0.166 -0.147 -0.148 -0.167 -0.171 -0.182 -0.176 -0.205 -0.2 -0.199 -0.182 -0.197 -0.195 -0.171 
DDIPP: LEU MET 0 0 0 0 0 0 0 -0.0222 -1.23 -1.6 -1.11 -0.338 0 0 0 0 0 0 0 0 0 0 0 0 0 0 0 0 0 0 0 0 0 0 0 0 0 0 0 0 0 0 0 0 0 0 0 0 0 0 
DDIPP: LEU ASN 0 0 0 0 0 0 0 -0.368 -0.683 -0.738 0 0 0 0 0 0 0 0 0 0 0 0 0 0 0 0 0 0 0 0 0 0 0 0 0 0 0 0 0 0 0 0 0 0 0 0 0 0 0 0 
DDIPP: LEU PRO 0 0 0 0 0 0 0 0 -0.717 -1.05 -0.613 0 0 0 0 0 0 0 0 0 0 0 0 0 0 0 0 0 0 0 0 0 0 0 0 0 0 0 0 0 0 0 0 0 0 0 0 0 0 0 
DDIPP: LEU GLN 0 0 0 0 0 0 0 -0.627 -0.907 -1.04 -0.36 0 0 0 0 0 0 0 0 0 0 0 0 0 0 0 0 0 0 0 0 0 0 0 0 0 0 0 0 0 0 0 0 0 0 0 0 0 0 0 
DDIPP: LEU ARG 0 0 0 0 0 0 0 -0.516 -0.947 -0.964 -0.302 0 0 0 0 0 0 0 0 0 0 0 0 0 0 0 0 0 0 0 0 0 0 0 0 0 0 0 0 0 0 0 0 0 0 0 0 0 0 0 
DDIPP: LEU SER 0 0 0 0 0 0 0 0 -0.429 -0.698 -0.205 0 0 0 0 0 0 0 0 0 0 0 0 0 0 0 0 0 0 0 0 0 0 0 0 0 0 0 0 0 0 0 0 0 0 0 0 0 0 0 
DDIPP: LEU THR 0 0 0 0 0 0 0 0 -0.732 -0.921 -0.433 0 0 0 0 0 0 0 0 0 0 0 0 0 0 0 0 0 0 0 0 0 0 0 0 0 0 0 0 0 0 0 0 0 0 0 0 0 0 0 
DDIPP: LEU VAL 0 0 0 0 0 0 0 0 -0.659 -1.3 -0.904 -0.132 0 0 0 0 0 0 0 0 0 0 0 0 0 0 0 0 0 0 0 0 0 0 0 0 0 0 0 0 0 0 0 0 0 0 0 0 0 0 
DDIPP: LEU TRP 0 0 0 0 0 0 0 -0.46 -1.49 -1.67 -0.92 -0.28 0 0 0 0 0 0 0 0 0 0 0 0 0 0 0 0 0 0 0 0 0 0 0 0 0 0 0 0 0 0 0 0 0 0 0 0 0 0 
DDIPP: LEU TYR 0 0 0 0 0 0 0 -0.125 -1.39 -1.52 -0.702 -0.147 0 0 0 0 0 0 0 0 0 0 0 0 0 0 0 0 0 0 0 0 0 0 0 0 0 0 0 0 0 0 0 0 0 0 0 0 0 0 
DDIPP: MET ALA 0 0 0 0 0 0 0 0 -0.838 -1.05 -0.433 -0.0992 0 0 0 0 0 0 0 0 0 0 0 0 0 0 0 0 0 0 0 0 0 0 0 0 0 0 0 0 0 0 0 0 0 0 0 0 0 0 
DDIPP: MET CYS 0 0 0 0 0 0 0 -0.507 -0.682 -1.39 -0.498 -0.115 0 0 0 0 0 0 0 0 0 0 0 0 0 0 0 0 0 0 0 0 0 0 0 0 0 0 0 0 0 0 0 0 0 0 0 0 0 0 
DDIPP: MET ASP 0 0 0 0 0 0 0 -0.225 -0.907 -0.554 -0.245 0 0 0 0 0 0 0 0 0 0 0 0 0 0 0 0 0 0 0 0 0 0 0 0 0 0 0 0 0 0 0 0 0 0 0 0 0 0 0 
DDIPP: MET GLU 0 0 0 0 0 0 0 -0.535 -1.05 -0.769 -0.137 0 0 0 0 0 0 0 0 0 0 0 0 0 0 0 0 0 0 0 0 0 0 0 0 0 0 0 0 0 0 0 0 0 0 0 0 0 0 0 
DDIPP: MET PHE 0 0 0 0 0 0 0 -0.415 -1.7 -1.75 -1.04 -0.185 -0.159 -0.0255 -0.251 -0.519 -0.566 -0.766 -0.618 -0.607 -0.43 -0.43 -0.334 -0.207 -0.259 -0.347 -0.298 -0.308 -0.321 -0.36 -0.337 -0.305 -0.292 -0.297 -0.239 -0.231 -0.245 -0.303 -0.27 -0.318 -0.236 -0.197 -0.188 -0.236 -0.243 -0.266 -0.221 -0.228 -0.186 -0.216 
DDIPP: MET GLY 0 0 0 0 0 0 0 -0.0481 -0.59 -0.693 -0.0683 -0.0187 0 0 0 0 0 0 0 0 0 0 0 0 0 0 0 0 0 0 0 0 0 0 0 0 0 0 0 0 0 0 0 0 0 0 0 0 0 0 
DDIPP: MET HIS 0 0 0 0 0 0 0 -0.652 -1.61 -1.23 -0.49 0 0 0 0 0 0 0 0 0 0 0 0 0 0 0 0 0 0 0 0 0 0 0 0 0 0 0 0 0 0 0 0 0 0 0 0 0 0 0 
DDIPP: MET ILE 0 0 0 0 0 0 0 -0.123 -1.23 -1.52 -1.05 -0.299 0 0 0 0 0 0 0 0 0 0 0 0 0 0 0 0 0 0 0 0 0 0 0 0 0 0 0 0 0 0 0 0 0 0 0 0 0 0 
DDIPP: MET LYS 0 0 0 0 0 0 0 -0.655 -0.988 -0.987 -0.321 0 0 0 0 0 0 0 0 0 0 0 0 0 0 0 0 0 0 0 0 0 0 0 0 0 0 0 0 0 0 0 0 0 0 0 0 0 0 0 
DDIPP: MET LEU 0 0 0 0 0 0 0 -0.0222 -1.23 -1.6 -1.11 -0.338 0 0 0 0 0 0 0 0 0 0 0 0 0 0 0 0 0 0 0 0 0 0 0 0 0 0 0 0 0 0 0 0 0 0 0 0 0 0 
DDIPP: MET MET 0 0 0 0 0 0 0 -1.26 -2.15 -2.23 -1.54 -1.02 -0.285 -0.618 -0.681 -0.658 -0.696 -0.655 -0.796 -0.597 -0.469 -0.569 -0.502 -0.508 -0.337 -0.478 -0.319 -0.46 -0.466 -0.438 -0.511 -0.382 -0.406 -0.345 -0.286 -0.22 -0.152 -0.141 -0.222 -0.171 -0.189 -0.251 -0.192 -0.185 -0.205 -0.215 -0.201 -0.184 -0.0981 -0.162 
DDIPP: MET ASN 0 0 0 0 0 0 0 -0.522 -1.12 -0.701 -0.116 0 0 0 0 0 0 0 0 0 0 0 0 0 0 0 0 0 0 0 0 0 0 0 0 0 0 0 0 0 0 0 0 0 0 0 0 0 0 0 
DDIPP: MET PRO 0 0 0 0 0 0 0 -0.0588 -1.16 -1.55 -0.913 -0.114 0 0 0 0 0 0 0 0 0 0 0 0 0 0 0 0 0 0 0 0 0 0 0 0 0 0 0 0 0 0 0 0 0 0 0 0 0 0 
DDIPP: MET GLN 0 0 0 0 0 0 0 -1.23 -1.32 -1.15 -0.368 -0.297 -0.271 -0.195 -0.299 -0.534 -0.589 -0.62 -0.53 -0.407 -0.455 -0.292 -0.347 -0.251 -0.336 -0.312 -0.345 -0.337 -0.338 -0.329 -0.272 -0.268 -0.305 -0.31 -0.272 -0.359 -0.282 -0.314 -0.274 -0.202 -0.26 -0.24 -0.173 -0.207 -0.217 -0.216 -0.239 -0.248 -0.187 -0.218 
DDIPP: MET ARG 0 0 0 0 0 0 0 -0.95 -1.36 -1.33 -0.497 -0.0657 0 0 0 0 0 0 0 0 0 0 0 0 0 0 0 0 0 0 0 0 0 0 0 0 0 0 0 0 0 0 0 0 0 0 0 0 0 0 
DDIPP: MET SER 0 0 0 0 0 0 0 -0.236 -0.973 -0.773 -0.163 0 0 0 0 0 0 0 0 0 0 0 0 0 0 0 0 0 0 0 0 0 0 0 0 0 0 0 0 0 0 0 0 0 0 0 0 0 0 0 
DDIPP: MET THR 0 0 0 0 0 0 0 -0.128 -1.02 -1 -0.49 0 0 0 0 0 0 0 0 0 0 0 0 0 0 0 0 0 0 0 0 0 0 0 0 0 0 0 0 0 0 0 0 0 0 0 0 0 0 0 
DDIPP: MET VAL 0 0 0 0 0 0 0 -0.0328 -1.08 -1.32 -0.775 -0.223 0 0 0 0 0 0 0 0 0 0 0 0 0 0 0 0 0 0 0 0 0 0 0 0 0 0 0 0 0 0 0 0 0 0 0 0 0 0 
DDIPP: MET TRP 0 0 0 0 0 0 0 -0.876 -1.88 -2.04 -1.06 -0.319 -0.184 -0.0909 -0.0325 -0.537 -0.582 -0.858 -0.635 -0.483 -0.43 -0.166 -0.339 -0.21 -0.422 -0.31 -0.369 -0.42 -0.338 -0.444 -0.419 -0.241 -0.228 -0.181 -0.358 -0.354 -0.331 -0.382 -0.268 -0.272 -0.253 -0.312 -0.27 -0.336 -0.344 -0.259 -0.185 -0.329 -0.227 -0.25 
DDIPP: MET TYR 0 0 0 0 0 0 0 -0.686 -1.84 -1.59 -0.795 0 0 0 0 0 0 0 0 0 0 0 0 0 0 0 0 0 0 0 0 0 0 0 0 0 0 0 0 0 0 0 0 0 0 0 0 0 0 0 
DDIPP: ASN ALA 0 0 0 0 0 0 0 -0.418 -0.619 -0.304 0 0 0 0 0 0 0 0 0 0 0 0 0 0 0 0 0 0 0 0 0 0 0 0 0 0 0 0 0 0 0 0 0 0 0 0 0 0 0 0 
DDIPP: ASN CYS 0 0 0 0 0 0 0 -0.344 -0.787 -0.413 0 0 0 0 0 0 0 0 0 0 0 0 0 0 0 0 0 0 0 0 0 0 0 0 0 0 0 0 0 0 0 0 0 0 0 0 0 0 0 0 
DDIPP: ASN ASP 0 0 0 0 0 0 -0.258 -1.25 -0.765 -0.307 0 0 0 0 0 0 0 0 0 0 0 0 0 0 0 0 0 0 0 0 0 0 0 0 0 0 0 0 0 0 0 0 0 0 0 0 0 0 0 0 
DDIPP: ASN GLU 0 0 0 0 0 0 -0.435 -1.19 -0.788 -0.338 -0.193 -0.051 -0.137 -0.145 -0.289 -0.313 -0.393 -0.439 -0.296 -0.355 -0.335 -0.249 -0.259 -0.295 -0.389 -0.305 -0.294 -0.314 -0.262 -0.263 -0.285 -0.253 -0.208 -0.212 -0.231 -0.244 -0.199 -0.223 -0.231 -0.199 -0.192 -0.205 -0.22 -0.21 -0.217 -0.226 -0.172 -0.17 -0.173 -0.194 
DDIPP: ASN PHE 0 0 0 0 0 0 0 -0.812 -1.37 -0.773 -0.352 0 0 0 0 0 0 0 0 0 0 0 0 0 0 0 0 0 0 0 0 0 0 0 0 0 0 0 0 0 0 0 0 0 0 0 0 0 0 0 
DDIPP: ASN GLY 0 0 0 0 0 0 0 -0.894 -0.838 -0.341 0 0 0 0 0 0 0 0 0 0 0 0 0 0 0 0 0 0 0 0 0 0 0 0 0 0 0 0 0 0 0 0 0 0 0 0 0 0 0 0 
DDIPP: ASN HIS 0 0 0 0 0 0 -0.328 -1.39 -1.21 -0.512 -0.202 0 0 0 0 0 0 0 0 0 0 0 0 0 0 0 0 0 0 0 0 0 0 0 0 0 0 0 0 0 0 0 0 0 0 0 0 0 0 0 
DDIPP: ASN ILE 0 0 0 0 0 0 0 -0.347 -0.621 -0.693 0 0 0 0 0 0 0 0 0 0 0 0 0 0 0 0 0 0 0 0 0 0 0 0 0 0 0 0 0 0 0 0 0 0 0 0 0 0 0 0 
DDIPP: ASN LYS 0 0 0 0 0 0 -0.505 -1.26 -0.814 -0.558 -0.206 -0.106 -0.131 -0.103 -0.133 -0.283 -0.442 -0.517 -0.375 -0.284 -0.279 -0.306 -0.25 -0.289 -0.279 -0.22 -0.341 -0.289 -0.26 -0.292 -0.314 -0.286 -0.295 -0.207 -0.229 -0.252 -0.227 -0.221 -0.219 -0.187 -0.259 -0.236 -0.221 -0.234 -0.225 -0.21 -0.182 -0.151 -0.18 -0.194 
DDIPP: ASN LEU 0 0 0 0 0 0 0 -0.368 -0.683 -0.738 0 0 0 0 0 0 0 0 0 0 0 0 0 0 0 0 0 0 0 0 0 0 0 0 0 0 0 0 0 0 0 0 0 0 0 0 0 0 0 0 
DDIPP: ASN MET 0 0 0 0 0 0 0 -0.522 -1.12 -0.701 -0.116 0 0 0 0 0 0 0 0 0 0 0 0 0 0 0 0 0 0 0 0 0 0 0 0 0 0 0 0 0 0 0 0 0 0 0 0 0 0 0 
DDIPP: ASN ASN 0 0 0 0 0 0 -1.01 -1.87 -1.45 -0.861 -0.435 -0.372 -0.526 -0.497 -0.5 -0.372 -0.477 -0.523 -0.492 -0.307 -0.251 -0.304 -0.32 -0.342 -0.35 -0.372 -0.366 -0.297 -0.314 -0.354 -0.292 -0.307 -0.269 -0.274 -0.277 -0.263 -0.233 -0.209 -0.278 -0.193 -0.131 -0.249 -0.208 -0.15 -0.183 -0.167 -0.116 -0.144 -0.146 -0.169 
DDIPP: ASN PRO 0 0 0 0 0 0 0 -0.604 -1.24 -1.02 -0.461 0 0 0 0 0 0 0 0 0 0 0 0 0 0 0 0 0 0 0 0 0 0 0 0 0 0 0 0 0 0 0 0 0 0 0 0 0 0 0 
DDIPP: ASN GLN 0 0 0 0 0 0 -0.641 -1.75 -1.02 -0.519 -0.18 -0.267 -0.202 -0.175 -0.313 -0.449 -0.498 -0.499 -0.422 -0.347 -0.341 -0.36 -0.318 -0.238 -0.336 -0.388 -0.422 -0.361 -0.354 -0.291 -0.255 -0.267 -0.303 -0.294 -0.221 -0.208 -0.209 -0.256 -0.208 -0.185 -0.212 -0.228 -0.135 -0.252 -0.196 -0.226 -0.197 -0.167 -0.192 -0.179 
DDIPP: ASN ARG 0 0 0 0 0 0 -0.968 -1.56 -1.2 -0.91 -0.506 -0.218 -0.262 -0.297 -0.442 -0.42 -0.491 -0.595 -0.51 -0.404 -0.405 -0.387 -0.415 -0.332 -0.337 -0.361 -0.3 -0.328 -0.296 -0.339 -0.318 -0.259 -0.238 -0.24 -0.25 -0.214 -0.245 -0.238 -0.217 -0.218 -0.246 -0.205 -0.208 -0.214 -0.197 -0.154 -0.168 -0.15 -0.149 -0.159 
DDIPP: ASN SER 0 0 0 0 0 0 -0.292 -0.964 -0.863 -0.309 -0.0256 0 0 0 0 0 0 0 0 0 0 0 0 0 0 0 0 0 0 0 0 0 0 0 0 0 0 0 0 0 0 0 0 0 0 0 0 0 0 0 
DDIPP: ASN THR 0 0 0 0 0 0 -0.491 -1 -0.921 -0.546 -0.0803 -0.186 -0.125 0 0 0 0 0 0 0 0 0 0 0 0 0 0 0 0 0 0 0 0 0 0 0 0 0 0 0 0 0 0 0 0 0 0 0 0 0 
DDIPP: ASN VAL 0 0 0 0 0 0 0 -0.247 -0.5 -0.502 0 0 0 0 0 0 0 0 0 0 0 0 0 0 0 0 0 0 0 0 0 0 0 0 0 0 0 0 0 0 0 0 0 0 0 0 0 0 0 0 
DDIPP: ASN TRP 0 0 0 0 0 0 0 -1.34 -1.2 -1.05 -0.0517 0 0 0 0 0 0 0 0 0 0 0 0 0 0 0 0 0 0 0 0 0 0 0 0 0 0 0 0 0 0 0 0 0 0 0 0 0 0 0 
DDIPP: ASN TYR 0 0 0 0 0 0 -0.7 -1.18 -1.28 -0.972 -0.164 -0.0942 -0.245 -0.12 -0.243 -0.341 -0.564 -0.534 -0.48 -0.29 -0.255 -0.239 -0.327 -0.339 -0.284 -0.238 -0.354 -0.322 -0.26 -0.343 -0.332 -0.274 -0.232 -0.256 -0.275 -0.273 -0.262 -0.207 -0.251 -0.26 -0.236 -0.22 -0.204 -0.245 -0.207 -0.198 -0.179 -0.203 -0.22 -0.166 
DDIPP: PRO ALA 0 0 0 0 0 0 0 0 -0.472 -0.745 -0.157 0 0 0 0 0 0 0 0 0 0 0 0 0 0 0 0 0 0 0 0 0 0 0 0 0 0 0 0 0 0 0 0 0 0 0 0 0 0 0 
DDIPP: PRO CYS 0 0 0 0 0 0 0 0 -0.745 -0.746 -0.303 -0.0397 0 0 0 0 0 0 0 0 0 0 0 0 0 0 0 0 0 0 0 0 0 0 0 0 0 0 0 0 0 0 0 0 0 0 0 0 0 0 
DDIPP: PRO ASP 0 0 0 0 0 0 0 -0.102 -0.889 -0.881 -0.0803 0 0 0 0 0 0 0 0 0 0 0 0 0 0 0 0 0 0 0 0 0 0 0 0 0 0 0 0 0 0 0 0 0 0 0 0 0 0 0 
DDIPP: PRO GLU 0 0 0 0 0 0 0 0 -1.09 -0.871 -0.132 -0.0125 0 0 0 0 0 0 0 0 0 0 0 0 0 0 0 0 0 0 0 0 0 0 0 0 0 0 0 0 0 0 0 0 0 0 0 0 0 0 
DDIPP: PRO PHE 0 0 0 0 0 0 0 0 -1.49 -1.59 -0.627 0 0 0 0 0 0 0 0 0 0 0 0 0 0 0 0 0 0 0 0 0 0 0 0 0 0 0 0 0 0 0 0 0 0 0 0 0 0 0 
DDIPP: PRO GLY 0 0 0 0 0 0 0 -0.24 -0.678 -0.752 -0.325 0 0 0 0 0 0 0 0 0 0 0 0 0 0 0 0 0 0 0 0 0 0 0 0 0 0 0 0 0 0 0 0 0 0 0 0 0 0 0 
DDIPP: PRO HIS 0 0 0 0 0 0 0 -0.618 -1.29 -1 -0.529 0 0 0 0 0 0 0 0 0 0 0 0 0 0 0 0 0 0 0 0 0 0 0 0 0 0 0 0 0 0 0 0 0 0 0 0 0 0 0 
DDIPP: PRO ILE 0 0 0 0 0 0 0 0 -0.579 -1.01 -0.523 0 0 0 0 0 0 0 0 0 0 0 0 0 0 0 0 0 0 0 0 0 0 0 0 0 0 0 0 0 0 0 0 0 0 0 0 0 0 0 
DDIPP: PRO LYS 0 0 0 0 0 0 0 -0.142 -0.713 -0.785 -0.382 0 0 0 0 0 0 0 0 0 0 0 0 0 0 0 0 0 0 0 0 0 0 0 0 0 0 0 0 0 0 0 0 0 0 0 0 0 0 0 
DDIPP: PRO LEU 0 0 0 0 0 0 0 0 -0.717 -1.05 -0.613 0 0 0 0 0 0 0 0 0 0 0 0 0 0 0 0 0 0 0 0 0 0 0 0 0 0 0 0 0 0 0 0 0 0 0 0 0 0 0 
DDIPP: PRO MET 0 0 0 0 0 0 0 -0.0588 -1.16 -1.55 -0.913 -0.114 0 0 0 0 0 0 0 0 0 0 0 0 0 0 0 0 0 0 0 0 0 0 0 0 0 0 0 0 0 0 0 0 0 0 0 0 0 0 
DDIPP: PRO ASN 0 0 0 0 0 0 0 -0.604 -1.24 -1.02 -0.461 0 0 0 0 0 0 0 0 0 0 0 0 0 0 0 0 0 0 0 0 0 0 0 0 0 0 0 0 0 0 0 0 0 0 0 0 0 0 0 
DDIPP: PRO PRO 0 0 0 0 0 0 0 0 -1.27 -1.48 -0.873 -0.504 -0.118 -0.252 -0.214 -0.461 -0.544 -0.579 -0.576 -0.418 -0.362 -0.325 -0.319 -0.356 -0.307 -0.274 -0.319 -0.313 -0.272 -0.295 -0.249 -0.285 -0.273 -0.204 -0.265 -0.216 -0.237 -0.182 -0.273 -0.225 -0.241 -0.209 -0.274 -0.171 -0.161 -0.221 -0.166 -0.213 -0.161 -0.179 
DDIPP: PRO GLN 0 0 0 0 0 0 0 -0.732 -1.36 -1.15 -0.57 -0.187 -0.263 -0.115 -0.226 -0.327 -0.365 -0.578 -0.462 -0.416 -0.274 -0.279 -0.211 -0.358 -0.349 -0.327 -0.222 -0.333 -0.332 -0.229 -0.266 -0.26 -0.297 -0.282 -0.219 -0.236 -0.272 -0.261 -0.223 -0.209 -0.241 -0.236 -0.239 -0.204 -0.185 -0.24 -0.193 -0.235 -0.236 -0.177 
DDIPP: PRO ARG 0 0 0 0 0 0 -0.0807 -0.934 -1.28 -1.27 -0.709 -0.303 -0.146 -0.169 -0.259 -0.404 -0.569 -0.65 -0.5 -0.426 -0.347 -0.321 -0.288 -0.265 -0.271 -0.311 -0.3 -0.344 -0.295 -0.307 -0.276 -0.29 -0.261 -0.254 -0.265 -0.239 -0.228 -0.207 -0.17 -0.208 -0.22 -0.187 -0.194 -0.161 -0.233 -0.204 -0.197 -0.167 -0.153 -0.19 
DDIPP: PRO SER 0 0 0 0 0 0 0 -0.0991 -0.83 -0.894 -0.234 -0.086 0 0 0 0 0 0 0 0 0 0 0 0 0 0 0 0 0 0 0 0 0 0 0 0 0 0 0 0 0 0 0 0 0 0 0 0 0 0 
DDIPP: PRO THR 0 0 0 0 0 0 0 0 -0.795 -1.04 -0.383 0 0 0 0 0 0 0 0 0 0 0 0 0 0 0 0 0 0 0 0 0 0 0 0 0 0 0 0 0 0 0 0 0 0 0 0 0 0 0 
DDIPP: PRO VAL 0 0 0 0 0 0 0 0 -0.704 -1.04 -0.498 0 0 0 0 0 0 0 0 0 0 0 0 0 0 0 0 0 0 0 0 0 0 0 0 0 0 0 0 0 0 0 0 0 0 0 0 0 0 0 
DDIPP: PRO TRP 0 0 0 0 0 0 0 -0.825 -1.93 -1.68 -0.691 -0.293 0 0 0 0 0 0 0 0 0 0 0 0 0 0 0 0 0 0 0 0 0 0 0 0 0 0 0 0 0 0 0 0 0 0 0 0 0 0 
DDIPP: PRO TYR 0 0 0 0 0 0 0 -0.449 -1.86 -1.64 -0.831 -0.178 0 0 0 0 0 0 0 0 0 0 0 0 0 0 0 0 0 0 0 0 0 0 0 0 0 0 0 0 0 0 0 0 0 0 0 0 0 0 
DDIPP: GLN ALA 0 0 0 0 0 0 0 -0.362 -0.574 -0.569 -0.0687 0 0 0 0 0 0 0 0 0 0 0 0 0 0 0 0 0 0 0 0 0 0 0 0 0 0 0 0 0 0 0 0 0 0 0 0 0 0 0 
DDIPP: GLN CYS 0 0 0 0 0 0 0 -0.494 -0.856 -0.374 0 0 0 0 0 0 0 0 0 0 0 0 0 0 0 0 0 0 0 0 0 0 0 0 0 0 0 0 0 0 0 0 0 0 0 0 0 0 0 0 
DDIPP: GLN ASP 0 0 0 0 0 0 -0.439 -1.14 -0.859 -0.358 -0.36 -0.33 -0.239 -0.0996 -0.124 -0.353 -0.454 -0.498 -0.415 -0.392 -0.257 -0.38 -0.356 -0.259 -0.26 -0.342 -0.319 -0.342 -0.314 -0.291 -0.267 -0.294 -0.209 -0.265 -0.244 -0.244 -0.24 -0.257 -0.239 -0.233 -0.197 -0.193 -0.205 -0.176 -0.214 -0.195 -0.224 -0.166 -0.163 -0.205 
DDIPP: GLN GLU 0 0 0 0 0 0 -0.556 -1.14 -0.866 -0.508 -0.15 -0.12 -0.183 -0.227 -0.113 -0.444 -0.406 -0.505 -0.428 -0.359 -0.301 -0.307 -0.3 -0.349 -0.34 -0.379 -0.305 -0.284 -0.271 -0.312 -0.26 -0.251 -0.221 -0.236 -0.213 -0.233 -0.228 -0.235 -0.263 -0.247 -0.212 -0.213 -0.209 -0.207 -0.162 -0.157 -0.184 -0.145 -0.202 -0.186 
DDIPP: GLN PHE 0 0 0 0 0 0 0 -0.903 -1.48 -1.21 -0.52 0 0 0 0 0 0 0 0 0 0 0 0 0 0 0 0 0 0 0 0 0 0 0 0 0 0 0 0 0 0 0 0 0 0 0 0 0 0 0 
DDIPP: GLN GLY 0 0 0 0 0 0 0 -0.738 -0.93 -0.468 -0.141 0 0 0 0 0 0 0 0 0 0 0 0 0 0 0 0 0 0 0 0 0 0 0 0 0 0 0 0 0 0 0 0 0 0 0 0 0 0 0 
DDIPP: GLN HIS 0 0 0 0 0 0 -0.333 -1.06 -1.23 -0.684 -0.411 -0.203 -0.225 -0.0713 -0.248 -0.566 -0.494 -0.588 -0.469 -0.463 -0.349 -0.341 -0.313 -0.404 -0.336 -0.34 -0.388 -0.413 -0.356 -0.323 -0.386 -0.248 -0.251 -0.278 -0.25 -0.186 -0.27 -0.308 -0.307 -0.22 -0.25 -0.248 -0.253 -0.236 -0.221 -0.169 -0.202 -0.183 -0.207 -0.251 
DDIPP: GLN ILE 0 0 0 0 0 0 0 -0.539 -1.02 -0.933 -0.281 0 0 0 0 0 0 0 0 0 0 0 0 0 0 0 0 0 0 0 0 0 0 0 0 0 0 0 0 0 0 0 0 0 0 0 0 0 0 0 
DDIPP: GLN LYS 0 0 0 0 0 0 -0.372 -1.15 -1.16 -0.638 -0.271 -0.261 -0.216 -0.233 -0.251 -0.392 -0.468 -0.439 -0.413 -0.411 -0.349 -0.344 -0.42 -0.35 -0.325 -0.313 -0.371 -0.357 -0.349 -0.271 -0.214 -0.225 -0.248 -0.192 -0.29 -0.189 -0.254 -0.198 -0.218 -0.205 -0.261 -0.218 -0.213 -0.181 -0.225 -0.23 -0.227 -0.191 -0.203 -0.171 
DDIPP: GLN LEU 0 0 0 0 0 0 0 -0.627 -0.907 -1.04 -0.36 0 0 0 0 0 0 0 0 0 0 0 0 0 0 0 0 0 0 0 0 0 0 0 0 0 0 0 0 0 0 0 0 0 0 0 0 0 0 0 
DDIPP: GLN MET 0 0 0 0 0 0 0 -1.23 -1.32 -1.15 -0.368 -0.297 -0.271 -0.195 -0.299 -0.534 -0.589 -0.62 -0.53 -0.407 -0.455 -0.292 -0.347 -0.251 -0.336 -0.312 -0.345 -0.337 -0.338 -0.329 -0.272 -0.268 -0.305 -0.31 -0.272 -0.359 -0.282 -0.314 -0.274 -0.202 -0.26 -0.24 -0.173 -0.207 -0.217 -0.216 -0.239 -0.248 -0.187 -0.218 
DDIPP: GLN ASN 0 0 0 0 0 0 -0.641 -1.75 -1.02 -0.519 -0.18 -0.267 -0.202 -0.175 -0.313 -0.449 -0.498 -0.499 -0.422 -0.347 -0.341 -0.36 -0.318 -0.238 -0.336 -0.388 -0.422 -0.361 -0.354 -0.291 -0.255 -0.267 -0.303 -0.294 -0.221 -0.208 -0.209 -0.256 -0.208 -0.185 -0.212 -0.228 -0.135 -0.252 -0.196 -0.226 -0.197 -0.167 -0.192 -0.179 
DDIPP: GLN PRO 0 0 0 0 0 0 0 -0.732 -1.36 -1.15 -0.57 -0.187 -0.263 -0.115 -0.226 -0.327 -0.365 -0.578 -0.462 -0.416 -0.274 -0.279 -0.211 -0.358 -0.349 -0.327 -0.222 -0.333 -0.332 -0.229 -0.266 -0.26 -0.297 -0.282 -0.219 -0.236 -0.272 -0.261 -0.223 -0.209 -0.241 -0.236 -0.239 -0.204 -0.185 -0.24 -0.193 -0.235 -0.236 -0.177 
DDIPP: GLN GLN 0 0 0 0 0 0 -1.35 -1.97 -1.59 -0.914 -0.663 -0.634 -0.607 -0.382 -0.392 -0.486 -0.644 -0.702 -0.686 -0.609 -0.403 -0.379 -0.459 -0.441 -0.352 -0.467 -0.373 -0.498 -0.439 -0.372 -0.275 -0.332 -0.195 -0.321 -0.246 -0.306 -0.156 -0.23 -0.222 -0.198 -0.188 -0.12 -0.184 -0.188 -0.185 -0.163 -0.098 -0.105 -0.0955 -0.124 
DDIPP: GLN ARG 0 0 0 0 0 0 -1 -1.55 -1.48 -0.889 -0.356 -0.244 -0.269 -0.208 -0.153 -0.499 -0.574 -0.525 -0.593 -0.39 -0.38 -0.364 -0.359 -0.316 -0.293 -0.309 -0.293 -0.363 -0.379 -0.295 -0.327 -0.294 -0.293 -0.29 -0.277 -0.275 -0.252 -0.14 -0.217 -0.225 -0.223 -0.206 -0.205 -0.2 -0.201 -0.207 -0.171 -0.135 -0.108 -0.093 
DDIPP: GLN SER 0 0 0 0 0 0 -0.469 -1.18 -0.898 -0.528 -0.0753 -0.00775 -0.117 -0.0511 -0.0563 -0.308 -0.267 -0.403 -0.409 -0.27 -0.294 -0.281 -0.302 -0.277 -0.278 -0.263 -0.322 -0.303 -0.276 -0.304 -0.235 -0.333 -0.251 -0.254 -0.228 -0.213 -0.21 -0.198 -0.285 -0.254 -0.214 -0.217 -0.173 -0.217 -0.159 -0.193 -0.212 -0.216 -0.203 -0.218 
DDIPP: GLN THR 0 0 0 0 0 0 -0.547 -1.22 -1.01 -0.683 -0.307 -0.0242 -0.0735 -0.00706 -0.0967 -0.313 -0.347 -0.428 -0.333 -0.337 -0.333 -0.224 -0.245 -0.388 -0.331 -0.277 -0.291 -0.187 -0.288 -0.246 -0.33 -0.213 -0.292 -0.26 -0.266 -0.3 -0.28 -0.226 -0.177 -0.243 -0.241 -0.195 -0.166 -0.175 -0.191 -0.226 -0.217 -0.217 -0.239 -0.217 
DDIPP: GLN VAL 0 0 0 0 0 0 0 -0.477 -0.813 -0.821 -0.181 0 0 0 0 0 0 0 0 0 0 0 0 0 0 0 0 0 0 0 0 0 0 0 0 0 0 0 0 0 0 0 0 0 0 0 0 0 0 0 
DDIPP: GLN TRP 0 0 0 0 0 0 0 -0.927 -1.74 -1.15 -0.23 -0.0723 0 0 0 0 0 0 0 0 0 0 0 0 0 0 0 0 0 0 0 0 0 0 0 0 0 0 0 0 0 0 0 0 0 0 0 0 0 0 
DDIPP: GLN TYR 0 0 0 0 0 0 -0.828 -1.4 -1.59 -1.07 -0.177 -0.293 -0.0229 -0.0871 -0.322 -0.494 -0.605 -0.682 -0.591 -0.455 -0.292 -0.295 -0.352 -0.323 -0.379 -0.29 -0.301 -0.35 -0.414 -0.288 -0.275 -0.309 -0.287 -0.288 -0.235 -0.263 -0.17 -0.23 -0.208 -0.246 -0.251 -0.235 -0.176 -0.224 -0.21 -0.213 -0.191 -0.195 -0.212 -0.186 
DDIPP: ARG ALA 0 0 0 0 0 0 0 -0.452 -0.663 -0.63 -0.187 0 0 0 0 0 0 0 0 0 0 0 0 0 0 0 0 0 0 0 0 0 0 0 0 0 0 0 0 0 0 0 0 0 0 0 0 0 0 0 
DDIPP: ARG CYS 0 0 0 0 0 0 0 -0.624 -1.03 -0.951 -0.0685 -0.0312 0 0 0 0 0 0 0 0 0 0 0 0 0 0 0 0 0 0 0 0 0 0 0 0 0 0 0 0 0 0 0 0 0 0 0 0 0 0 
DDIPP: ARG ASP 0 0 0 0 0 0 -2.16 -2.32 -1.5 -0.954 -0.582 -0.469 -0.479 -0.325 -0.36 -0.484 -0.522 -0.602 -0.635 -0.455 -0.394 -0.36 -0.341 -0.399 -0.261 -0.38 -0.336 -0.312 -0.305 -0.27 -0.301 -0.222 -0.231 -0.226 -0.221 -0.233 -0.182 -0.198 -0.207 -0.199 -0.216 -0.177 -0.216 -0.224 -0.155 -0.189 -0.18 -0.16 -0.16 -0.173 
DDIPP: ARG GLU 0 0 0 0 0 0 -2.01 -2.2 -1.44 -1.01 -0.638 -0.445 -0.427 -0.344 -0.393 -0.465 -0.596 -0.52 -0.486 -0.409 -0.398 -0.39 -0.332 -0.32 -0.349 -0.38 -0.331 -0.292 -0.299 -0.301 -0.293 -0.228 -0.188 -0.198 -0.223 -0.21 -0.192 -0.211 -0.199 -0.189 -0.164 -0.22 -0.168 -0.18 -0.162 -0.149 -0.184 -0.141 -0.149 -0.134 
DDIPP: ARG PHE 0 0 0 0 0 0 0 -0.995 -1.48 -1.28 -0.533 -0.0244 0 0 0 0 0 0 0 0 0 0 0 0 0 0 0 0 0 0 0 0 0 0 0 0 0 0 0 0 0 0 0 0 0 0 0 0 0 0 
DDIPP: ARG GLY 0 0 0 0 0 0 0 -1.01 -0.906 -0.741 -0.285 -0.124 -0.126 -0.0689 -0.162 -0.335 -0.422 -0.421 -0.418 -0.364 -0.265 -0.206 -0.306 -0.251 -0.209 -0.263 -0.27 -0.268 -0.265 -0.177 -0.223 -0.214 -0.215 -0.254 -0.191 -0.215 -0.223 -0.205 -0.177 -0.239 -0.22 -0.2 -0.219 -0.202 -0.215 -0.213 -0.208 -0.211 -0.202 -0.198 
DDIPP: ARG HIS 0 0 0 0 0 0 0 -1.03 -1.41 -0.937 -0.611 -0.332 -0.211 -0.196 -0.505 -0.619 -0.732 -0.639 -0.583 -0.445 -0.397 -0.375 -0.494 -0.398 -0.349 -0.274 -0.313 -0.397 -0.312 -0.354 -0.289 -0.322 -0.246 -0.291 -0.231 -0.304 -0.249 -0.249 -0.273 -0.287 -0.181 -0.177 -0.242 -0.238 -0.236 -0.206 -0.204 -0.152 -0.17 -0.152 
DDIPP: ARG ILE 0 0 0 0 0 0 0 -0.435 -0.96 -0.922 -0.433 0 0 0 0 0 0 0 0 0 0 0 0 0 0 0 0 0 0 0 0 0 0 0 0 0 0 0 0 0 0 0 0 0 0 0 0 0 0 0 
DDIPP: ARG LYS 0 0 0 0 0 0 -0.0941 -0.769 -0.982 -0.916 -0.317 -0.186 -0.21 -0.142 -0.311 -0.341 -0.537 -0.476 -0.464 -0.415 -0.312 -0.279 -0.328 -0.298 -0.301 -0.295 -0.366 -0.298 -0.329 -0.274 -0.222 -0.296 -0.248 -0.22 -0.234 -0.22 -0.191 -0.226 -0.23 -0.219 -0.236 -0.195 -0.182 -0.18 -0.176 -0.171 -0.175 -0.169 -0.175 -0.166 
DDIPP: ARG LEU 0 0 0 0 0 0 0 -0.516 -0.947 -0.964 -0.302 0 0 0 0 0 0 0 0 0 0 0 0 0 0 0 0 0 0 0 0 0 0 0 0 0 0 0 0 0 0 0 0 0 0 0 0 0 0 0 
DDIPP: ARG MET 0 0 0 0 0 0 0 -0.95 -1.36 -1.33 -0.497 -0.0657 0 0 0 0 0 0 0 0 0 0 0 0 0 0 0 0 0 0 0 0 0 0 0 0 0 0 0 0 0 0 0 0 0 0 0 0 0 0 
DDIPP: ARG ASN 0 0 0 0 0 0 -0.968 -1.56 -1.2 -0.91 -0.506 -0.218 -0.262 -0.297 -0.442 -0.42 -0.491 -0.595 -0.51 -0.404 -0.405 -0.387 -0.415 -0.332 -0.337 -0.361 -0.3 -0.328 -0.296 -0.339 -0.318 -0.259 -0.238 -0.24 -0.25 -0.214 -0.245 -0.238 -0.217 -0.218 -0.246 -0.205 -0.208 -0.214 -0.197 -0.154 -0.168 -0.15 -0.149 -0.159 
DDIPP: ARG PRO 0 0 0 0 0 0 -0.0807 -0.934 -1.28 -1.27 -0.709 -0.303 -0.146 -0.169 -0.259 -0.404 -0.569 -0.65 -0.5 -0.426 -0.347 -0.321 -0.288 -0.265 -0.271 -0.311 -0.3 -0.344 -0.295 -0.307 -0.276 -0.29 -0.261 -0.254 -0.265 -0.239 -0.228 -0.207 -0.17 -0.208 -0.22 -0.187 -0.194 -0.161 -0.233 -0.204 -0.197 -0.167 -0.153 -0.19 
DDIPP: ARG GLN 0 0 0 0 0 0 -1 -1.55 -1.48 -0.889 -0.356 -0.244 -0.269 -0.208 -0.153 -0.499 -0.574 -0.525 -0.593 -0.39 -0.38 -0.364 -0.359 -0.316 -0.293 -0.309 -0.293 -0.363 -0.379 -0.295 -0.327 -0.294 -0.293 -0.29 -0.277 -0.275 -0.252 -0.14 -0.217 -0.225 -0.223 -0.206 -0.205 -0.2 -0.201 -0.207 -0.171 -0.135 -0.108 -0.093 
DDIPP: ARG ARG 0 0 0 0 0 0 -0.919 -1.67 -1.9 -1.48 -0.823 -0.432 -0.455 -0.433 -0.561 -0.7 -0.704 -0.678 -0.716 -0.535 -0.439 -0.403 -0.503 -0.389 -0.432 -0.398 -0.331 -0.453 -0.353 -0.272 -0.262 -0.172 -0.234 -0.217 -0.262 -0.246 -0.219 -0.203 -0.164 -0.18 -0.16 -0.177 -0.14 -0.161 -0.163 -0.153 -0.132 -0.104 -0.0943 -0.0962 
DDIPP: ARG SER 0 0 0 0 0 0 -0.415 -1.27 -1.03 -0.778 -0.362 -0.221 -0.0854 -0.225 -0.186 -0.482 -0.541 -0.521 -0.455 -0.405 -0.337 -0.355 -0.312 -0.331 -0.258 -0.265 -0.284 -0.256 -0.306 -0.255 -0.276 -0.264 -0.257 -0.279 -0.262 -0.223 -0.195 -0.203 -0.204 -0.207 -0.209 -0.243 -0.189 -0.221 -0.165 -0.167 -0.194 -0.187 -0.175 -0.172 
DDIPP: ARG THR 0 0 0 0 0 0 -0.558 -1.11 -0.923 -0.873 -0.346 -0.105 -0.132 -0.118 -0.171 -0.271 -0.441 -0.423 -0.478 -0.362 -0.294 -0.197 -0.239 -0.316 -0.338 -0.297 -0.295 -0.319 -0.207 -0.245 -0.272 -0.241 -0.223 -0.221 -0.206 -0.213 -0.19 -0.199 -0.218 -0.209 -0.232 -0.189 -0.242 -0.203 -0.207 -0.202 -0.192 -0.225 -0.174 -0.193 
DDIPP: ARG VAL 0 0 0 0 0 0 0 -0.606 -0.757 -0.867 -0.341 0 0 0 0 0 0 0 0 0 0 0 0 0 0 0 0 0 0 0 0 0 0 0 0 0 0 0 0 0 0 0 0 0 0 0 0 0 0 0 
DDIPP: ARG TRP 0 0 0 0 0 0 -0.445 -1.23 -2.07 -1.33 -0.738 -0.265 -0.0218 0 0 0 0 0 0 0 0 0 0 0 0 0 0 0 0 0 0 0 0 0 0 0 0 0 0 0 0 0 0 0 0 0 0 0 0 0 
DDIPP: ARG TYR 0 0 0 0 0 0 -0.672 -1.57 -1.84 -1.36 -0.55 -0.28 -0.305 -0.186 -0.372 -0.586 -0.653 -0.617 -0.666 -0.502 -0.441 -0.404 -0.426 -0.39 -0.381 -0.339 -0.366 -0.318 -0.292 -0.333 -0.238 -0.273 -0.297 -0.27 -0.285 -0.277 -0.227 -0.225 -0.206 -0.195 -0.19 -0.191 -0.229 -0.171 -0.166 -0.142 -0.169 -0.182 -0.14 -0.182 
DDIPP: SER ALA 0 0 0 0 0 0 0 0 -0.507 -0.288 0 0 0 0 0 0 0 0 0 0 0 0 0 0 0 0 0 0 0 0 0 0 0 0 0 0 0 0 0 0 0 0 0 0 0 0 0 0 0 0 
DDIPP: SER CYS 0 0 0 0 0 0 0 -0.459 -0.527 0 0 0 0 0 0 0 0 0 0 0 0 0 0 0 0 0 0 0 0 0 0 0 0 0 0 0 0 0 0 0 0 0 0 0 0 0 0 0 0 0 
DDIPP: SER ASP 0 0 0 0 0 0 -0.992 -0.705 -0.506 -0.179 0 0 0 0 0 0 0 0 0 0 0 0 0 0 0 0 0 0 0 0 0 0 0 0 0 0 0 0 0 0 0 0 0 0 0 0 0 0 0 0 
DDIPP: SER GLU 0 0 0 0 0 0 -0.98 -0.891 -0.764 -0.256 -0.0207 0 0 0 0 0 0 0 0 0 0 0 0 0 0 0 0 0 0 0 0 0 0 0 0 0 0 0 0 0 0 0 0 0 0 0 0 0 0 0 
DDIPP: SER PHE 0 0 0 0 0 0 0 -0.171 -1.12 -0.936 -0.179 0 0 0 0 0 0 0 0 0 0 0 0 0 0 0 0 0 0 0 0 0 0 0 0 0 0 0 0 0 0 0 0 0 0 0 0 0 0 0 
DDIPP: SER GLY 0 0 0 0 0 0 0 0 -0.492 -0.185 0 0 0 0 0 0 0 0 0 0 0 0 0 0 0 0 0 0 0 0 0 0 0 0 0 0 0 0 0 0 0 0 0 0 0 0 0 0 0 0 
DDIPP: SER HIS 0 0 0 0 0 0 -0.579 -1.22 -1.04 -0.532 -0.0919 -0.0106 -0.153 0 0 0 0 0 0 0 0 0 0 0 0 0 0 0 0 0 0 0 0 0 0 0 0 0 0 0 0 0 0 0 0 0 0 0 0 0 
DDIPP: SER ILE 0 0 0 0 0 0 0 0 -0.445 -0.594 -0.265 0 0 0 0 0 0 0 0 0 0 0 0 0 0 0 0 0 0 0 0 0 0 0 0 0 0 0 0 0 0 0 0 0 0 0 0 0 0 0 
DDIPP: SER LYS 0 0 0 0 0 0 -0.291 -0.842 -0.581 -0.526 -0.153 0 0 0 0 0 0 0 0 0 0 0 0 0 0 0 0 0 0 0 0 0 0 0 0 0 0 0 0 0 0 0 0 0 0 0 0 0 0 0 
DDIPP: SER LEU 0 0 0 0 0 0 0 0 -0.429 -0.698 -0.205 0 0 0 0 0 0 0 0 0 0 0 0 0 0 0 0 0 0 0 0 0 0 0 0 0 0 0 0 0 0 0 0 0 0 0 0 0 0 0 
DDIPP: SER MET 0 0 0 0 0 0 0 -0.236 -0.973 -0.773 -0.163 0 0 0 0 0 0 0 0 0 0 0 0 0 0 0 0 0 0 0 0 0 0 0 0 0 0 0 0 0 0 0 0 0 0 0 0 0 0 0 
DDIPP: SER ASN 0 0 0 0 0 0 -0.292 -0.964 -0.863 -0.309 -0.0256 0 0 0 0 0 0 0 0 0 0 0 0 0 0 0 0 0 0 0 0 0 0 0 0 0 0 0 0 0 0 0 0 0 0 0 0 0 0 0 
DDIPP: SER PRO 0 0 0 0 0 0 0 -0.0991 -0.83 -0.894 -0.234 -0.086 0 0 0 0 0 0 0 0 0 0 0 0 0 0 0 0 0 0 0 0 0 0 0 0 0 0 0 0 0 0 0 0 0 0 0 0 0 0 
DDIPP: SER GLN 0 0 0 0 0 0 -0.469 -1.18 -0.898 -0.528 -0.0753 -0.00775 -0.117 -0.0511 -0.0563 -0.308 -0.267 -0.403 -0.409 -0.27 -0.294 -0.281 -0.302 -0.277 -0.278 -0.263 -0.322 -0.303 -0.276 -0.304 -0.235 -0.333 -0.251 -0.254 -0.228 -0.213 -0.21 -0.198 -0.285 -0.254 -0.214 -0.217 -0.173 -0.217 -0.159 -0.193 -0.212 -0.216 -0.203 -0.218 
DDIPP: SER ARG 0 0 0 0 0 0 -0.415 -1.27 -1.03 -0.778 -0.362 -0.221 -0.0854 -0.225 -0.186 -0.482 -0.541 -0.521 -0.455 -0.405 -0.337 -0.355 -0.312 -0.331 -0.258 -0.265 -0.284 -0.256 -0.306 -0.255 -0.276 -0.264 -0.257 -0.279 -0.262 -0.223 -0.195 -0.203 -0.204 -0.207 -0.209 -0.243 -0.189 -0.221 -0.165 -0.167 -0.194 -0.187 -0.175 -0.172 
DDIPP: SER SER 0 0 0 0 0 0 -0.611 -0.757 -0.877 -0.552 -0.429 -0.156 -0.192 -0.0765 -0.232 -0.289 -0.212 -0.397 -0.406 -0.298 -0.227 -0.178 -0.261 -0.218 -0.171 -0.301 -0.308 -0.36 -0.286 -0.28 -0.285 -0.232 -0.181 -0.221 -0.258 -0.223 -0.212 -0.18 -0.187 -0.188 -0.243 -0.157 -0.195 -0.19 -0.137 -0.153 -0.17 -0.227 -0.179 -0.167 
DDIPP: SER THR 0 0 0 0 0 0 -0.269 -0.373 -0.568 -0.57 -0.1 0 0 0 0 0 0 0 0 0 0 0 0 0 0 0 0 0 0 0 0 0 0 0 0 0 0 0 0 0 0 0 0 0 0 0 0 0 0 0 
DDIPP: SER VAL 0 0 0 0 0 0 0 -0.09 -0.452 -0.52 -0.0158 0 0 0 0 0 0 0 0 0 0 0 0 0 0 0 0 0 0 0 0 0 0 0 0 0 0 0 0 0 0 0 0 0 0 0 0 0 0 0 
DDIPP: SER TRP 0 0 0 0 0 0 0 -0.731 -1.33 -1.06 -0.356 0 0 0 0 0 0 0 0 0 0 0 0 0 0 0 0 0 0 0 0 0 0 0 0 0 0 0 0 0 0 0 0 0 0 0 0 0 0 0 
DDIPP: SER TYR 0 0 0 0 0 0 -0.347 -0.724 -1.03 -0.823 -0.211 -0.11 -0.0122 0 0 0 0 0 0 0 0 0 0 0 0 0 0 0 0 0 0 0 0 0 0 0 0 0 0 0 0 0 0 0 0 0 0 0 0 0 
DDIPP: THR ALA 0 0 0 0 0 0 0 0 -0.319 -0.545 -0.0701 0 0 0 0 0 0 0 0 0 0 0 0 0 0 0 0 0 0 0 0 0 0 0 0 0 0 0 0 0 0 0 0 0 0 0 0 0 0 0 
DDIPP: THR CYS 0 0 0 0 0 0 0 0 -0.619 -0.666 0 0 0 0 0 0 0 0 0 0 0 0 0 0 0 0 0 0 0 0 0 0 0 0 0 0 0 0 0 0 0 0 0 0 0 0 0 0 0 0 
DDIPP: THR ASP 0 0 0 0 0 0 -0.682 -0.612 -0.394 -0.391 0 0 0 0 0 0 0 0 0 0 0 0 0 0 0 0 0 0 0 0 0 0 0 0 0 0 0 0 0 0 0 0 0 0 0 0 0 0 0 0 
DDIPP: THR GLU 0 0 0 0 0 0 -0.761 -0.654 -0.63 -0.394 -0.133 0 0 0 0 0 0 0 0 0 0 0 0 0 0 0 0 0 0 0 0 0 0 0 0 0 0 0 0 0 0 0 0 0 0 0 0 0 0 0 
DDIPP: THR PHE 0 0 0 0 0 0 0 0 -1.15 -1.07 -0.526 0 0 0 0 0 0 0 0 0 0 0 0 0 0 0 0 0 0 0 0 0 0 0 0 0 0 0 0 0 0 0 0 0 0 0 0 0 0 0 
DDIPP: THR GLY 0 0 0 0 0 0 0 -0.158 -0.573 -0.433 0 0 0 0 0 0 0 0 0 0 0 0 0 0 0 0 0 0 0 0 0 0 0 0 0 0 0 0 0 0 0 0 0 0 0 0 0 0 0 0 
DDIPP: THR HIS 0 0 0 0 0 0 0 -0.723 -1.13 -0.714 -0.299 0 0 0 0 0 0 0 0 0 0 0 0 0 0 0 0 0 0 0 0 0 0 0 0 0 0 0 0 0 0 0 0 0 0 0 0 0 0 0 
DDIPP: THR ILE 0 0 0 0 0 0 0 0 -0.661 -0.864 -0.367 0 0 0 0 0 0 0 0 0 0 0 0 0 0 0 0 0 0 0 0 0 0 0 0 0 0 0 0 0 0 0 0 0 0 0 0 0 0 0 
DDIPP: THR LYS 0 0 0 0 0 0 -0.0308 -0.628 -0.761 -0.674 -0.212 0 0 0 0 0 0 0 0 0 0 0 0 0 0 0 0 0 0 0 0 0 0 0 0 0 0 0 0 0 0 0 0 0 0 0 0 0 0 0 
DDIPP: THR LEU 0 0 0 0 0 0 0 0 -0.732 -0.921 -0.433 0 0 0 0 0 0 0 0 0 0 0 0 0 0 0 0 0 0 0 0 0 0 0 0 0 0 0 0 0 0 0 0 0 0 0 0 0 0 0 
DDIPP: THR MET 0 0 0 0 0 0 0 -0.128 -1.02 -1 -0.49 0 0 0 0 0 0 0 0 0 0 0 0 0 0 0 0 0 0 0 0 0 0 0 0 0 0 0 0 0 0 0 0 0 0 0 0 0 0 0 
DDIPP: THR ASN 0 0 0 0 0 0 -0.491 -1 -0.921 -0.546 -0.0803 -0.186 -0.125 0 0 0 0 0 0 0 0 0 0 0 0 0 0 0 0 0 0 0 0 0 0 0 0 0 0 0 0 0 0 0 0 0 0 0 0 0 
DDIPP: THR PRO 0 0 0 0 0 0 0 0 -0.795 -1.04 -0.383 0 0 0 0 0 0 0 0 0 0 0 0 0 0 0 0 0 0 0 0 0 0 0 0 0 0 0 0 0 0 0 0 0 0 0 0 0 0 0 
DDIPP: THR GLN 0 0 0 0 0 0 -0.547 -1.22 -1.01 -0.683 -0.307 -0.0242 -0.0735 -0.00706 -0.0967 -0.313 -0.347 -0.428 -0.333 -0.337 -0.333 -0.224 -0.245 -0.388 -0.331 -0.277 -0.291 -0.187 -0.288 -0.246 -0.33 -0.213 -0.292 -0.26 -0.266 -0.3 -0.28 -0.226 -0.177 -0.243 -0.241 -0.195 -0.166 -0.175 -0.191 -0.226 -0.217 -0.217 -0.239 -0.217 
DDIPP: THR ARG 0 0 0 0 0 0 -0.558 -1.11 -0.923 -0.873 -0.346 -0.105 -0.132 -0.118 -0.171 -0.271 -0.441 -0.423 -0.478 -0.362 -0.294 -0.197 -0.239 -0.316 -0.338 -0.297 -0.295 -0.319 -0.207 -0.245 -0.272 -0.241 -0.223 -0.221 -0.206 -0.213 -0.19 -0.199 -0.218 -0.209 -0.232 -0.189 -0.242 -0.203 -0.207 -0.202 -0.192 -0.225 -0.174 -0.193 
DDIPP: THR SER 0 0 0 0 0 0 -0.269 -0.373 -0.568 -0.57 -0.1 0 0 0 0 0 0 0 0 0 0 0 0 0 0 0 0 0 0 0 0 0 0 0 0 0 0 0 0 0 0 0 0 0 0 0 0 0 0 0 
DDIPP: THR THR 0 0 0 0 0 0 -0.429 -1.01 -1.05 -0.874 -0.599 -0.276 -0.238 -0.193 -0.149 -0.255 -0.352 -0.326 -0.35 -0.237 -0.325 -0.213 -0.235 -0.248 -0.254 -0.256 -0.269 -0.282 -0.257 -0.222 -0.24 -0.194 -0.265 -0.236 -0.187 -0.271 -0.218 -0.262 -0.236 -0.234 -0.211 -0.186 -0.216 -0.173 -0.201 -0.181 -0.179 -0.201 -0.188 -0.203 
DDIPP: THR VAL 0 0 0 0 0 0 0 -0.0256 -0.536 -0.806 -0.364 0 0 0 0 0 0 0 0 0 0 0 0 0 0 0 0 0 0 0 0 0 0 0 0 0 0 0 0 0 0 0 0 0 0 0 0 0 0 0 
DDIPP: THR TRP 0 0 0 0 0 0 0 -0.863 -0.999 -1.29 -0.577 0 0 0 0 0 0 0 0 0 0 0 0 0 0 0 0 0 0 0 0 0 0 0 0 0 0 0 0 0 0 0 0 0 0 0 0 0 0 0 
DDIPP: THR TYR 0 0 0 0 0 0 -0.445 -0.739 -1.06 -0.998 -0.391 -0.0991 0 0 0 0 0 0 0 0 0 0 0 0 0 0 0 0 0 0 0 0 0 0 0 0 0 0 0 0 0 0 0 0 0 0 0 0 0 0 
DDIPP: VAL ALA 0 0 0 0 0 0 0 0 -0.266 -0.846 -0.14 0 0 0 0 0 0 0 0 0 0 0 0 0 0 0 0 0 0 0 0 0 0 0 0 0 0 0 0 0 0 0 0 0 0 0 0 0 0 0 
DDIPP: VAL CYS 0 0 0 0 0 0 0 -0.248 -0.384 -0.58 -0.192 0 0 0 0 0 0 0 0 0 0 0 0 0 0 0 0 0 0 0 0 0 0 0 0 0 0 0 0 0 0 0 0 0 0 0 0 0 0 0 
DDIPP: VAL ASP 0 0 0 0 0 0 0 0 -0.208 -0.284 0 0 0 0 0 0 0 0 0 0 0 0 0 0 0 0 0 0 0 0 0 0 0 0 0 0 0 0 0 0 0 0 0 0 0 0 0 0 0 0 
DDIPP: VAL GLU 0 0 0 0 0 0 0 -0.0304 -0.561 -0.425 0 0 0 0 0 0 0 0 0 0 0 0 0 0 0 0 0 0 0 0 0 0 0 0 0 0 0 0 0 0 0 0 0 0 0 0 0 0 0 0 
DDIPP: VAL PHE 0 0 0 0 0 0 0 0 -1.08 -1.51 -0.996 -0.153 0 0 0 0 0 0 0 0 0 0 0 0 0 0 0 0 0 0 0 0 0 0 0 0 0 0 0 0 0 0 0 0 0 0 0 0 0 0 
DDIPP: VAL GLY 0 0 0 0 0 0 0 0 0 0 0 0 0 0 0 0 0 0 0 0 0 0 0 -0.0643 -0.156 -0.15 -0.0865 -0.135 -0.157 -0.151 -0.128 -0.166 -0.179 -0.191 -0.192 -0.209 -0.214 -0.21 -0.25 -0.23 -0.232 -0.245 -0.253 -0.268 -0.266 -0.281 -0.269 -0.276 -0.287 -0.28 
DDIPP: VAL HIS 0 0 0 0 0 0 0 0 -0.659 -0.72 -0.167 0 0 0 0 0 0 0 0 0 0 0 0 0 0 0 0 0 0 0 0 0 0 0 0 0 0 0 0 0 0 0 0 0 0 0 0 0 0 0 
DDIPP: VAL ILE 0 0 0 0 0 0 0 0 -0.66 -1.18 -0.733 -0.0248 0 0 0 0 0 0 0 0 0 0 0 0 0 0 0 0 0 0 0 0 0 0 0 0 0 0 0 0 0 0 0 0 0 0 0 0 0 0 
DDIPP: VAL LYS 0 0 0 0 0 0 0 -0.0788 -0.326 -0.508 -0.0898 0 0 0 0 0 0 0 0 0 0 0 0 0 0 0 0 0 0 0 0 0 0 0 0 0 0 0 0 0 0 0 0 0 0 0 0 0 0 0 
DDIPP: VAL LEU 0 0 0 0 0 0 0 0 -0.659 -1.3 -0.904 -0.132 0 0 0 0 0 0 0 0 0 0 0 0 0 0 0 0 0 0 0 0 0 0 0 0 0 0 0 0 0 0 0 0 0 0 0 0 0 0 
DDIPP: VAL MET 0 0 0 0 0 0 0 -0.0328 -1.08 -1.32 -0.775 -0.223 0 0 0 0 0 0 0 0 0 0 0 0 0 0 0 0 0 0 0 0 0 0 0 0 0 0 0 0 0 0 0 0 0 0 0 0 0 0 
DDIPP: VAL ASN 0 0 0 0 0 0 0 -0.247 -0.5 -0.502 0 0 0 0 0 0 0 0 0 0 0 0 0 0 0 0 0 0 0 0 0 0 0 0 0 0 0 0 0 0 0 0 0 0 0 0 0 0 0 0 
DDIPP: VAL PRO 0 0 0 0 0 0 0 0 -0.704 -1.04 -0.498 0 0 0 0 0 0 0 0 0 0 0 0 0 0 0 0 0 0 0 0 0 0 0 0 0 0 0 0 0 0 0 0 0 0 0 0 0 0 0 
DDIPP: VAL GLN 0 0 0 0 0 0 0 -0.477 -0.813 -0.821 -0.181 0 0 0 0 0 0 0 0 0 0 0 0 0 0 0 0 0 0 0 0 0 0 0 0 0 0 0 0 0 0 0 0 0 0 0 0 0 0 0 
DDIPP: VAL ARG 0 0 0 0 0 0 0 -0.606 -0.757 -0.867 -0.341 0 0 0 0 0 0 0 0 0 0 0 0 0 0 0 0 0 0 0 0 0 0 0 0 0 0 0 0 0 0 0 0 0 0 0 0 0 0 0 
DDIPP: VAL SER 0 0 0 0 0 0 0 -0.09 -0.452 -0.52 -0.0158 0 0 0 0 0 0 0 0 0 0 0 0 0 0 0 0 0 0 0 0 0 0 0 0 0 0 0 0 0 0 0 0 0 0 0 0 0 0 0 
DDIPP: VAL THR 0 0 0 0 0 0 0 -0.0256 -0.536 -0.806 -0.364 0 0 0 0 0 0 0 0 0 0 0 0 0 0 0 0 0 0 0 0 0 0 0 0 0 0 0 0 0 0 0 0 0 0 0 0 0 0 0 
DDIPP: VAL VAL 0 0 0 0 0 0 0 -0.287 -1 -1.25 -1.07 -0.258 0 0 0 0 0 0 0 0 0 0 0 0 0 0 0 0 0 0 0 0 0 0 0 0 0 0 0 0 0 0 0 0 0 0 0 0 0 0 
DDIPP: VAL TRP 0 0 0 0 0 0 0 0 -1.16 -1.49 -0.91 0 0 0 0 0 0 0 0 0 0 0 0 0 0 0 0 0 0 0 0 0 0 0 0 0 0 0 0 0 0 0 0 0 0 0 0 0 0 0 
DDIPP: VAL TYR 0 0 0 0 0 0 0 -0.4 -1.19 -1.26 -0.548 -0.202 0 0 0 0 0 0 0 0 0 0 0 0 0 0 0 0 0 0 0 0 0 0 0 0 0 0 0 0 0 0 0 0 0 0 0 0 0 0 
DDIPP: TRP ALA 0 0 0 0 0 0 0 -0.226 -1.11 -1.3 -0.339 0 0 0 0 0 0 0 0 0 0 0 0 0 0 0 0 0 0 0 0 0 0 0 0 0 0 0 0 0 0 0 0 0 0 0 0 0 0 0 
DDIPP: TRP CYS 0 0 0 0 0 0 0 0 -1.25 -1.33 -0.326 -0.144 0 0 0 0 0 0 0 0 0 0 0 0 0 0 0 0 0 0 0 0 0 0 0 0 0 0 0 0 0 0 0 0 0 0 0 0 0 0 
DDIPP: TRP ASP 0 0 0 0 0 0 -0.56 -1.17 -1.13 -0.853 0 0 0 0 0 0 0 0 0 0 0 0 0 0 0 0 0 0 0 0 0 0 0 0 0 0 0 0 0 0 0 0 0 0 0 0 0 0 0 0 
DDIPP: TRP GLU 0 0 0 0 0 0 0 -1.32 -1.38 -0.871 -0.376 -0.0839 -0.154 -0.233 -0.313 -0.591 -0.591 -0.543 -0.477 -0.309 -0.306 -0.394 -0.314 -0.35 -0.288 -0.263 -0.26 -0.36 -0.329 -0.298 -0.273 -0.291 -0.27 -0.305 -0.311 -0.305 -0.281 -0.332 -0.297 -0.256 -0.287 -0.282 -0.24 -0.228 -0.253 -0.264 -0.207 -0.246 -0.239 -0.24 
DDIPP: TRP PHE 0 0 0 0 0 0 0 -0.444 -2.15 -1.98 -1.15 -0.078 -0.17 -0.163 -0.187 -0.501 -0.672 -0.653 -0.741 -0.458 -0.314 -0.268 -0.322 -0.143 -0.326 -0.307 -0.335 -0.322 -0.234 -0.312 -0.257 -0.314 -0.352 -0.226 -0.333 -0.272 -0.16 -0.348 -0.297 -0.284 -0.328 -0.268 -0.266 -0.325 -0.304 -0.223 -0.251 -0.246 -0.324 -0.298 
DDIPP: TRP GLY 0 0 0 0 0 0 0 -0.425 -1.27 -1 -0.281 0 0 0 0 0 0 0 0 0 0 0 0 0 0 0 0 0 0 0 0 0 0 0 0 0 0 0 0 0 0 0 0 0 0 0 0 0 0 0 
DDIPP: TRP HIS 0 0 0 0 0 0 0 -0.89 -1.67 -1.65 -0.805 -0.149 0 0 0 0 0 0 0 0 0 0 0 0 0 0 0 0 0 0 0 0 0 0 0 0 0 0 0 0 0 0 0 0 0 0 0 0 0 0 
DDIPP: TRP ILE 0 0 0 0 0 0 0 0 -1.45 -1.62 -0.893 -0.0368 0 0 0 0 0 0 0 0 0 0 0 0 0 0 0 0 0 0 0 0 0 0 0 0 0 0 0 0 0 0 0 0 0 0 0 0 0 0 
DDIPP: TRP LYS 0 0 0 0 0 0 0 -0.76 -1.45 -1.15 -0.617 -0.0562 0 0 0 0 0 0 0 0 0 0 0 0 0 0 0 0 0 0 0 0 0 0 0 0 0 0 0 0 0 0 0 0 0 0 0 0 0 0 
DDIPP: TRP LEU 0 0 0 0 0 0 0 -0.46 -1.49 -1.67 -0.92 -0.28 0 0 0 0 0 0 0 0 0 0 0 0 0 0 0 0 0 0 0 0 0 0 0 0 0 0 0 0 0 0 0 0 0 0 0 0 0 0 
DDIPP: TRP MET 0 0 0 0 0 0 0 -0.876 -1.88 -2.04 -1.06 -0.319 -0.184 -0.0909 -0.0325 -0.537 -0.582 -0.858 -0.635 -0.483 -0.43 -0.166 -0.339 -0.21 -0.422 -0.31 -0.369 -0.42 -0.338 -0.444 -0.419 -0.241 -0.228 -0.181 -0.358 -0.354 -0.331 -0.382 -0.268 -0.272 -0.253 -0.312 -0.27 -0.336 -0.344 -0.259 -0.185 -0.329 -0.227 -0.25 
DDIPP: TRP ASN 0 0 0 0 0 0 0 -1.34 -1.2 -1.05 -0.0517 0 0 0 0 0 0 0 0 0 0 0 0 0 0 0 0 0 0 0 0 0 0 0 0 0 0 0 0 0 0 0 0 0 0 0 0 0 0 0 
DDIPP: TRP PRO 0 0 0 0 0 0 0 -0.825 -1.93 -1.68 -0.691 -0.293 0 0 0 0 0 0 0 0 0 0 0 0 0 0 0 0 0 0 0 0 0 0 0 0 0 0 0 0 0 0 0 0 0 0 0 0 0 0 
DDIPP: TRP GLN 0 0 0 0 0 0 0 -0.927 -1.74 -1.15 -0.23 -0.0723 0 0 0 0 0 0 0 0 0 0 0 0 0 0 0 0 0 0 0 0 0 0 0 0 0 0 0 0 0 0 0 0 0 0 0 0 0 0 
DDIPP: TRP ARG 0 0 0 0 0 0 -0.445 -1.23 -2.07 -1.33 -0.738 -0.265 -0.0218 0 0 0 0 0 0 0 0 0 0 0 0 0 0 0 0 0 0 0 0 0 0 0 0 0 0 0 0 0 0 0 0 0 0 0 0 0 
DDIPP: TRP SER 0 0 0 0 0 0 0 -0.731 -1.33 -1.06 -0.356 0 0 0 0 0 0 0 0 0 0 0 0 0 0 0 0 0 0 0 0 0 0 0 0 0 0 0 0 0 0 0 0 0 0 0 0 0 0 0 
DDIPP: TRP THR 0 0 0 0 0 0 0 -0.863 -0.999 -1.29 -0.577 0 0 0 0 0 0 0 0 0 0 0 0 0 0 0 0 0 0 0 0 0 0 0 0 0 0 0 0 0 0 0 0 0 0 0 0 0 0 0 
DDIPP: TRP VAL 0 0 0 0 0 0 0 0 -1.16 -1.49 -0.91 0 0 0 0 0 0 0 0 0 0 0 0 0 0 0 0 0 0 0 0 0 0 0 0 0 0 0 0 0 0 0 0 0 0 0 0 0 0 0 
DDIPP: TRP TRP 0 0 0 0 0 0 0 -1.28 -2.71 -2.31 -1.23 -0.695 -0.0487 -0.374 -0.278 -0.664 -0.642 -0.836 -0.777 -0.722 -0.52 -0.542 -0.528 -0.229 -0.343 -0.44 -0.625 -0.439 -0.554 -0.511 -0.363 -0.397 -0.236 -0.447 -0.351 -0.287 -0.282 -0.416 -0.271 -0.318 -0.102 -0.208 -0.212 -0.143 -0.103 -0.334 -0.208 -0.0555 -0.298 -0.228 
DDIPP: TRP TYR 0 0 0 0 0 0 0 -0.467 -1.84 -1.79 -0.855 -0.187 0 0 0 0 0 0 0 0 0 0 0 0 0 0 0 0 0 0 0 0 0 0 0 0 0 0 0 0 0 0 0 0 0 0 0 0 0 0 
DDIPP: TYR ALA 0 0 0 0 0 0 0 0 -0.956 -1.03 -0.506 0 0 0 0 0 0 0 0 0 0 0 0 0 0 0 0 0 0 0 0 0 0 0 0 0 0 0 0 0 0 0 0 0 0 0 0 0 0 0 
DDIPP: TYR CYS 0 0 0 0 0 0 0 -0.363 -0.764 -0.773 -0.176 -0.068 0 0 0 0 0 0 0 0 0 0 0 0 0 0 0 0 0 0 0 0 0 0 0 0 0 0 0 0 0 0 0 0 0 0 0 0 0 0 
DDIPP: TYR ASP 0 0 0 0 0 0 -1.56 -0.872 -0.904 -0.392 -0.329 -0.331 -0.0224 -0.0547 -0.175 -0.339 -0.516 -0.464 -0.465 -0.403 -0.244 -0.264 -0.291 -0.286 -0.274 -0.262 -0.231 -0.366 -0.304 -0.309 -0.306 -0.307 -0.237 -0.195 -0.276 -0.193 -0.238 -0.206 -0.198 -0.21 -0.267 -0.21 -0.208 -0.223 -0.196 -0.191 -0.213 -0.21 -0.217 -0.219 
DDIPP: TYR GLU 0 0 0 0 0 0 -1.53 -1.01 -1.14 -0.907 -0.316 -0.145 -0.12 -0.127 -0.207 -0.39 -0.542 -0.602 -0.456 -0.428 -0.287 -0.269 -0.278 -0.234 -0.312 -0.358 -0.291 -0.251 -0.319 -0.252 -0.234 -0.285 -0.214 -0.23 -0.251 -0.259 -0.225 -0.246 -0.221 -0.2 -0.228 -0.199 -0.266 -0.209 -0.216 -0.197 -0.14 -0.177 -0.176 -0.19 
DDIPP: TYR PHE 0 0 0 0 0 0 0 -0.608 -1.89 -1.8 -0.84 0 0 0 0 0 0 0 0 0 0 0 0 0 0 0 0 0 0 0 0 0 0 0 0 0 0 0 0 0 0 0 0 0 0 0 0 0 0 0 
DDIPP: TYR GLY 0 0 0 0 0 0 0 -0.427 -1.15 -0.877 -0.108 0 0 0 0 0 0 0 0 0 0 0 0 0 0 0 0 0 0 0 0 0 0 0 0 0 0 0 0 0 0 0 0 0 0 0 0 0 0 0 
DDIPP: TYR HIS 0 0 0 0 0 0 -0.876 -1.37 -1.9 -1.01 -0.507 -0.172 -0.0429 -0.286 -0.389 -0.421 -0.661 -0.674 -0.469 -0.531 -0.455 -0.301 -0.251 -0.311 -0.373 -0.376 -0.358 -0.28 -0.39 -0.287 -0.269 -0.268 -0.336 -0.362 -0.297 -0.241 -0.196 -0.278 -0.344 -0.256 -0.228 -0.274 -0.242 -0.268 -0.196 -0.186 -0.168 -0.187 -0.184 -0.177 
DDIPP: TYR ILE 0 0 0 0 0 0 0 0 -1.34 -1.49 -0.665 0 0 0 0 0 0 0 0 0 0 0 0 0 0 0 0 0 0 0 0 0 0 0 0 0 0 0 0 0 0 0 0 0 0 0 0 0 0 0 
DDIPP: TYR LYS 0 0 0 0 0 0 -0.285 -1.05 -1.43 -1.1 -0.458 -0.11 -0.0758 -0.121 -0.0918 -0.275 -0.522 -0.522 -0.561 -0.459 -0.314 -0.346 -0.175 -0.227 -0.305 -0.278 -0.304 -0.366 -0.351 -0.305 -0.236 -0.252 -0.255 -0.211 -0.264 -0.201 -0.219 -0.248 -0.232 -0.248 -0.23 -0.245 -0.218 -0.18 -0.201 -0.197 -0.196 -0.163 -0.18 -0.198 
DDIPP: TYR LEU 0 0 0 0 0 0 0 -0.125 -1.39 -1.52 -0.702 -0.147 0 0 0 0 0 0 0 0 0 0 0 0 0 0 0 0 0 0 0 0 0 0 0 0 0 0 0 0 0 0 0 0 0 0 0 0 0 0 
DDIPP: TYR MET 0 0 0 0 0 0 0 -0.686 -1.84 -1.59 -0.795 0 0 0 0 0 0 0 0 0 0 0 0 0 0 0 0 0 0 0 0 0 0 0 0 0 0 0 0 0 0 0 0 0 0 0 0 0 0 0 
DDIPP: TYR ASN 0 0 0 0 0 0 -0.7 -1.18 -1.28 -0.972 -0.164 -0.0942 -0.245 -0.12 -0.243 -0.341 -0.564 -0.534 -0.48 -0.29 -0.255 -0.239 -0.327 -0.339 -0.284 -0.238 -0.354 -0.322 -0.26 -0.343 -0.332 -0.274 -0.232 -0.256 -0.275 -0.273 -0.262 -0.207 -0.251 -0.26 -0.236 -0.22 -0.204 -0.245 -0.207 -0.198 -0.179 -0.203 -0.22 -0.166 
DDIPP: TYR PRO 0 0 0 0 0 0 0 -0.449 -1.86 -1.64 -0.831 -0.178 0 0 0 0 0 0 0 0 0 0 0 0 0 0 0 0 0 0 0 0 0 0 0 0 0 0 0 0 0 0 0 0 0 0 0 0 0 0 
DDIPP: TYR GLN 0 0 0 0 0 0 -0.828 -1.4 -1.59 -1.07 -0.177 -0.293 -0.0229 -0.0871 -0.322 -0.494 -0.605 -0.682 -0.591 -0.455 -0.292 -0.295 -0.352 -0.323 -0.379 -0.29 -0.301 -0.35 -0.414 -0.288 -0.275 -0.309 -0.287 -0.288 -0.235 -0.263 -0.17 -0.23 -0.208 -0.246 -0.251 -0.235 -0.176 -0.224 -0.21 -0.213 -0.191 -0.195 -0.212 -0.186 
DDIPP: TYR ARG 0 0 0 0 0 0 -0.672 -1.57 -1.84 -1.36 -0.55 -0.28 -0.305 -0.186 -0.372 -0.586 -0.653 -0.617 -0.666 -0.502 -0.441 -0.404 -0.426 -0.39 -0.381 -0.339 -0.366 -0.318 -0.292 -0.333 -0.238 -0.273 -0.297 -0.27 -0.285 -0.277 -0.227 -0.225 -0.206 -0.195 -0.19 -0.191 -0.229 -0.171 -0.166 -0.142 -0.169 -0.182 -0.14 -0.182 
DDIPP: TYR SER 0 0 0 0 0 0 -0.347 -0.724 -1.03 -0.823 -0.211 -0.11 -0.0122 0 0 0 0 0 0 0 0 0 0 0 0 0 0 0 0 0 0 0 0 0 0 0 0 0 0 0 0 0 0 0 0 0 0 0 0 0 
DDIPP: TYR THR 0 0 0 0 0 0 -0.445 -0.739 -1.06 -0.998 -0.391 -0.0991 0 0 0 0 0 0 0 0 0 0 0 0 0 0 0 0 0 0 0 0 0 0 0 0 0 0 0 0 0 0 0 0 0 0 0 0 0 0 
DDIPP: TYR VAL 0 0 0 0 0 0 0 -0.4 -1.19 -1.26 -0.548 -0.202 0 0 0 0 0 0 0 0 0 0 0 0 0 0 0 0 0 0 0 0 0 0 0 0 0 0 0 0 0 0 0 0 0 0 0 0 0 0 
DDIPP: TYR TRP 0 0 0 0 0 0 0 -0.467 -1.84 -1.79 -0.855 -0.187 0 0 0 0 0 0 0 0 0 0 0 0 0 0 0 0 0 0 0 0 0 0 0 0 0 0 0 0 0 0 0 0 0 0 0 0 0 0 
DDIPP: TYR TYR 0 0 0 0 0 0 -0.727 -1.11 -2.03 -1.51 -0.858 -0.189 -0.29 -0.126 -0.471 -0.622 -0.733 -0.81 -0.523 -0.523 -0.452 -0.245 -0.399 -0.217 -0.366 -0.338 -0.399 -0.312 -0.381 -0.261 -0.311 -0.302 -0.408 -0.286 -0.234 -0.184 -0.202 -0.235 -0.156 -0.258 -0.249 -0.255 -0.217 -0.218 -0.165 -0.121 -0.138 -0.192 -0.119 -0.0868
