CYS	80.5876	53.4632	32.7167	16.5222	5.6447
PHE	140.327	97.0141	58.4633	30.8599	11.4813
TRP	139.783	95.7225	58.8472	34.5932	16.7000
TYR	114.715	83.5590	55.4932	30.6129	13.0462
VAL	97.1757	70.0387	47.4600	23.4852	6.7890
ILE	114.639	80.0007	52.7692	25.2138	7.4826
LEU	119.660	85.2521	53.9133	26.8737	7.9264
MET	129.116	97.2527	61.7899	33.0345	11.0462
PRO	93.5883	72.4025	52.4517	31.0733	12.6879
ALA	63.7233	50.2040	35.4080	17.7079	5.4786
GLY	38.2406	31.1162	23.6675	13.4167	5.2409
HIS	90.2606	68.5515	48.1864	30.8134	15.0207
SER	47.4140	37.4477	27.2940	14.8161	5.3676
THR	68.9336	53.7049	38.0368	21.7917	8.3253
ASN	36.3179	27.0235	19.6461	10.9162	4.5142
GLN	51.7207	39.2950	29.5571	17.6155	7.2652
ASP	42.4982	31.6222	22.3329	12.6717	5.7759
GLU	59.1001	44.4513	32.7655	19.4574	8.1552
LYS	101.827	81.1598	63.2260	42.9862	23.7354
ARG	71.2101	56.7898	42.5784	26.3296	11.4806
