0	0.000	0.000	0.000	0.000	0.000	0.000	0.000	0.000	0.000	0.000	0.000	0.000	0.000	0.000	0.000	0.000	0.000	0.000	0.000	0.000
25	0.000	0.000	0.000	0.000	0.000	0.000	0.000	0.000	0.000	0.000	0.000	0.000	0.000	0.000	0.000	0.000	0.000	0.000	0.000	0.000
50	0.000	0.000	0.000	0.000	0.000	0.000	0.000	0.000	0.000	0.000	0.000	0.000	0.000	0.000	0.000	0.000	0.000	0.000	0.000	0.000
75	0.000	0.000	0.000	0.000	0.000	0.000	0.000	0.000	0.000	0.000	0.000	0.000	0.000	0.000	0.000	0.000	0.000	0.000	0.000	0.000
100	0.000	0.000	0.000	0.000	0.000	0.000	0.000	0.000	0.000	0.000	0.000	0.000	0.000	0.000	0.000	0.000	0.000	0.000	0.000	0.000
125	0.000	0.000	0.000	0.000	0.000	0.000	0.000	0.000	0.000	0.000	0.000	0.000	0.000	0.000	0.000	0.000	0.000	0.000	0.000	0.000
150	0.000	0.000	0.000	0.000	0.000	0.000	0.000	0.000	0.000	0.000	0.000	0.000	0.000	0.000	0.000	0.000	0.000	0.000	0.000	0.000
175	0.000	0.000	0.000	0.000	0.000	0.000	0.000	0.000	0.000	0.000	0.000	0.000	0.000	0.000	0.000	0.000	0.000	0.000	0.000	0.000
200	0.000	0.000	0.000	0.000	0.000	0.000	0.000	0.000	0.000	0.000	0.000	0.000	0.000	0.000	0.000	0.000	0.000	0.000	0.000	0.000
225	0.000	0.000	0.000	0.000	0.000	0.000	0.000	0.000	0.000	0.000	0.000	0.000	0.000	0.000	0.000	0.000	0.000	0.000	0.000	0.000
250	0.000	0.000	0.000	0.000	0.000	0.000	0.000	0.000	0.000	0.000	0.000	0.000	0.000	0.000	0.000	0.000	0.000	0.000	0.000	0.000
275	0.000	0.000	0.000	0.000	0.000	0.000	0.000	0.000	0.000	0.000	0.000	0.000	0.000	0.000	0.000	0.000	0.000	0.000	0.000	0.000
300	0.000	0.000	0.000	0.000	0.000	0.000	0.000	0.000	0.000	0.000	0.000	0.000	0.000	0.000	0.000	0.000	0.000	0.000	0.000	0.000
325	0.443	0.443	0.443	0.443	0.443	0.127	0.000	0.000	0.000	0.000	0.000	0.000	0.000	0.000	0.000	0.000	0.000	0.000	0.000	0.000
350	0.706	0.706	0.706	0.706	0.706	0.138	0.076	0.000	0.000	0.000	0.000	0.000	0.000	0.000	0.000	0.000	0.000	0.000	0.000	0.000
375	0.929	0.929	0.929	0.929	0.929	0.348	0.182	0.113	0.000	0.000	0.000	0.000	0.000	0.000	0.000	0.000	0.000	0.000	0.000	0.000
400	1.099	1.099	1.099	1.099	1.099	0.849	0.379	0.124	0.023	0.000	0.000	0.000	0.000	0.000	0.000	0.000	0.000	0.000	0.000	0.000
425	1.686	1.686	1.686	1.686	1.686	0.937	0.579	0.418	0.243	0.017	0.000	0.000	0.000	0.000	0.000	0.000	0.000	0.000	0.000	0.000
450	2.315	2.315	2.315	2.315	2.315	1.376	1.084	0.789	0.534	0.169	0.174	0.080	0.009	0.000	0.000	0.000	0.000	0.000	0.000	0.000
475	2.092	2.092	2.092	2.092	2.092	1.713	1.372	1.079	0.628	0.472	0.320	0.145	0.066	0.063	0.000	0.000	0.000	0.000	0.000	0.000
500	2.785	2.785	2.785	2.785	2.785	2.378	1.883	1.340	1.160	0.732	0.617	0.415	0.118	0.184	0.039	0.000	0.000	0.008	0.000	0.053
525	4.394	4.394	4.394	4.394	4.394	2.133	2.261	1.960	1.470	1.055	0.910	0.571	0.362	0.330	0.165	0.100	0.071	0.018	0.005	0.049
550	25.000	25.000	25.000	25.000	25.000	3.071	2.346	2.072	1.769	1.359	1.211	0.897	0.595	0.580	0.295	0.216	0.147	0.098	0.101	0.035
575	25.000	25.000	25.000	25.000	25.000	3.476	3.387	2.531	2.103	1.741	1.660	1.154	0.911	0.815	0.466	0.354	0.279	0.152	0.149	0.087
600	25.000	25.000	25.000	25.000	25.000	3.659	3.569	3.070	2.430	2.302	1.912	1.493	1.171	1.032	0.836	0.539	0.532	0.328	0.344	0.250
625	25.000	25.000	25.000	25.000	25.000	25.000	4.773	3.267	2.920	2.552	2.503	2.038	1.572	1.443	1.039	0.725	0.694	0.490	0.515	0.322
650	25.000	25.000	25.000	25.000	25.000	25.000	4.262	4.323	3.201	2.918	2.963	2.204	1.828	1.803	1.370	0.987	0.902	0.796	0.646	0.579
675	25.000	25.000	25.000	25.000	25.000	25.000	5.872	4.323	4.414	3.059	3.196	2.747	2.297	2.126	1.789	1.340	1.161	0.961	0.831	0.766
700	25.000	25.000	25.000	25.000	25.000	25.000	5.872	4.205	3.922	3.697	3.433	3.004	2.591	2.640	2.046	1.574	1.610	1.375	1.004	0.985
725	25.000	25.000	25.000	25.000	25.000	25.000	5.872	5.016	3.979	3.851	3.743	3.633	2.947	3.209	2.482	1.927	1.903	1.469	1.407	1.284
750	25.000	25.000	25.000	25.000	25.000	25.000	25.000	5.016	4.733	3.894	3.907	3.989	3.242	3.163	2.670	2.271	2.343	1.949	1.825	1.550
775	25.000	25.000	25.000	25.000	25.000	25.000	25.000	6.402	5.203	4.464	4.467	4.549	4.057	3.812	3.309	2.766	2.687	2.175	1.953	1.780
800	25.000	25.000	25.000	25.000	25.000	25.000	25.000	6.402	6.812	4.390	4.675	4.488	4.357	4.323	3.670	3.039	2.978	2.532	2.426	2.287
825	25.000	25.000	25.000	25.000	25.000	25.000	25.000	6.402	5.714	4.390	5.042	4.924	4.955	4.534	4.156	3.504	3.686	3.092	2.914	2.498
850	25.000	25.000	25.000	25.000	25.000	25.000	25.000	6.402	6.812	4.390	5.294	5.935	5.156	5.170	4.695	3.921	4.106	3.425	3.068	2.849
875	25.000	25.000	25.000	25.000	25.000	25.000	25.000	25.000	6.812	5.643	5.448	5.935	5.407	5.576	4.338	4.343	4.063	3.720	3.401	3.171
900	25.000	25.000	25.000	25.000	25.000	25.000	25.000	25.000	6.812	7.029	6.546	5.530	5.561	5.758	5.137	5.091	4.938	4.788	4.027	3.787
925	25.000	25.000	25.000	25.000	25.000	25.000	25.000	25.000	25.000	7.029	7.239	6.628	5.967	5.981	5.137	5.678	4.843	4.883	4.860	4.193
950	25.000	25.000	25.000	25.000	25.000	25.000	25.000	25.000	25.000	25.000	7.239	6.628	5.967	6.674	6.641	5.496	7.241	6.087	5.217	4.685
975	25.000	25.000	25.000	25.000	25.000	25.000	25.000	25.000	25.000	25.000	7.239	6.628	6.660	6.674	5.948	5.902	7.241	6.493	5.217	4.781
1000	25.000	25.000	25.000	25.000	25.000	25.000	25.000	25.000	25.000	25.000	25.000	7.322	6.660	6.674	5.948	5.902	7.241	6.493	6.064	4.886
1025	25.000	25.000	25.000	25.000	25.000	25.000	25.000	25.000	25.000	25.000	25.000	25.000	25.000	7.368	7.334	6.595	6.548	6.493	7.163	6.390
1050	25.000	25.000	25.000	25.000	25.000	25.000	25.000	25.000	25.000	25.000	25.000	25.000	25.000	25.000	7.334	6.595	6.548	6.493	6.470	25.000
1075	25.000	25.000	25.000	25.000	25.000	25.000	25.000	25.000	25.000	25.000	25.000	25.000	25.000	25.000	7.334	7.288	7.241	6.493	25.000	25.000
1100	25.000	25.000	25.000	25.000	25.000	25.000	25.000	25.000	25.000	25.000	25.000	25.000	25.000	25.000	25.000	25.000	25.000	25.000	25.000	25.000
1125	25.000	25.000	25.000	25.000	25.000	25.000	25.000	25.000	25.000	25.000	25.000	25.000	25.000	25.000	25.000	25.000	25.000	25.000	25.000	25.000
1150	25.000	25.000	25.000	25.000	25.000	25.000	25.000	25.000	25.000	25.000	25.000	25.000	25.000	25.000	25.000	25.000	25.000	25.000	25.000	25.000
1175	25.000	25.000	25.000	25.000	25.000	25.000	25.000	25.000	25.000	25.000	25.000	25.000	25.000	25.000	25.000	25.000	25.000	25.000	25.000	25.000
1200	25.000	25.000	25.000	25.000	25.000	25.000	25.000	25.000	25.000	25.000	25.000	25.000	25.000	25.000	25.000	25.000	25.000	25.000	25.000	25.000