main LL1, LL2, LL3a, LL3b, LL3 =   16   16   5   5   10
  i =            1 real,complex  -2.6007472931145625        0.0000000000000000       2.03140041950544990E-004
  i =            2 real,complex   3.3698468312845344        0.0000000000000000       6.85159754540918924E-003
  i =            3 real,complex   2.7991621720300666        0.0000000000000000       0.18300749629988244     
  i =            4 real,complex  -3.4375137701325329        0.0000000000000000       0.26266540392679322     
  i =            5 real,complex -0.71222203984039323       0.80552718292836001       0.69568647786500515     
  i =            6 real,complex -0.74211261772604487      -0.83933359673398367       0.72488309027997433     
  i =            7 real,complex  -1.0074151383831211       0.40994862101636986       0.98652326191347928     
  i =            8 real,complex -0.98142701353681894      -0.39937324296453530       0.96107408141422923     
  i =            9 real,complex  0.28228515442589558        1.2552868643014112        1.2396066929736258     
  i =           10 real,complex  0.25344882812111602       -1.1270553187965930        1.1129769268391834     
  i =           11 real,complex  0.26580692815112000        1.1028911135602710        1.2794431989144976     
  i =           12 real,complex  0.23036203913282319      -0.95582251233410354        1.1088316858656120     
  i =           13 real,complex -6.36346012011838880E-002  1.97762472448926273E-002  0.92354496440025624     
  i =           14 real,complex -6.50223776521795110E-002 -2.02075379216230464E-002  0.94368611290809712     
  i =           15 real,complex  0.19213127774106817        0.0000000000000000        1.0107530017821302     
  i =           16 real,complex  0.17439251432688158        0.0000000000000000       0.97790570696278079     
 using eig
           1   4.2520268311918477        2.0837083150502012       -12802.730904957289     
           2   1.0579540380995902        1.4269540112301953       -13.087044272836911     
           3  -4.4356091125969721       -1.3627033428648065       0.17833264811237978     
           4 -0.98528994838634509       -1.2959197863846943       0.19008726899876419     
           5   7.3855010599005340       -1.7098334175797396        15.295341604167199     
           6  0.98969121577947794       -2.4073667805025467        491.83373789116524     
           1
           4   2.5459037838817626     
           5   2.1274691282450129     
          19  -3.0667540552705219     
          20   3.0433988228070783     
          34  -2.6956368657325323     
          35   1.5748272289186565     
           2
           4   2.5160633727243895     
           5   2.4999858445165302     
          19  -2.2462163749554489     
          20   2.2005087377221866     
          34  -1.4111642773138395     
          35   1.4687622724315417     
           3
           4 -0.65290620033069124     
           5   2.6845216651961215     
          19 -0.80504811657311837     
          20   2.0180006574906737     
          34  0.38747421515297092     
          35   3.0904510657979962     
           4
           4 -0.67137060864223619     
           5   2.7413434324469002     
          19  -1.8687143351344722     
          20   3.0747091868382328     
          34 -0.85206036445108468     
          35  -2.9281025345225546     
           5
           4  -2.9856515087335347     
           5 -2.32059164164077243E-002
          19  -3.1138778328416397     
          20  -3.1294772474733339     
          34   1.2642230176072540     
          35   2.9576279881854464     
           6
           4  -3.0077236055027572     
           5  0.28445453586951536     
          19  -2.0410619075639307     
          20   2.0248741767649894     
          34   2.6908061783657433     
          35   3.0628533949402161     
