switch:torsion
repeat %%nrepeats%%
reference -0.0694581 -0.107407 -1.71722 -1.76014 1.59217 -0.657874 0.583098 1.0094 -0.581774 0.667928 0.120277 -1.36438 0.0863149 -1.48837 -0.19556 -0.357817 -0.21786 0.610444 2.86693 0.981296
coord_cst_weight 1.0
scale:fa_rep 0.059
repack
scale:fa_rep 0.092
min 0.01
reference 0.250942 0.108993 -1.46882 -1.63974 0.92057 -0.265474 0.463498 0.937803 -0.389374 0.612328 0.152677 -1.09198 -0.017285 -1.27997 -0.13916 -0.053417 0.0145399 0.738844 1.65133 0.493696 
coord_cst_weight 0.5
scale:fa_rep 0.280
repack
scale:fa_rep 0.323
min 0.01
reference 0.437342 0.263393 -1.39442 -1.59734 0.64297 -0.0470741 0.425898 0.868203 -0.330974 0.590728 0.179077 -1.00158 -0.102885 -1.22157 -0.12876 0.0689829 0.10494 0.749244 1.22973 0.264096 
coord_cst_weight 0.0
scale:fa_rep 0.568
repack
scale:fa_rep 0.633
min 0.01
reset_reference
coord_cst_weight 0.0
scale:fa_rep 1
repack
min 0.00001
accept_to_best
endrepeat

switch:cartesian
repeat 1
reference -0.0694581 -0.107407 -1.71722 -1.76014 1.59217 -0.657874 0.583098 1.0094 -0.581774 0.667928 0.120277 -1.36438 0.0863149 -1.48837 -0.19556 -0.357817 -0.21786 0.610444 2.86693 0.981296
coord_cst_weight 1.0
scale:fa_rep 0.059
repack
scale:fa_rep 0.092
min 0.01
reference 0.250942 0.108993 -1.46882 -1.63974 0.92057 -0.265474 0.463498 0.937803 -0.389374 0.612328 0.152677 -1.09198 -0.017285 -1.27997 -0.13916 -0.053417 0.0145399 0.738844 1.65133 0.493696 
coord_cst_weight 0.5
scale:fa_rep 0.280
repack
scale:fa_rep 0.323
min 0.01
reference 0.437342 0.263393 -1.39442 -1.59734 0.64297 -0.0470741 0.425898 0.868203 -0.330974 0.590728 0.179077 -1.00158 -0.102885 -1.22157 -0.12876 0.0689829 0.10494 0.749244 1.22973 0.264096 
coord_cst_weight 0.0
scale:fa_rep 0.568
repack
scale:fa_rep 0.633
min 0.01
reset_reference
coord_cst_weight 0.0
scale:fa_rep 1
repack
min 0.00001
accept_to_best
endrepeat
