repeat %%nrepeats%%
reference -0.0872579 -0.207207 -2.15102 -2.23194 2.07837 -0.897674 0.657298 1.3496 -0.699574 0.910128 0.248477 -1.74218 0.118515 -1.92817 -0.39536 -0.495617 -0.33966 0.818644 3.70313 1.2915 
coord_cst_weight 1.0
scale:fa_rep 0.059
repack
scale:fa_rep 0.092
min 0.01
reference 0.354242 0.134293 -1.85952 -2.11044 1.20987 -0.316174 0.498798 1.2511 -0.488074 0.811628 0.239977 -1.40068 0.0400151 -1.68667 -0.27386 -0.124117 -0.0081599 0.970144 2.11463 0.642996 
coord_cst_weight 0.5
scale:fa_rep 0.280
repack
scale:fa_rep 0.323
min 0.01
reference 0.554742 0.294793 -1.72902 -2.01994 0.88037 -0.0256739 0.449298 1.1816 -0.397574 0.762128 0.230477 -1.29018 -0.109485 -1.57617 -0.28336 0.0263831 0.10234 1.00064 1.58513 0.363496 
coord_cst_weight 0.0
scale:fa_rep 0.568
repack
scale:fa_rep 0.633
min 0.01
reset_reference
coord_cst_weight 0.0
scale:fa_rep 1
repack
min 0.00001
accept_to_best
endrepeat
