switch:torsion
repeat %%nrepeats%%
reference 0.3     3.1     -2.6     -2.55    4.8     -0.5    0.7      4.5     -1.6     4.0     3.9     -1.7     -2.0     -1.5     -1.0     -2.0    -2.0     4.0     9.0     3.7
ramp_repack_min 0.02  0.01     1.0
reference 2.2619  4.8148  -1.6204  -1.6058  2.7602  1.0350  1.3406   2.5006  -0.6895  1.9223  2.3633  -0.3009  -4.2787   0.1077   0.0423  -0.4390 -0.7333  3.2371  4.7077  2.3379
ramp_repack_min 0.250 0.01     1.0
reference 2.2619  4.5648  -1.6204  -1.6158  2.5602  1.1350  1.2406   2.3006  -0.7895  1.7223  2.1633  -0.3009  -4.3787   0.1077   0.0423  -0.4390 -0.7333  3.1371  4.4077  2.1379
ramp_repack_min 0.550 0.01     1.0
reference 2.2619  4.3148  -1.6204  -1.6358  1.9602  1.4350  0.8406   1.8006  -0.8895  1.3223  1.4633  -0.3009  -4.6787  -0.1077  -0.1423  -0.5390 -0.9333  2.7371  3.7077  1.7379
ramp_repack_min 1     0.00001  1.0
accept_to_best
endrepeat

switch:cartesian
repeat 1
reference 0.3     3.1     -2.6     -2.55    4.8     -0.5    0.7      4.5     -1.6     4.0     3.9     -1.7     -2.0     -1.5     -1.0     -2.0    -2.0     4.0     9.0     3.7
ramp_repack_min 0.02  0.01     1.0
reference 2.2619  4.8148  -1.6204  -1.6058  2.7602  1.0350  1.3406   2.5006  -0.6895  1.9223  2.3633  -0.3009  -4.2787   0.1077   0.0423  -0.4390 -0.7333  3.2371  4.7077  2.3379
ramp_repack_min 0.250 0.01     1.0
reference 2.2619  4.5648  -1.6204  -1.6158  2.5602  1.1350  1.2406   2.3006  -0.7895  1.7223  2.1633  -0.3009  -4.3787   0.1077   0.0423  -0.4390 -0.7333  3.1371  4.4077  2.1379
ramp_repack_min 0.550 0.01     1.0
reference 2.2619  4.3148  -1.6204  -1.6358  1.9602  1.4350  0.8406   1.8006  -0.8895  1.3223  1.4633  -0.3009  -4.6787  -0.1077  -0.1423  -0.5390 -0.9333  2.7371  3.7077  1.7379
ramp_repack_min 1     0.00001  1.0
accept_to_best
endrepeat
