repeat %%nrepeats%%
reference -0.030601 1.7496 -3.2816 -3.8148 3.5702 -1.01303 -1.25461 2.80287 -2.0207 2.20072 1.91916 -2.36687 -3.2419 -2.34838 -1.9888 -1.43834 0.182599 2.4642 5.3406 2.5697
coord_cst_weight 1.0
scale:fa_rep 0.059
repack
scale:fa_rep 0.092
min 0.01
reference 0.898899 2.3791 -2.7721 -3.3053 2.0897 -0.603531 -1.02511 2.42237 -1.6712 1.75022 1.32866 -1.77737 -3.1324 -1.90888 -1.5093 -0.728841 0.732099 2.4537 2.9801 1.3992
coord_cst_weight 0.5
scale:fa_rep 0.280
repack
scale:fa_rep 0.323
min 0.01
reference 1.3194 2.5296 -2.5416 -3.0748 1.5502 0.006969 -0.984611 2.14287 -1.5607 1.48072 1.05916 -1.51687 -3.1719 -1.77838 -1.3788 -0.388341 0.892599 2.3542 2.1206 0.939699
coord_cst_weight 0.0
scale:fa_rep 0.568
repack
scale:fa_rep 0.633
min 0.01
reset_reference
coord_cst_weight 0.0
scale:fa_rep 1
repack
min 0.00001
accept_to_best
endrepeat
