 3.46  3.33  3.05  2.54  1.89  1.30  0.90  0.65  0.48  0.35  0.27  0.23  0.21  0.21  0.18  0.16  0.11  0.06  0.00  0.00  0.00  0.00  0.00  0.00  0.00  0.00  0.00  0.00  0.00  0.00  0.00  0.00  0.00  0.00  0.00  0.00  0.00  0.00  0.00  0.00
 2.60  2.54  2.47  2.39  2.29  2.22  2.18  2.11  1.97  1.76  1.55  1.37  1.20  1.01  0.81  0.60  0.40  0.19  0.00  0.00  0.00  0.00  0.00  0.00  0.00  0.00  0.00  0.00  0.00  0.00  0.00  0.00  0.00  0.00  0.00  0.00  0.00  0.00  0.00  0.00
 0.00  0.00  0.00  0.00  0.00  0.00  0.00  0.00  0.00  0.00  0.00  0.00  0.00  0.00  0.00  0.00  0.00  0.00  0.13  0.27  0.41  0.54  0.66  0.79  0.91  1.02  1.09  1.13  1.16  1.18  1.20  1.24  1.29  1.35  1.41  1.46  1.49  1.50  1.47  1.43
 0.00  0.00  0.00  0.00  0.00  0.00  0.00  0.00  0.00  0.00  0.00  0.00  0.00  0.00  0.00  0.00  0.07  0.23  0.40  0.57  0.74  0.91  1.06  1.19  1.32  1.42  1.53  1.62  1.68  1.71  1.74  1.78  1.82  1.85  1.88  1.89  1.88  1.87  1.86  1.88
 0.37  0.36  0.36  0.38  0.45  0.56  0.72  0.88  1.00  1.05  1.04  0.97  0.87  0.74  0.59  0.45  0.31  0.19  0.08  0.00  0.00  0.00  0.00  0.00  0.00  0.00  0.00  0.00  0.00  0.00  0.00  0.00  0.00  0.00  0.00  0.00  0.00  0.00  0.00  0.00
 2.37  2.32  2.26  2.10  1.78  1.32  0.86  0.49  0.26  0.11  0.00  0.00  0.00  0.00  0.00  0.00  0.00  0.00  0.00  0.00  0.00  0.00  0.02  0.06  0.09  0.09  0.08  0.05  0.00  0.00  0.00  0.00  0.00  0.00  0.00  0.00  0.00  0.00  0.00  0.00
 0.00  0.00  0.00  0.00  0.00  0.00  0.00  0.00  0.00  0.00  0.00  0.00  0.00  0.00  0.00  0.00  0.00  0.00  0.00  0.00  0.01  0.09  0.18  0.25  0.31  0.34  0.35  0.35  0.34  0.34  0.35  0.36  0.37  0.36  0.34  0.33  0.30  0.26  0.22  0.18
 1.39  1.37  1.35  1.33  1.32  1.32  1.32  1.31  1.28  1.23  1.15  1.07  0.97  0.86  0.74  0.61  0.48  0.35  0.21  0.07  0.00  0.00  0.00  0.00  0.00  0.00  0.00  0.00  0.00  0.00  0.00  0.00  0.00  0.00  0.00  0.00  0.00  0.00  0.00  0.00
 0.00  0.00  0.00  0.00  0.00  0.00  0.00  0.00  0.00  0.00  0.00  0.00  0.00  0.00  0.00  0.03  0.22  0.43  0.66  0.89  1.12  1.33  1.52  1.71  1.87  2.00  2.08  2.14  2.18  2.21  2.22  2.23  2.27  2.32  2.41  2.49  2.56  2.60  2.61  2.61
 2.77  2.62  2.40  2.11  1.83  1.62  1.48  1.38  1.29  1.19  1.10  0.99  0.85  0.68  0.50  0.32  0.15  0.00  0.00  0.00  0.00  0.00  0.00  0.00  0.00  0.00  0.00  0.00  0.00  0.00  0.00  0.00  0.00  0.08  0.23  0.36  0.47  0.55  0.60  0.62
 0.99  0.98  0.96  0.95  0.94  0.92  0.91  0.89  0.87  0.85  0.82  0.77  0.70  0.61  0.51  0.40  0.30  0.20  0.11  0.02  0.00  0.00  0.00  0.00  0.00  0.00  0.00  0.00  0.00  0.00  0.00  0.00  0.00  0.00  0.00  0.00  0.00  0.00  0.00  0.00
 0.00  0.00  0.00  0.00  0.00  0.00  0.00  0.00  0.00  0.00  0.00  0.00  0.00  0.00  0.00  0.00  0.00  0.00  0.00  0.08  0.17  0.27  0.38  0.49  0.58  0.65  0.71  0.75  0.76  0.74  0.74  0.75  0.79  0.81  0.84  0.86  0.89  0.89  0.86  0.83
 0.06  0.04  0.02  0.00  0.00  0.00  0.00  0.00  0.00  0.00  0.00  0.00  0.00  0.00  0.00  0.00  0.00  0.00  0.00  0.03  0.08  0.15  0.22  0.30  0.37  0.42  0.46  0.50  0.55  0.59  0.61  0.61  0.61  0.61  0.62  0.63  0.63  0.64  0.64  0.64
 0.00  0.00  0.00  0.00  0.00  0.00  0.00  0.00  0.00  0.00  0.00  0.00  0.00  0.00  0.00  0.00  0.00  0.00  0.04  0.18  0.32  0.47  0.60  0.72  0.82  0.90  0.96  1.00  1.02  1.01  0.96  0.88  0.79  0.71  0.66  0.63  0.60  0.55  0.48  0.41
 0.00  0.00  0.00  0.00  0.00  0.00  0.00  0.00  0.00  0.00  0.00  0.00  0.00  0.00  0.00  0.00  0.00  0.00  0.10  0.25  0.41  0.58  0.76  0.94  1.14  1.34  1.52  1.66  1.75  1.82  1.92  2.05  2.14  2.21  2.17  2.11  1.95  1.84  1.77  1.77
 1.44  1.28  1.08  0.86  0.66  0.48  0.32  0.14  0.00  0.00  0.00  0.00  0.00  0.00  0.00  0.00  0.00  0.00  0.00  0.00  0.01  0.06  0.11  0.17  0.21  0.25  0.28  0.30  0.29  0.29  0.26  0.22  0.16  0.09  0.03  0.00  0.00  0.00  0.00  0.00
 1.36  1.32  1.26  1.18  1.06  0.92  0.75  0.55  0.34  0.15  0.01  0.00  0.00  0.00  0.00  0.00  0.00  0.00  0.00  0.00  0.00  0.00  0.06  0.11  0.16  0.19  0.21  0.23  0.25  0.25  0.24  0.21  0.17  0.13  0.08  0.03  0.00  0.00  0.00  0.00
 2.92  2.80  2.64  2.39  2.11  1.85  1.69  1.55  1.41  1.23  1.05  0.87  0.71  0.55  0.39  0.23  0.08  0.00  0.00  0.00  0.00  0.00  0.00  0.00  0.00  0.00  0.00  0.00  0.00  0.00  0.00  0.00  0.00  0.00  0.00  0.00  0.00  0.00  0.00  0.00
 0.67  0.69  0.71  0.73  0.78  0.85  0.93  0.98  1.01  1.00  0.93  0.81  0.64  0.45  0.24  0.07  0.00  0.00  0.00  0.00  0.00  0.00  0.00  0.00  0.00  0.00  0.00  0.00  0.00  0.00  0.08  0.22  0.30  0.34  0.36  0.37  0.39  0.41  0.42  0.43
 0.01  0.01  0.04  0.11  0.23  0.38  0.51  0.60  0.64  0.62  0.55  0.43  0.29  0.14  0.00  0.00  0.00  0.00  0.00  0.00  0.00  0.00  0.00  0.00  0.00  0.00  0.00  0.00  0.03  0.08  0.12  0.17  0.24  0.32  0.39  0.42  0.41  0.40  0.39  0.38
