#Generic MM-derived Ramachandran table for sarcosine (N-methyl glycine).  Data created
#by Tim Craven (twcraven@uw.edu) on 6 December 2016.
#Resname	phi	psi	probability	-log(prob)
GENERIC_NMETHYLGLYCINE_AA	-180 	-180 	1.26629486795e-26 	59.6311172082
GENERIC_NMETHYLGLYCINE_AA	-170 	-180 	1.3456811454e-25 	57.2677270122
GENERIC_NMETHYLGLYCINE_AA	-160 	-180 	2.9562671842e-24 	54.1781148458
GENERIC_NMETHYLGLYCINE_AA	-150 	-180 	1.5253479943e-20 	45.6294792829
GENERIC_NMETHYLGLYCINE_AA	-140 	-180 	6.02916857831e-15 	32.7421672746
GENERIC_NMETHYLGLYCINE_AA	-130 	-180 	1.71666686086e-09 	20.1828812978
GENERIC_NMETHYLGLYCINE_AA	-120 	-180 	4.67485827284e-05 	9.97072661866
GENERIC_NMETHYLGLYCINE_AA	-110 	-180 	0.000892143425088 	7.02188364785
GENERIC_NMETHYLGLYCINE_AA	-100 	-180 	0.00199241423041 	6.21840819444
GENERIC_NMETHYLGLYCINE_AA	-90 	-180 	0.00247104913329 	6.0031124682
GENERIC_NMETHYLGLYCINE_AA	-80 	-180 	0.00242030804057 	6.02386045742
GENERIC_NMETHYLGLYCINE_AA	-70 	-180 	0.00194228936144 	6.24388791844
GENERIC_NMETHYLGLYCINE_AA	-60 	-180 	0.00110161805374 	6.81097522203
GENERIC_NMETHYLGLYCINE_AA	-50 	-180 	0.000243321835216 	8.32112556614
GENERIC_NMETHYLGLYCINE_AA	-40 	-180 	2.07102431032e-06 	13.0874672372
GENERIC_NMETHYLGLYCINE_AA	-30 	-180 	1.16237988116e-13 	29.7831366838
GENERIC_NMETHYLGLYCINE_AA	-20 	-180 	7.05095102557e-23 	51.0062946339
GENERIC_NMETHYLGLYCINE_AA	-10 	-180 	8.96469495824e-29 	64.5816736162
GENERIC_NMETHYLGLYCINE_AA	0 	-180 	8.10122242862e-31 	69.2881229154
GENERIC_NMETHYLGLYCINE_AA	10 	-180 	8.95636871473e-29 	64.5826028294
GENERIC_NMETHYLGLYCINE_AA	20 	-180 	7.03796681553e-23 	51.008137815
GENERIC_NMETHYLGLYCINE_AA	30 	-180 	1.1594921619e-13 	29.7856240911
GENERIC_NMETHYLGLYCINE_AA	40 	-180 	2.0656440198e-06 	13.0900685062
GENERIC_NMETHYLGLYCINE_AA	50 	-180 	0.000242852693828 	8.32305549668
GENERIC_NMETHYLGLYCINE_AA	60 	-180 	0.00110082582575 	6.81169463017
GENERIC_NMETHYLGLYCINE_AA	70 	-180 	0.00194328282916 	6.24337655605
GENERIC_NMETHYLGLYCINE_AA	80 	-180 	0.00242450350759 	6.02212851469
GENERIC_NMETHYLGLYCINE_AA	90 	-180 	0.00248158786764 	5.99885665448
GENERIC_NMETHYLGLYCINE_AA	100 	-180 	0.00202087030933 	6.20422701415
GENERIC_NMETHYLGLYCINE_AA	110 	-180 	0.000941870816534 	6.96764243023
GENERIC_NMETHYLGLYCINE_AA	120 	-180 	5.6277542162e-05 	9.78521499828
GENERIC_NMETHYLGLYCINE_AA	130 	-180 	1.94421083722e-09 	20.0584096814
GENERIC_NMETHYLGLYCINE_AA	140 	-180 	3.97203304267e-15 	33.1594983299
GENERIC_NMETHYLGLYCINE_AA	150 	-180 	6.00053192763e-21 	46.562438833
GENERIC_NMETHYLGLYCINE_AA	160 	-180 	7.98922619022e-25 	55.486533417
GENERIC_NMETHYLGLYCINE_AA	170 	-180 	4.44663280525e-26 	58.3750652811
GENERIC_NMETHYLGLYCINE_AA	-180 	-170 	2.39454758326e-25 	56.6914330123
GENERIC_NMETHYLGLYCINE_AA	-170 	-170 	1.50247671023e-24 	54.8549273452
GENERIC_NMETHYLGLYCINE_AA	-160 	-170 	2.20504774299e-22 	49.8661228851
GENERIC_NMETHYLGLYCINE_AA	-150 	-170 	1.39345318809e-17 	38.8121616066
GENERIC_NMETHYLGLYCINE_AA	-140 	-170 	2.75559693577e-12 	26.6173870232
GENERIC_NMETHYLGLYCINE_AA	-130 	-170 	7.42350738576e-07 	14.113444012
GENERIC_NMETHYLGLYCINE_AA	-120 	-170 	0.000274611813239 	8.20015204575
GENERIC_NMETHYLGLYCINE_AA	-110 	-170 	0.00138433629954 	6.58253446031
GENERIC_NMETHYLGLYCINE_AA	-100 	-170 	0.00225498654704 	6.09461127188
GENERIC_NMETHYLGLYCINE_AA	-90 	-170 	0.0025570268059 	5.96891009939
GENERIC_NMETHYLGLYCINE_AA	-80 	-170 	0.00238733273609 	6.03757854625
GENERIC_NMETHYLGLYCINE_AA	-70 	-170 	0.00178860032493 	6.32632190638
GENERIC_NMETHYLGLYCINE_AA	-60 	-170 	0.000832107413341 	7.0915490229
GENERIC_NMETHYLGLYCINE_AA	-50 	-170 	8.8592008998e-05 	9.33146889632
GENERIC_NMETHYLGLYCINE_AA	-40 	-170 	4.18538454842e-08 	16.9890821569
GENERIC_NMETHYLGLYCINE_AA	-30 	-170 	2.76667238664e-17 	38.1263012873
GENERIC_NMETHYLGLYCINE_AA	-20 	-170 	4.43536432639e-25 	56.0750175645
GENERIC_NMETHYLGLYCINE_AA	-10 	-170 	2.1356072412e-29 	66.0162166685
GENERIC_NMETHYLGLYCINE_AA	0 	-170 	8.67125619442e-30 	66.9175391197
GENERIC_NMETHYLGLYCINE_AA	10 	-170 	3.8321098336e-26 	58.5237968959
GENERIC_NMETHYLGLYCINE_AA	20 	-170 	8.62964175924e-19 	41.5939137737
GENERIC_NMETHYLGLYCINE_AA	30 	-170 	3.29571188712e-09 	19.5306436416
GENERIC_NMETHYLGLYCINE_AA	40 	-170 	3.16625871262e-05 	10.3603747909
GENERIC_NMETHYLGLYCINE_AA	50 	-170 	0.000511941389198 	7.5773004137
GENERIC_NMETHYLGLYCINE_AA	60 	-170 	0.00139988569244 	6.57136469395
GENERIC_NMETHYLGLYCINE_AA	70 	-170 	0.00212759141177 	6.15276473169
GENERIC_NMETHYLGLYCINE_AA	80 	-170 	0.00249697108109 	5.99267684921
GENERIC_NMETHYLGLYCINE_AA	90 	-170 	0.00242490307952 	6.0219637226
GENERIC_NMETHYLGLYCINE_AA	100 	-170 	0.00175268437812 	6.34660673596
GENERIC_NMETHYLGLYCINE_AA	110 	-170 	0.000518958747996 	7.56368616159
GENERIC_NMETHYLGLYCINE_AA	120 	-170 	4.44906307713e-06 	12.3228170284
GENERIC_NMETHYLGLYCINE_AA	130 	-170 	1.72987806923e-11 	24.7803850971
GENERIC_NMETHYLGLYCINE_AA	140 	-170 	5.32238472389e-17 	37.4720251216
GENERIC_NMETHYLGLYCINE_AA	150 	-170 	2.84682662571e-22 	49.6106671366
GENERIC_NMETHYLGLYCINE_AA	160 	-170 	6.36868383976e-25 	55.7132344952
GENERIC_NMETHYLGLYCINE_AA	170 	-170 	1.98385117409e-25 	56.8795873319
GENERIC_NMETHYLGLYCINE_AA	-180 	-160 	9.56049037246e-23 	50.7018181189
GENERIC_NMETHYLGLYCINE_AA	-170 	-160 	5.87793534201e-22 	48.8856664779
GENERIC_NMETHYLGLYCINE_AA	-160 	-160 	9.92805591595e-19 	41.4537520869
GENERIC_NMETHYLGLYCINE_AA	-150 	-160 	4.76680431559e-14 	30.6745151763
GENERIC_NMETHYLGLYCINE_AA	-140 	-160 	4.37693578526e-09 	19.2469169498
GENERIC_NMETHYLGLYCINE_AA	-130 	-160 	4.26716501459e-05 	10.0619757892
GENERIC_NMETHYLGLYCINE_AA	-120 	-160 	0.000743295057318 	7.2044174759
GENERIC_NMETHYLGLYCINE_AA	-110 	-160 	0.00182850247256 	6.30425796814
GENERIC_NMETHYLGLYCINE_AA	-100 	-160 	0.00249245432333 	5.99448738194
GENERIC_NMETHYLGLYCINE_AA	-90 	-160 	0.00267101747223 	5.92529580342
GENERIC_NMETHYLGLYCINE_AA	-80 	-160 	0.00240359838545 	6.03078833723
GENERIC_NMETHYLGLYCINE_AA	-70 	-160 	0.0016848375724 	6.38608611603
GENERIC_NMETHYLGLYCINE_AA	-60 	-160 	0.000628989863401 	7.37139541681
GENERIC_NMETHYLGLYCINE_AA	-50 	-160 	2.91480520413e-05 	10.4431224727
GENERIC_NMETHYLGLYCINE_AA	-40 	-160 	7.33205805289e-10 	21.0335946823
GENERIC_NMETHYLGLYCINE_AA	-30 	-160 	5.50241146307e-19 	42.0439303229
GENERIC_NMETHYLGLYCINE_AA	-20 	-160 	2.77922338125e-25 	56.5424557954
GENERIC_NMETHYLGLYCINE_AA	-10 	-160 	5.26470944071e-28 	62.8113566467
GENERIC_NMETHYLGLYCINE_AA	0 	-160 	8.07263954192e-27 	60.0813170013
GENERIC_NMETHYLGLYCINE_AA	10 	-160 	1.02047821322e-21 	48.334015599
GENERIC_NMETHYLGLYCINE_AA	20 	-160 	4.57146928438e-13 	28.4137715493
GENERIC_NMETHYLGLYCINE_AA	30 	-160 	1.4648887891e-06 	13.4337312303
GENERIC_NMETHYLGLYCINE_AA	40 	-160 	0.000158864918474 	8.74745628618
GENERIC_NMETHYLGLYCINE_AA	50 	-160 	0.000839613098424 	7.08256936935
GENERIC_NMETHYLGLYCINE_AA	60 	-160 	0.00169184902155 	6.38193325254
GENERIC_NMETHYLGLYCINE_AA	70 	-160 	0.00232526283531 	6.06392219889
GENERIC_NMETHYLGLYCINE_AA	80 	-160 	0.00259666931924 	5.95352568624
GENERIC_NMETHYLGLYCINE_AA	90 	-160 	0.00239437047945 	6.0346349305
GENERIC_NMETHYLGLYCINE_AA	100 	-160 	0.00150206768125 	6.5009126659
GENERIC_NMETHYLGLYCINE_AA	110 	-160 	0.000258477318207 	8.26070261175
GENERIC_NMETHYLGLYCINE_AA	120 	-160 	3.03476208732e-07 	15.0079626192
GENERIC_NMETHYLGLYCINE_AA	130 	-160 	1.60466782066e-12 	27.1581043461
GENERIC_NMETHYLGLYCINE_AA	140 	-160 	1.70716762262e-17 	38.6091109447
GENERIC_NMETHYLGLYCINE_AA	150 	-160 	1.07719993331e-21 	48.2799219328
GENERIC_NMETHYLGLYCINE_AA	160 	-160 	3.51896223982e-23 	51.701291011
GENERIC_NMETHYLGLYCINE_AA	170 	-160 	5.43589799383e-23 	51.2664324077
GENERIC_NMETHYLGLYCINE_AA	-180 	-150 	3.19299226792e-19 	42.5881582747
GENERIC_NMETHYLGLYCINE_AA	-170 	-150 	9.81939072547e-18 	39.1621725977
GENERIC_NMETHYLGLYCINE_AA	-160 	-150 	2.10945388944e-14 	31.4897622081
GENERIC_NMETHYLGLYCINE_AA	-150 	-150 	2.19715613215e-10 	22.238687073
GENERIC_NMETHYLGLYCINE_AA	-140 	-150 	4.27839342828e-06 	12.3619329861
GENERIC_NMETHYLGLYCINE_AA	-130 	-150 	0.000291919488856 	8.13903251681
GENERIC_NMETHYLGLYCINE_AA	-120 	-150 	0.00124559380635 	6.68814290988
GENERIC_NMETHYLGLYCINE_AA	-110 	-150 	0.00217484241261 	6.13079907104
GENERIC_NMETHYLGLYCINE_AA	-100 	-150 	0.00270704811351 	5.91189649477
GENERIC_NMETHYLGLYCINE_AA	-90 	-150 	0.00280917131326 	5.87486574544
GENERIC_NMETHYLGLYCINE_AA	-80 	-150 	0.00247380377473 	6.00199832314
GENERIC_NMETHYLGLYCINE_AA	-70 	-150 	0.00165029072386 	6.40680381031
GENERIC_NMETHYLGLYCINE_AA	-60 	-150 	0.000516309883296 	7.56880342372
GENERIC_NMETHYLGLYCINE_AA	-50 	-150 	1.32507667279e-05 	11.2314551409
GENERIC_NMETHYLGLYCINE_AA	-40 	-150 	1.01646752242e-10 	23.0095175268
GENERIC_NMETHYLGLYCINE_AA	-30 	-150 	9.72686309806e-19 	41.4742253175
GENERIC_NMETHYLGLYCINE_AA	-20 	-150 	1.45771533586e-23 	52.5825867672
GENERIC_NMETHYLGLYCINE_AA	-10 	-150 	8.66324463049e-25 	55.4055380038
GENERIC_NMETHYLGLYCINE_AA	0 	-150 	3.49422392851e-22 	49.4057607468
GENERIC_NMETHYLGLYCINE_AA	10 	-150 	8.55637995886e-16 	34.6946842892
GENERIC_NMETHYLGLYCINE_AA	20 	-150 	3.14095401258e-08 	17.2761541645
GENERIC_NMETHYLGLYCINE_AA	30 	-150 	3.01644759857e-05 	10.4088456178
GENERIC_NMETHYLGLYCINE_AA	40 	-150 	0.000381459486185 	7.87150590899
GENERIC_NMETHYLGLYCINE_AA	50 	-150 	0.0011453237035 	6.77206797145
GENERIC_NMETHYLGLYCINE_AA	60 	-150 	0.00195015361917 	6.23984713045
GENERIC_NMETHYLGLYCINE_AA	70 	-150 	0.00251944434641 	5.98371689923
GENERIC_NMETHYLGLYCINE_AA	80 	-150 	0.00271677244645 	5.90831070381
GENERIC_NMETHYLGLYCINE_AA	90 	-150 	0.00239989266319 	6.0323312663
GENERIC_NMETHYLGLYCINE_AA	100 	-150 	0.00133086814265 	6.62192381085
GENERIC_NMETHYLGLYCINE_AA	110 	-150 	0.000153979748544 	8.77868946716
GENERIC_NMETHYLGLYCINE_AA	120 	-150 	9.3442451693e-08 	16.1859200801
GENERIC_NMETHYLGLYCINE_AA	130 	-150 	2.42804700186e-12 	26.7439338847
GENERIC_NMETHYLGLYCINE_AA	140 	-150 	2.65224053421e-16 	35.8659567205
GENERIC_NMETHYLGLYCINE_AA	150 	-150 	3.18078758717e-19 	42.5919879318
GENERIC_NMETHYLGLYCINE_AA	160 	-150 	1.43919043336e-19 	43.3850360105
GENERIC_NMETHYLGLYCINE_AA	170 	-150 	1.10550034183e-18 	41.3462336434
GENERIC_NMETHYLGLYCINE_AA	-180 	-140 	2.10228694739e-14 	31.4931655272
GENERIC_NMETHYLGLYCINE_AA	-170 	-140 	5.02943886964e-13 	28.3182977878
GENERIC_NMETHYLGLYCINE_AA	-160 	-140 	2.18396374783e-10 	22.2447094712
GENERIC_NMETHYLGLYCINE_AA	-150 	-140 	7.61451247782e-07 	14.088039688
GENERIC_NMETHYLGLYCINE_AA	-140 	-140 	9.40805021402e-05 	9.27135973645
GENERIC_NMETHYLGLYCINE_AA	-130 	-140 	0.000686081760119 	7.28451375349
GENERIC_NMETHYLGLYCINE_AA	-120 	-140 	0.00162061549793 	6.4249492649
GENERIC_NMETHYLGLYCINE_AA	-110 	-140 	0.00242675364329 	6.02120086407
GENERIC_NMETHYLGLYCINE_AA	-100 	-140 	0.00289673306877 	5.84417170501
GENERIC_NMETHYLGLYCINE_AA	-90 	-140 	0.00296612047121 	5.82050041869
GENERIC_NMETHYLGLYCINE_AA	-80 	-140 	0.00259783377578 	5.95307734439
GENERIC_NMETHYLGLYCINE_AA	-70 	-140 	0.00170541111647 	6.37394907328
GENERIC_NMETHYLGLYCINE_AA	-60 	-140 	0.000508338647234 	7.58436270407
GENERIC_NMETHYLGLYCINE_AA	-50 	-140 	1.34266514133e-05 	11.2182689148
GENERIC_NMETHYLGLYCINE_AA	-40 	-140 	5.08999646901e-10 	21.3985737931
GENERIC_NMETHYLGLYCINE_AA	-30 	-140 	1.23184687915e-16 	36.6328469169
GENERIC_NMETHYLGLYCINE_AA	-20 	-140 	4.17724253424e-20 	44.6220505118
GENERIC_NMETHYLGLYCINE_AA	-10 	-140 	5.32373096341e-20 	44.3795274934
GENERIC_NMETHYLGLYCINE_AA	0 	-140 	3.74272770145e-16 	35.5215468104
GENERIC_NMETHYLGLYCINE_AA	10 	-140 	1.2510073415e-09 	20.499316737
GENERIC_NMETHYLGLYCINE_AA	20 	-140 	4.13955346858e-06 	12.3949226338
GENERIC_NMETHYLGLYCINE_AA	30 	-140 	0.000122777336134 	9.00513811845
GENERIC_NMETHYLGLYCINE_AA	40 	-140 	0.000601704861558 	7.41574349607
GENERIC_NMETHYLGLYCINE_AA	50 	-140 	0.00138236256032 	6.58396124338
GENERIC_NMETHYLGLYCINE_AA	60 	-140 	0.00216210039772 	6.13667512342
GENERIC_NMETHYLGLYCINE_AA	70 	-140 	0.00269764205105 	5.91537720196
GENERIC_NMETHYLGLYCINE_AA	80 	-140 	0.0028555140535 	5.85850339832
GENERIC_NMETHYLGLYCINE_AA	90 	-140 	0.00246608851893 	6.00512197913
GENERIC_NMETHYLGLYCINE_AA	100 	-140 	0.00130500297406 	6.64154995924
GENERIC_NMETHYLGLYCINE_AA	110 	-140 	0.000153568491123 	8.78136389421
GENERIC_NMETHYLGLYCINE_AA	120 	-140 	3.20244417623e-07 	14.9541813276
GENERIC_NMETHYLGLYCINE_AA	130 	-140 	6.19044894731e-11 	23.505428411
GENERIC_NMETHYLGLYCINE_AA	140 	-140 	1.31734296129e-13 	29.6579894091
GENERIC_NMETHYLGLYCINE_AA	150 	-140 	6.3569610742e-15 	32.6892259503
GENERIC_NMETHYLGLYCINE_AA	160 	-140 	3.44147030461e-14 	31.0002925077
GENERIC_NMETHYLGLYCINE_AA	170 	-140 	4.51754001259e-14 	30.7282237012
GENERIC_NMETHYLGLYCINE_AA	-180 	-130 	7.84575728806e-10 	20.9658780171
GENERIC_NMETHYLGLYCINE_AA	-170 	-130 	7.11419582338e-09 	18.7611736373
GENERIC_NMETHYLGLYCINE_AA	-160 	-130 	7.52718294483e-07 	14.0995747901
GENERIC_NMETHYLGLYCINE_AA	-150 	-130 	3.70220458787e-05 	10.2039969882
GENERIC_NMETHYLGLYCINE_AA	-140 	-130 	0.000321436816995 	8.04270955928
GENERIC_NMETHYLGLYCINE_AA	-130 	-130 	0.000992039845294 	6.91574728486
GENERIC_NMETHYLGLYCINE_AA	-120 	-130 	0.00184631233825 	6.2945649599
GENERIC_NMETHYLGLYCINE_AA	-110 	-130 	0.00259624528279 	5.95368899971
GENERIC_NMETHYLGLYCINE_AA	-100 	-130 	0.00305205368556 	5.79194057543
GENERIC_NMETHYLGLYCINE_AA	-90 	-130 	0.00312779326491 	5.76742755026
GENERIC_NMETHYLGLYCINE_AA	-80 	-130 	0.00276649549203 	5.89017392511
GENERIC_NMETHYLGLYCINE_AA	-70 	-130 	0.00186617637786 	6.28386365913
GENERIC_NMETHYLGLYCINE_AA	-60 	-130 	0.000626345305714 	7.37560873237
GENERIC_NMETHYLGLYCINE_AA	-50 	-130 	3.23519653463e-05 	10.3388357863
GENERIC_NMETHYLGLYCINE_AA	-40 	-130 	3.19479389115e-08 	17.259158168
GENERIC_NMETHYLGLYCINE_AA	-30 	-130 	8.0380185001e-13 	27.8494236113
GENERIC_NMETHYLGLYCINE_AA	-20 	-130 	4.18947048182e-15 	33.1062020456
GENERIC_NMETHYLGLYCINE_AA	-10 	-130 	7.43030385825e-14 	30.2306245479
GENERIC_NMETHYLGLYCINE_AA	0 	-130 	8.01268147246e-10 	20.9448254593
GENERIC_NMETHYLGLYCINE_AA	10 	-130 	8.0638398074e-07 	14.030705805
GENERIC_NMETHYLGLYCINE_AA	20 	-130 	3.13142775666e-05 	10.3714364121
GENERIC_NMETHYLGLYCINE_AA	30 	-130 	0.000230303441444 	8.37611280794
GENERIC_NMETHYLGLYCINE_AA	40 	-130 	0.000754179820857 	7.18987972919
GENERIC_NMETHYLGLYCINE_AA	50 	-130 	0.00153764101977 	6.47750584231
GENERIC_NMETHYLGLYCINE_AA	60 	-130 	0.00231620096225 	6.06782695177
GENERIC_NMETHYLGLYCINE_AA	70 	-130 	0.0028543317145 	5.85891753875
GENERIC_NMETHYLGLYCINE_AA	80 	-130 	0.00301281772838 	5.80487951572
GENERIC_NMETHYLGLYCINE_AA	90 	-130 	0.00261547319081 	5.94631024532
GENERIC_NMETHYLGLYCINE_AA	100 	-130 	0.00146969925255 	6.52269748922
GENERIC_NMETHYLGLYCINE_AA	110 	-130 	0.000266757564595 	8.22917030982
GENERIC_NMETHYLGLYCINE_AA	120 	-130 	5.00521606208e-06 	12.2050299769
GENERIC_NMETHYLGLYCINE_AA	130 	-130 	1.73170772648e-08 	17.8715726972
GENERIC_NMETHYLGLYCINE_AA	140 	-130 	6.37512915268e-10 	21.1734465799
GENERIC_NMETHYLGLYCINE_AA	150 	-130 	7.30520105879e-10 	21.0372643617
GENERIC_NMETHYLGLYCINE_AA	160 	-130 	1.43458324235e-09 	20.3623914534
GENERIC_NMETHYLGLYCINE_AA	170 	-130 	1.09623810237e-09 	20.6313814253
GENERIC_NMETHYLGLYCINE_AA	-180 	-120 	7.327861854e-07 	14.1264118756
GENERIC_NMETHYLGLYCINE_AA	-170 	-120 	3.30207570647e-06 	12.6209592853
GENERIC_NMETHYLGLYCINE_AA	-160 	-120 	2.74924538577e-05 	10.5015989961
GENERIC_NMETHYLGLYCINE_AA	-150 	-120 	0.000155886687772 	8.76638117508
GENERIC_NMETHYLGLYCINE_AA	-140 	-120 	0.000508066428238 	7.58489835469
GENERIC_NMETHYLGLYCINE_AA	-130 	-120 	0.00113534337217 	6.78082014326
GENERIC_NMETHYLGLYCINE_AA	-120 	-120 	0.00193448361371 	6.24791485441
GENERIC_NMETHYLGLYCINE_AA	-110 	-120 	0.00267411382176 	5.92413723511
GENERIC_NMETHYLGLYCINE_AA	-100 	-120 	0.00315472796378 	5.75885301055
GENERIC_NMETHYLGLYCINE_AA	-90 	-120 	0.00327202703358 	5.72234559818
GENERIC_NMETHYLGLYCINE_AA	-80 	-120 	0.00295969831289 	5.82266793716
GENERIC_NMETHYLGLYCINE_AA	-70 	-120 	0.00212604210596 	6.15349319401
GENERIC_NMETHYLGLYCINE_AA	-60 	-120 	0.000900725640646 	7.01230985211
GENERIC_NMETHYLGLYCINE_AA	-50 	-120 	0.000116889174705 	9.05428429681
GENERIC_NMETHYLGLYCINE_AA	-40 	-120 	2.2838816997e-06 	12.9896340627
GENERIC_NMETHYLGLYCINE_AA	-30 	-120 	1.7852618589e-08 	17.8411156398
GENERIC_NMETHYLGLYCINE_AA	-20 	-120 	2.0598542444e-09 	20.0006306118
GENERIC_NMETHYLGLYCINE_AA	-10 	-120 	1.69629718598e-08 	17.8922329943
GENERIC_NMETHYLGLYCINE_AA	0 	-120 	5.95643020901e-07 	14.3336243075
GENERIC_NMETHYLGLYCINE_AA	10 	-120 	9.80251484885e-06 	11.532871588
GENERIC_NMETHYLGLYCINE_AA	20 	-120 	7.01813805957e-05 	9.56442751579
GENERIC_NMETHYLGLYCINE_AA	30 	-120 	0.000295721864041 	8.1260911939
GENERIC_NMETHYLGLYCINE_AA	40 	-120 	0.000820063789852 	7.10612842823
GENERIC_NMETHYLGLYCINE_AA	50 	-120 	0.00160348393949 	6.43557655479
GENERIC_NMETHYLGLYCINE_AA	60 	-120 	0.00239905893396 	6.03267872937
GENERIC_NMETHYLGLYCINE_AA	70 	-120 	0.00297323847041 	5.81810352614
GENERIC_NMETHYLGLYCINE_AA	80 	-120 	0.00317635284722 	5.75202164378
GENERIC_NMETHYLGLYCINE_AA	90 	-120 	0.00284496309534 	5.86220518325
GENERIC_NMETHYLGLYCINE_AA	100 	-120 	0.00182858476265 	6.30421296507
GENERIC_NMETHYLGLYCINE_AA	110 	-120 	0.000586476137151 	7.44137857757
GENERIC_NMETHYLGLYCINE_AA	120 	-120 	6.70401741514e-05 	9.61021850407
GENERIC_NMETHYLGLYCINE_AA	130 	-120 	5.14385982228e-06 	12.1777068221
GENERIC_NMETHYLGLYCINE_AA	140 	-120 	1.12240503963e-06 	13.7000368181
GENERIC_NMETHYLGLYCINE_AA	150 	-120 	7.23945908692e-07 	14.1385491591
GENERIC_NMETHYLGLYCINE_AA	160 	-120 	5.93442451936e-07 	14.3373255915
GENERIC_NMETHYLGLYCINE_AA	170 	-120 	5.12420262748e-07 	14.4841207229
GENERIC_NMETHYLGLYCINE_AA	-180 	-110 	1.70766804416e-05 	10.977796742
GENERIC_NMETHYLGLYCINE_AA	-170 	-110 	3.69205397451e-05 	10.2067425291
GENERIC_NMETHYLGLYCINE_AA	-160 	-110 	9.72592534572e-05 	9.23813042876
GENERIC_NMETHYLGLYCINE_AA	-150 	-110 	0.000243927450351 	8.31863971151
GENERIC_NMETHYLGLYCINE_AA	-140 	-110 	0.000554603797092 	7.49725657827
GENERIC_NMETHYLGLYCINE_AA	-130 	-110 	0.00110753735703 	6.80561632566
GENERIC_NMETHYLGLYCINE_AA	-120 	-110 	0.00186009343829 	6.28712855688
GENERIC_NMETHYLGLYCINE_AA	-110 	-110 	0.00261720486664 	5.94564837549
GENERIC_NMETHYLGLYCINE_AA	-100 	-110 	0.00316612266679 	5.75524757324
GENERIC_NMETHYLGLYCINE_AA	-90 	-110 	0.003365108083 		5.69429519664
GENERIC_NMETHYLGLYCINE_AA	-80 	-110 	0.00314501908953 	5.76193531905
GENERIC_NMETHYLGLYCINE_AA	-70 	-110 	0.0024393819129 	6.01601058615
GENERIC_NMETHYLGLYCINE_AA	-60 	-110 	0.00132174551873 	6.62880205326
GENERIC_NMETHYLGLYCINE_AA	-50 	-110 	0.000369457357724 	7.90347522958
GENERIC_NMETHYLGLYCINE_AA	-40 	-110 	4.55875234237e-05 	9.99587648801
GENERIC_NMETHYLGLYCINE_AA	-30 	-110 	4.81888119995e-06 	12.242968773
GENERIC_NMETHYLGLYCINE_AA	-20 	-110 	1.62575764652e-06 	13.3295366068
GENERIC_NMETHYLGLYCINE_AA	-10 	-110 	2.41207228287e-06 	12.9350243115
GENERIC_NMETHYLGLYCINE_AA	0 	-110 	7.06614320922e-06 	11.8601957419
GENERIC_NMETHYLGLYCINE_AA	10 	-110 	2.4541798289e-05 	10.6151328415
GENERIC_NMETHYLGLYCINE_AA	20 	-110 	8.95841274718e-05 	9.32033240243
GENERIC_NMETHYLGLYCINE_AA	30 	-110 	0.000296450674219 	8.12362971351
GENERIC_NMETHYLGLYCINE_AA	40 	-110 	0.000775068515962 	7.16255912483
GENERIC_NMETHYLGLYCINE_AA	50 	-110 	0.00153625231451 	6.47840939049
GENERIC_NMETHYLGLYCINE_AA	60 	-110 	0.00237473344344 	6.04287008214
GENERIC_NMETHYLGLYCINE_AA	70 	-110 	0.00302647971736 	5.80035514434
GENERIC_NMETHYLGLYCINE_AA	80 	-110 	0.00331321158676 	5.70983729209
GENERIC_NMETHYLGLYCINE_AA	90 	-110 	0.00311187385553 	5.77253020834
GENERIC_NMETHYLGLYCINE_AA	100 	-110 	0.00231109654499 	6.07003317228
GENERIC_NMETHYLGLYCINE_AA	110 	-110 	0.00116486318838 	6.75515163373
GENERIC_NMETHYLGLYCINE_AA	120 	-110 	0.000373177121702 	7.89345739392
GENERIC_NMETHYLGLYCINE_AA	130 	-110 	0.000103646357441 	9.17452586257
GENERIC_NMETHYLGLYCINE_AA	140 	-110 	3.88274903237e-05 	10.1563820487
GENERIC_NMETHYLGLYCINE_AA	150 	-110 	2.03967005127e-05 	10.8001374098
GENERIC_NMETHYLGLYCINE_AA	160 	-110 	1.37933298323e-05 	11.1913254281
GENERIC_NMETHYLGLYCINE_AA	170 	-110 	1.24899688179e-05 	11.2905847304
GENERIC_NMETHYLGLYCINE_AA	-180 	-100 	5.62631888239e-05 	9.78547007638
GENERIC_NMETHYLGLYCINE_AA	-170 	-100 	7.63413673208e-05 	9.48029559987
GENERIC_NMETHYLGLYCINE_AA	-160 	-100 	0.000122151792738 	9.01024608384
GENERIC_NMETHYLGLYCINE_AA	-150 	-100 	0.00022384961526 	8.40453609202
GENERIC_NMETHYLGLYCINE_AA	-140 	-100 	0.000447993633997 	7.71073153548
GENERIC_NMETHYLGLYCINE_AA	-130 	-100 	0.00087965452961 	7.03598130756
GENERIC_NMETHYLGLYCINE_AA	-120 	-100 	0.00154353375482 	6.47368084525
GENERIC_NMETHYLGLYCINE_AA	-110 	-100 	0.00233015534996 	6.06182033983
GENERIC_NMETHYLGLYCINE_AA	-100 	-100 	0.00301239855014 	5.80501865704
GENERIC_NMETHYLGLYCINE_AA	-90 	-100 	0.00336612340772 	5.69399352087
GENERIC_NMETHYLGLYCINE_AA	-80 	-100 	0.00328095712162 	5.71962009378
GENERIC_NMETHYLGLYCINE_AA	-70 	-100 	0.00273541415864 	5.90147242545
GENERIC_NMETHYLGLYCINE_AA	-60 	-100 	0.00178987508192 	6.3256094482
GENERIC_NMETHYLGLYCINE_AA	-50 	-100 	0.00080569636782 	7.1238036013
GENERIC_NMETHYLGLYCINE_AA	-40 	-100 	0.000241932612699 	8.32685133051
GENERIC_NMETHYLGLYCINE_AA	-30 	-100 	6.43898360752e-05 	9.65055476223
GENERIC_NMETHYLGLYCINE_AA	-20 	-100 	2.40515755627e-05 	10.6353100516
GENERIC_NMETHYLGLYCINE_AA	-10 	-100 	1.54418865641e-05 	11.078426834
GENERIC_NMETHYLGLYCINE_AA	0 	-100 	1.67310531287e-05 	10.9982440964
GENERIC_NMETHYLGLYCINE_AA	10 	-100 	2.98450105003e-05 	10.4194928845
GENERIC_NMETHYLGLYCINE_AA	20 	-100 	7.57897594829e-05 	9.48754737361
GENERIC_NMETHYLGLYCINE_AA	30 	-100 	0.000214983804513 	8.44494786052
GENERIC_NMETHYLGLYCINE_AA	40 	-100 	0.000567776737052 	7.47378228508
GENERIC_NMETHYLGLYCINE_AA	50 	-100 	0.00124774539529 	6.68641704003
GENERIC_NMETHYLGLYCINE_AA	60 	-100 	0.00215564465984 	6.13966545407
GENERIC_NMETHYLGLYCINE_AA	70 	-100 	0.00296040238305 	5.82243007966
GENERIC_NMETHYLGLYCINE_AA	80 	-100 	0.0033921418843 	5.68629373283
GENERIC_NMETHYLGLYCINE_AA	90 	-100 	0.00334838635857 	5.6992767332
GENERIC_NMETHYLGLYCINE_AA	100 	-100 	0.0027863531232 	5.88302166248
GENERIC_NMETHYLGLYCINE_AA	110 	-100 	0.0018446544268 	6.29546332158
GENERIC_NMETHYLGLYCINE_AA	120 	-100 	0.000957521790996 	6.95116207895
GENERIC_NMETHYLGLYCINE_AA	130 	-100 	0.000432178421956 	7.7466720412
GENERIC_NMETHYLGLYCINE_AA	140 	-100 	0.000196384989983 	8.53543359071
GENERIC_NMETHYLGLYCINE_AA	150 	-100 	9.95058694528e-05 	9.21529392606
GENERIC_NMETHYLGLYCINE_AA	160 	-100 	6.25290272449e-05 	9.67987967312
GENERIC_NMETHYLGLYCINE_AA	170 	-100 	5.18758770038e-05 	9.86665667346
GENERIC_NMETHYLGLYCINE_AA	-180 	-90 	5.91011683827e-05 	9.73625986416
GENERIC_NMETHYLGLYCINE_AA	-170 	-90 	5.66846699448e-05 	9.77800675513
GENERIC_NMETHYLGLYCINE_AA	-160 	-90 	7.08122818392e-05 	9.5554781
GENERIC_NMETHYLGLYCINE_AA	-150 	-90 	0.000115189550959 	9.0689315173
GENERIC_NMETHYLGLYCINE_AA	-140 	-90 	0.000224724346393 	8.40063603398
GENERIC_NMETHYLGLYCINE_AA	-130 	-90 	0.000464852617224 	7.67379015482
GENERIC_NMETHYLGLYCINE_AA	-120 	-90 	0.000934315850779 	6.9756960069
GENERIC_NMETHYLGLYCINE_AA	-110 	-90 	0.00170183911388 	6.37604578098
GENERIC_NMETHYLGLYCINE_AA	-100 	-90 	0.00259351636023 	5.95474065603
GENERIC_NMETHYLGLYCINE_AA	-90 	-90 	0.00321641421939 	5.7394881364
GENERIC_NMETHYLGLYCINE_AA	-80 	-90 	0.00333115283852 	5.70443683715
GENERIC_NMETHYLGLYCINE_AA	-70 	-90 	0.00295071743239 	5.82570694078
GENERIC_NMETHYLGLYCINE_AA	-60 	-90 	0.00217471637337 	6.130857026
GENERIC_NMETHYLGLYCINE_AA	-50 	-90 	0.00125009048278 	6.68453934406
GENERIC_NMETHYLGLYCINE_AA	-40 	-90 	0.000542464040933 	7.51938875874
GENERIC_NMETHYLGLYCINE_AA	-30 	-90 	0.000192594981662 	8.55492111469
GENERIC_NMETHYLGLYCINE_AA	-20 	-90 	6.72901084792e-05 	9.60649730865
GENERIC_NMETHYLGLYCINE_AA	-10 	-90 	2.87026340072e-05 	10.4585216622
GENERIC_NMETHYLGLYCINE_AA	0 	-90 	1.85646477025e-05 	10.8942514469
GENERIC_NMETHYLGLYCINE_AA	10 	-90 	1.99646291247e-05 	10.8215483939
GENERIC_NMETHYLGLYCINE_AA	20 	-90 	3.26283905029e-05 	10.3303277743
GENERIC_NMETHYLGLYCINE_AA	30 	-90 	7.51144443605e-05 	9.49649768266
GENERIC_NMETHYLGLYCINE_AA	40 	-90 	0.000227869275388 	8.386738447
GENERIC_NMETHYLGLYCINE_AA	50 	-90 	0.000703457244729 	7.25950345834
GENERIC_NMETHYLGLYCINE_AA	60 	-90 	0.00164758603355 	6.40844407228
GENERIC_NMETHYLGLYCINE_AA	70 	-90 	0.00269970802794 	5.91461164962
GENERIC_NMETHYLGLYCINE_AA	80 	-90 	0.00336704926381 	5.69371850754
GENERIC_NMETHYLGLYCINE_AA	90 	-90 	0.00350262209535 	5.65424342088
GENERIC_NMETHYLGLYCINE_AA	100 	-90 	0.00314408707579 	5.76223170894
GENERIC_NMETHYLGLYCINE_AA	110 	-90 	0.00239811703632 	6.03307141776
GENERIC_NMETHYLGLYCINE_AA	120 	-90 	0.00153122729837 	6.48168570934
GENERIC_NMETHYLGLYCINE_AA	130 	-90 	0.000832034622753 	7.09163650412
GENERIC_NMETHYLGLYCINE_AA	140 	-90 	0.000406916803434 	7.80690180758
GENERIC_NMETHYLGLYCINE_AA	150 	-90 	0.00020006105074 	8.51688798429
GENERIC_NMETHYLGLYCINE_AA	160 	-90 	0.000112286853812 	9.09445376619
GENERIC_NMETHYLGLYCINE_AA	170 	-90 	7.51746263274e-05 	9.4956967998
GENERIC_NMETHYLGLYCINE_AA	-180 	-80 	1.74481454389e-05 	10.9562771935
GENERIC_NMETHYLGLYCINE_AA	-170 	-80 	1.10441960631e-05 	11.4136055111
GENERIC_NMETHYLGLYCINE_AA	-160 	-80 	1.22927392378e-05 	11.3065017758
GENERIC_NMETHYLGLYCINE_AA	-150 	-80 	2.02303113255e-05 	10.8083285176
GENERIC_NMETHYLGLYCINE_AA	-140 	-80 	4.08410844557e-05 	10.1058220113
GENERIC_NMETHYLGLYCINE_AA	-130 	-80 	9.61405920307e-05 	9.24969893751
GENERIC_NMETHYLGLYCINE_AA	-120 	-80 	0.000275601830873 	8.19655337562
GENERIC_NMETHYLGLYCINE_AA	-110 	-80 	0.000825031472607 	7.10008902374
GENERIC_NMETHYLGLYCINE_AA	-100 	-80 	0.0018704809735 	6.28155967611
GENERIC_NMETHYLGLYCINE_AA	-90 	-80 	0.00287120095377 	5.85302488595
GENERIC_NMETHYLGLYCINE_AA	-80 	-80 	0.00326936519491 	5.72315944292
GENERIC_NMETHYLGLYCINE_AA	-70 	-80 	0.00305571948703 	5.79074020278
GENERIC_NMETHYLGLYCINE_AA	-60 	-80 	0.00240962639268 	6.02828356728
GENERIC_NMETHYLGLYCINE_AA	-50 	-80 	0.0015465495143 	6.47172894935
GENERIC_NMETHYLGLYCINE_AA	-40 	-80 	0.00076897589663 	7.17045093273
GENERIC_NMETHYLGLYCINE_AA	-30 	-80 	0.00029270350491 	8.13635038993
GENERIC_NMETHYLGLYCINE_AA	-20 	-80 	9.20246415983e-05 	9.29345417332
GENERIC_NMETHYLGLYCINE_AA	-10 	-80 	2.83028252312e-05 	10.4725489268
GENERIC_NMETHYLGLYCINE_AA	0 	-80 	1.00946661514e-05 	11.5035033774
GENERIC_NMETHYLGLYCINE_AA	10 	-80 	4.26425257388e-06 	12.3652436388
GENERIC_NMETHYLGLYCINE_AA	20 	-80 	2.4703234753e-06 	12.9111614542
GENERIC_NMETHYLGLYCINE_AA	30 	-80 	3.77996669675e-06 	12.4857953588
GENERIC_NMETHYLGLYCINE_AA	40 	-80 	2.11509072024e-05 	10.7638277597
GENERIC_NMETHYLGLYCINE_AA	50 	-80 	0.000184164994406 	8.59967849343
GENERIC_NMETHYLGLYCINE_AA	60 	-80 	0.000927264997531 	6.98327116752
GENERIC_NMETHYLGLYCINE_AA	70 	-80 	0.00221071805128 	6.11443790614
GENERIC_NMETHYLGLYCINE_AA	80 	-80 	0.0031975495344 	5.74537053303
GENERIC_NMETHYLGLYCINE_AA	90 	-80 	0.00354129780967 	5.64326200612
GENERIC_NMETHYLGLYCINE_AA	100 	-80 	0.00334269763016 	5.70097712429
GENERIC_NMETHYLGLYCINE_AA	110 	-80 	0.00273095680035 	5.90310325487
GENERIC_NMETHYLGLYCINE_AA	120 	-80 	0.00190022124291 	6.26578495595
GENERIC_NMETHYLGLYCINE_AA	130 	-80 	0.00110295198259 	6.80976507313
GENERIC_NMETHYLGLYCINE_AA	140 	-80 	0.000541023844119 	7.52204720593
GENERIC_NMETHYLGLYCINE_AA	150 	-80 	0.000240131580769 	8.33432353165
GENERIC_NMETHYLGLYCINE_AA	160 	-80 	0.000102259389561 	9.18799793781
GENERIC_NMETHYLGLYCINE_AA	170 	-80 	4.11803483158e-05 	10.097549398
GENERIC_NMETHYLGLYCINE_AA	-180 	-70 	3.18731940597e-07 	14.958915399
GENERIC_NMETHYLGLYCINE_AA	-170 	-70 	1.18986494119e-07 	15.9442558451
GENERIC_NMETHYLGLYCINE_AA	-160 	-70 	1.72567720381e-07 	15.5724760956
GENERIC_NMETHYLGLYCINE_AA	-150 	-70 	3.5359296372e-07 	14.8551194054
GENERIC_NMETHYLGLYCINE_AA	-140 	-70 	7.01138637539e-07 	14.1705601984
GENERIC_NMETHYLGLYCINE_AA	-130 	-70 	2.04368262914e-06 	13.1007571672
GENERIC_NMETHYLGLYCINE_AA	-120 	-70 	1.5960802409e-05 	11.045374691
GENERIC_NMETHYLGLYCINE_AA	-110 	-70 	0.00018411994567 	8.59992313409
GENERIC_NMETHYLGLYCINE_AA	-100 	-70 	0.00103747843742 	6.87096208929
GENERIC_NMETHYLGLYCINE_AA	-90 	-70 	0.00236547468814 	6.04677656338
GENERIC_NMETHYLGLYCINE_AA	-80 	-70 	0.00309442593116 	5.77815287271
GENERIC_NMETHYLGLYCINE_AA	-70 	-70 	0.0030469868322 	5.79360210055
GENERIC_NMETHYLGLYCINE_AA	-60 	-70 	0.00249323946368 	5.99417242463
GENERIC_NMETHYLGLYCINE_AA	-50 	-70 	0.00167098782846 	6.39434031338
GENERIC_NMETHYLGLYCINE_AA	-40 	-70 	0.000858657389481 	7.06014056364
GENERIC_NMETHYLGLYCINE_AA	-30 	-70 	0.000317020155119 	8.05654520529
GENERIC_NMETHYLGLYCINE_AA	-20 	-70 	8.13020703427e-05 	9.41733907626
GENERIC_NMETHYLGLYCINE_AA	-10 	-70 	1.39544325979e-05 	11.1797133512
GENERIC_NMETHYLGLYCINE_AA	0 	-70 	1.23591323433e-06 	13.6037004002
GENERIC_NMETHYLGLYCINE_AA	10 	-70 	3.89456175457e-08 	17.0610995858
GENERIC_NMETHYLGLYCINE_AA	20 	-70 	1.26284256786e-09 	20.4899006507
GENERIC_NMETHYLGLYCINE_AA	30 	-70 	1.09776055331e-09 	20.6299935929
GENERIC_NMETHYLGLYCINE_AA	40 	-70 	7.13340466694e-08 	16.4558921106
GENERIC_NMETHYLGLYCINE_AA	50 	-70 	1.18320009199e-05 	11.3447027548
GENERIC_NMETHYLGLYCINE_AA	60 	-70 	0.000333945899096 	8.00453155686
GENERIC_NMETHYLGLYCINE_AA	70 	-70 	0.00158903748173 	6.44462680346
GENERIC_NMETHYLGLYCINE_AA	80 	-70 	0.0028850779934 	5.84820334528
GENERIC_NMETHYLGLYCINE_AA	90 	-70 	0.00344963350745 	5.66948728331
GENERIC_NMETHYLGLYCINE_AA	100 	-70 	0.00338023198848 	5.6898109362
GENERIC_NMETHYLGLYCINE_AA	110 	-70 	0.00285794789138 	5.85765143219
GENERIC_NMETHYLGLYCINE_AA	120 	-70 	0.00204689725851 	6.19143016481
GENERIC_NMETHYLGLYCINE_AA	130 	-70 	0.00119053836548 	6.7333496662
GENERIC_NMETHYLGLYCINE_AA	140 	-70 	0.000537157105178 	7.52921994539
GENERIC_NMETHYLGLYCINE_AA	150 	-70 	0.000176218323551 	8.64378685696
GENERIC_NMETHYLGLYCINE_AA	160 	-70 	3.45475226263e-05 	10.2731747143
GENERIC_NMETHYLGLYCINE_AA	170 	-70 	3.34875110089e-06 	12.6069230873
GENERIC_NMETHYLGLYCINE_AA	-180 	-60 	5.04096955559e-12 	26.0134226802
GENERIC_NMETHYLGLYCINE_AA	-170 	-60 	1.71875926618e-12 	27.0894184423
GENERIC_NMETHYLGLYCINE_AA	-160 	-60 	1.32474483707e-11 	25.0472161578
GENERIC_NMETHYLGLYCINE_AA	-150 	-60 	4.04366965399e-11 	23.931283413
GENERIC_NMETHYLGLYCINE_AA	-140 	-60 	3.87995691111e-11 	23.9726119747
GENERIC_NMETHYLGLYCINE_AA	-130 	-60 	1.72797156714e-10 	22.4789027139
GENERIC_NMETHYLGLYCINE_AA	-120 	-60 	3.1778316626e-08 	17.2644816468
GENERIC_NMETHYLGLYCINE_AA	-110 	-60 	1.24647175154e-05 	11.2926085035
GENERIC_NMETHYLGLYCINE_AA	-100 	-60 	0.000437828169277 	7.73368403215
GENERIC_NMETHYLGLYCINE_AA	-90 	-60 	0.00184195095908 	6.29692996524
GENERIC_NMETHYLGLYCINE_AA	-80 	-60 	0.00284126980189 	5.86350421339
GENERIC_NMETHYLGLYCINE_AA	-70 	-60 	0.00293426665053 	5.83129772046
GENERIC_NMETHYLGLYCINE_AA	-60 	-60 	0.00244587655576 	6.01335171079
GENERIC_NMETHYLGLYCINE_AA	-50 	-60 	0.00164290190007 	6.41129114952
GENERIC_NMETHYLGLYCINE_AA	-40 	-60 	0.000818095919848 	7.10853096681
GENERIC_NMETHYLGLYCINE_AA	-30 	-60 	0.000260426287865 	8.25319070086
GENERIC_NMETHYLGLYCINE_AA	-20 	-60 	4.04275407416e-05 	10.1159993037
GENERIC_NMETHYLGLYCINE_AA	-10 	-60 	1.49234111851e-06 	13.4151644506
GENERIC_NMETHYLGLYCINE_AA	0 	-60 	2.19906194897e-09 	19.9352349543
GENERIC_NMETHYLGLYCINE_AA	10 	-60 	2.53061605484e-14 	31.3077285289
GENERIC_NMETHYLGLYCINE_AA	20 	-60 	3.9915813299e-18 	40.0623441982
GENERIC_NMETHYLGLYCINE_AA	30 	-60 	1.13384945551e-17 	39.0183281397
GENERIC_NMETHYLGLYCINE_AA	40 	-60 	3.90811121166e-13 	28.5705520177
GENERIC_NMETHYLGLYCINE_AA	50 	-60 	9.79335598631e-08 	16.1389765488
GENERIC_NMETHYLGLYCINE_AA	60 	-60 	7.64598939652e-05 	9.4787442165
GENERIC_NMETHYLGLYCINE_AA	70 	-60 	0.00103386429551 	6.87445175377
GENERIC_NMETHYLGLYCINE_AA	80 	-60 	0.00249398627919 	5.99387293327
GENERIC_NMETHYLGLYCINE_AA	90 	-60 	0.00323631933223 	5.7333186035
GENERIC_NMETHYLGLYCINE_AA	100 	-60 	0.00327329921692 	5.72195686787
GENERIC_NMETHYLGLYCINE_AA	110 	-60 	0.00280930246295 	5.87481906028
GENERIC_NMETHYLGLYCINE_AA	120 	-60 	0.00199776984098 	6.2157238001
GENERIC_NMETHYLGLYCINE_AA	130 	-60 	0.00108436451662 	6.82676116255
GENERIC_NMETHYLGLYCINE_AA	140 	-60 	0.000372528890463 	7.89519596486
GENERIC_NMETHYLGLYCINE_AA	150 	-60 	5.01871072402e-05 	9.89975239214
GENERIC_NMETHYLGLYCINE_AA	160 	-60 	8.97567792335e-07 	13.9235771848
GENERIC_NMETHYLGLYCINE_AA	170 	-60 	1.16604803181e-09 	20.5696455562
GENERIC_NMETHYLGLYCINE_AA	-180 	-50 	2.8621967414e-19 	42.6975273455
GENERIC_NMETHYLGLYCINE_AA	-170 	-50 	6.18576019666e-21 	46.5320370449
GENERIC_NMETHYLGLYCINE_AA	-160 	-50 	1.38871693343e-19 	43.4207365155
GENERIC_NMETHYLGLYCINE_AA	-150 	-50 	1.84720843251e-19 	43.1354412228
GENERIC_NMETHYLGLYCINE_AA	-140 	-50 	7.93402434658e-19 	41.6779563762
GENERIC_NMETHYLGLYCINE_AA	-130 	-50 	4.53464294977e-16 	35.3296151396
GENERIC_NMETHYLGLYCINE_AA	-120 	-50 	2.9415830506e-12 	26.5520732269
GENERIC_NMETHYLGLYCINE_AA	-110 	-50 	2.24316327449e-07 	15.3102086052
GENERIC_NMETHYLGLYCINE_AA	-100 	-50 	0.000170898867026 	8.67443859732
GENERIC_NMETHYLGLYCINE_AA	-90 	-50 	0.00145606793578 	6.53201567111
GENERIC_NMETHYLGLYCINE_AA	-80 	-50 	0.0025731450835 	5.96262636037
GENERIC_NMETHYLGLYCINE_AA	-70 	-50 	0.00273061250066 	5.90322933573
GENERIC_NMETHYLGLYCINE_AA	-60 	-50 	0.00226960854317 	6.0881479103
GENERIC_NMETHYLGLYCINE_AA	-50 	-50 	0.00146928626138 	6.52297853258
GENERIC_NMETHYLGLYCINE_AA	-40 	-50 	0.000647740749232 	7.34202002001
GENERIC_NMETHYLGLYCINE_AA	-30 	-50 	0.000137796547069 	8.88973225725
GENERIC_NMETHYLGLYCINE_AA	-20 	-50 	5.48925314974e-06 	12.11271835
GENERIC_NMETHYLGLYCINE_AA	-10 	-50 	2.18887608579e-09 	19.9398776277
GENERIC_NMETHYLGLYCINE_AA	0 	-50 	1.85666905958e-17 	38.5251625268
GENERIC_NMETHYLGLYCINE_AA	10 	-50 	1.48075546182e-24 	54.8694898271
GENERIC_NMETHYLGLYCINE_AA	20 	-50 	2.34058951028e-27 	61.3193946857
GENERIC_NMETHYLGLYCINE_AA	30 	-50 	1.47368156991e-26 	59.4794486787
GENERIC_NMETHYLGLYCINE_AA	40 	-50 	2.67301609259e-21 	47.3710794953
GENERIC_NMETHYLGLYCINE_AA	50 	-50 	6.28255778855e-11 	23.4906588342
GENERIC_NMETHYLGLYCINE_AA	60 	-50 	1.53632559569e-05 	11.0835318763
GENERIC_NMETHYLGLYCINE_AA	70 	-50 	0.000685789191577 	7.28494027837
GENERIC_NMETHYLGLYCINE_AA	80 	-50 	0.0021161535682 	6.15815519286
GENERIC_NMETHYLGLYCINE_AA	90 	-50 	0.0029374130447 	5.83022600175
GENERIC_NMETHYLGLYCINE_AA	100 	-50 	0.00303979963828 	5.7959636742
GENERIC_NMETHYLGLYCINE_AA	110 	-50 	0.00259722297864 	5.9533124899
GENERIC_NMETHYLGLYCINE_AA	120 	-50 	0.0017516249103 	6.34721140168
GENERIC_NMETHYLGLYCINE_AA	130 	-50 	0.000767060035349 	7.17294548672
GENERIC_NMETHYLGLYCINE_AA	140 	-50 	0.000119244664013 	9.03433317542
GENERIC_NMETHYLGLYCINE_AA	150 	-50 	9.97254199447e-07 	13.8182601351
GENERIC_NMETHYLGLYCINE_AA	160 	-50 	1.74777471479e-11 	24.7700926357
GENERIC_NMETHYLGLYCINE_AA	170 	-50 	5.63512948594e-16 	35.1123413618
GENERIC_NMETHYLGLYCINE_AA	-180 	-40 	4.31311632806e-31 	69.918477194
GENERIC_NMETHYLGLYCINE_AA	-170 	-40 	1.69781800982e-33 	75.4559641658
GENERIC_NMETHYLGLYCINE_AA	-160 	-40 	7.57845884123e-31 	69.3548280229
GENERIC_NMETHYLGLYCINE_AA	-150 	-40 	1.17123773469e-28 	64.3143215213
GENERIC_NMETHYLGLYCINE_AA	-140 	-40 	1.492432128e-26 	59.466805328
GENERIC_NMETHYLGLYCINE_AA	-130 	-40 	1.59740315132e-23 	52.4910778586
GENERIC_NMETHYLGLYCINE_AA	-120 	-40 	1.25924467095e-18 	41.2160196002
GENERIC_NMETHYLGLYCINE_AA	-110 	-40 	1.38497095475e-09 	20.3975866688
GENERIC_NMETHYLGLYCINE_AA	-100 	-40 	0.000100993362197 	9.2004557641
GENERIC_NMETHYLGLYCINE_AA	-90 	-40 	0.00127908365321 	6.66161135336
GENERIC_NMETHYLGLYCINE_AA	-80 	-40 	0.00233074900762 	6.06156560056
GENERIC_NMETHYLGLYCINE_AA	-70 	-40 	0.00244973321058 	6.01177615399
GENERIC_NMETHYLGLYCINE_AA	-60 	-40 	0.00195995832637 	6.23483206802
GENERIC_NMETHYLGLYCINE_AA	-50 	-40 	0.00114652910574 	6.77101606939
GENERIC_NMETHYLGLYCINE_AA	-40 	-40 	0.000370125252604 	7.90166908906
GENERIC_NMETHYLGLYCINE_AA	-30 	-40 	2.76272293239e-05 	10.4967087019
GENERIC_NMETHYLGLYCINE_AA	-20 	-40 	2.34127433849e-08 	17.5699853737
GENERIC_NMETHYLGLYCINE_AA	-10 	-40 	1.66690327412e-17 	38.6329790027
GENERIC_NMETHYLGLYCINE_AA	0 	-40 	8.90223446978e-28 	62.2860802946
GENERIC_NMETHYLGLYCINE_AA	10 	-40 	2.72943180933e-34 	77.2837997027
GENERIC_NMETHYLGLYCINE_AA	20 	-40 	1.06047667714e-41 	94.3472703103
GENERIC_NMETHYLGLYCINE_AA	30 	-40 	5.49503810875e-43 	97.3073134757
GENERIC_NMETHYLGLYCINE_AA	40 	-40 	2.1354545359e-33 	75.2266285474
GENERIC_NMETHYLGLYCINE_AA	50 	-40 	2.56949519887e-14 	31.292481843
GENERIC_NMETHYLGLYCINE_AA	60 	-40 	6.64950570208e-06 	11.9209680366
GENERIC_NMETHYLGLYCINE_AA	70 	-40 	0.00053817557899 	7.52732569605
GENERIC_NMETHYLGLYCINE_AA	80 	-40 	0.00181830177125 	6.30985230621
GENERIC_NMETHYLGLYCINE_AA	90 	-40 	0.00260364298133 	5.95084366798
GENERIC_NMETHYLGLYCINE_AA	100 	-40 	0.00270477665091 	5.91273593907
GENERIC_NMETHYLGLYCINE_AA	110 	-40 	0.00222751346276 	6.10686935475
GENERIC_NMETHYLGLYCINE_AA	120 	-40 	0.00128997591189 	6.65313173374
GENERIC_NMETHYLGLYCINE_AA	130 	-40 	0.000313141625941 	8.06885499072
GENERIC_NMETHYLGLYCINE_AA	140 	-40 	4.51480093157e-06 	12.3081494625
GENERIC_NMETHYLGLYCINE_AA	150 	-40 	1.43616650836e-11 	24.9664586061
GENERIC_NMETHYLGLYCINE_AA	160 	-40 	6.96126233897e-18 	39.5061708454
GENERIC_NMETHYLGLYCINE_AA	170 	-40 	4.3062289867e-24 	53.8019796558
GENERIC_NMETHYLGLYCINE_AA	-180 	-30 	5.11155544386e-44 	99.6822403417
GENERIC_NMETHYLGLYCINE_AA	-170 	-30 	8.11378327576e-46 	103.825350023
GENERIC_NMETHYLGLYCINE_AA	-160 	-30 	5.82671301164e-42 	94.9461208703
GENERIC_NMETHYLGLYCINE_AA	-150 	-30 	1.22887772653e-38 	87.2921321984
GENERIC_NMETHYLGLYCINE_AA	-140 	-30 	3.7627113092e-38 	86.1730937434
GENERIC_NMETHYLGLYCINE_AA	-130 	-30 	3.8428060029e-32 	72.3365201461
GENERIC_NMETHYLGLYCINE_AA	-120 	-30 	2.71371107326e-22 	49.658554948
GENERIC_NMETHYLGLYCINE_AA	-110 	-30 	1.48741211946e-09 	20.3262280596
GENERIC_NMETHYLGLYCINE_AA	-100 	-30 	0.000133736942104 	8.91963580608
GENERIC_NMETHYLGLYCINE_AA	-90 	-30 	0.00127533512287 	6.66454629344
GENERIC_NMETHYLGLYCINE_AA	-80 	-30 	0.00211568228286 	6.15837792614
GENERIC_NMETHYLGLYCINE_AA	-70 	-30 	0.00210396982379 	6.16392932651
GENERIC_NMETHYLGLYCINE_AA	-60 	-30 	0.00153856891543 	6.4769025703
GENERIC_NMETHYLGLYCINE_AA	-50 	-30 	0.000711696184459 	7.24785944484
GENERIC_NMETHYLGLYCINE_AA	-40 	-30 	0.000109331365958 	9.1211272327
GENERIC_NMETHYLGLYCINE_AA	-30 	-30 	5.2898121218e-07 	14.4523129214
GENERIC_NMETHYLGLYCINE_AA	-20 	-30 	6.65575941396e-15 	32.6432938378
GENERIC_NMETHYLGLYCINE_AA	-10 	-30 	6.59076498648e-28 	62.5867131791
GENERIC_NMETHYLGLYCINE_AA	0 	-30 	2.93826678233e-38 	86.4204136561
GENERIC_NMETHYLGLYCINE_AA	10 	-30 	5.11055312533e-53 	120.405702287
GENERIC_NMETHYLGLYCINE_AA	20 	-30 	7.87516269121e-59 	133.788806643
GENERIC_NMETHYLGLYCINE_AA	30 	-30 	2.5746845448e-53 	121.091282909
GENERIC_NMETHYLGLYCINE_AA	40 	-30 	2.88171168866e-37 	84.1372639868
GENERIC_NMETHYLGLYCINE_AA	50 	-30 	1.92141018041e-13 	29.2805468235
GENERIC_NMETHYLGLYCINE_AA	60 	-30 	1.04769525238e-05 	11.4663327111
GENERIC_NMETHYLGLYCINE_AA	70 	-30 	0.000525104175981 	7.55191388462
GENERIC_NMETHYLGLYCINE_AA	80 	-30 	0.00162300520424 	6.4234757839
GENERIC_NMETHYLGLYCINE_AA	90 	-30 	0.00228361476565 	6.08199566794
GENERIC_NMETHYLGLYCINE_AA	100 	-30 	0.00230365782167 	6.07325706208
GENERIC_NMETHYLGLYCINE_AA	110 	-30 	0.00171081734073 	6.37078404563
GENERIC_NMETHYLGLYCINE_AA	120 	-30 	0.000670622977073 	7.30730346106
GENERIC_NMETHYLGLYCINE_AA	130 	-30 	3.17154811221e-05 	10.3587056328
GENERIC_NMETHYLGLYCINE_AA	140 	-30 	3.48437741933e-10 	21.7775615475
GENERIC_NMETHYLGLYCINE_AA	150 	-30 	8.68778346703e-18 	39.2846138342
GENERIC_NMETHYLGLYCINE_AA	160 	-30 	2.53407493102e-26 	58.9373837661
GENERIC_NMETHYLGLYCINE_AA	170 	-30 	4.6194490362e-38 	85.967958092
GENERIC_NMETHYLGLYCINE_AA	-180 	-20 	4.795023439e-56 	127.377186611
GENERIC_NMETHYLGLYCINE_AA	-170 	-20 	1.272663203e-56 	128.703653493
GENERIC_NMETHYLGLYCINE_AA	-160 	-20 	5.11012270344e-50 	113.498031233
GENERIC_NMETHYLGLYCINE_AA	-150 	-20 	3.29304964681e-51 	116.240025663
GENERIC_NMETHYLGLYCINE_AA	-140 	-20 	1.48869311322e-45 	103.218430555
GENERIC_NMETHYLGLYCINE_AA	-130 	-20 	8.24674029578e-34 	76.1780751552
GENERIC_NMETHYLGLYCINE_AA	-120 	-20 	5.97892359585e-20 	44.2634613088
GENERIC_NMETHYLGLYCINE_AA	-110 	-20 	1.70055897948e-07 	15.5871386425
GENERIC_NMETHYLGLYCINE_AA	-100 	-20 	0.00026927276841 	8.21978568316
GENERIC_NMETHYLGLYCINE_AA	-90 	-20 	0.00136668344419 	6.59536831778
GENERIC_NMETHYLGLYCINE_AA	-80 	-20 	0.00191760921174 	6.25667607107
GENERIC_NMETHYLGLYCINE_AA	-70 	-20 	0.00172440609359 	6.36287258135
GENERIC_NMETHYLGLYCINE_AA	-60 	-20 	0.0010576409612 	6.85171435928
GENERIC_NMETHYLGLYCINE_AA	-50 	-20 	0.000297944139651 	8.11860453987
GENERIC_NMETHYLGLYCINE_AA	-40 	-20 	8.16137006875e-06 	11.7160985025
GENERIC_NMETHYLGLYCINE_AA	-30 	-20 	3.21165548459e-11 	24.1616494914
GENERIC_NMETHYLGLYCINE_AA	-20 	-20 	3.35770579197e-25 	56.3533693841
GENERIC_NMETHYLGLYCINE_AA	-10 	-20 	8.53252257127e-39 	87.6569335796
GENERIC_NMETHYLGLYCINE_AA	0 	-20 	6.98331539807e-59 	133.908996697
GENERIC_NMETHYLGLYCINE_AA	10 	-20 	3.47267910594e-69 	157.633445044
GENERIC_NMETHYLGLYCINE_AA	20 	-20 	2.03050720825e-67 	153.564915612
GENERIC_NMETHYLGLYCINE_AA	30 	-20 	1.89833881545e-54 	123.698615826
GENERIC_NMETHYLGLYCINE_AA	40 	-20 	1.43238060359e-31 	71.020800065
GENERIC_NMETHYLGLYCINE_AA	50 	-20 	2.68437111065e-10 	22.0384044526
GENERIC_NMETHYLGLYCINE_AA	60 	-20 	3.08050975629e-05 	10.3878303764
GENERIC_NMETHYLGLYCINE_AA	70 	-20 	0.000606410796922 	7.40795291884
GENERIC_NMETHYLGLYCINE_AA	80 	-20 	0.00153015022418 	6.48238936266
GENERIC_NMETHYLGLYCINE_AA	90 	-20 	0.0020116098279 	6.20881996806
GENERIC_NMETHYLGLYCINE_AA	100 	-20 	0.00187280298935 	6.28031904559
GENERIC_NMETHYLGLYCINE_AA	110 	-20 	0.00109081943412 	6.82082609076
GENERIC_NMETHYLGLYCINE_AA	120 	-20 	0.000161724294684 	8.72961755725
GENERIC_NMETHYLGLYCINE_AA	130 	-20 	7.76642169887e-08 	16.3708712135
GENERIC_NMETHYLGLYCINE_AA	140 	-20 	5.62250745892e-16 	35.1145837564
GENERIC_NMETHYLGLYCINE_AA	150 	-20 	8.91299275048e-26 	57.6797023461
GENERIC_NMETHYLGLYCINE_AA	160 	-20 	9.02199179019e-41 	92.2063236837
GENERIC_NMETHYLGLYCINE_AA	170 	-20 	4.17168138224e-50 	113.700935486
GENERIC_NMETHYLGLYCINE_AA	-180 	-10 	1.13537829598e-63 	144.935894963
GENERIC_NMETHYLGLYCINE_AA	-170 	-10 	1.29791122198e-58 	133.289179174
GENERIC_NMETHYLGLYCINE_AA	-160 	-10 	3.55736546648e-59 	134.583500253
GENERIC_NMETHYLGLYCINE_AA	-150 	-10 	1.9180692174e-55 	125.990861051
GENERIC_NMETHYLGLYCINE_AA	-140 	-10 	7.67336054123e-44 	99.2759894313
GENERIC_NMETHYLGLYCINE_AA	-130 	-10 	1.06959997964e-28 	64.4050978761
GENERIC_NMETHYLGLYCINE_AA	-120 	-10 	3.01358846362e-13 	28.8304746596
GENERIC_NMETHYLGLYCINE_AA	-110 	-10 	7.24526758686e-06 	11.8351620489
GENERIC_NMETHYLGLYCINE_AA	-100 	-10 	0.000548655284897 	7.50804021003
GENERIC_NMETHYLGLYCINE_AA	-90 	-10 	0.00149262169838 	6.50722117607
GENERIC_NMETHYLGLYCINE_AA	-80 	-10 	0.00173873653658 	6.35459655792
GENERIC_NMETHYLGLYCINE_AA	-70 	-10 	0.00135304329855 	6.60539892842
GENERIC_NMETHYLGLYCINE_AA	-60 	-10 	0.000607087217153 	7.40683809164
GENERIC_NMETHYLGLYCINE_AA	-50 	-10 	6.37697953468e-05 	9.66023090688
GENERIC_NMETHYLGLYCINE_AA	-40 	-10 	3.66310851843e-08 	17.122368635
GENERIC_NMETHYLGLYCINE_AA	-30 	-10 	5.79784702585e-20 	44.2942152137
GENERIC_NMETHYLGLYCINE_AA	-20 	-10 	8.77479845506e-36 	80.7211795468
GENERIC_NMETHYLGLYCINE_AA	-10 	-10 	1.60640516743e-59 	135.378521619
GENERIC_NMETHYLGLYCINE_AA	0 	-10 	3.53649285151e-74 	169.128161365
GENERIC_NMETHYLGLYCINE_AA	10 	-10 	1.81783993258e-76 	174.398818122
GENERIC_NMETHYLGLYCINE_AA	20 	-10 	2.02999246802e-66 	151.262584055
GENERIC_NMETHYLGLYCINE_AA	30 	-10 	8.59261340104e-46 	103.76801135
GENERIC_NMETHYLGLYCINE_AA	40 	-10 	3.52222935928e-20 	44.79260773
GENERIC_NMETHYLGLYCINE_AA	50 	-10 	8.01469662625e-08 	16.3394038094
GENERIC_NMETHYLGLYCINE_AA	60 	-10 	9.97788655691e-05 	9.21255416492
GENERIC_NMETHYLGLYCINE_AA	70 	-10 	0.00077447628015 	7.16332352459
GENERIC_NMETHYLGLYCINE_AA	80 	-10 	0.00152967636026 	6.48269909519
GENERIC_NMETHYLGLYCINE_AA	90 	-10 	0.00180230009244 	6.31869160067
GENERIC_NMETHYLGLYCINE_AA	100 	-10 	0.00143183712746 	6.54879695472
GENERIC_NMETHYLGLYCINE_AA	110 	-10 	0.000493379460023 	7.6142319842
GENERIC_NMETHYLGLYCINE_AA	120 	-10 	6.9119604407e-06 	11.8822572498
GENERIC_NMETHYLGLYCINE_AA	130 	-10 	7.12707168686e-13 	27.969705762
GENERIC_NMETHYLGLYCINE_AA	140 	-10 	8.82047986025e-23 	50.7823808644
GENERIC_NMETHYLGLYCINE_AA	150 	-10 	6.92588564113e-40 	90.1681377855
GENERIC_NMETHYLGLYCINE_AA	160 	-10 	2.10535954933e-52 	118.989938576
GENERIC_NMETHYLGLYCINE_AA	170 	-10 	6.68455387586e-61 	138.557891199
GENERIC_NMETHYLGLYCINE_AA	-180 	0 	1.33346989866e-61 	140.169906181
GENERIC_NMETHYLGLYCINE_AA	-170 	0 	1.54034363405e-63 	144.630855328
GENERIC_NMETHYLGLYCINE_AA	-160 	0 	5.18928800432e-60 	136.508509078
GENERIC_NMETHYLGLYCINE_AA	-150 	0 	5.27475674332e-50 	113.466322086
GENERIC_NMETHYLGLYCINE_AA	-140 	0 	6.80109726663e-36 	80.9759793859
GENERIC_NMETHYLGLYCINE_AA	-130 	0 	1.13759787241e-18 	41.3176127641
GENERIC_NMETHYLGLYCINE_AA	-120 	0 	3.47978467324e-09 	19.4762954206
GENERIC_NMETHYLGLYCINE_AA	-110 	0 	9.70819393343e-05 	9.23995520064
GENERIC_NMETHYLGLYCINE_AA	-100 	0 	0.000951961816731 	6.95698563245
GENERIC_NMETHYLGLYCINE_AA	-90 	0 	0.00163042893773 	6.4189121468
GENERIC_NMETHYLGLYCINE_AA	-80 	0 	0.00160133799798 	6.43691575046
GENERIC_NMETHYLGLYCINE_AA	-70 	0 	0.0010271357336 	6.88098119163
GENERIC_NMETHYLGLYCINE_AA	-60 	0 	0.000277256095293 	8.19056894715
GENERIC_NMETHYLGLYCINE_AA	-50 	0 	4.69187248119e-06 	12.2696788055
GENERIC_NMETHYLGLYCINE_AA	-40 	0 	8.66579884041e-13 	27.7742220984
GENERIC_NMETHYLGLYCINE_AA	-30 	0 	1.95441862006e-29 	66.1048749287
GENERIC_NMETHYLGLYCINE_AA	-20 	0 	4.41474161722e-55 	125.157230806
GENERIC_NMETHYLGLYCINE_AA	-10 	0 	3.08803841507e-73 	166.961175716
GENERIC_NMETHYLGLYCINE_AA	0 	0 	9.99343651111e-80 	181.904878911
GENERIC_NMETHYLGLYCINE_AA	10 	0 	3.00513956826e-73 	166.988387776
GENERIC_NMETHYLGLYCINE_AA	20 	0 	4.33213415394e-55 	125.176119818
GENERIC_NMETHYLGLYCINE_AA	30 	0 	1.94179751014e-29 	66.1113536011
GENERIC_NMETHYLGLYCINE_AA	40 	0 	8.65945667727e-13 	27.7749542277
GENERIC_NMETHYLGLYCINE_AA	50 	0 	4.69332825893e-06 	12.2693685771
GENERIC_NMETHYLGLYCINE_AA	60 	0 	0.000277487405751 	8.18973501049
GENERIC_NMETHYLGLYCINE_AA	70 	0 	0.00102883033942 	6.87933271481
GENERIC_NMETHYLGLYCINE_AA	80 	0 	0.00160665701247 	6.43359964844
GENERIC_NMETHYLGLYCINE_AA	90 	0 	0.00164662192546 	6.40902940759
GENERIC_NMETHYLGLYCINE_AA	100 	0 	0.000994049795303 	6.91372325668
GENERIC_NMETHYLGLYCINE_AA	110 	0 	0.000118921476165 	9.03704714682
GENERIC_NMETHYLGLYCINE_AA	120 	0 	8.32775576142e-09 	18.6036718335
GENERIC_NMETHYLGLYCINE_AA	130 	0 	3.00127624759e-18 	40.3474940598
GENERIC_NMETHYLGLYCINE_AA	140 	0 	1.15744196087e-35 	80.4442658909
GENERIC_NMETHYLGLYCINE_AA	150 	0 	1.62586644719e-50 	114.643213778
GENERIC_NMETHYLGLYCINE_AA	160 	0 	4.59916984235e-61 	138.931814854
GENERIC_NMETHYLGLYCINE_AA	170 	0 	3.42549196447e-64 	146.134200851
GENERIC_NMETHYLGLYCINE_AA	-180 	10 	7.15572805117e-63 	143.094947697
GENERIC_NMETHYLGLYCINE_AA	-170 	10 	6.01275596022e-60 	136.361222374
GENERIC_NMETHYLGLYCINE_AA	-160 	10 	1.02876145684e-51 	117.403484133
GENERIC_NMETHYLGLYCINE_AA	-150 	10 	6.9587261489e-40 	90.1634072867
GENERIC_NMETHYLGLYCINE_AA	-140 	10 	4.1643962044e-23 	51.5328858427
GENERIC_NMETHYLGLYCINE_AA	-130 	10 	4.1281269272e-13 	28.5157824333
GENERIC_NMETHYLGLYCINE_AA	-120 	10 	4.646374586e-06 	12.2794233014
GENERIC_NMETHYLGLYCINE_AA	-110 	10 	0.000451355604532 	7.70325504903
GENERIC_NMETHYLGLYCINE_AA	-100 	10 	0.00140365510322 	6.56867565653
GENERIC_NMETHYLGLYCINE_AA	-90 	10 	0.00179281915408 	6.32396595164
GENERIC_NMETHYLGLYCINE_AA	-80 	10 	0.00152597917451 	6.48511899333
GENERIC_NMETHYLGLYCINE_AA	-70 	10 	0.000773313591414 	7.16482591064
GENERIC_NMETHYLGLYCINE_AA	-60 	10 	9.96920822231e-05 	9.21342430017
GENERIC_NMETHYLGLYCINE_AA	-50 	10 	8.0147854351e-08 	16.3393927287
GENERIC_NMETHYLGLYCINE_AA	-40 	10 	3.53213442693e-20 	44.7897995181
GENERIC_NMETHYLGLYCINE_AA	-30 	10 	8.67185244324e-46 	103.758831848
GENERIC_NMETHYLGLYCINE_AA	-20 	10 	2.05966403164e-66 	151.24807326
GENERIC_NMETHYLGLYCINE_AA	-10 	10 	1.81144630086e-76 	174.40234148
GENERIC_NMETHYLGLYCINE_AA	0 	10 	3.41629663132e-74 	169.162739774
GENERIC_NMETHYLGLYCINE_AA	10 	10 	1.55922793357e-59 	135.408329702
GENERIC_NMETHYLGLYCINE_AA	20 	10 	8.68536032221e-36 	80.7314244611
GENERIC_NMETHYLGLYCINE_AA	30 	10 	5.78920583735e-20 	44.2957067388
GENERIC_NMETHYLGLYCINE_AA	40 	10 	3.66359948791e-08 	17.1222346132
GENERIC_NMETHYLGLYCINE_AA	50 	10 	6.37716019777e-05 	9.66020257677
GENERIC_NMETHYLGLYCINE_AA	60 	10 	0.00060743874407 	7.40625922064
GENERIC_NMETHYLGLYCINE_AA	70 	10 	0.00135565647077 	6.6034694617
GENERIC_NMETHYLGLYCINE_AA	80 	10 	0.00174716965421 	6.34975814081
GENERIC_NMETHYLGLYCINE_AA	90 	10 	0.00152031265948 	6.48883926825
GENERIC_NMETHYLGLYCINE_AA	100 	10 	0.000597376886006 	7.42296234392
GENERIC_NMETHYLGLYCINE_AA	110 	10 	1.07480072654e-05 	11.4407901912
GENERIC_NMETHYLGLYCINE_AA	120 	10 	7.71344304527e-13 	27.8906415523
GENERIC_NMETHYLGLYCINE_AA	130 	10 	2.69629807545e-28 	63.4805028548
GENERIC_NMETHYLGLYCINE_AA	140 	10 	3.38872318335e-44 	100.093290883
GENERIC_NMETHYLGLYCINE_AA	150 	10 	1.78610254772e-56 	128.364729309
GENERIC_NMETHYLGLYCINE_AA	160 	10 	1.7777070792e-60 	137.579781203
GENERIC_NMETHYLGLYCINE_AA	170 	10 	7.15651285087e-59 	133.884497656
GENERIC_NMETHYLGLYCINE_AA	-180 	20 	2.37761003612e-55 	125.776084318
GENERIC_NMETHYLGLYCINE_AA	-170 	20 	3.11176885672e-49 	111.691478228
GENERIC_NMETHYLGLYCINE_AA	-160 	20 	1.77769463438e-40 	91.5280863441
GENERIC_NMETHYLGLYCINE_AA	-150 	20 	7.53215374985e-26 	57.8480313944
GENERIC_NMETHYLGLYCINE_AA	-140 	20 	4.86357026232e-16 	35.2595886978
GENERIC_NMETHYLGLYCINE_AA	-130 	20 	4.35273777336e-08 	16.9498757236
GENERIC_NMETHYLGLYCINE_AA	-120 	20 	0.000138931073397 	8.88153262266
GENERIC_NMETHYLGLYCINE_AA	-110 	20 	0.00105229577986 	6.85678104462
GENERIC_NMETHYLGLYCINE_AA	-100 	20 	0.00185587944752 	6.28939659957
GENERIC_NMETHYLGLYCINE_AA	-90 	20 	0.00200529807129 	6.21196256529
GENERIC_NMETHYLGLYCINE_AA	-80 	20 	0.00152749139177 	6.48412850244
GENERIC_NMETHYLGLYCINE_AA	-70 	20 	0.000605624144124 	7.40925098853
GENERIC_NMETHYLGLYCINE_AA	-60 	20 	3.07883139416e-05 	10.3883753575
GENERIC_NMETHYLGLYCINE_AA	-50 	20 	2.68676539148e-10 	22.0375129166
GENERIC_NMETHYLGLYCINE_AA	-40 	20 	1.43835105099e-31 	71.0166405288
GENERIC_NMETHYLGLYCINE_AA	-30 	20 	1.90980802992e-54 	123.692592293
GENERIC_NMETHYLGLYCINE_AA	-20 	20 	2.0228343767e-67 	153.568701546
GENERIC_NMETHYLGLYCINE_AA	-10 	20 	3.3727939842e-69 	157.66262994
GENERIC_NMETHYLGLYCINE_AA	0 	20 	6.75316905515e-59 	133.942508602
GENERIC_NMETHYLGLYCINE_AA	10 	20 	8.41922466631e-39 	87.6703008851
GENERIC_NMETHYLGLYCINE_AA	20 	20 	3.35405724819e-25 	56.354456593
GENERIC_NMETHYLGLYCINE_AA	30 	20 	3.21524862701e-11 	24.1605313348
GENERIC_NMETHYLGLYCINE_AA	40 	20 	8.15945927107e-06 	11.716332657
GENERIC_NMETHYLGLYCINE_AA	50 	20 	0.000297789252046 	8.11912452955
GENERIC_NMETHYLGLYCINE_AA	60 	20 	0.00105797059736 	6.85140273671
GENERIC_NMETHYLGLYCINE_AA	70 	20 	0.00172828105179 	6.36062797612
GENERIC_NMETHYLGLYCINE_AA	80 	20 	0.00193152002842 	6.24944800655
GENERIC_NMETHYLGLYCINE_AA	90 	20 	0.0014092017741 	6.56473185256
GENERIC_NMETHYLGLYCINE_AA	100 	20 	0.000310084405586 	8.07866602146
GENERIC_NMETHYLGLYCINE_AA	110 	20 	3.27530076598e-07 	14.9316859491
GENERIC_NMETHYLGLYCINE_AA	120 	20 	2.03538539518e-19 	43.0384315825
GENERIC_NMETHYLGLYCINE_AA	130 	20 	4.83503623172e-34 	76.7120045393
GENERIC_NMETHYLGLYCINE_AA	140 	20 	1.64022071473e-46 	105.424083463
GENERIC_NMETHYLGLYCINE_AA	150 	20 	9.65741893121e-53 	119.769283508
GENERIC_NMETHYLGLYCINE_AA	160 	20 	1.04691832249e-50 	115.083403732
GENERIC_NMETHYLGLYCINE_AA	170 	20 	1.48660747005e-55 	126.245683456
GENERIC_NMETHYLGLYCINE_AA	-180 	30 	6.0852754219e-43 	97.2052870109
GENERIC_NMETHYLGLYCINE_AA	-170 	30 	2.01105535473e-37 	84.4969888044
GENERIC_NMETHYLGLYCINE_AA	-160 	30 	4.71476579819e-26 	58.3165131746
GENERIC_NMETHYLGLYCINE_AA	-150 	30 	1.18614545301e-17 	38.9732376462
GENERIC_NMETHYLGLYCINE_AA	-140 	30 	2.45941485435e-10 	22.1259274724
GENERIC_NMETHYLGLYCINE_AA	-130 	30 	2.60788196632e-05 	10.5543870802
GENERIC_NMETHYLGLYCINE_AA	-120 	30 	0.000635848843765 	7.36054968991
GENERIC_NMETHYLGLYCINE_AA	-110 	30 	0.0016861022249 	6.38533578963
GENERIC_NMETHYLGLYCINE_AA	-100 	30 	0.00229296530282 	6.077909407
GENERIC_NMETHYLGLYCINE_AA	-90 	30 	0.0022789693303 	6.08403198634
GENERIC_NMETHYLGLYCINE_AA	-80 	30 	0.00162079922564 	6.42483590224
GENERIC_NMETHYLGLYCINE_AA	-70 	30 	0.000524609227474 	7.55285690114
GENERIC_NMETHYLGLYCINE_AA	-60 	30 	1.04780302844e-05 	11.4662298467
GENERIC_NMETHYLGLYCINE_AA	-50 	30 	1.92487199722e-13 	29.2787467383
GENERIC_NMETHYLGLYCINE_AA	-40 	30 	2.89074953579e-37 	84.1341326173
GENERIC_NMETHYLGLYCINE_AA	-30 	30 	2.57176304007e-53 	121.092418257
GENERIC_NMETHYLGLYCINE_AA	-20 	30 	7.75109441204e-59 	133.804686439
GENERIC_NMETHYLGLYCINE_AA	-10 	30 	4.9834671725e-53 	120.430884061
GENERIC_NMETHYLGLYCINE_AA	0 	30 	2.89994811631e-38 	86.4335406879
GENERIC_NMETHYLGLYCINE_AA	10 	30 	6.5929628917e-28 	62.5863797522
GENERIC_NMETHYLGLYCINE_AA	20 	30 	6.68132614724e-15 	32.639459902
GENERIC_NMETHYLGLYCINE_AA	30 	30 	5.29411098474e-07 	14.4515005831
GENERIC_NMETHYLGLYCINE_AA	40 	30 	0.000109221179831 	9.12213555896
GENERIC_NMETHYLGLYCINE_AA	50 	30 	0.000710990567304 	7.24885139505
GENERIC_NMETHYLGLYCINE_AA	60 	30 	0.00153884161556 	6.47672534329
GENERIC_NMETHYLGLYCINE_AA	70 	30 	0.00210946883367 	6.16131910078
GENERIC_NMETHYLGLYCINE_AA	80 	30 	0.00213683628997 	6.14842891299
GENERIC_NMETHYLGLYCINE_AA	90 	30 	0.00133106305009 	6.62177737023
GENERIC_NMETHYLGLYCINE_AA	100 	30 	0.000161123768623 	8.73333773911
GENERIC_NMETHYLGLYCINE_AA	110 	30 	3.79096436313e-09 	19.3906454008
GENERIC_NMETHYLGLYCINE_AA	120 	30 	2.03946166878e-22 	49.9441861607
GENERIC_NMETHYLGLYCINE_AA	130 	30 	5.13178821352e-33 	74.3498538907
GENERIC_NMETHYLGLYCINE_AA	140 	30 	1.04216583986e-39 	89.7595175408
GENERIC_NMETHYLGLYCINE_AA	150 	30 	1.0047889397e-39 	89.7960411176
GENERIC_NMETHYLGLYCINE_AA	160 	30 	3.13521017812e-41 	93.2632925985
GENERIC_NMETHYLGLYCINE_AA	170 	30 	4.96960490367e-45 	102.012988844
GENERIC_NMETHYLGLYCINE_AA	-180 	40 	4.8123602051e-30 	67.5063651389
GENERIC_NMETHYLGLYCINE_AA	-170 	40 	1.53963142434e-23 	52.5279140859
GENERIC_NMETHYLGLYCINE_AA	-160 	40 	1.52233160115e-17 	38.7237034732
GENERIC_NMETHYLGLYCINE_AA	-150 	40 	1.66589995993e-11 	24.8180705291
GENERIC_NMETHYLGLYCINE_AA	-140 	40 	3.9235402268e-06 	12.4485161926
GENERIC_NMETHYLGLYCINE_AA	-130 	40 	0.000296600623248 	8.12312402695
GENERIC_NMETHYLGLYCINE_AA	-120 	40 	0.00126771376674 	6.67054018446
GENERIC_NMETHYLGLYCINE_AA	-110 	40 	0.00221302921101 	6.11339301827
GENERIC_NMETHYLGLYCINE_AA	-100 	40 	0.00269680005344 	5.91568937423
GENERIC_NMETHYLGLYCINE_AA	-90 	40 	0.00259986025099 	5.95229758502
GENERIC_NMETHYLGLYCINE_AA	-80 	40 	0.00181635940581 	6.3109211077
GENERIC_NMETHYLGLYCINE_AA	-70 	40 	0.00053792123952 	7.52779840346
GENERIC_NMETHYLGLYCINE_AA	-60 	40 	6.65525305226e-06 	11.9201040825
GENERIC_NMETHYLGLYCINE_AA	-50 	40 	2.57557814388e-14 	31.2901172711
GENERIC_NMETHYLGLYCINE_AA	-40 	40 	2.13854488192e-33 	75.2251824328
GENERIC_NMETHYLGLYCINE_AA	-30 	40 	5.4702553231e-43 	97.3118337064
GENERIC_NMETHYLGLYCINE_AA	-20 	40 	1.04793683887e-41 	94.3591654969
GENERIC_NMETHYLGLYCINE_AA	-10 	40 	2.70681754205e-34 	77.2921195557
GENERIC_NMETHYLGLYCINE_AA	0 	40 	8.91899953183e-28 	62.2841988236
GENERIC_NMETHYLGLYCINE_AA	10 	40 	1.67800646087e-17 	38.6263401225
GENERIC_NMETHYLGLYCINE_AA	20 	40 	2.34930013984e-08 	17.566563273
GENERIC_NMETHYLGLYCINE_AA	30 	40 	2.76171852652e-05 	10.4970723245
GENERIC_NMETHYLGLYCINE_AA	40 	40 	0.000369551569616 	7.90322026137
GENERIC_NMETHYLGLYCINE_AA	50 	40 	0.00114513205751 	6.77223531455
GENERIC_NMETHYLGLYCINE_AA	60 	40 	0.00196034330619 	6.23463566486
GENERIC_NMETHYLGLYCINE_AA	70 	40 	0.00245702395969 	6.00880443389
GENERIC_NMETHYLGLYCINE_AA	80 	40 	0.0023582039066 	6.04985500622
GENERIC_NMETHYLGLYCINE_AA	90 	40 	0.00134057816767 	6.61465428966
GENERIC_NMETHYLGLYCINE_AA	100 	40 	0.000119306612752 	9.03381380079
GENERIC_NMETHYLGLYCINE_AA	110 	40 	1.4858692576e-09 	20.3272658773
GENERIC_NMETHYLGLYCINE_AA	120 	40 	2.1060478991e-19 	43.0043036093
GENERIC_NMETHYLGLYCINE_AA	130 	40 	4.98225840734e-25 	55.9587440412
GENERIC_NMETHYLGLYCINE_AA	140 	40 	2.00299211183e-27 	61.4751553923
GENERIC_NMETHYLGLYCINE_AA	150 	40 	2.37004589559e-29 	65.9120583766
GENERIC_NMETHYLGLYCINE_AA	160 	40 	4.15571283147e-30 	67.6530688163
GENERIC_NMETHYLGLYCINE_AA	170 	40 	3.8083350893e-32 	72.3455308666
GENERIC_NMETHYLGLYCINE_AA	-180 	50 	1.52684770584e-18 	41.0233263869
GENERIC_NMETHYLGLYCINE_AA	-170 	50 	1.91942344568e-15 	33.8867515427
GENERIC_NMETHYLGLYCINE_AA	-160 	50 	3.39450138255e-11 	24.1062791409
GENERIC_NMETHYLGLYCINE_AA	-150 	50 	1.06314986342e-06 	13.754274487
GENERIC_NMETHYLGLYCINE_AA	-140 	50 	0.000117767341059 	9.04679956577
GENERIC_NMETHYLGLYCINE_AA	-130 	50 	0.000762211265647 	7.1792867892
GENERIC_NMETHYLGLYCINE_AA	-120 	50 	0.00174351665799 	6.35185113755
GENERIC_NMETHYLGLYCINE_AA	-110 	50 	0.00258812914615 	5.95682000168
GENERIC_NMETHYLGLYCINE_AA	-100 	50 	0.00303360799456 	5.79800261057
GENERIC_NMETHYLGLYCINE_AA	-90 	50 	0.00293384729109 	5.83144064864
GENERIC_NMETHYLGLYCINE_AA	-80 	50 	0.0021144167991 	6.15897624961
GENERIC_NMETHYLGLYCINE_AA	-70 	50 	0.000685777685672 	7.28495705613
GENERIC_NMETHYLGLYCINE_AA	-60 	50 	1.53863611251e-05 	11.0820290822
GENERIC_NMETHYLGLYCINE_AA	-50 	50 	6.30002171945e-11 	23.487882942
GENERIC_NMETHYLGLYCINE_AA	-40 	50 	2.67682307207e-21 	47.3696562824
GENERIC_NMETHYLGLYCINE_AA	-30 	50 	1.47006450077e-26 	59.4819061399
GENERIC_NMETHYLGLYCINE_AA	-20 	50 	2.3345313009e-27 	61.3219863675
GENERIC_NMETHYLGLYCINE_AA	-10 	50 	1.48551666213e-24 	54.8662795995
GENERIC_NMETHYLGLYCINE_AA	0 	50 	1.87169003122e-17 	38.5171047982
GENERIC_NMETHYLGLYCINE_AA	10 	50 	2.20217134906e-09 	19.9338219865
GENERIC_NMETHYLGLYCINE_AA	20 	50 	5.49643198178e-06 	12.1114114068
GENERIC_NMETHYLGLYCINE_AA	30 	50 	0.00013764088141 	8.89086257332
GENERIC_NMETHYLGLYCINE_AA	40 	50 	0.000646663782191 	7.34368405511
GENERIC_NMETHYLGLYCINE_AA	50 	50 	0.00146752119159 	6.52418056576
GENERIC_NMETHYLGLYCINE_AA	60 	50 	0.00227026752418 	6.08785760237
GENERIC_NMETHYLGLYCINE_AA	70 	50 	0.00273906481063 	5.90013872683
GENERIC_NMETHYLGLYCINE_AA	80 	50 	0.00260235883568 	5.95133700076
GENERIC_NMETHYLGLYCINE_AA	90 	50 	0.00151179828622 	6.49445541871
GENERIC_NMETHYLGLYCINE_AA	100 	50 	0.000184610452944 	8.59726261266
GENERIC_NMETHYLGLYCINE_AA	110 	50 	1.79759086663e-07 	15.5316482899
GENERIC_NMETHYLGLYCINE_AA	120 	50 	1.01369784829e-12 	27.6174162352
GENERIC_NMETHYLGLYCINE_AA	130 	50 	1.05957075814e-16 	36.7834976069
GENERIC_NMETHYLGLYCINE_AA	140 	50 	1.23449405212e-19 	43.5384555551
GENERIC_NMETHYLGLYCINE_AA	150 	50 	2.6776932017e-20 	45.0667461816
GENERIC_NMETHYLGLYCINE_AA	160 	50 	3.27561117326e-19 	42.5626122974
GENERIC_NMETHYLGLYCINE_AA	170 	50 	4.79776584395e-20 	44.4835514995
GENERIC_NMETHYLGLYCINE_AA	-180 	60 	2.60106954344e-11 	24.3725132996
GENERIC_NMETHYLGLYCINE_AA	-170 	60 	3.30360472782e-09 	19.5282516229
GENERIC_NMETHYLGLYCINE_AA	-160 	60 	1.19923072767e-06 	13.633830267
GENERIC_NMETHYLGLYCINE_AA	-150 	60 	5.4142758512e-05 	9.82388632362
GENERIC_NMETHYLGLYCINE_AA	-140 	60 	0.000384131921702 	7.86452451828
GENERIC_NMETHYLGLYCINE_AA	-130 	60 	0.00109547533196 	6.81656691679
GENERIC_NMETHYLGLYCINE_AA	-120 	60 	0.00199840917781 	6.21540382603
GENERIC_NMETHYLGLYCINE_AA	-110 	60 	0.00280358963214 	5.8768546714
GENERIC_NMETHYLGLYCINE_AA	-100 	60 	0.00326805080326 	5.72356155643
GENERIC_NMETHYLGLYCINE_AA	-90 	60 	0.00323275826475 	5.73441955422
GENERIC_NMETHYLGLYCINE_AA	-80 	60 	0.00249236727669 	5.99452230662
GENERIC_NMETHYLGLYCINE_AA	-70 	60 	0.00103415814919 	6.87416756567
GENERIC_NMETHYLGLYCINE_AA	-60 	60 	7.66017712702e-05 	9.47689035785
GENERIC_NMETHYLGLYCINE_AA	-50 	60 	9.82385575632e-08 	16.1358670554
GENERIC_NMETHYLGLYCINE_AA	-40 	60 	3.91885806763e-13 	28.5678059068
GENERIC_NMETHYLGLYCINE_AA	-30 	60 	1.13585405118e-17 	39.0165617449
GENERIC_NMETHYLGLYCINE_AA	-20 	60 	4.00816130187e-18 	40.0581990659
GENERIC_NMETHYLGLYCINE_AA	-10 	60 	2.54989780647e-14 	31.3001380194
GENERIC_NMETHYLGLYCINE_AA	0 	60 	2.21455372109e-09 	19.9282149341
GENERIC_NMETHYLGLYCINE_AA	10 	60 	1.49709402524e-06 	13.4119846454
GENERIC_NMETHYLGLYCINE_AA	20 	60 	4.04242351998e-05 	10.1160810717
GENERIC_NMETHYLGLYCINE_AA	30 	60 	0.000260117470801 	8.25437721821
GENERIC_NMETHYLGLYCINE_AA	40 	60 	0.000816917395754 	7.109972575
GENERIC_NMETHYLGLYCINE_AA	50 	60 	0.00164121501145 	6.4123184508
GENERIC_NMETHYLGLYCINE_AA	60 	60 	0.00244678142819 	6.01298182087
GENERIC_NMETHYLGLYCINE_AA	70 	60 	0.0029426837473 	5.8284332748
GENERIC_NMETHYLGLYCINE_AA	80 	60 	0.00286651527246 	5.85465817772
GENERIC_NMETHYLGLYCINE_AA	90 	60 	0.00188288420792 	6.2749505246
GENERIC_NMETHYLGLYCINE_AA	100 	60 	0.000445394393841 	7.71655039002
GENERIC_NMETHYLGLYCINE_AA	110 	60 	1.03403687401e-05 	11.479455028
GENERIC_NMETHYLGLYCINE_AA	120 	60 	1.19749281166e-08 	18.2404506965
GENERIC_NMETHYLGLYCINE_AA	130 	60 	3.2999137883e-11 	24.1345396796
GENERIC_NMETHYLGLYCINE_AA	140 	60 	5.64403758804e-12 	25.9004214221
GENERIC_NMETHYLGLYCINE_AA	150 	60 	1.88895042852e-11 	24.6924146769
GENERIC_NMETHYLGLYCINE_AA	160 	60 	2.37713225567e-11 	24.4625411964
GENERIC_NMETHYLGLYCINE_AA	170 	60 	1.05432543204e-11 	25.2755348614
GENERIC_NMETHYLGLYCINE_AA	-180 	70 	5.59300457906e-07 	14.3965790164
GENERIC_NMETHYLGLYCINE_AA	-170 	70 	4.60265290005e-06 	12.2888777033
GENERIC_NMETHYLGLYCINE_AA	-160 	70 	4.0206220345e-05 	10.1214888394
GENERIC_NMETHYLGLYCINE_AA	-150 	70 	0.000192017059281 	8.55792633946
GENERIC_NMETHYLGLYCINE_AA	-140 	70 	0.000562305629281 	7.48346503155
GENERIC_NMETHYLGLYCINE_AA	-130 	70 	0.00121155344103 	6.71585190722
GENERIC_NMETHYLGLYCINE_AA	-120 	70 	0.00205387789186 	6.18802561819
GENERIC_NMETHYLGLYCINE_AA	-110 	70 	0.0028557919171 	5.85840609532
GENERIC_NMETHYLGLYCINE_AA	-100 	70 	0.00337587616717 	5.69110038326
GENERIC_NMETHYLGLYCINE_AA	-90 	70 	0.00344604945478 	5.67052678962
GENERIC_NMETHYLGLYCINE_AA	-80 	70 	0.00288336754798 	5.84879638042
GENERIC_NMETHYLGLYCINE_AA	-70 	70 	0.00158960632394 	6.44426888841
GENERIC_NMETHYLGLYCINE_AA	-60 	70 	0.000334562896387 	8.00268566502
GENERIC_NMETHYLGLYCINE_AA	-50 	70 	1.18685354872e-05 	11.3416197363
GENERIC_NMETHYLGLYCINE_AA	-40 	70 	7.15788468148e-08 	16.4524662422
GENERIC_NMETHYLGLYCINE_AA	-30 	70 	1.10196575447e-09 	20.6261702025
GENERIC_NMETHYLGLYCINE_AA	-20 	70 	1.26997777984e-09 	20.4842664328
GENERIC_NMETHYLGLYCINE_AA	-10 	70 	3.91851273618e-08 	17.0549685662
GENERIC_NMETHYLGLYCINE_AA	0 	70 	1.24074386487e-06 	13.5997994672
GENERIC_NMETHYLGLYCINE_AA	10 	70 	1.39688732741e-05 	11.1786790412
GENERIC_NMETHYLGLYCINE_AA	20 	70 	8.1279174929e-05 	9.41762072516
GENERIC_NMETHYLGLYCINE_AA	30 	70 	0.000316775567432 	8.057317024
GENERIC_NMETHYLGLYCINE_AA	40 	70 	0.000857737504304 	7.06121244432
GENERIC_NMETHYLGLYCINE_AA	50 	70 	0.00166966524936 	6.39513212213
GENERIC_NMETHYLGLYCINE_AA	60 	70 	0.00249425629907 	5.99376467074
GENERIC_NMETHYLGLYCINE_AA	70 	70 	0.00305438374186 	5.79117742787
GENERIC_NMETHYLGLYCINE_AA	80 	70 	0.00311273191007 	5.77225451071
GENERIC_NMETHYLGLYCINE_AA	90 	70 	0.00238930710739 	6.0367518683
GENERIC_NMETHYLGLYCINE_AA	100 	70 	0.00103154072497 	6.87670174492
GENERIC_NMETHYLGLYCINE_AA	110 	70 	0.000163264770565 	8.72013731571
GENERIC_NMETHYLGLYCINE_AA	120 	70 	1.05826347083e-05 	11.4562961353
GENERIC_NMETHYLGLYCINE_AA	130 	70 	1.04730575794e-06 	13.7692896363
GENERIC_NMETHYLGLYCINE_AA	140 	70 	3.99089221488e-07 	14.7340808323
GENERIC_NMETHYLGLYCINE_AA	150 	70 	2.8987148755e-07 	15.0538281586
GENERIC_NMETHYLGLYCINE_AA	160 	70 	2.16559766794e-07 	15.3453992685
GENERIC_NMETHYLGLYCINE_AA	170 	70 	2.09475306176e-07 	15.3786599748
GENERIC_NMETHYLGLYCINE_AA	-180 	80 	2.03596026578e-05 	10.8019578823
GENERIC_NMETHYLGLYCINE_AA	-170 	80 	4.71109782109e-05 	9.96300450107
GENERIC_NMETHYLGLYCINE_AA	-160 	80 	0.000114818755186 	9.07215571472
GENERIC_NMETHYLGLYCINE_AA	-150 	80 	0.000262836174291 	8.24397963132
GENERIC_NMETHYLGLYCINE_AA	-140 	80 	0.000571388704454 	7.46744083656
GENERIC_NMETHYLGLYCINE_AA	-130 	80 	0.00113076241052 	6.78486317419
GENERIC_NMETHYLGLYCINE_AA	-120 	80 	0.00191606440338 	6.25748198654
GENERIC_NMETHYLGLYCINE_AA	-110 	80 	0.00273446196692 	5.90182058388
GENERIC_NMETHYLGLYCINE_AA	-100 	80 	0.00333987252835 	5.70182263789
GENERIC_NMETHYLGLYCINE_AA	-90 	80 	0.0035375635345 	5.64431705589
GENERIC_NMETHYLGLYCINE_AA	-80 	80 	0.00319538206821 	5.74604861514
GENERIC_NMETHYLGLYCINE_AA	-70 	80 	0.00221122912533 	6.11420675275
GENERIC_NMETHYLGLYCINE_AA	-60 	80 	0.000928712344697 	6.98171150682
GENERIC_NMETHYLGLYCINE_AA	-50 	80 	0.000184655574584 	8.59701822712
GENERIC_NMETHYLGLYCINE_AA	-40 	80 	2.12172669923e-05 	10.760695227
GENERIC_NMETHYLGLYCINE_AA	-30 	80 	3.79321916011e-06 	12.4822955168
GENERIC_NMETHYLGLYCINE_AA	-20 	80 	2.48042189035e-06 	12.9070818952
GENERIC_NMETHYLGLYCINE_AA	-10 	80 	4.27893273653e-06 	12.3618069401
GENERIC_NMETHYLGLYCINE_AA	0 	80 	1.01114239872e-05 	11.5018446855
GENERIC_NMETHYLGLYCINE_AA	10 	80 	2.83198366625e-05 	10.4719480567
GENERIC_NMETHYLGLYCINE_AA	20 	80 	9.20464037473e-05 	9.29321771952
GENERIC_NMETHYLGLYCINE_AA	30 	80 	0.000292635415631 	8.136583039
GENERIC_NMETHYLGLYCINE_AA	40 	80 	0.000768426128329 	7.1711661241
GENERIC_NMETHYLGLYCINE_AA	50 	80 	0.00154566923292 	6.47229830195
GENERIC_NMETHYLGLYCINE_AA	60 	80 	0.0024106582664 	6.02785542919
GENERIC_NMETHYLGLYCINE_AA	70 	80 	0.00306184448915 	5.78873777038
GENERIC_NMETHYLGLYCINE_AA	80 	80 	0.00328155287297 	5.71943853174
GENERIC_NMETHYLGLYCINE_AA	90 	80 	0.00288285726735 	5.84897336993
GENERIC_NMETHYLGLYCINE_AA	100 	80 	0.00185615597399 	6.28924761044
GENERIC_NMETHYLGLYCINE_AA	110 	80 	0.000778965649611 	7.15754360856
GENERIC_NMETHYLGLYCINE_AA	120 	80 	0.000236937554439 	8.34771393493
GENERIC_NMETHYLGLYCINE_AA	130 	80 	7.73624330826e-05 	9.46700925588
GENERIC_NMETHYLGLYCINE_AA	140 	80 	3.38082086849e-05 	10.2948069245
GENERIC_NMETHYLGLYCINE_AA	150 	80 	1.83749873592e-05 	10.9045202008
GENERIC_NMETHYLGLYCINE_AA	160 	80 	1.25868656635e-05 	11.2828566953
GENERIC_NMETHYLGLYCINE_AA	170 	80 	1.25364386805e-05 	11.2868710599
GENERIC_NMETHYLGLYCINE_AA	-180 	90 	6.07565162913e-05 	9.70863621744
GENERIC_NMETHYLGLYCINE_AA	-170 	90 	8.06875387028e-05 	9.4249264097
GENERIC_NMETHYLGLYCINE_AA	-160 	90 	0.000123863294137 	8.99633206716
GENERIC_NMETHYLGLYCINE_AA	-150 	90 	0.00021989910356 	8.42234173699
GENERIC_NMETHYLGLYCINE_AA	-140 	90 	0.000436155562407 	7.73751158374
GENERIC_NMETHYLGLYCINE_AA	-130 	90 	0.000867515758006 	7.04987688146
GENERIC_NMETHYLGLYCINE_AA	-120 	90 	0.00156169930294 	6.46198075382
GENERIC_NMETHYLGLYCINE_AA	-110 	90 	0.00241154076199 	6.02748941543
GENERIC_NMETHYLGLYCINE_AA	-100 	90 	0.00314354205384 	5.7624050722
GENERIC_NMETHYLGLYCINE_AA	-90 	90 	0.00349827417751 	5.65548552424
GENERIC_NMETHYLGLYCINE_AA	-80 	90 	0.00336396518385 	5.69463488655
GENERIC_NMETHYLGLYCINE_AA	-70 	90 	0.00269970236096 	5.91461374873
GENERIC_NMETHYLGLYCINE_AA	-60 	90 	0.00164957640039 	6.40723675106
GENERIC_NMETHYLGLYCINE_AA	-50 	90 	0.00070498670149 	7.25733161847
GENERIC_NMETHYLGLYCINE_AA	-40 	90 	0.00022845925226 	8.38415269062
GENERIC_NMETHYLGLYCINE_AA	-30 	90 	7.53160103834e-05 	9.49381782447
GENERIC_NMETHYLGLYCINE_AA	-20 	90 	3.27123689999e-05 	10.3277572947
GENERIC_NMETHYLGLYCINE_AA	-10 	90 	2.0001882875e-05 	10.8196841451
GENERIC_NMETHYLGLYCINE_AA	0 	90 	1.8587629174e-05 	10.8930142967
GENERIC_NMETHYLGLYCINE_AA	10 	90 	2.87358532327e-05 	10.4573649733
GENERIC_NMETHYLGLYCINE_AA	20 	90 	6.73503784334e-05 	9.60560203622
GENERIC_NMETHYLGLYCINE_AA	30 	90 	0.000192631872789 	8.55472958533
GENERIC_NMETHYLGLYCINE_AA	40 	90 	0.000542211942153 	7.51985359578
GENERIC_NMETHYLGLYCINE_AA	50 	90 	0.00124958770509 	6.68494161801
GENERIC_NMETHYLGLYCINE_AA	60 	90 	0.00217571025251 	6.13040011487
GENERIC_NMETHYLGLYCINE_AA	70 	90 	0.00295583789238 	5.8239731176
GENERIC_NMETHYLGLYCINE_AA	80 	90 	0.00333982234658 	5.70183766306
GENERIC_NMETHYLGLYCINE_AA	90 	90 	0.003223422727 		5.73731152527
GENERIC_NMETHYLGLYCINE_AA	100 	90 	0.00258420220179 	5.95833844466
GENERIC_NMETHYLGLYCINE_AA	110 	90 	0.00166480682624 	6.39804618255
GENERIC_NMETHYLGLYCINE_AA	120 	90 	0.000886968082647 	7.02770155979
GENERIC_NMETHYLGLYCINE_AA	130 	90 	0.000430208558926 	7.7512404461
GENERIC_NMETHYLGLYCINE_AA	140 	90 	0.000205884255192 	8.48819641508
GENERIC_NMETHYLGLYCINE_AA	150 	90 	0.000105809300629 	9.15387213476
GENERIC_NMETHYLGLYCINE_AA	160 	90 	6.65479835089e-05 	9.61758731397
GENERIC_NMETHYLGLYCINE_AA	170 	90 	5.56115657379e-05 	9.79711936147
GENERIC_NMETHYLGLYCINE_AA	-180 	100 	5.35897433206e-05 	9.83415286416
GENERIC_NMETHYLGLYCINE_AA	-170 	100 	5.24789700592e-05 	9.85509803892
GENERIC_NMETHYLGLYCINE_AA	-160 	100 	6.73855259997e-05 	9.60508031089
GENERIC_NMETHYLGLYCINE_AA	-150 	100 	0.000110890806001 	9.10696457055
GENERIC_NMETHYLGLYCINE_AA	-140 	100 	0.000219487277089 	8.42421629028
GENERIC_NMETHYLGLYCINE_AA	-130 	100 	0.000472261267566 	7.65797819254
GENERIC_NMETHYLGLYCINE_AA	-120 	100 	0.00100405911041 	6.90370438454
GENERIC_NMETHYLGLYCINE_AA	-110 	100 	0.00187024614361 	6.28168522918
GENERIC_NMETHYLGLYCINE_AA	-100 	100 	0.00278705496843 	5.88276980752
GENERIC_NMETHYLGLYCINE_AA	-90 	100 	0.00334203850216 	5.70117432818
GENERIC_NMETHYLGLYCINE_AA	-80 	100 	0.00338773979976 	5.68759230569
GENERIC_NMETHYLGLYCINE_AA	-70 	100 	0.00295964164803 	5.82268708283
GENERIC_NMETHYLGLYCINE_AA	-60 	100 	0.00215774845662 	6.13868998214
GENERIC_NMETHYLGLYCINE_AA	-50 	100 	0.00125014535951 	6.68449544682
GENERIC_NMETHYLGLYCINE_AA	-40 	100 	0.000569113547428 	7.47143058763
GENERIC_NMETHYLGLYCINE_AA	-30 	100 	0.000215491039454 	8.44259122954
GENERIC_NMETHYLGLYCINE_AA	-20 	100 	7.59522329225e-05 	9.48540592945
GENERIC_NMETHYLGLYCINE_AA	-10 	100 	2.98994549852e-05 	10.4176703057
GENERIC_NMETHYLGLYCINE_AA	0 	100 	1.67617080655e-05 	10.9964135549
GENERIC_NMETHYLGLYCINE_AA	10 	100 	1.5470997902e-05 	11.0765433898
GENERIC_NMETHYLGLYCINE_AA	20 	100 	2.40841526156e-05 	10.6339565016
GENERIC_NMETHYLGLYCINE_AA	30 	100 	6.44159350743e-05 	9.65014951642
GENERIC_NMETHYLGLYCINE_AA	40 	100 	0.000241847514095 	8.32720313746
GENERIC_NMETHYLGLYCINE_AA	50 	100 	0.000805445562994 	7.12411493927
GENERIC_NMETHYLGLYCINE_AA	60 	100 	0.00179076237296 	6.32511384312
GENERIC_NMETHYLGLYCINE_AA	70 	100 	0.00273971177885 	5.89990255432
GENERIC_NMETHYLGLYCINE_AA	80 	100 	0.00328819046724 	5.71741787547
GENERIC_NMETHYLGLYCINE_AA	90 	100 	0.00337284288051 	5.69199930551
GENERIC_NMETHYLGLYCINE_AA	100 	100 	0.00301209355666 	5.80511990822
GENERIC_NMETHYLGLYCINE_AA	110 	100 	0.00231571509332 	6.06803674354
GENERIC_NMETHYLGLYCINE_AA	120 	100 	0.00151699728203 	6.49102237029
GENERIC_NMETHYLGLYCINE_AA	130 	100 	0.00085017559593 	7.07006764637
GENERIC_NMETHYLGLYCINE_AA	140 	100 	0.000422419032252 	7.76951276917
GENERIC_NMETHYLGLYCINE_AA	150 	100 	0.000205382974618 	8.49063415281
GENERIC_NMETHYLGLYCINE_AA	160 	100 	0.000110741492564 	9.10831196857
GENERIC_NMETHYLGLYCINE_AA	170 	100 	7.01244105021e-05 	9.56523960054
GENERIC_NMETHYLGLYCINE_AA	-180 	110 	1.40764699184e-05 	11.1710059547
GENERIC_NMETHYLGLYCINE_AA	-170 	110 	1.1157097079e-05 	11.4034347532
GENERIC_NMETHYLGLYCINE_AA	-160 	110 	1.43004887856e-05 	11.1552168405
GENERIC_NMETHYLGLYCINE_AA	-150 	110 	2.40516843646e-05 	10.6353055279
GENERIC_NMETHYLGLYCINE_AA	-140 	110 	4.93842107553e-05 	9.9158798052
GENERIC_NMETHYLGLYCINE_AA	-130 	110 	0.000128664312618 	8.95830377305
GENERIC_NMETHYLGLYCINE_AA	-120 	110 	0.000415862329109 	7.78515629212
GENERIC_NMETHYLGLYCINE_AA	-110 	110 	0.00119466547419 	6.72988907071
GENERIC_NMETHYLGLYCINE_AA	-100 	110 	0.00230809288996 	6.07133368419
GENERIC_NMETHYLGLYCINE_AA	-90 	110 	0.00310098706561 	5.77603480991
GENERIC_NMETHYLGLYCINE_AA	-80 	110 	0.00330696722409 	5.7117237561
GENERIC_NMETHYLGLYCINE_AA	-70 	110 	0.00302501050904 	5.80084071344
GENERIC_NMETHYLGLYCINE_AA	-60 	110 	0.00237693329982 	6.04194415165
GENERIC_NMETHYLGLYCINE_AA	-50 	110 	0.00153928493967 	6.47643729528
GENERIC_NMETHYLGLYCINE_AA	-40 	110 	0.000777026534173 	7.16003605866
GENERIC_NMETHYLGLYCINE_AA	-30 	110 	0.000297226009909 	8.12101773243
GENERIC_NMETHYLGLYCINE_AA	-20 	110 	8.98101541545e-05 	9.31781251383
GENERIC_NMETHYLGLYCINE_AA	-10 	110 	2.46021579301e-05 	10.6126763981
GENERIC_NMETHYLGLYCINE_AA	0 	110 	7.08416743157e-06 	11.8576482031
GENERIC_NMETHYLGLYCINE_AA	10 	110 	2.41774230334e-06 	12.9326763858
GENERIC_NMETHYLGLYCINE_AA	20 	110 	1.62821694871e-06 	13.3280250384
GENERIC_NMETHYLGLYCINE_AA	30 	110 	4.82084383908e-06 	12.2425615749
GENERIC_NMETHYLGLYCINE_AA	40 	110 	4.55706969631e-05 	9.99624565847
GENERIC_NMETHYLGLYCINE_AA	50 	110 	0.000369349096427 	7.90376830038
GENERIC_NMETHYLGLYCINE_AA	60 	110 	0.00132244109837 	6.62827593332
GENERIC_NMETHYLGLYCINE_AA	70 	110 	0.0024430989198 	6.01448799641
GENERIC_NMETHYLGLYCINE_AA	80 	110 	0.00315165670672 	5.75982702576
GENERIC_NMETHYLGLYCINE_AA	90 	110 	0.00337247757156 	5.69210762029
GENERIC_NMETHYLGLYCINE_AA	100 	110 	0.00317183374918 	5.75344538857
GENERIC_NMETHYLGLYCINE_AA	110 	110 	0.00261744346478 	5.94555721439
GENERIC_NMETHYLGLYCINE_AA	120 	110 	0.00185029639998 	6.29240943652
GENERIC_NMETHYLGLYCINE_AA	130 	110 	0.00108587446718 	6.82536965607
GENERIC_NMETHYLGLYCINE_AA	140 	110 	0.000528245531754 	7.54594936009
GENERIC_NMETHYLGLYCINE_AA	150 	110 	0.000223492363129 	8.40613331394
GENERIC_NMETHYLGLYCINE_AA	160 	110 	8.56637256344e-05 	9.36508109344
GENERIC_NMETHYLGLYCINE_AA	170 	110 	3.10839238552e-05 	10.3788197903
GENERIC_NMETHYLGLYCINE_AA	-180 	120 	4.04740853666e-07 	14.7200188421
GENERIC_NMETHYLGLYCINE_AA	-170 	120 	3.45177798649e-07 	14.8792061943
GENERIC_NMETHYLGLYCINE_AA	-160 	120 	5.95911803873e-07 	14.3331731609
GENERIC_NMETHYLGLYCINE_AA	-150 	120 	1.05845322127e-06 	13.7587019408
GENERIC_NMETHYLGLYCINE_AA	-140 	120 	2.10649058614e-06 	13.0704872245
GENERIC_NMETHYLGLYCINE_AA	-130 	120 	8.74509007007e-06 	11.6470181499
GENERIC_NMETHYLGLYCINE_AA	-120 	120 	8.30268651206e-05 	9.39634632639
GENERIC_NMETHYLGLYCINE_AA	-110 	120 	0.000604993688415 	7.41029253236
GENERIC_NMETHYLGLYCINE_AA	-100 	120 	0.0018144279915 	6.31198501714
GENERIC_NMETHYLGLYCINE_AA	-90 	120 	0.00282713920181 	5.86848996137
GENERIC_NMETHYLGLYCINE_AA	-80 	120 	0.00316812552979 	5.75461518151
GENERIC_NMETHYLGLYCINE_AA	-70 	120 	0.00297134980781 	5.81873894867
GENERIC_NMETHYLGLYCINE_AA	-60 	120 	0.00240149941811 	6.03166197916
GENERIC_NMETHYLGLYCINE_AA	-50 	120 	0.00160702719668 	6.43336926849
GENERIC_NMETHYLGLYCINE_AA	-40 	120 	0.00082245123999 	7.10322135977
GENERIC_NMETHYLGLYCINE_AA	-30 	120 	0.00029664449143 	8.12297613469
GENERIC_NMETHYLGLYCINE_AA	-20 	120 	7.04002222506e-05 	9.56131413784
GENERIC_NMETHYLGLYCINE_AA	-10 	120 	9.83257372802e-06 	11.5298098343
GENERIC_NMETHYLGLYCINE_AA	0 	120 	5.97408126078e-07 	14.3306653289
GENERIC_NMETHYLGLYCINE_AA	10 	120 	1.70045894386e-08 	17.8897825623
GENERIC_NMETHYLGLYCINE_AA	20 	120 	2.06274827676e-09 	19.9992266284
GENERIC_NMETHYLGLYCINE_AA	30 	120 	1.78570183191e-08 	17.8408692229
GENERIC_NMETHYLGLYCINE_AA	40 	120 	2.28275634138e-06 	12.9901269235
GENERIC_NMETHYLGLYCINE_AA	50 	120 	0.000116847722385 	9.05463898896
GENERIC_NMETHYLGLYCINE_AA	60 	120 	0.000901180802493 	7.01180465179
GENERIC_NMETHYLGLYCINE_AA	70 	120 	0.00212924183603 	6.15198930815
GENERIC_NMETHYLGLYCINE_AA	80 	120 	0.00296590164151 	5.82057419781
GENERIC_NMETHYLGLYCINE_AA	90 	120 	0.00327976027519 	5.71998494609
GENERIC_NMETHYLGLYCINE_AA	100 	120 	0.00316319100318 	5.75617394977
GENERIC_NMETHYLGLYCINE_AA	110 	120 	0.00268120128952 	5.92149034253
GENERIC_NMETHYLGLYCINE_AA	120 	120 	0.00193335471635 	6.24849858998
GENERIC_NMETHYLGLYCINE_AA	130 	120 	0.0011202011931 	6.79424697311
GENERIC_NMETHYLGLYCINE_AA	140 	120 	0.000487389468567 	7.62644702438
GENERIC_NMETHYLGLYCINE_AA	150 	120 	0.000142462267221 	8.85643338475
GENERIC_NMETHYLGLYCINE_AA	160 	120 	2.25742541942e-05 	10.698700496
GENERIC_NMETHYLGLYCINE_AA	170 	120 	2.15677526851e-06 	13.046896383
GENERIC_NMETHYLGLYCINE_AA	-180 	130 	1.71594140064e-10 	22.4858890783
GENERIC_NMETHYLGLYCINE_AA	-170 	130 	4.43471625473e-10 	21.5363872949
GENERIC_NMETHYLGLYCINE_AA	-160 	130 	1.63350540976e-09 	20.2325375731
GENERIC_NMETHYLGLYCINE_AA	-150 	130 	2.22538372729e-09 	19.9233364745
GENERIC_NMETHYLGLYCINE_AA	-140 	130 	3.03280394874e-09 	19.6137782497
GENERIC_NMETHYLGLYCINE_AA	-130 	130 	5.16849808293e-08 	16.7780986038
GENERIC_NMETHYLGLYCINE_AA	-120 	130 	6.92425651353e-06 	11.8804798743
GENERIC_NMETHYLGLYCINE_AA	-110 	130 	0.000269932640333 	8.21733811034
GENERIC_NMETHYLGLYCINE_AA	-100 	130 	0.00144016956772 	6.54299441697
GENERIC_NMETHYLGLYCINE_AA	-90 	130 	0.00259076230581 	5.95580312001
GENERIC_NMETHYLGLYCINE_AA	-80 	130 	0.00300331746226 	5.80803778053
GENERIC_NMETHYLGLYCINE_AA	-70 	130 	0.00285245836154 	5.85957407352
GENERIC_NMETHYLGLYCINE_AA	-60 	130 	0.00231891019067 	6.06665794907
GENERIC_NMETHYLGLYCINE_AA	-50 	130 	0.00154145173898 	6.47503061896
GENERIC_NMETHYLGLYCINE_AA	-40 	130 	0.000756659981735 	7.18659657091
GENERIC_NMETHYLGLYCINE_AA	-30 	130 	0.000231122718427 	8.3725617399
GENERIC_NMETHYLGLYCINE_AA	-20 	130 	3.14250325037e-05 	10.3679057692
GENERIC_NMETHYLGLYCINE_AA	-10 	130 	8.09082787394e-07 	14.0273645921
GENERIC_NMETHYLGLYCINE_AA	0 	130 	8.03665077518e-10 	20.9418385038
GENERIC_NMETHYLGLYCINE_AA	10 	130 	7.44699299469e-14 	30.2283809759
GENERIC_NMETHYLGLYCINE_AA	20 	130 	4.19405101408e-15 	33.1051092989
GENERIC_NMETHYLGLYCINE_AA	30 	130 	8.03761717028e-13 	27.8494735415
GENERIC_NMETHYLGLYCINE_AA	40 	130 	3.1925075946e-08 	17.2598740561
GENERIC_NMETHYLGLYCINE_AA	50 	130 	3.23358916085e-05 	10.3393327493
GENERIC_NMETHYLGLYCINE_AA	60 	130 	0.000626610421222 	7.3751855482
GENERIC_NMETHYLGLYCINE_AA	70 	130 	0.00186888994518 	6.28241063658
GENERIC_NMETHYLGLYCINE_AA	80 	130 	0.00277220696115 	5.88811153913
GENERIC_NMETHYLGLYCINE_AA	90 	130 	0.00313547194532 	5.76497557546
GENERIC_NMETHYLGLYCINE_AA	100 	130 	0.00306173923435 	5.78877214724
GENERIC_NMETHYLGLYCINE_AA	110 	130 	0.00260684758576 	5.9496136092
GENERIC_NMETHYLGLYCINE_AA	120 	130 	0.00185091731713 	6.29207391569
GENERIC_NMETHYLGLYCINE_AA	130 	130 	0.000985800391844 	6.9220566662
GENERIC_NMETHYLGLYCINE_AA	140 	130 	0.000312277537267 	8.07161822304
GENERIC_NMETHYLGLYCINE_AA	150 	130 	3.32745403811e-05 	10.3107180065
GENERIC_NMETHYLGLYCINE_AA	160 	130 	4.78313629775e-07 	14.5529991904
GENERIC_NMETHYLGLYCINE_AA	170 	130 	2.20743425496e-09 	19.9314349665
GENERIC_NMETHYLGLYCINE_AA	-180 	140 	4.47286432084e-15 	33.0407474038
GENERIC_NMETHYLGLYCINE_AA	-170 	140 	1.1006296788e-14 	32.1403088506
GENERIC_NMETHYLGLYCINE_AA	-160 	140 	8.62897193401e-14 	30.0810659309
GENERIC_NMETHYLGLYCINE_AA	-150 	140 	3.52361537459e-14 	30.9767037444
GENERIC_NMETHYLGLYCINE_AA	-140 	140 	5.05147674292e-13 	28.313925584
GENERIC_NMETHYLGLYCINE_AA	-130 	140 	1.46225043646e-10 	22.6458742861
GENERIC_NMETHYLGLYCINE_AA	-120 	140 	4.3787879131e-07 	14.641323697
GENERIC_NMETHYLGLYCINE_AA	-110 	140 	0.000147367564222 	8.82258065519
GENERIC_NMETHYLGLYCINE_AA	-100 	140 	0.00126179638736 	6.67521886912
GENERIC_NMETHYLGLYCINE_AA	-90 	140 	0.00243799998927 	6.01657725233
GENERIC_NMETHYLGLYCINE_AA	-80 	140 	0.00284608081984 	5.86181238202
GENERIC_NMETHYLGLYCINE_AA	-70 	140 	0.00269605209114 	5.91596676448
GENERIC_NMETHYLGLYCINE_AA	-60 	140 	0.00216487169233 	6.13539418379
GENERIC_NMETHYLGLYCINE_AA	-50 	140 	0.0013860145327 	6.58132289291
GENERIC_NMETHYLGLYCINE_AA	-40 	140 	0.000603809872465 	7.41225119027
GENERIC_NMETHYLGLYCINE_AA	-30 	140 	0.000123238147961 	9.00139191226
GENERIC_NMETHYLGLYCINE_AA	-20 	140 	4.15458781544e-06 	12.3912973366
GENERIC_NMETHYLGLYCINE_AA	-10 	140 	1.2550824237e-09 	20.4960645903
GENERIC_NMETHYLGLYCINE_AA	0 	140 	3.75279184837e-16 	35.518861432
GENERIC_NMETHYLGLYCINE_AA	10 	140 	5.33333567958e-20 	44.3777249864
GENERIC_NMETHYLGLYCINE_AA	20 	140 	4.17987267608e-20 	44.6214210741
GENERIC_NMETHYLGLYCINE_AA	30 	140 	1.23129244437e-16 	36.6332971024
GENERIC_NMETHYLGLYCINE_AA	40 	140 	5.08481198762e-10 	21.399592875
GENERIC_NMETHYLGLYCINE_AA	50 	140 	1.34171388522e-05 	11.2189776494
GENERIC_NMETHYLGLYCINE_AA	60 	140 	0.000508481688879 	7.58408135319
GENERIC_NMETHYLGLYCINE_AA	70 	140 	0.00170771006623 	6.37260194848
GENERIC_NMETHYLGLYCINE_AA	80 	140 	0.00260296440072 	5.95110432932
GENERIC_NMETHYLGLYCINE_AA	90 	140 	0.00297337999998 	5.81805592612
GENERIC_NMETHYLGLYCINE_AA	100 	140 	0.00290714856833 	5.84058255161
GENERIC_NMETHYLGLYCINE_AA	110 	140 	0.00244017436987 	6.01568577917
GENERIC_NMETHYLGLYCINE_AA	120 	140 	0.00163282016928 	6.41744659398
GENERIC_NMETHYLGLYCINE_AA	130 	140 	0.000692556785866 	7.27512032201
GENERIC_NMETHYLGLYCINE_AA	140 	140 	9.40364274651e-05 	9.27182832454
GENERIC_NMETHYLGLYCINE_AA	150 	140 	6.17451561026e-07 	14.2976652152
GENERIC_NMETHYLGLYCINE_AA	160 	140 	9.76572673476e-11 	23.049557039
GENERIC_NMETHYLGLYCINE_AA	170 	140 	1.45394637951e-13 	29.5593247084
GENERIC_NMETHYLGLYCINE_AA	-180 	150 	7.21724783548e-20 	44.0752281659
GENERIC_NMETHYLGLYCINE_AA	-170 	150 	4.46864709522e-19 	42.2520310673
GENERIC_NMETHYLGLYCINE_AA	-160 	150 	6.33620457502e-19 	41.9028368252
GENERIC_NMETHYLGLYCINE_AA	-150 	150 	1.44277069694e-18 	41.0799663139
GENERIC_NMETHYLGLYCINE_AA	-140 	150 	8.07199051247e-16 	34.7529613802
GENERIC_NMETHYLGLYCINE_AA	-130 	150 	4.47532014381e-12 	26.1324432262
GENERIC_NMETHYLGLYCINE_AA	-120 	150 	1.02256666288e-07 	16.0957798482
GENERIC_NMETHYLGLYCINE_AA	-110 	150 	0.000139706859287 	8.87596419278
GENERIC_NMETHYLGLYCINE_AA	-100 	150 	0.00127987665302 	6.66099157052
GENERIC_NMETHYLGLYCINE_AA	-90 	150 	0.00237356805944 	6.04336094567
GENERIC_NMETHYLGLYCINE_AA	-80 	150 	0.00270861789859 	5.91131677471
GENERIC_NMETHYLGLYCINE_AA	-70 	150 	0.00251832557696 	5.98416105189
GENERIC_NMETHYLGLYCINE_AA	-60 	150 	0.00195267490522 	6.23855510012
GENERIC_NMETHYLGLYCINE_AA	-50 	150 	0.00114835154606 	6.76942780317
GENERIC_NMETHYLGLYCINE_AA	-40 	150 	0.000382790980143 	7.86802146151
GENERIC_NMETHYLGLYCINE_AA	-30 	150 	3.02754721835e-05 	10.4051726722
GENERIC_NMETHYLGLYCINE_AA	-20 	150 	3.15171716428e-08 	17.2727333081
GENERIC_NMETHYLGLYCINE_AA	-10 	150 	8.58101015593e-16 	34.6918098475
GENERIC_NMETHYLGLYCINE_AA	0 	150 	3.50177458078e-22 	49.4036021828
GENERIC_NMETHYLGLYCINE_AA	10 	150 	8.67374080886e-25 	55.4043271613
GENERIC_NMETHYLGLYCINE_AA	20 	150 	1.45781416011e-23 	52.5825189756
GENERIC_NMETHYLGLYCINE_AA	30 	150 	9.71790929292e-19 	41.4751462649
GENERIC_NMETHYLGLYCINE_AA	40 	150 	1.01506488201e-10 	23.0108983963
GENERIC_NMETHYLGLYCINE_AA	50 	150 	1.32378824413e-05 	11.2324279567
GENERIC_NMETHYLGLYCINE_AA	60 	150 	0.000516354257145 	7.56871748319
GENERIC_NMETHYLGLYCINE_AA	70 	150 	0.00165224538658 	6.40562007583
GENERIC_NMETHYLGLYCINE_AA	80 	150 	0.00247834041091 	6.00016613196
GENERIC_NMETHYLGLYCINE_AA	90 	150 	0.00281606820287 	5.87241362121
GENERIC_NMETHYLGLYCINE_AA	100 	150 	0.00271853948346 	5.90766049749
GENERIC_NMETHYLGLYCINE_AA	110 	150 	0.00219281237047 	6.12257037159
GENERIC_NMETHYLGLYCINE_AA	120 	150 	0.00126938342649 	6.66922398736
GENERIC_NMETHYLGLYCINE_AA	130 	150 	0.000306045657272 	8.09177626037
GENERIC_NMETHYLGLYCINE_AA	140 	150 	4.46912609739e-06 	12.3183176724
GENERIC_NMETHYLGLYCINE_AA	150 	150 	1.4601028676e-10 	22.6473440394
GENERIC_NMETHYLGLYCINE_AA	160 	150 	8.417807764e-15 	32.4084269611
GENERIC_NMETHYLGLYCINE_AA	170 	150 	2.62492024557e-18 	40.481481161
GENERIC_NMETHYLGLYCINE_AA	-180 	160 	2.93144203023e-23 	51.8839626764
GENERIC_NMETHYLGLYCINE_AA	-170 	160 	6.10398896364e-23 	51.1505146529
GENERIC_NMETHYLGLYCINE_AA	-160 	160 	1.45178962389e-22 	50.2840750271
GENERIC_NMETHYLGLYCINE_AA	-150 	160 	4.03764150238e-21 	46.9586262179
GENERIC_NMETHYLGLYCINE_AA	-140 	160 	4.10820444449e-17 	37.7309605227
GENERIC_NMETHYLGLYCINE_AA	-130 	160 	2.29974376481e-12 	26.7982234058
GENERIC_NMETHYLGLYCINE_AA	-120 	160 	2.5946466852e-07 	15.1646452957
GENERIC_NMETHYLGLYCINE_AA	-110 	160 	0.000230736639475 	8.37423358669
GENERIC_NMETHYLGLYCINE_AA	-100 	160 	0.00145212095451 	6.53473006405
GENERIC_NMETHYLGLYCINE_AA	-90 	160 	0.00237345483584 	6.04340864866
GENERIC_NMETHYLGLYCINE_AA	-80 	160 	0.0025901936734 	5.95602262869
GENERIC_NMETHYLGLYCINE_AA	-70 	160 	0.00232445634676 	6.06426909664
GENERIC_NMETHYLGLYCINE_AA	-60 	160 	0.00169385918893 	6.38074580963
GENERIC_NMETHYLGLYCINE_AA	-50 	160 	0.000841707974843 	7.08007742711
GENERIC_NMETHYLGLYCINE_AA	-40 	160 	0.000159389050286 	8.74416248728
GENERIC_NMETHYLGLYCINE_AA	-30 	160 	1.46986400097e-06 	13.4303406778
GENERIC_NMETHYLGLYCINE_AA	-20 	160 	4.58521507741e-13 	28.4107691954
GENERIC_NMETHYLGLYCINE_AA	-10 	160 	1.02284109228e-21 	48.331702813
GENERIC_NMETHYLGLYCINE_AA	0 	160 	8.08473170598e-27 	60.0798202025
GENERIC_NMETHYLGLYCINE_AA	10 	160 	5.267498908e-28 	62.8108269444
GENERIC_NMETHYLGLYCINE_AA	20 	160 	2.77768637041e-25 	56.5430089845
GENERIC_NMETHYLGLYCINE_AA	30 	160 	5.49452221581e-19 	42.0453651317
GENERIC_NMETHYLGLYCINE_AA	40 	160 	7.31901963996e-10 	21.0353745399
GENERIC_NMETHYLGLYCINE_AA	50 	160 	2.91108976801e-05 	10.4443979632
GENERIC_NMETHYLGLYCINE_AA	60 	160 	0.00062889131721 	7.37155210282
GENERIC_NMETHYLGLYCINE_AA	70 	160 	0.00168647231672 	6.38511631823
GENERIC_NMETHYLGLYCINE_AA	80 	160 	0.00240763868227 	6.02910881169
GENERIC_NMETHYLGLYCINE_AA	90 	160 	0.00267818036268 	5.92261768421
GENERIC_NMETHYLGLYCINE_AA	100 	160 	0.00250612142324 	5.98901897067
GENERIC_NMETHYLGLYCINE_AA	110 	160 	0.00185537987284 	6.28966582069
GENERIC_NMETHYLGLYCINE_AA	120 	160 	0.000778056556711 	7.15871134143
GENERIC_NMETHYLGLYCINE_AA	130 	160 	4.85008617734e-05 	9.93392899166
GENERIC_NMETHYLGLYCINE_AA	140 	160 	4.31159893973e-09 	19.2619570179
GENERIC_NMETHYLGLYCINE_AA	150 	160 	2.71326050298e-14 	31.2380402526
GENERIC_NMETHYLGLYCINE_AA	160 	160 	3.46812438976e-19 	42.5055028407
GENERIC_NMETHYLGLYCINE_AA	170 	160 	1.48567517284e-22 	50.2610027151
GENERIC_NMETHYLGLYCINE_AA	-180 	170 	1.82539338571e-25 	56.9628318072
GENERIC_NMETHYLGLYCINE_AA	-170 	170 	3.63510346149e-25 	56.2739897517
GENERIC_NMETHYLGLYCINE_AA	-160 	170 	2.53896697085e-24 	54.3302849379
GENERIC_NMETHYLGLYCINE_AA	-150 	170 	8.80273581866e-22 	48.4818094842
GENERIC_NMETHYLGLYCINE_AA	-140 	170 	1.01355569489e-16 	36.8278968495
GENERIC_NMETHYLGLYCINE_AA	-130 	170 	1.93492944591e-11 	24.6683651592
GENERIC_NMETHYLGLYCINE_AA	-120 	170 	3.4846481161e-06 	12.5671434898
GENERIC_NMETHYLGLYCINE_AA	-110 	170 	0.00047465210709 	7.6529284284
GENERIC_NMETHYLGLYCINE_AA	-100 	170 	0.00171209057961 	6.37004009401
GENERIC_NMETHYLGLYCINE_AA	-90 	170 	0.00240998367328 	6.02813530607
GENERIC_NMETHYLGLYCINE_AA	-80 	170 	0.00249180264145 	5.99474887804
GENERIC_NMETHYLGLYCINE_AA	-70 	170 	0.00212680827024 	6.15313288776
GENERIC_NMETHYLGLYCINE_AA	-60 	170 	0.00140126472659 	6.57038007402
GENERIC_NMETHYLGLYCINE_AA	-50 	170 	0.000513089732875 	7.57505981021
GENERIC_NMETHYLGLYCINE_AA	-40 	170 	3.17571256751e-05 	10.3573934271
GENERIC_NMETHYLGLYCINE_AA	-30 	170 	3.30553533793e-09 	19.5276673986
GENERIC_NMETHYLGLYCINE_AA	-20 	170 	8.65087201681e-19 	41.5914566398
GENERIC_NMETHYLGLYCINE_AA	-10 	170 	3.83842839899e-26 	58.5221494061
GENERIC_NMETHYLGLYCINE_AA	0 	170 	8.67788585472e-30 	66.9167748559
GENERIC_NMETHYLGLYCINE_AA	10 	170 	2.13519287966e-29 	66.0164107125
GENERIC_NMETHYLGLYCINE_AA	20 	170 	4.43004846246e-25 	56.0762168012
GENERIC_NMETHYLGLYCINE_AA	30 	170 	2.7612423484e-17 	38.1282658762
GENERIC_NMETHYLGLYCINE_AA	40 	170 	4.17621810774e-08 	16.9912746659
GENERIC_NMETHYLGLYCINE_AA	50 	170 	8.84504073246e-05 	9.33306853223
GENERIC_NMETHYLGLYCINE_AA	60 	170 	0.000831747908571 	7.09198115756
GENERIC_NMETHYLGLYCINE_AA	70 	170 	0.00178990828275 	6.32559089913
GENERIC_NMETHYLGLYCINE_AA	80 	170 	0.00239116308828 	6.0359753836
GENERIC_NMETHYLGLYCINE_AA	90 	170 	0.00256526777507 	5.96569241007
GENERIC_NMETHYLGLYCINE_AA	100 	170 	0.00227395376859 	6.08623521429
GENERIC_NMETHYLGLYCINE_AA	110 	170 	0.00142440167891 	6.55400342789
GENERIC_NMETHYLGLYCINE_AA	120 	170 	0.000303756751578 	8.09928333614
GENERIC_NMETHYLGLYCINE_AA	130 	170 	9.47570816392e-07 	13.8693641625
GENERIC_NMETHYLGLYCINE_AA	140 	170 	2.24443591583e-12 	26.8225668887
GENERIC_NMETHYLGLYCINE_AA	150 	170 	6.64061033942e-18 	39.553327796
GENERIC_NMETHYLGLYCINE_AA	160 	170 	6.71144247044e-23 	51.0556432377
GENERIC_NMETHYLGLYCINE_AA	170 	170 	3.92804071979e-25 	56.1964865679