#Generic MM-derived Ramachandran table for sarcosine (N-methyl glycine).  Data created
#by Tim Craven (twcraven@uw.edu) on 6 December 2016.
#Resname	phi	psi	probability	-log(prob)
GENERIC_NMETHYLGLYCINE_AA	-180 	-180 	1.76570186162e-28 	63.9038343372
GENERIC_NMETHYLGLYCINE_AA	-170 	-180 	4.07237490354e-27 	60.7655711672
GENERIC_NMETHYLGLYCINE_AA	-160 	-180 	1.4062843242e-25 	57.2236763299
GENERIC_NMETHYLGLYCINE_AA	-150 	-180 	1.02052554507e-21 	48.333969218
GENERIC_NMETHYLGLYCINE_AA	-140 	-180 	1.02277249144e-15 	34.5162593262
GENERIC_NMETHYLGLYCINE_AA	-130 	-180 	6.05599477647e-10 	21.2248022763
GENERIC_NMETHYLGLYCINE_AA	-120 	-180 	9.15578338143e-05 	9.29853972181
GENERIC_NMETHYLGLYCINE_AA	-110 	-180 	0.00347532962751 	5.66206594763
GENERIC_NMETHYLGLYCINE_AA	-100 	-180 	0.00875534952905 	4.73809039068
GENERIC_NMETHYLGLYCINE_AA	-90 	-180 	0.0111156187511 	4.499404065
GENERIC_NMETHYLGLYCINE_AA	-80 	-180 	0.0110393138856 	4.50629238811
GENERIC_NMETHYLGLYCINE_AA	-70 	-180 	0.00913058259048 	4.69612577584
GENERIC_NMETHYLGLYCINE_AA	-60 	-180 	0.00562750174045 	5.18008967591
GENERIC_NMETHYLGLYCINE_AA	-50 	-180 	0.00154854197196 	6.47044145401
GENERIC_NMETHYLGLYCINE_AA	-40 	-180 	2.15166334478e-05 	10.7466842732
GENERIC_NMETHYLGLYCINE_AA	-30 	-180 	1.18162432689e-12 	27.4641310758
GENERIC_NMETHYLGLYCINE_AA	-20 	-180 	1.5783960665e-22 	50.2004628622
GENERIC_NMETHYLGLYCINE_AA	-10 	-180 	8.28217464707e-29 	64.6608621244
GENERIC_NMETHYLGLYCINE_AA	0 	-180 	5.60714770492e-31 	69.6560957231
GENERIC_NMETHYLGLYCINE_AA	10 	-180 	8.28217331777e-29 	64.6608622849
GENERIC_NMETHYLGLYCINE_AA	20 	-180 	1.57839574639e-22 	50.200463065
GENERIC_NMETHYLGLYCINE_AA	30 	-180 	1.18162422457e-12 	27.4641311624
GENERIC_NMETHYLGLYCINE_AA	40 	-180 	2.15166265262e-05 	10.7466845949
GENERIC_NMETHYLGLYCINE_AA	50 	-180 	0.00154854153586 	6.47044173562
GENERIC_NMETHYLGLYCINE_AA	60 	-180 	0.00562750063605 	5.18008987216
GENERIC_NMETHYLGLYCINE_AA	70 	-180 	0.0091305812488 	4.69612592279
GENERIC_NMETHYLGLYCINE_AA	80 	-180 	0.0110393124896 	4.50629251456
GENERIC_NMETHYLGLYCINE_AA	90 	-180 	0.011115617511 		4.49940417656
GENERIC_NMETHYLGLYCINE_AA	100 	-180 	0.00875534878965 	4.73809047513
GENERIC_NMETHYLGLYCINE_AA	110 	-180 	0.00347532945607 	5.66206599696
GENERIC_NMETHYLGLYCINE_AA	120 	-180 	9.15578347234e-05 	9.29853971188
GENERIC_NMETHYLGLYCINE_AA	130 	-180 	6.0559950317e-10 	21.2248022342
GENERIC_NMETHYLGLYCINE_AA	140 	-180 	1.02277262571e-15 	34.5162591949
GENERIC_NMETHYLGLYCINE_AA	150 	-180 	1.0205256884e-21 	48.3339690776
GENERIC_NMETHYLGLYCINE_AA	160 	-180 	1.40628454293e-25 	57.2236761743
GENERIC_NMETHYLGLYCINE_AA	170 	-180 	4.07237525092e-27 	60.7655710819
GENERIC_NMETHYLGLYCINE_AA	-180 	-170 	3.50480876379e-27 	60.9156615528
GENERIC_NMETHYLGLYCINE_AA	-170 	-170 	5.40089910643e-26 	58.1806469769
GENERIC_NMETHYLGLYCINE_AA	-160 	-170 	1.06722659409e-23 	52.8943938235
GENERIC_NMETHYLGLYCINE_AA	-150 	-170 	1.14214376078e-18 	41.3136246855
GENERIC_NMETHYLGLYCINE_AA	-140 	-170 	5.78340919092e-13 	28.1786128747
GENERIC_NMETHYLGLYCINE_AA	-130 	-170 	3.55706522694e-07 	14.8491598205
GENERIC_NMETHYLGLYCINE_AA	-120 	-170 	0.000775122792991 	7.16248909859
GENERIC_NMETHYLGLYCINE_AA	-110 	-170 	0.00538610114791 	5.22393350499
GENERIC_NMETHYLGLYCINE_AA	-100 	-170 	0.0093734794623 	4.66987091097
GENERIC_NMETHYLGLYCINE_AA	-90 	-170 	0.01079308659 		4.52884948038
GENERIC_NMETHYLGLYCINE_AA	-80 	-170 	0.0102218336638 	4.58322929114
GENERIC_NMETHYLGLYCINE_AA	-70 	-170 	0.00795493399935 	4.83396291398
GENERIC_NMETHYLGLYCINE_AA	-60 	-170 	0.00413607464969 	5.48800809317
GENERIC_NMETHYLGLYCINE_AA	-50 	-170 	0.000588962784131 	7.43714756115
GENERIC_NMETHYLGLYCINE_AA	-40 	-170 	4.51182859461e-07 	14.6113931263
GENERIC_NMETHYLGLYCINE_AA	-30 	-170 	1.11764170376e-16 	36.7301406442
GENERIC_NMETHYLGLYCINE_AA	-20 	-170 	5.24027195848e-25 	55.9082539274
GENERIC_NMETHYLGLYCINE_AA	-10 	-170 	1.40671163105e-29 	66.4337128928
GENERIC_NMETHYLGLYCINE_AA	0 	-170 	5.8257132736e-30 	67.3152713475
GENERIC_NMETHYLGLYCINE_AA	10 	-170 	4.6753805858e-26 	58.3249018497
GENERIC_NMETHYLGLYCINE_AA	20 	-170 	3.43275234751e-18 	40.2131693008
GENERIC_NMETHYLGLYCINE_AA	30 	-170 	4.23149514961e-08 	16.9781253501
GENERIC_NMETHYLGLYCINE_AA	40 	-170 	0.000246348020573 	8.30876530403
GENERIC_NMETHYLGLYCINE_AA	50 	-170 	0.00277402587788 	5.88745562841
GENERIC_NMETHYLGLYCINE_AA	60 	-170 	0.00649468622132 	5.03677094083
GENERIC_NMETHYLGLYCINE_AA	70 	-170 	0.00926443231887 	4.6815726927
GENERIC_NMETHYLGLYCINE_AA	80 	-170 	0.0105748582853 	4.54927595506
GENERIC_NMETHYLGLYCINE_AA	90 	-170 	0.0100810126465 	4.59710156043
GENERIC_NMETHYLGLYCINE_AA	100 	-170 	0.00687884417173 	4.97930463945
GENERIC_NMETHYLGLYCINE_AA	110 	-170 	0.00151734044544 	6.49079618359
GENERIC_NMETHYLGLYCINE_AA	120 	-170 	2.78408650474e-06 	12.7915907439
GENERIC_NMETHYLGLYCINE_AA	130 	-170 	5.19855383865e-12 	25.982640637
GENERIC_NMETHYLGLYCINE_AA	140 	-170 	1.11747221702e-17 	39.0328773954
GENERIC_NMETHYLGLYCINE_AA	150 	-170 	4.75901363323e-23 	51.399416712
GENERIC_NMETHYLGLYCINE_AA	160 	-170 	9.36915720382e-26 	57.6297892719
GENERIC_NMETHYLGLYCINE_AA	170 	-170 	6.17945486582e-27 	60.3485674527
GENERIC_NMETHYLGLYCINE_AA	-180 	-160 	1.93808457453e-24 	54.6003420792
GENERIC_NMETHYLGLYCINE_AA	-170 	-160 	1.81367175097e-23 	52.3641037567
GENERIC_NMETHYLGLYCINE_AA	-160 	-160 	3.88691673367e-20 	44.69408563
GENERIC_NMETHYLGLYCINE_AA	-150 	-160 	4.80640378614e-15 	32.968827244
GENERIC_NMETHYLGLYCINE_AA	-140 	-160 	8.6595980398e-10 	20.8671826242
GENERIC_NMETHYLGLYCINE_AA	-130 	-160 	5.67801096942e-05 	9.776324475
GENERIC_NMETHYLGLYCINE_AA	-120 	-160 	0.00205359024314 	6.18816567952
GENERIC_NMETHYLGLYCINE_AA	-110 	-160 	0.00595978033986 	5.12272165431
GENERIC_NMETHYLGLYCINE_AA	-100 	-160 	0.00847578606174 	4.77054187937
GENERIC_NMETHYLGLYCINE_AA	-90 	-160 	0.00919686391986 	4.68889273131
GENERIC_NMETHYLGLYCINE_AA	-80 	-160 	0.00840405420175 	4.7790410465
GENERIC_NMETHYLGLYCINE_AA	-70 	-160 	0.00617546606873 	5.0871709226
GENERIC_NMETHYLGLYCINE_AA	-60 	-160 	0.0026434150161 	5.93568363106
GENERIC_NMETHYLGLYCINE_AA	-50 	-160 	0.000167763446533 	8.69295562715
GENERIC_NMETHYLGLYCINE_AA	-40 	-160 	4.78994112769e-09 	19.1567477163
GENERIC_NMETHYLGLYCINE_AA	-30 	-160 	8.37620674679e-19 	41.6237216104
GENERIC_NMETHYLGLYCINE_AA	-20 	-160 	1.64216330242e-25 	57.0686128654
GENERIC_NMETHYLGLYCINE_AA	-10 	-160 	2.33288422601e-28 	63.6252772365
GENERIC_NMETHYLGLYCINE_AA	0 	-160 	4.9295184755e-27 	60.5745561999
GENERIC_NMETHYLGLYCINE_AA	10 	-160 	1.52168045101e-21 	47.9344716688
GENERIC_NMETHYLGLYCINE_AA	20 	-160 	2.94762190946e-12 	26.5500224031
GENERIC_NMETHYLGLYCINE_AA	30 	-160 	1.20059864553e-05 	11.3301051613
GENERIC_NMETHYLGLYCINE_AA	40 	-160 	0.000841565192939 	7.08024707504
GENERIC_NMETHYLGLYCINE_AA	50 	-160 	0.00348102227043 	5.66042927246
GENERIC_NMETHYLGLYCINE_AA	60 	-160 	0.00627161660532 	5.07172112578
GENERIC_NMETHYLGLYCINE_AA	70 	-160 	0.00819268999181 	4.80451298672
GENERIC_NMETHYLGLYCINE_AA	80 	-160 	0.00891458321348 	4.72006677991
GENERIC_NMETHYLGLYCINE_AA	90 	-160 	0.00802136701465 	4.82564642092
GENERIC_NMETHYLGLYCINE_AA	100 	-160 	0.00458202174085 	5.38561495012
GENERIC_NMETHYLGLYCINE_AA	110 	-160 	0.000489667314256 	7.62178434795
GENERIC_NMETHYLGLYCINE_AA	120 	-160 	7.75944883099e-08 	16.3717694392
GENERIC_NMETHYLGLYCINE_AA	130 	-160 	3.92042080393e-13 	28.5674072129
GENERIC_NMETHYLGLYCINE_AA	140 	-160 	2.63547757474e-18 	40.4774672655
GENERIC_NMETHYLGLYCINE_AA	150 	-160 	1.42164156904e-22 	50.3050598074
GENERIC_NMETHYLGLYCINE_AA	160 	-160 	3.24948620181e-24 	54.0835453398
GENERIC_NMETHYLGLYCINE_AA	170 	-160 	5.13033978665e-25 	55.9294554326
GENERIC_NMETHYLGLYCINE_AA	-180 	-150 	5.1036557644e-21 	46.7243298534
GENERIC_NMETHYLGLYCINE_AA	-170 	-150 	2.02263802901e-19 	43.0447141525
GENERIC_NMETHYLGLYCINE_AA	-160 	-150 	9.60154642993e-16 	34.579437316
GENERIC_NMETHYLGLYCINE_AA	-150 	-150 	1.90691172944e-11 	24.682950985
GENERIC_NMETHYLGLYCINE_AA	-140 	-150 	1.6814449019e-06 	13.2958570735
GENERIC_NMETHYLGLYCINE_AA	-130 	-150 	0.000439132828191 	7.73070862074
GENERIC_NMETHYLGLYCINE_AA	-120 	-150 	0.00264162035341 	5.93636277987
GENERIC_NMETHYLGLYCINE_AA	-110 	-150 	0.00512583179713 	5.27346246525
GENERIC_NMETHYLGLYCINE_AA	-100 	-150 	0.00659441189853 	5.02153267063
GENERIC_NMETHYLGLYCINE_AA	-90 	-150 	0.00692560123319 	4.97253041
GENERIC_NMETHYLGLYCINE_AA	-80 	-150 	0.00619905076661 	5.08335910081
GENERIC_NMETHYLGLYCINE_AA	-70 	-150 	0.00436193872361 	5.43483865907
GENERIC_NMETHYLGLYCINE_AA	-60 	-150 	0.00157448521477 	6.4538269079
GENERIC_NMETHYLGLYCINE_AA	-50 	-150 	5.11963194225e-05 	9.87984291478
GENERIC_NMETHYLGLYCINE_AA	-40 	-150 	2.33691475767e-10 	22.1770193502
GENERIC_NMETHYLGLYCINE_AA	-30 	-150 	5.46574343735e-19 	42.0506166184
GENERIC_NMETHYLGLYCINE_AA	-20 	-150 	4.1804663026e-24 	53.8316194359
GENERIC_NMETHYLGLYCINE_AA	-10 	-150 	2.4735149557e-25 	56.6589871268
GENERIC_NMETHYLGLYCINE_AA	0 	-150 	1.8270013039e-22 	50.0541960548
GENERIC_NMETHYLGLYCINE_AA	10 	-150 	1.44061141428e-15 	34.1737087782
GENERIC_NMETHYLGLYCINE_AA	20 	-150 	1.83765991077e-07 	15.5096026764
GENERIC_NMETHYLGLYCINE_AA	30 	-150 	0.000140272717953 	8.87192204484
GENERIC_NMETHYLGLYCINE_AA	40 	-150 	0.00130129439775 	6.64439581931
GENERIC_NMETHYLGLYCINE_AA	50 	-150 	0.00328406382284 	5.7186736531
GENERIC_NMETHYLGLYCINE_AA	60 	-150 	0.00512425211291 	5.27377069379
GENERIC_NMETHYLGLYCINE_AA	70 	-150 	0.00632907805564 	5.06260070025
GENERIC_NMETHYLGLYCINE_AA	80 	-150 	0.00665998013624 	5.01163877698
GENERIC_NMETHYLGLYCINE_AA	90 	-150 	0.00569435576208 	5.16827981191
GENERIC_NMETHYLGLYCINE_AA	100 	-150 	0.00276696507363 	5.89000420072
GENERIC_NMETHYLGLYCINE_AA	110 	-150 	0.0001714591027 	8.67116578802
GENERIC_NMETHYLGLYCINE_AA	120 	-150 	1.72925315639e-08 	17.8729911302
GENERIC_NMETHYLGLYCINE_AA	130 	-150 	4.26864285315e-13 	28.4823102652
GENERIC_NMETHYLGLYCINE_AA	140 	-150 	3.01167160268e-17 	38.0414513066
GENERIC_NMETHYLGLYCINE_AA	150 	-150 	2.71065646e-20 		45.0545110182
GENERIC_NMETHYLGLYCINE_AA	160 	-150 	6.98497039857e-21 	46.410526198
GENERIC_NMETHYLGLYCINE_AA	170 	-150 	8.6126384905e-21 	46.2010562365
GENERIC_NMETHYLGLYCINE_AA	-180 	-140 	2.32892009126e-16 	35.9959568079
GENERIC_NMETHYLGLYCINE_AA	-170 	-140 	1.11804159846e-14 	32.12461272
GENERIC_NMETHYLGLYCINE_AA	-160 	-140 	8.2201642038e-12 	25.5244309309
GENERIC_NMETHYLGLYCINE_AA	-150 	-140 	8.349489176e-08 	16.2984803835
GENERIC_NMETHYLGLYCINE_AA	-140 	-140 	6.28989118856e-05 	9.67398169352
GENERIC_NMETHYLGLYCINE_AA	-130 	-140 	0.000810361164499 	7.11803052758
GENERIC_NMETHYLGLYCINE_AA	-120 	-140 	0.00236154651249 	6.04843857266
GENERIC_NMETHYLGLYCINE_AA	-110 	-140 	0.00384509859837 	5.56095603308
GENERIC_NMETHYLGLYCINE_AA	-100 	-140 	0.00472844826699 	5.35415819225
GENERIC_NMETHYLGLYCINE_AA	-90 	-140 	0.00489876770529 	5.31877159421
GENERIC_NMETHYLGLYCINE_AA	-80 	-140 	0.00436321062915 	5.43454710979
GENERIC_NMETHYLGLYCINE_AA	-70 	-140 	0.00301838247541 	5.80303419525
GENERIC_NMETHYLGLYCINE_AA	-60 	-140 	0.00101430862175 	6.89354805943
GENERIC_NMETHYLGLYCINE_AA	-50 	-140 	2.91527596091e-05 	10.4429609804
GENERIC_NMETHYLGLYCINE_AA	-40 	-140 	4.23749441737e-10 	21.5818787747
GENERIC_NMETHYLGLYCINE_AA	-30 	-140 	2.72613689157e-17 	38.1410610319
GENERIC_NMETHYLGLYCINE_AA	-20 	-140 	6.09548128194e-21 	46.5467392297
GENERIC_NMETHYLGLYCINE_AA	-10 	-140 	1.00485045846e-20 	46.046863127
GENERIC_NMETHYLGLYCINE_AA	0 	-140 	1.6767674609e-16 	36.3244936784
GENERIC_NMETHYLGLYCINE_AA	10 	-140 	3.01819293056e-09 	19.618607552
GENERIC_NMETHYLGLYCINE_AA	20 	-140 	1.45928353903e-05 	11.1349798764
GENERIC_NMETHYLGLYCINE_AA	30 	-140 	0.000334191078738 	8.00379763654
GENERIC_NMETHYLGLYCINE_AA	40 	-140 	0.00130631627378 	6.64054410763
GENERIC_NMETHYLGLYCINE_AA	50 	-140 	0.00262128824661 	5.94408938487
GENERIC_NMETHYLGLYCINE_AA	60 	-140 	0.00380731227413 	5.57083177864
GENERIC_NMETHYLGLYCINE_AA	70 	-140 	0.00455959991206 	5.39052039789
GENERIC_NMETHYLGLYCINE_AA	80 	-140 	0.00471018100761 	5.3580289412
GENERIC_NMETHYLGLYCINE_AA	90 	-140 	0.00390987491657 	5.54424989614
GENERIC_NMETHYLGLYCINE_AA	100 	-140 	0.00177516976961 	6.33385921578
GENERIC_NMETHYLGLYCINE_AA	110 	-140 	0.000111269643393 	9.10355408268
GENERIC_NMETHYLGLYCINE_AA	120 	-140 	4.07888242681e-08 	17.0148577081
GENERIC_NMETHYLGLYCINE_AA	130 	-140 	7.53105384856e-12 	25.6119861306
GENERIC_NMETHYLGLYCINE_AA	140 	-140 	1.16607148312e-14 	32.0825509096
GENERIC_NMETHYLGLYCINE_AA	150 	-140 	3.17824966884e-16 	35.6850308613
GENERIC_NMETHYLGLYCINE_AA	160 	-140 	1.14025991128e-15 	34.4075201661
GENERIC_NMETHYLGLYCINE_AA	170 	-140 	3.58795774958e-16 	35.5637783193
GENERIC_NMETHYLGLYCINE_AA	-180 	-130 	1.01465790271e-11 	25.3138845089
GENERIC_NMETHYLGLYCINE_AA	-170 	-130 	1.36528005075e-10 	22.714491357
GENERIC_NMETHYLGLYCINE_AA	-160 	-130 	5.01788604552e-08 	16.8076720054
GENERIC_NMETHYLGLYCINE_AA	-150 	-130 	1.19084463278e-05 	11.3382626342
GENERIC_NMETHYLGLYCINE_AA	-140 	-130 	0.000207495908401 	8.48039893704
GENERIC_NMETHYLGLYCINE_AA	-130 	-130 	0.000881938527475 	7.03338820113
GENERIC_NMETHYLGLYCINE_AA	-120 	-130 	0.00193220843683 	6.24909166245
GENERIC_NMETHYLGLYCINE_AA	-110 	-130 	0.00293003487855 	5.83274095208
GENERIC_NMETHYLGLYCINE_AA	-100 	-130 	0.00354748739101 	5.64151570327
GENERIC_NMETHYLGLYCINE_AA	-90 	-130 	0.0036801082037 	5.60481312406
GENERIC_NMETHYLGLYCINE_AA	-80 	-130 	0.00331082452437 	5.7105580196
GENERIC_NMETHYLGLYCINE_AA	-70 	-130 	0.00233808258161 	6.05842409508
GENERIC_NMETHYLGLYCINE_AA	-60 	-130 	0.000850955764014 	7.06915041192
GENERIC_NMETHYLGLYCINE_AA	-50 	-130 	4.25001270624e-05 	10.0660034923
GENERIC_NMETHYLGLYCINE_AA	-40 	-130 	1.75979870824e-08 	17.8554813118
GENERIC_NMETHYLGLYCINE_AA	-30 	-130 	8.70067557759e-14 	30.0727906267
GENERIC_NMETHYLGLYCINE_AA	-20 	-130 	3.76744845822e-16 	35.5149635171
GENERIC_NMETHYLGLYCINE_AA	-10 	-130 	1.09061727726e-14 	32.1494474566
GENERIC_NMETHYLGLYCINE_AA	0 	-130 	7.05086922695e-10 	21.0727000261
GENERIC_NMETHYLGLYCINE_AA	10 	-130 	1.90688199286e-06 	13.1700411143
GENERIC_NMETHYLGLYCINE_AA	20 	-130 	7.1642664956e-05 	9.54381978219
GENERIC_NMETHYLGLYCINE_AA	30 	-130 	0.000421792649422 	7.77099671676
GENERIC_NMETHYLGLYCINE_AA	40 	-130 	0.00115165327074 	6.76655674227
GENERIC_NMETHYLGLYCINE_AA	50 	-130 	0.00209067166324 	6.17026989466
GENERIC_NMETHYLGLYCINE_AA	60 	-130 	0.00293881491673 	5.82974886844
GENERIC_NMETHYLGLYCINE_AA	70 	-130 	0.00347940908572 	5.66089280257
GENERIC_NMETHYLGLYCINE_AA	80 	-130 	0.00357990432554 	5.63241920364
GENERIC_NMETHYLGLYCINE_AA	90 	-130 	0.0029862115113 	5.81374974805
GENERIC_NMETHYLGLYCINE_AA	100 	-130 	0.00145879014941 	6.53014785158
GENERIC_NMETHYLGLYCINE_AA	110 	-130 	0.000163037123926 	8.72153262894
GENERIC_NMETHYLGLYCINE_AA	120 	-130 	9.24253950187e-07 	13.8942789652
GENERIC_NMETHYLGLYCINE_AA	130 	-130 	1.5704758397e-09 	20.2718871809
GENERIC_NMETHYLGLYCINE_AA	140 	-130 	4.83867285291e-11 	23.7517955438
GENERIC_NMETHYLGLYCINE_AA	150 	-130 	5.7096316494e-11 	23.5862815111
GENERIC_NMETHYLGLYCINE_AA	160 	-130 	1.22376616471e-10 	22.823917806
GENERIC_NMETHYLGLYCINE_AA	170 	-130 	3.0668581656e-11 	24.2077823842
GENERIC_NMETHYLGLYCINE_AA	-180 	-120 	5.95256679927e-08 	16.6368582226
GENERIC_NMETHYLGLYCINE_AA	-170 	-120 	3.85480204135e-07 	14.7687759964
GENERIC_NMETHYLGLYCINE_AA	-160 	-120 	6.86133469929e-06 	11.8896085726
GENERIC_NMETHYLGLYCINE_AA	-150 	-120 	6.7783803935e-05 	9.59918727157
GENERIC_NMETHYLGLYCINE_AA	-140 	-120 	0.000310485829833 	8.07737229424
GENERIC_NMETHYLGLYCINE_AA	-130 	-120 	0.000871319534409 	7.04550178914
GENERIC_NMETHYLGLYCINE_AA	-120 	-120 	0.00170954994645 	6.37152513232
GENERIC_NMETHYLGLYCINE_AA	-110 	-120 	0.00254232133318 	5.97467770461
GENERIC_NMETHYLGLYCINE_AA	-100 	-120 	0.0030966671952 	5.77742884415
GENERIC_NMETHYLGLYCINE_AA	-90 	-120 	0.00326455515022 	5.72463177355
GENERIC_NMETHYLGLYCINE_AA	-80 	-120 	0.00301753812521 	5.80331397037
GENERIC_NMETHYLGLYCINE_AA	-70 	-120 	0.00226725492293 	6.08918546432
GENERIC_NMETHYLGLYCINE_AA	-60 	-120 	0.00101872988845 	6.88919863501
GENERIC_NMETHYLGLYCINE_AA	-50 	-120 	0.000125833134762 	8.98055385599
GENERIC_NMETHYLGLYCINE_AA	-40 	-120 	1.50462272586e-06 	13.4069683717
GENERIC_NMETHYLGLYCINE_AA	-30 	-120 	4.58193237011e-09 	19.2011450129
GENERIC_NMETHYLGLYCINE_AA	-20 	-120 	4.44229865129e-10 	21.5346789732
GENERIC_NMETHYLGLYCINE_AA	-10 	-120 	1.09542694431e-08 	18.3295365532
GENERIC_NMETHYLGLYCINE_AA	0 	-120 	1.01774784948e-06 	13.7979183626
GENERIC_NMETHYLGLYCINE_AA	10 	-120 	2.13974180214e-05 	10.7522402964
GENERIC_NMETHYLGLYCINE_AA	20 	-120 	0.000135182492684 	8.90888489472
GENERIC_NMETHYLGLYCINE_AA	30 	-120 	0.000467271456824 	7.66860019118
GENERIC_NMETHYLGLYCINE_AA	40 	-120 	0.0010957770876 	6.81629149836
GENERIC_NMETHYLGLYCINE_AA	50 	-120 	0.00189653903752 	6.26772461306
GENERIC_NMETHYLGLYCINE_AA	60 	-120 	0.00259709656498 	5.95336116371
GENERIC_NMETHYLGLYCINE_AA	70 	-120 	0.00302394028104 	5.80119456919
GENERIC_NMETHYLGLYCINE_AA	80 	-120 	0.00313747779508 	5.76433605181
GENERIC_NMETHYLGLYCINE_AA	90 	-120 	0.00277398143964 	5.88747164794
GENERIC_NMETHYLGLYCINE_AA	100 	-120 	0.00165137146922 	6.40614914285
GENERIC_NMETHYLGLYCINE_AA	110 	-120 	0.000399655501671 	7.82490762776
GENERIC_NMETHYLGLYCINE_AA	120 	-120 	2.59602111491e-05 	10.5589455325
GENERIC_NMETHYLGLYCINE_AA	130 	-120 	1.17061236238e-06 	13.6579835594
GENERIC_NMETHYLGLYCINE_AA	140 	-120 	2.37209280603e-07 	15.2543230449
GENERIC_NMETHYLGLYCINE_AA	150 	-120 	1.68034751566e-07 	15.5990950244
GENERIC_NMETHYLGLYCINE_AA	160 	-120 	1.16800843708e-07 	15.962795543
GENERIC_NMETHYLGLYCINE_AA	170 	-120 	6.15288419678e-08 	16.603759797
GENERIC_NMETHYLGLYCINE_AA	-180 	-110 	5.16415194293e-06 	12.1737696619
GENERIC_NMETHYLGLYCINE_AA	-170 	-110 	1.27914686131e-05 	11.2667321239
GENERIC_NMETHYLGLYCINE_AA	-160 	-110 	4.16928535406e-05 	10.0851808218
GENERIC_NMETHYLGLYCINE_AA	-150 	-110 	0.000124183973028 	8.99374643843
GENERIC_NMETHYLGLYCINE_AA	-140 	-110 	0.00032153747571 	8.04239645589
GENERIC_NMETHYLGLYCINE_AA	-130 	-110 	0.000719633163627 	7.23676897075
GENERIC_NMETHYLGLYCINE_AA	-120 	-110 	0.001364457527 		6.59699834546
GENERIC_NMETHYLGLYCINE_AA	-110 	-110 	0.00211030058272 	6.16092488537
GENERIC_NMETHYLGLYCINE_AA	-100 	-110 	0.00267221906423 	5.92484604155
GENERIC_NMETHYLGLYCINE_AA	-90 	-110 	0.00289804339679 	5.84371946046
GENERIC_NMETHYLGLYCINE_AA	-80 	-110 	0.00285158642644 	5.85987979871
GENERIC_NMETHYLGLYCINE_AA	-70 	-110 	0.00251143065594 	5.98690270577
GENERIC_NMETHYLGLYCINE_AA	-60 	-110 	0.0015598473041 	6.4631673445
GENERIC_NMETHYLGLYCINE_AA	-50 	-110 	0.000451677727084 	7.70254162561
GENERIC_NMETHYLGLYCINE_AA	-40 	-110 	4.78533594562e-05 	9.94736923446
GENERIC_NMETHYLGLYCINE_AA	-30 	-110 	4.14881166438e-06 	12.3926886107
GENERIC_NMETHYLGLYCINE_AA	-20 	-110 	1.67650010435e-06 	13.2988022088
GENERIC_NMETHYLGLYCINE_AA	-10 	-110 	4.15963747823e-06 	12.3900826321
GENERIC_NMETHYLGLYCINE_AA	0 	-110 	1.73009829989e-05 	10.9647472373
GENERIC_NMETHYLGLYCINE_AA	10 	-110 	6.20024341068e-05 	9.6883369139
GENERIC_NMETHYLGLYCINE_AA	20 	-110 	0.000193726801219 	8.54906163254
GENERIC_NMETHYLGLYCINE_AA	30 	-110 	0.000517531239468 	7.56644066852
GENERIC_NMETHYLGLYCINE_AA	40 	-110 	0.00108472072329 	6.82643272301
GENERIC_NMETHYLGLYCINE_AA	50 	-110 	0.00164980282908 	6.40709949574
GENERIC_NMETHYLGLYCINE_AA	60 	-110 	0.00174934512311 	6.34851377645
GENERIC_NMETHYLGLYCINE_AA	70 	-110 	0.00153782933486 	6.47738337968
GENERIC_NMETHYLGLYCINE_AA	80 	-110 	0.00168820254212 	6.3840909006
GENERIC_NMETHYLGLYCINE_AA	90 	-110 	0.00225032977801 	6.0966785055
GENERIC_NMETHYLGLYCINE_AA	100 	-110 	0.00216134723786 	6.13702353049
GENERIC_NMETHYLGLYCINE_AA	110 	-110 	0.00106675293456 	6.84313588496
GENERIC_NMETHYLGLYCINE_AA	120 	-110 	0.00027367587062 	8.20356610576
GENERIC_NMETHYLGLYCINE_AA	130 	-110 	5.9912938691e-05 	9.72261807131
GENERIC_NMETHYLGLYCINE_AA	140 	-110 	1.95579632048e-05 	10.8421280294
GENERIC_NMETHYLGLYCINE_AA	150 	-110 	9.23177746865e-06 	11.5928589528
GENERIC_NMETHYLGLYCINE_AA	160 	-110 	5.38544684774e-06 	12.1318102707
GENERIC_NMETHYLGLYCINE_AA	170 	-110 	4.07676662352e-06 	12.410206378
GENERIC_NMETHYLGLYCINE_AA	-180 	-100 	3.42436649064e-05 	10.2820089766
GENERIC_NMETHYLGLYCINE_AA	-170 	-100 	4.25638068496e-05 	10.0645062703
GENERIC_NMETHYLGLYCINE_AA	-160 	-100 	5.31592822433e-05 	9.84221782603
GENERIC_NMETHYLGLYCINE_AA	-150 	-100 	4.69130459577e-05 	9.96721475578
GENERIC_NMETHYLGLYCINE_AA	-140 	-100 	2.4659557096e-05 	10.6103460208
GENERIC_NMETHYLGLYCINE_AA	-130 	-100 	2.93233645601e-05 	10.4371259345
GENERIC_NMETHYLGLYCINE_AA	-120 	-100 	0.000126558559511 	8.97480543588
GENERIC_NMETHYLGLYCINE_AA	-110 	-100 	0.000352030872921 	7.95179167905
GENERIC_NMETHYLGLYCINE_AA	-100 	-100 	0.000384375753242 	7.86388995975
GENERIC_NMETHYLGLYCINE_AA	-90 	-100 	0.000207806904725 	8.47890125211
GENERIC_NMETHYLGLYCINE_AA	-80 	-100 	0.000242113102616 	8.32610557481
GENERIC_NMETHYLGLYCINE_AA	-70 	-100 	0.000946997303528 	6.96221431217
GENERIC_NMETHYLGLYCINE_AA	-60 	-100 	0.00191736145588 	6.25680527981
GENERIC_NMETHYLGLYCINE_AA	-50 	-100 	0.00128153830712 	6.6596941202
GENERIC_NMETHYLGLYCINE_AA	-40 	-100 	0.00042236920385 	7.76963073578
GENERIC_NMETHYLGLYCINE_AA	-30 	-100 	0.000121285305901 	9.01736488785
GENERIC_NMETHYLGLYCINE_AA	-20 	-100 	5.62845206842e-05 	9.78509100406
GENERIC_NMETHYLGLYCINE_AA	-10 	-100 	4.79543450765e-05 	9.94526114392
GENERIC_NMETHYLGLYCINE_AA	0 	-100 	6.05160712707e-05 	9.71260158737
GENERIC_NMETHYLGLYCINE_AA	10 	-100 	0.000102045919344 	9.19008765634
GENERIC_NMETHYLGLYCINE_AA	20 	-100 	0.000204641337684 	8.49425168339
GENERIC_NMETHYLGLYCINE_AA	30 	-100 	0.000387556685763 	7.85564843403
GENERIC_NMETHYLGLYCINE_AA	40 	-100 	0.000451750466522 	7.70238059579
GENERIC_NMETHYLGLYCINE_AA	50 	-100 	9.79183167197e-05 	9.23137692971
GENERIC_NMETHYLGLYCINE_AA	60 	-100 	5.70883562558e-07 	14.3760805665
GENERIC_NMETHYLGLYCINE_AA	70 	-100 	1.91568416181e-08 	17.7706059205
GENERIC_NMETHYLGLYCINE_AA	80 	-100 	1.74733470902e-07 	15.5600040474
GENERIC_NMETHYLGLYCINE_AA	90 	-100 	8.46416162337e-05 	9.37708449465
GENERIC_NMETHYLGLYCINE_AA	100 	-100 	0.00158774315652 	6.44544166946
GENERIC_NMETHYLGLYCINE_AA	110 	-100 	0.00222001204816 	6.11024265601
GENERIC_NMETHYLGLYCINE_AA	120 	-100 	0.00119407557386 	6.73038297133
GENERIC_NMETHYLGLYCINE_AA	130 	-100 	0.000472394296155 	7.6576965479
GENERIC_NMETHYLGLYCINE_AA	140 	-100 	0.000182600258581 	8.6082111737
GENERIC_NMETHYLGLYCINE_AA	150 	-100 	7.94507170732e-05 	9.44037363956
GENERIC_NMETHYLGLYCINE_AA	160 	-100 	4.43435553692e-05 	10.0235431728
GENERIC_NMETHYLGLYCINE_AA	170 	-100 	3.3760863424e-05 	10.2962083132
GENERIC_NMETHYLGLYCINE_AA	-180 	-90 	3.99966216837e-05 	10.1267155653
GENERIC_NMETHYLGLYCINE_AA	-170 	-90 	1.37907341618e-05 	11.1915136289
GENERIC_NMETHYLGLYCINE_AA	-160 	-90 	1.68983702387e-07 	15.5934635623
GENERIC_NMETHYLGLYCINE_AA	-150 	-90 	5.12946696228e-10 	21.3908491821
GENERIC_NMETHYLGLYCINE_AA	-140 	-90 	1.58227550233e-11 	24.8695720206
GENERIC_NMETHYLGLYCINE_AA	-130 	-90 	4.16430257835e-12 	26.2044723025
GENERIC_NMETHYLGLYCINE_AA	-120 	-90 	1.46326545466e-11 	24.9477654719
GENERIC_NMETHYLGLYCINE_AA	-110 	-90 	8.59078306215e-11 	23.1777461314
GENERIC_NMETHYLGLYCINE_AA	-100 	-90 	2.3577590058e-11 	24.4707244288
GENERIC_NMETHYLGLYCINE_AA	-90 	-90 	1.42664923579e-10 	22.670522427
GENERIC_NMETHYLGLYCINE_AA	-80 	-90 	7.72724779309e-09 	18.67851308
GENERIC_NMETHYLGLYCINE_AA	-70 	-90 	1.41931479132e-06 	13.4653363441
GENERIC_NMETHYLGLYCINE_AA	-60 	-90 	0.000535330970396 	7.53262536609
GENERIC_NMETHYLGLYCINE_AA	-50 	-90 	0.00217758028639 	6.12954097901
GENERIC_NMETHYLGLYCINE_AA	-40 	-90 	0.00138484547586 	6.58216671535
GENERIC_NMETHYLGLYCINE_AA	-30 	-90 	0.000596155278426 	7.42500939056
GENERIC_NMETHYLGLYCINE_AA	-20 	-90 	0.000258546394507 	8.26043540427
GENERIC_NMETHYLGLYCINE_AA	-10 	-90 	0.0001345539622 	8.91354523344
GENERIC_NMETHYLGLYCINE_AA	0 	-90 	9.19722567393e-05 	9.29402358357
GENERIC_NMETHYLGLYCINE_AA	10 	-90 	7.94476501306e-05 	9.44041224213
GENERIC_NMETHYLGLYCINE_AA	20 	-90 	6.50350201827e-05 	9.64058466111
GENERIC_NMETHYLGLYCINE_AA	30 	-90 	1.9353713642e-05 	10.8526262374
GENERIC_NMETHYLGLYCINE_AA	40 	-90 	5.12009481421e-09 	19.0900928797
GENERIC_NMETHYLGLYCINE_AA	50 	-90 	3.73686163783e-15 	33.22053027
GENERIC_NMETHYLGLYCINE_AA	60 	-90 	7.54943475774e-19 	41.727644073
GENERIC_NMETHYLGLYCINE_AA	70 	-90 	7.83637581263e-19 	41.6903403082
GENERIC_NMETHYLGLYCINE_AA	80 	-90 	1.38529712149e-15 	34.2128617501
GENERIC_NMETHYLGLYCINE_AA	90 	-90 	1.95670139349e-10 	22.354590837
GENERIC_NMETHYLGLYCINE_AA	100 	-90 	0.000123098510669 	9.00252562339
GENERIC_NMETHYLGLYCINE_AA	110 	-90 	0.00269256930758 	5.91725940829
GENERIC_NMETHYLGLYCINE_AA	120 	-90 	0.00267314719651 	5.92449877544
GENERIC_NMETHYLGLYCINE_AA	130 	-90 	0.00139750410877 	6.57306741286
GENERIC_NMETHYLGLYCINE_AA	140 	-90 	0.000587601512448 	7.43946153973
GENERIC_NMETHYLGLYCINE_AA	150 	-90 	0.000245213109028 	8.31338289274
GENERIC_NMETHYLGLYCINE_AA	160 	-90 	0.000120481898999 	9.0240110321
GENERIC_NMETHYLGLYCINE_AA	170 	-90 	6.97000836667e-05 	9.57130903982
GENERIC_NMETHYLGLYCINE_AA	-180 	-80 	1.02188940416e-06 	13.7938572872
GENERIC_NMETHYLGLYCINE_AA	-170 	-80 	2.63068400293e-11 	24.3611921334
GENERIC_NMETHYLGLYCINE_AA	-160 	-80 	1.89670358367e-17 	38.5038291575
GENERIC_NMETHYLGLYCINE_AA	-150 	-80 	3.73670629442e-23 	51.6412525854
GENERIC_NMETHYLGLYCINE_AA	-140 	-80 	1.92666683018e-26 	59.211420939
GENERIC_NMETHYLGLYCINE_AA	-130 	-80 	5.36499826115e-27 	60.4899014589
GENERIC_NMETHYLGLYCINE_AA	-120 	-80 	3.43372302864e-27 	60.9361524072
GENERIC_NMETHYLGLYCINE_AA	-110 	-80 	7.41008602539e-27 	60.1669554622
GENERIC_NMETHYLGLYCINE_AA	-100 	-80 	4.84503960268e-25 	55.9866719056
GENERIC_NMETHYLGLYCINE_AA	-90 	-80 	5.18337042626e-22 	49.0114165397
GENERIC_NMETHYLGLYCINE_AA	-80 	-80 	1.77735188598e-16 	36.2662369358
GENERIC_NMETHYLGLYCINE_AA	-70 	-80 	5.65888796827e-10 	21.2926235291
GENERIC_NMETHYLGLYCINE_AA	-60 	-80 	1.83839781812e-05 	10.9040310237
GENERIC_NMETHYLGLYCINE_AA	-50 	-80 	0.0020135929089 	6.20783463575
GENERIC_NMETHYLGLYCINE_AA	-40 	-80 	0.00214495980443 	6.14463446597
GENERIC_NMETHYLGLYCINE_AA	-30 	-80 	0.00107436559217 	6.83602493843
GENERIC_NMETHYLGLYCINE_AA	-20 	-80 	0.000417450845721 	7.7813437554
GENERIC_NMETHYLGLYCINE_AA	-10 	-80 	0.000144968831992 	8.83899179043
GENERIC_NMETHYLGLYCINE_AA	0 	-80 	4.29249875042e-05 	10.0560564423
GENERIC_NMETHYLGLYCINE_AA	10 	-80 	6.29768562149e-06 	11.9753283537
GENERIC_NMETHYLGLYCINE_AA	20 	-80 	6.3400751282e-08 	16.5737901257
GENERIC_NMETHYLGLYCINE_AA	30 	-80 	4.61857383209e-16 	35.3112755248
GENERIC_NMETHYLGLYCINE_AA	40 	-80 	4.07594836194e-28 	63.0672791574
GENERIC_NMETHYLGLYCINE_AA	50 	-80 	7.96573910515e-36 	80.8179136146
GENERIC_NMETHYLGLYCINE_AA	60 	-80 	1.80774609646e-38 	86.906152715
GENERIC_NMETHYLGLYCINE_AA	70 	-80 	9.4224003164e-36 	80.649973481
GENERIC_NMETHYLGLYCINE_AA	80 	-80 	1.0773961664e-27 	62.0952503378
GENERIC_NMETHYLGLYCINE_AA	90 	-80 	2.92784637225e-16 	35.7670943617
GENERIC_NMETHYLGLYCINE_AA	100 	-80 	6.442515703e-07 	14.25517655
GENERIC_NMETHYLGLYCINE_AA	110 	-80 	0.00148559609881 	6.51193917393
GENERIC_NMETHYLGLYCINE_AA	120 	-80 	0.00307993664682 	5.78284625142
GENERIC_NMETHYLGLYCINE_AA	130 	-80 	0.00203971635886 	6.19494452057
GENERIC_NMETHYLGLYCINE_AA	140 	-80 	0.000897165297157 	7.01627043512
GENERIC_NMETHYLGLYCINE_AA	150 	-80 	0.000328623019196 	8.02059930248
GENERIC_NMETHYLGLYCINE_AA	160 	-80 	0.000106850940731 	9.14407577202
GENERIC_NMETHYLGLYCINE_AA	170 	-80 	2.32881483188e-05 	10.6675659826
GENERIC_NMETHYLGLYCINE_AA	-180 	-70 	5.68107115342e-17 	37.4068067826
GENERIC_NMETHYLGLYCINE_AA	-170 	-70 	3.15558690172e-27 	61.0206230094
GENERIC_NMETHYLGLYCINE_AA	-160 	-70 	3.7204940524e-36 	81.5792068785
GENERIC_NMETHYLGLYCINE_AA	-150 	-70 	3.83468480103e-43 	97.6670717574
GENERIC_NMETHYLGLYCINE_AA	-140 	-70 	3.32101403926e-47 	107.021229201
GENERIC_NMETHYLGLYCINE_AA	-130 	-70 	9.18426809529e-52 	117.516932805
GENERIC_NMETHYLGLYCINE_AA	-120 	-70 	2.20080968654e-51 	116.643014411
GENERIC_NMETHYLGLYCINE_AA	-110 	-70 	1.16724741121e-45 	103.461680848
GENERIC_NMETHYLGLYCINE_AA	-100 	-70 	4.1701136607e-40 	90.6754604276
GENERIC_NMETHYLGLYCINE_AA	-90 	-70 	3.77378865118e-33 	74.6572286247
GENERIC_NMETHYLGLYCINE_AA	-80 	-70 	1.62946910041e-24 	54.7737879754
GENERIC_NMETHYLGLYCINE_AA	-70 	-70 	1.28507129446e-14 	31.985377103
GENERIC_NMETHYLGLYCINE_AA	-60 	-70 	1.80570417591e-06 	13.2245599171
GENERIC_NMETHYLGLYCINE_AA	-50 	-70 	0.00104489965025 	6.86383442664
GENERIC_NMETHYLGLYCINE_AA	-40 	-70 	0.00154554297255 	6.47237999183
GENERIC_NMETHYLGLYCINE_AA	-30 	-70 	0.000785625611186 	7.14903020066
GENERIC_NMETHYLGLYCINE_AA	-20 	-70 	0.000223902837416 	8.40429836175
GENERIC_NMETHYLGLYCINE_AA	-10 	-70 	2.89234335994e-05 	10.4508584402
GENERIC_NMETHYLGLYCINE_AA	0 	-70 	4.93734524065e-07 	14.5212678649
GENERIC_NMETHYLGLYCINE_AA	10 	-70 	1.26951187303e-11 	25.0898035483
GENERIC_NMETHYLGLYCINE_AA	20 	-70 	2.13630385618e-27 	61.4107203451
GENERIC_NMETHYLGLYCINE_AA	30 	-70 	9.93590366812e-46 	103.622759448
GENERIC_NMETHYLGLYCINE_AA	40 	-70 	3.83329308915e-56 	127.60104096
GENERIC_NMETHYLGLYCINE_AA	50 	-70 	2.79275920531e-60 	137.12807551
GENERIC_NMETHYLGLYCINE_AA	60 	-70 	2.24815404334e-59 	135.042411032
GENERIC_NMETHYLGLYCINE_AA	70 	-70 	2.39595705997e-53 	121.16322717
GENERIC_NMETHYLGLYCINE_AA	80 	-70 	6.33216511016e-42 	94.8629316886
GENERIC_NMETHYLGLYCINE_AA	90 	-70 	2.75458973762e-25 	56.5513588089
GENERIC_NMETHYLGLYCINE_AA	100 	-70 	3.42143161698e-09 	19.493206772
GENERIC_NMETHYLGLYCINE_AA	110 	-70 	0.000216038932755 	8.44005192229
GENERIC_NMETHYLGLYCINE_AA	120 	-70 	0.00134748784996 	6.60951327195
GENERIC_NMETHYLGLYCINE_AA	130 	-70 	0.0012900699594 	6.65305882998
GENERIC_NMETHYLGLYCINE_AA	140 	-70 	0.000566275718556 	7.47642946312
GENERIC_NMETHYLGLYCINE_AA	150 	-70 	0.000131747392688 	8.93462416058
GENERIC_NMETHYLGLYCINE_AA	160 	-70 	9.4247716097e-06 	11.5721690573
GENERIC_NMETHYLGLYCINE_AA	170 	-70 	1.697540045e-08 	17.8915005732
GENERIC_NMETHYLGLYCINE_AA	-180 	-60 	3.56169081707e-39 	88.530583246
GENERIC_NMETHYLGLYCINE_AA	-170 	-60 	4.18138778002e-52 	118.303781639
GENERIC_NMETHYLGLYCINE_AA	-160 	-60 	4.59630370645e-60 	136.629853141
GENERIC_NMETHYLGLYCINE_AA	-150 	-60 	1.96040086484e-66 	151.297467162
GENERIC_NMETHYLGLYCINE_AA	-140 	-60 	4.33910072948e-76 	173.528799946
GENERIC_NMETHYLGLYCINE_AA	-130 	-60 	6.23212326769e-79 	180.074505258
GENERIC_NMETHYLGLYCINE_AA	-120 	-60 	5.64165561508e-73 	166.358534217
GENERIC_NMETHYLGLYCINE_AA	-110 	-60 	7.55801343585e-61 	138.43508229
GENERIC_NMETHYLGLYCINE_AA	-100 	-60 	1.88486151775e-52 	119.100570483
GENERIC_NMETHYLGLYCINE_AA	-90 	-60 	9.27450869087e-44 	99.086474456
GENERIC_NMETHYLGLYCINE_AA	-80 	-60 	1.11747387043e-31 	71.2690672177
GENERIC_NMETHYLGLYCINE_AA	-70 	-60 	3.35229214345e-18 	40.2368873401
GENERIC_NMETHYLGLYCINE_AA	-60 	-60 	4.87703034856e-07 	14.5335591515
GENERIC_NMETHYLGLYCINE_AA	-50 	-60 	0.00019309606736 	8.55232273456
GENERIC_NMETHYLGLYCINE_AA	-40 	-60 	0.000301745476144 	8.10592669016
GENERIC_NMETHYLGLYCINE_AA	-30 	-60 	0.000100334005205 	9.20700588551
GENERIC_NMETHYLGLYCINE_AA	-20 	-60 	6.34937583012e-06 	11.9671540444
GENERIC_NMETHYLGLYCINE_AA	-10 	-60 	6.18687839674e-09 	18.9008351752
GENERIC_NMETHYLGLYCINE_AA	0 	-60 	1.49607679105e-17 	38.7411003717
GENERIC_NMETHYLGLYCINE_AA	10 	-60 	2.46140448067e-41 	93.5052566986
GENERIC_NMETHYLGLYCINE_AA	20 	-60 	4.3118701415e-66 	150.50924442
GENERIC_NMETHYLGLYCINE_AA	30 	-60 	1.26807809191e-82 	188.574475185
GENERIC_NMETHYLGLYCINE_AA	40 	-60 	1.12529900166e-90 	207.11460959
GENERIC_NMETHYLGLYCINE_AA	50 	-60 	1.39736366839e-89 	204.595485909
GENERIC_NMETHYLGLYCINE_AA	60 	-60 	2.84713181869e-84 	192.370835703
GENERIC_NMETHYLGLYCINE_AA	70 	-60 	2.51304381528e-73 	167.167217095
GENERIC_NMETHYLGLYCINE_AA	80 	-60 	2.84562345461e-56 	127.898983024
GENERIC_NMETHYLGLYCINE_AA	90 	-60 	2.48206152498e-33 	75.0762185939
GENERIC_NMETHYLGLYCINE_AA	100 	-60 	9.31683827685e-13 	27.7017828785
GENERIC_NMETHYLGLYCINE_AA	110 	-60 	2.2539285577e-06 	13.0028358386
GENERIC_NMETHYLGLYCINE_AA	120 	-60 	0.000115121327535 	9.0695239637
GENERIC_NMETHYLGLYCINE_AA	130 	-60 	0.000198098298603 	8.52674719288
GENERIC_NMETHYLGLYCINE_AA	140 	-60 	6.61257330115e-05 	9.62395258261
GENERIC_NMETHYLGLYCINE_AA	150 	-60 	2.41036399539e-06 	12.9357327864
GENERIC_NMETHYLGLYCINE_AA	160 	-60 	9.84967847138e-11 	23.0409972108
GENERIC_NMETHYLGLYCINE_AA	170 	-60 	3.14289600374e-24 	54.1168975628
GENERIC_NMETHYLGLYCINE_AA	-180 	-50 	3.82943453087e-67 	152.93048408
GENERIC_NMETHYLGLYCINE_AA	-170 	-50 	7.12441278748e-80 	182.243280133
GENERIC_NMETHYLGLYCINE_AA	-160 	-50 	1.68439528745e-90 	206.71125175
GENERIC_NMETHYLGLYCINE_AA	-150 	-50 	6.62711769509e-103 	235.275094606
GENERIC_NMETHYLGLYCINE_AA	-140 	-50 	5.17442539306e-109 	249.338046839
GENERIC_NMETHYLGLYCINE_AA	-130 	-50 	4.65955834994e-106 	242.535099188
GENERIC_NMETHYLGLYCINE_AA	-120 	-50 	1.13846927045e-94 	216.313314127
GENERIC_NMETHYLGLYCINE_AA	-110 	-50 	2.78820291031e-79 	180.878825076
GENERIC_NMETHYLGLYCINE_AA	-100 	-50 	3.50040635342e-66 	150.717737075
GENERIC_NMETHYLGLYCINE_AA	-90 	-50 	2.61305481472e-53 	121.076489965
GENERIC_NMETHYLGLYCINE_AA	-80 	-50 	5.81518748552e-38 	85.7377605066
GENERIC_NMETHYLGLYCINE_AA	-70 	-50 	7.07168579771e-21 	46.3981880576
GENERIC_NMETHYLGLYCINE_AA	-60 	-50 	5.45285022485e-09 	19.0271273879
GENERIC_NMETHYLGLYCINE_AA	-50 	-50 	2.68742101872e-06 	12.8269285533
GENERIC_NMETHYLGLYCINE_AA	-40 	-50 	1.45007977788e-06 	13.4438919838
GENERIC_NMETHYLGLYCINE_AA	-30 	-50 	1.23829935497e-08 	18.2069417936
GENERIC_NMETHYLGLYCINE_AA	-20 	-50 	5.54717193394e-14 	30.5229030655
GENERIC_NMETHYLGLYCINE_AA	-10 	-50 	2.09894893306e-24 	54.5206055205
GENERIC_NMETHYLGLYCINE_AA	0 	-50 	5.65804884364e-54 	122.606515916
GENERIC_NMETHYLGLYCINE_AA	10 	-50 	1.1020197533e-84 	193.320003176
GENERIC_NMETHYLGLYCINE_AA	20 	-50 	3.96928532708e-107 	244.99801889
GENERIC_NMETHYLGLYCINE_AA	30 	-50 	5.93830456739e-123 	281.436542772
GENERIC_NMETHYLGLYCINE_AA	40 	-50 	4.06171471857e-129 	295.631871767
GENERIC_NMETHYLGLYCINE_AA	50 	-50 	1.72024744829e-122 	280.3729132
GENERIC_NMETHYLGLYCINE_AA	60 	-50 	1.29394839229e-108 	248.42149173
GENERIC_NMETHYLGLYCINE_AA	70 	-50 	1.27370529162e-89 	204.688143071
GENERIC_NMETHYLGLYCINE_AA	80 	-50 	5.83544937965e-68 	154.811835046
GENERIC_NMETHYLGLYCINE_AA	90 	-50 	2.71641573205e-40 	91.104090454
GENERIC_NMETHYLGLYCINE_AA	100 	-50 	1.41278987629e-17 	38.7983801958
GENERIC_NMETHYLGLYCINE_AA	110 	-50 	1.28003035984e-09 	20.4763820407
GENERIC_NMETHYLGLYCINE_AA	120 	-50 	7.8133190486e-07 	14.0622658032
GENERIC_NMETHYLGLYCINE_AA	130 	-50 	1.75299427433e-06 	13.2541852182
GENERIC_NMETHYLGLYCINE_AA	140 	-50 	7.70602280281e-08 	16.3786785387
GENERIC_NMETHYLGLYCINE_AA	150 	-50 	9.96463265541e-14 	29.9371492124
GENERIC_NMETHYLGLYCINE_AA	160 	-50 	2.12390272049e-31 	70.6268825806
GENERIC_NMETHYLGLYCINE_AA	170 	-50 	1.95265111995e-50 	114.460066652
GENERIC_NMETHYLGLYCINE_AA	-180 	-40 	4.32632787414e-98 	224.188619997
GENERIC_NMETHYLGLYCINE_AA	-170 	-40 	1.66393399056e-113 	259.682930836
GENERIC_NMETHYLGLYCINE_AA	-160 	-40 	2.08623719369e-129 	296.298114939
GENERIC_NMETHYLGLYCINE_AA	-150 	-40 	7.99627687027e-137 	313.375181698
GENERIC_NMETHYLGLYCINE_AA	-140 	-40 	6.10157007752e-137 	313.645611612
GENERIC_NMETHYLGLYCINE_AA	-130 	-40 	1.14787294029e-127 	292.290396198
GENERIC_NMETHYLGLYCINE_AA	-120 	-40 	8.82283788971e-114 	260.317357027
GENERIC_NMETHYLGLYCINE_AA	-110 	-40 	3.02882511347e-94 	215.334823948
GENERIC_NMETHYLGLYCINE_AA	-100 	-40 	7.59165265734e-75 	170.666832665
GENERIC_NMETHYLGLYCINE_AA	-90 	-40 	6.89459134613e-59 	133.921783245
GENERIC_NMETHYLGLYCINE_AA	-80 	-40 	1.37045793087e-40 	91.7882587797
GENERIC_NMETHYLGLYCINE_AA	-70 	-40 	4.65664322981e-23 	51.4211622872
GENERIC_NMETHYLGLYCINE_AA	-60 	-40 	2.30526073805e-13 	29.0984124204
GENERIC_NMETHYLGLYCINE_AA	-50 	-40 	6.59328879803e-12 	25.744968833
GENERIC_NMETHYLGLYCINE_AA	-40 	-40 	1.26764230091e-15 	34.3016176758
GENERIC_NMETHYLGLYCINE_AA	-30 	-40 	1.46544497556e-21 	47.9721280189
GENERIC_NMETHYLGLYCINE_AA	-20 	-40 	4.29225868981e-34 	76.8310800663
GENERIC_NMETHYLGLYCINE_AA	-10 	-40 	2.34750598803e-66 	151.117262655
GENERIC_NMETHYLGLYCINE_AA	0 	-40 	2.22520690131e-100 	229.458659399
GENERIC_NMETHYLGLYCINE_AA	10 	-40 	3.5253218959e-128 	293.470920153
GENERIC_NMETHYLGLYCINE_AA	20 	-40 	2.64514810804e-149 	342.112451797
GENERIC_NMETHYLGLYCINE_AA	30 	-40 	8.51418018044e-162 	370.877052035
GENERIC_NMETHYLGLYCINE_AA	40 	-40 	1.09274518596e-160 	368.32492183
GENERIC_NMETHYLGLYCINE_AA	50 	-40 	1.49329951441e-144 	331.17126528
GENERIC_NMETHYLGLYCINE_AA	60 	-40 	5.51932883933e-122 	279.207125079
GENERIC_NMETHYLGLYCINE_AA	70 	-40 	4.25182786108e-97 	221.903405045
GENERIC_NMETHYLGLYCINE_AA	80 	-40 	4.2995680085e-71 	162.025027048
GENERIC_NMETHYLGLYCINE_AA	90 	-40 	2.58074334627e-45 	102.668251709
GENERIC_NMETHYLGLYCINE_AA	100 	-40 	1.42201493676e-23 	52.6073823035
GENERIC_NMETHYLGLYCINE_AA	110 	-40 	1.29561626682e-13 	29.6746197452
GENERIC_NMETHYLGLYCINE_AA	120 	-40 	7.97921754207e-11 	23.2515956687
GENERIC_NMETHYLGLYCINE_AA	130 	-40 	8.88931174057e-12 	25.4461714889
GENERIC_NMETHYLGLYCINE_AA	140 	-40 	2.86194064556e-19 	42.6976168248
GENERIC_NMETHYLGLYCINE_AA	150 	-40 	5.66460851814e-39 	88.06658084
GENERIC_NMETHYLGLYCINE_AA	160 	-40 	1.37191659845e-60 	137.83889684
GENERIC_NMETHYLGLYCINE_AA	170 	-40 	5.729754896e-81 	184.763719778
GENERIC_NMETHYLGLYCINE_AA	-180 	-30 	5.7916884765e-133 	304.4873935
GENERIC_NMETHYLGLYCINE_AA	-170 	-30 	2.59482938249e-154 	353.644583555
GENERIC_NMETHYLGLYCINE_AA	-160 	-30 	2.70175101932e-164 	376.630055163
GENERIC_NMETHYLGLYCINE_AA	-150 	-30 	2.13946175394e-163 	374.560815877
GENERIC_NMETHYLGLYCINE_AA	-140 	-30 	3.13116130738e-157 	360.36445564
GENERIC_NMETHYLGLYCINE_AA	-130 	-30 	8.6502675364e-145 	331.717248235
GENERIC_NMETHYLGLYCINE_AA	-120 	-30 	3.14111223374e-122 	279.770804394
GENERIC_NMETHYLGLYCINE_AA	-110 	-30 	1.44054506955e-97 	222.985732458
GENERIC_NMETHYLGLYCINE_AA	-100 	-30 	5.83848176322e-76 	173.231996277
GENERIC_NMETHYLGLYCINE_AA	-90 	-30 	1.0257644789e-58 	133.524497226
GENERIC_NMETHYLGLYCINE_AA	-80 	-30 	2.16295583959e-42 	95.9370981753
GENERIC_NMETHYLGLYCINE_AA	-70 	-30 	5.52388665714e-28 	62.7633008868
GENERIC_NMETHYLGLYCINE_AA	-60 	-30 	2.49667018539e-23 	52.0444992206
GENERIC_NMETHYLGLYCINE_AA	-50 	-30 	2.05950603156e-25 	56.8421611613
GENERIC_NMETHYLGLYCINE_AA	-40 	-30 	6.22084157816e-33 	74.1574028692
GENERIC_NMETHYLGLYCINE_AA	-30 	-30 	7.96385903385e-48 	108.449170778
GENERIC_NMETHYLGLYCINE_AA	-20 	-30 	7.24816727392e-79 	179.923473699
GENERIC_NMETHYLGLYCINE_AA	-10 	-30 	4.17397357113e-115 	263.368417217
GENERIC_NMETHYLGLYCINE_AA	0 	-30 	1.10637002419e-146 	336.076339169
GENERIC_NMETHYLGLYCINE_AA	10 	-30 	2.56191485975e-172 	395.103881024
GENERIC_NMETHYLGLYCINE_AA	20 	-30 	2.44957312673e-190 	436.595253893
GENERIC_NMETHYLGLYCINE_AA	30 	-30 	1.31707032406e-193 	444.123513129
GENERIC_NMETHYLGLYCINE_AA	40 	-30 	2.50604879174e-181 	415.849194506
GENERIC_NMETHYLGLYCINE_AA	50 	-30 	2.51841082696e-154 	353.674476243
GENERIC_NMETHYLGLYCINE_AA	60 	-30 	8.44958489258e-124 	283.386434216
GENERIC_NMETHYLGLYCINE_AA	70 	-30 	5.41507993908e-98 	223.964151471
GENERIC_NMETHYLGLYCINE_AA	80 	-30 	3.18155535507e-74 	169.233926699
GENERIC_NMETHYLGLYCINE_AA	90 	-30 	1.46825692216e-48 	110.140008534
GENERIC_NMETHYLGLYCINE_AA	100 	-30 	1.19873001612e-28 	64.2911199274
GENERIC_NMETHYLGLYCINE_AA	110 	-30 	1.73298488983e-19 	43.1992714753
GENERIC_NMETHYLGLYCINE_AA	120 	-30 	6.89330617072e-20 	44.1211510393
GENERIC_NMETHYLGLYCINE_AA	130 	-30 	9.68526172814e-28 	62.2017772833
GENERIC_NMETHYLGLYCINE_AA	140 	-30 	3.43012712846e-48 	109.29148714
GENERIC_NMETHYLGLYCINE_AA	150 	-30 	2.74981761826e-71 	162.472007014
GENERIC_NMETHYLGLYCINE_AA	160 	-30 	1.0852814299e-93 	214.058574313
GENERIC_NMETHYLGLYCINE_AA	170 	-30 	2.13796185823e-113 	259.432262536
GENERIC_NMETHYLGLYCINE_AA	-180 	-20 	3.38605413257e-172 	394.824970724
GENERIC_NMETHYLGLYCINE_AA	-170 	-20 	6.54840039479e-185 	424.099021399
GENERIC_NMETHYLGLYCINE_AA	-160 	-20 	1.05200131276e-183 	421.322377656
GENERIC_NMETHYLGLYCINE_AA	-150 	-20 	1.27275449451e-178 	409.618963108
GENERIC_NMETHYLGLYCINE_AA	-140 	-20 	3.82035169294e-168 	385.493953138
GENERIC_NMETHYLGLYCINE_AA	-130 	-20 	4.16290834913e-146 	334.751209625
GENERIC_NMETHYLGLYCINE_AA	-120 	-20 	3.75406934492e-118 	270.382200563
GENERIC_NMETHYLGLYCINE_AA	-110 	-20 	1.05584733087e-90 	207.178314768
GENERIC_NMETHYLGLYCINE_AA	-100 	-20 	9.94002419389e-72 	163.489557241
GENERIC_NMETHYLGLYCINE_AA	-90 	-20 	1.36851049075e-57 	130.933627385
GENERIC_NMETHYLGLYCINE_AA	-80 	-20 	1.97709763543e-45 	102.934699256
GENERIC_NMETHYLGLYCINE_AA	-70 	-20 	2.67786030469e-37 	84.2106303589
GENERIC_NMETHYLGLYCINE_AA	-60 	-20 	6.19439112187e-37 	83.3720042159
GENERIC_NMETHYLGLYCINE_AA	-50 	-20 	6.55915914723e-46 	104.038051862
GENERIC_NMETHYLGLYCINE_AA	-40 	-20 	1.56058770584e-62 	142.315213281
GENERIC_NMETHYLGLYCINE_AA	-30 	-20 	5.30728411643e-90 	205.563578131
GENERIC_NMETHYLGLYCINE_AA	-20 	-20 	5.25403055925e-126 	288.46672621
GENERIC_NMETHYLGLYCINE_AA	-10 	-20 	6.9214530513e-161 	368.781574246
GENERIC_NMETHYLGLYCINE_AA	0 	-20 	1.10129598807e-191 	439.697265105
GENERIC_NMETHYLGLYCINE_AA	10 	-20 	3.31775653182e-213 	489.251335997
GENERIC_NMETHYLGLYCINE_AA	20 	-20 	2.73150927561e-218 	500.958695968
GENERIC_NMETHYLGLYCINE_AA	30 	-20 	3.42388659546e-207 	475.404337913
GENERIC_NMETHYLGLYCINE_AA	40 	-20 	1.7592609874e-181 	416.203008005
GENERIC_NMETHYLGLYCINE_AA	50 	-20 	5.86678846195e-144 	329.802946017
GENERIC_NMETHYLGLYCINE_AA	60 	-20 	3.10542288784e-116 	265.966720885
GENERIC_NMETHYLGLYCINE_AA	70 	-20 	1.73031663639e-93 	213.59210923
GENERIC_NMETHYLGLYCINE_AA	80 	-20 	3.24164329685e-68 	155.399705932
GENERIC_NMETHYLGLYCINE_AA	90 	-20 	2.99456318194e-48 	109.427286092
GENERIC_NMETHYLGLYCINE_AA	100 	-20 	3.343640065e-34 	77.0808331084
GENERIC_NMETHYLGLYCINE_AA	110 	-20 	6.05902581633e-31 	69.578588852
GENERIC_NMETHYLGLYCINE_AA	120 	-20 	3.31996948886e-38 	86.298277941
GENERIC_NMETHYLGLYCINE_AA	130 	-20 	1.70508580958e-57 	130.713734863
GENERIC_NMETHYLGLYCINE_AA	140 	-20 	1.39267039371e-80 	183.875584389
GENERIC_NMETHYLGLYCINE_AA	150 	-20 	2.42955878877e-103 	236.278554906
GENERIC_NMETHYLGLYCINE_AA	160 	-20 	6.67262713138e-126 	288.227708062
GENERIC_NMETHYLGLYCINE_AA	170 	-20 	2.96548194405e-150 	344.300724386
GENERIC_NMETHYLGLYCINE_AA	-180 	-10 	4.3573222679e-195 	447.532235424
GENERIC_NMETHYLGLYCINE_AA	-170 	-10 	7.24533870825e-197 	451.628904995
GENERIC_NMETHYLGLYCINE_AA	-160 	-10 	6.22580017208e-192 	440.267635879
GENERIC_NMETHYLGLYCINE_AA	-150 	-10 	1.0157463443e-181 	416.752278175
GENERIC_NMETHYLGLYCINE_AA	-140 	-10 	2.1628048005e-160 	367.642208981
GENERIC_NMETHYLGLYCINE_AA	-130 	-10 	1.48010750941e-132 	303.549117549
GENERIC_NMETHYLGLYCINE_AA	-120 	-10 	4.60333173222e-103 	235.639484247
GENERIC_NMETHYLGLYCINE_AA	-110 	-10 	5.408257573e-80 	182.518880474
GENERIC_NMETHYLGLYCINE_AA	-100 	-10 	1.15165236088e-65 	149.526833298
GENERIC_NMETHYLGLYCINE_AA	-90 	-10 	1.80196085498e-54 	123.750719586
GENERIC_NMETHYLGLYCINE_AA	-80 	-10 	1.19006124128e-46 	105.744909509
GENERIC_NMETHYLGLYCINE_AA	-70 	-10 	2.12161317966e-46 	105.166737545
GENERIC_NMETHYLGLYCINE_AA	-60 	-10 	7.12294528076e-56 	126.981443905
GENERIC_NMETHYLGLYCINE_AA	-50 	-10 	1.25877936314e-72 	165.555984204
GENERIC_NMETHYLGLYCINE_AA	-40 	-10 	6.21291337008e-98 	223.826709186
GENERIC_NMETHYLGLYCINE_AA	-30 	-10 	1.24147502917e-131 	301.42234697
GENERIC_NMETHYLGLYCINE_AA	-20 	-10 	1.45110649515e-169 	388.76455435
GENERIC_NMETHYLGLYCINE_AA	-10 	-10 	1.77209425374e-202 	464.550026743
GENERIC_NMETHYLGLYCINE_AA	0 	-10 	6.14939934196e-227 	520.870461701
GENERIC_NMETHYLGLYCINE_AA	10 	-10 	6.16969511299e-234 	536.985262338
GENERIC_NMETHYLGLYCINE_AA	20 	-10 	5.4388718154e-223 	511.782904085
GENERIC_NMETHYLGLYCINE_AA	30 	-10 	9.07544112247e-197 	451.403691332
GENERIC_NMETHYLGLYCINE_AA	40 	-10 	5.56515145914e-160 	366.697090678
GENERIC_NMETHYLGLYCINE_AA	50 	-10 	1.02466574461e-125 	287.798770168
GENERIC_NMETHYLGLYCINE_AA	60 	-10 	1.04759339049e-101 	232.514598868
GENERIC_NMETHYLGLYCINE_AA	70 	-10 	9.66402199281e-77 	175.030642244
GENERIC_NMETHYLGLYCINE_AA	80 	-10 	4.87165231687e-58 	131.966502229
GENERIC_NMETHYLGLYCINE_AA	90 	-10 	1.0544227991e-45 	103.563335677
GENERIC_NMETHYLGLYCINE_AA	100 	-10 	1.18249490843e-42 	96.5409473701
GENERIC_NMETHYLGLYCINE_AA	110 	-10 	1.42458245354e-48 	110.170205708
GENERIC_NMETHYLGLYCINE_AA	120 	-10 	5.41689832938e-64 	145.675922564
GENERIC_NMETHYLGLYCINE_AA	130 	-10 	2.42083166391e-85 	194.835621761
GENERIC_NMETHYLGLYCINE_AA	140 	-10 	7.84403131831e-108 	246.619437142
GENERIC_NMETHYLGLYCINE_AA	150 	-10 	8.76490187781e-135 	308.678232231
GENERIC_NMETHYLGLYCINE_AA	160 	-10 	5.91564225268e-161 	368.9385999
GENERIC_NMETHYLGLYCINE_AA	170 	-10 	8.68754512087e-182 	416.90859652
GENERIC_NMETHYLGLYCINE_AA	-180 	0 	2.56887221053e-201 	461.876136718
GENERIC_NMETHYLGLYCINE_AA	-170 	0 	2.23985155455e-197 	452.802853726
GENERIC_NMETHYLGLYCINE_AA	-160 	0 	1.17987940627e-184 	423.510244876
GENERIC_NMETHYLGLYCINE_AA	-150 	0 	2.06231073006e-164 	376.900128183
GENERIC_NMETHYLGLYCINE_AA	-140 	0 	1.40616893496e-137 	315.113288801
GENERIC_NMETHYLGLYCINE_AA	-130 	0 	1.26044163344e-107 	246.145142788
GENERIC_NMETHYLGLYCINE_AA	-120 	0 	4.46930444477e-85 	194.222500113
GENERIC_NMETHYLGLYCINE_AA	-110 	0 	3.64335937962e-67 	152.980295068
GENERIC_NMETHYLGLYCINE_AA	-100 	0 	6.37437014543e-55 	124.789894829
GENERIC_NMETHYLGLYCINE_AA	-90 	0 	4.41636966748e-48 	109.038766447
GENERIC_NMETHYLGLYCINE_AA	-80 	0 	2.15280491506e-49 	112.059897953
GENERIC_NMETHYLGLYCINE_AA	-70 	0 	6.26165016484e-60 	136.320661825
GENERIC_NMETHYLGLYCINE_AA	-60 	0 	9.26217482623e-77 	175.073113277
GENERIC_NMETHYLGLYCINE_AA	-50 	0 	4.27174830673e-102 	233.411656302
GENERIC_NMETHYLGLYCINE_AA	-40 	0 	1.10204556251e-130 	299.238894034
GENERIC_NMETHYLGLYCINE_AA	-30 	0 	3.81042344933e-169 	387.799140391
GENERIC_NMETHYLGLYCINE_AA	-20 	0 	2.26748744651e-203 	466.606101511
GENERIC_NMETHYLGLYCINE_AA	-10 	0 	3.35094662297e-229 	526.082743416
GENERIC_NMETHYLGLYCINE_AA	0 	0 	1.63320234358e-238 	547.524709417
GENERIC_NMETHYLGLYCINE_AA	10 	0 	3.34976436898e-229 	526.08309629
GENERIC_NMETHYLGLYCINE_AA	20 	0 	2.26691891584e-203 	466.606352274
GENERIC_NMETHYLGLYCINE_AA	30 	0 	3.81004991281e-169 	387.799238426
GENERIC_NMETHYLGLYCINE_AA	40 	0 	1.10199657625e-130 	299.238938485
GENERIC_NMETHYLGLYCINE_AA	50 	0 	4.2716327539e-102 	233.411683353
GENERIC_NMETHYLGLYCINE_AA	60 	0 	9.26201593731e-77 	175.073130432
GENERIC_NMETHYLGLYCINE_AA	70 	0 	6.2615879871e-60 	136.320671755
GENERIC_NMETHYLGLYCINE_AA	80 	0 	2.15279462836e-49 	112.059902731
GENERIC_NMETHYLGLYCINE_AA	90 	0 	4.41636604064e-48 	109.038767269
GENERIC_NMETHYLGLYCINE_AA	100 	0 	6.3743870063e-55 	124.789892184
GENERIC_NMETHYLGLYCINE_AA	110 	0 	3.64338162973e-67 	152.980288961
GENERIC_NMETHYLGLYCINE_AA	120 	0 	4.46935306097e-85 	194.222489235
GENERIC_NMETHYLGLYCINE_AA	130 	0 	1.26046784761e-107 	246.145121991
GENERIC_NMETHYLGLYCINE_AA	140 	0 	1.40621724913e-137 	315.113254443
GENERIC_NMETHYLGLYCINE_AA	150 	0 	2.06237652609e-164 	376.90009628
GENERIC_NMETHYLGLYCINE_AA	160 	0 	1.17989202302e-184 	423.510234183
GENERIC_NMETHYLGLYCINE_AA	170 	0 	2.23984899972e-197 	452.802854867
GENERIC_NMETHYLGLYCINE_AA	-180 	10 	4.35721126375e-195 	447.5322609
GENERIC_NMETHYLGLYCINE_AA	-170 	10 	8.68728386708e-182 	416.908626593
GENERIC_NMETHYLGLYCINE_AA	-160 	10 	5.91537078674e-161 	368.938645791
GENERIC_NMETHYLGLYCINE_AA	-150 	10 	8.76444107216e-135 	308.678284806
GENERIC_NMETHYLGLYCINE_AA	-140 	10 	7.84372363101e-108 	246.619476369
GENERIC_NMETHYLGLYCINE_AA	-130 	10 	2.42078124744e-85 	194.835642587
GENERIC_NMETHYLGLYCINE_AA	-120 	10 	5.41683497848e-64 	145.675934259
GENERIC_NMETHYLGLYCINE_AA	-110 	10 	1.42457227849e-48 	110.17021285
GENERIC_NMETHYLGLYCINE_AA	-100 	10 	1.18249066566e-42 	96.5409509581
GENERIC_NMETHYLGLYCINE_AA	-90 	10 	1.05442256805e-45 	103.563335897
GENERIC_NMETHYLGLYCINE_AA	-80 	10 	4.87166906118e-58 	131.966498792
GENERIC_NMETHYLGLYCINE_AA	-70 	10 	9.66409958212e-77 	175.030634215
GENERIC_NMETHYLGLYCINE_AA	-60 	10 	1.04760830454e-101 	232.514584632
GENERIC_NMETHYLGLYCINE_AA	-50 	10 	1.02468987585e-125 	287.798746618
GENERIC_NMETHYLGLYCINE_AA	-40 	10 	5.56541294966e-160 	366.697043692
GENERIC_NMETHYLGLYCINE_AA	-30 	10 	9.07636192769e-197 	451.403589876
GENERIC_NMETHYLGLYCINE_AA	-20 	10 	5.43973206768e-223 	511.78274593
GENERIC_NMETHYLGLYCINE_AA	-10 	10 	6.16949812393e-234 	536.985294267
GENERIC_NMETHYLGLYCINE_AA	0 	10 	6.14648309147e-227 	520.870936046
GENERIC_NMETHYLGLYCINE_AA	10 	10 	1.77124794744e-202 	464.550504432
GENERIC_NMETHYLGLYCINE_AA	20 	10 	1.45082060732e-169 	388.764751384
GENERIC_NMETHYLGLYCINE_AA	30 	10 	1.2413903007e-131 	301.42241522
GENERIC_NMETHYLGLYCINE_AA	40 	10 	6.21266262842e-98 	223.826749545
GENERIC_NMETHYLGLYCINE_AA	50 	10 	1.25874414356e-72 	165.556012183
GENERIC_NMETHYLGLYCINE_AA	60 	10 	7.12281827911e-56 	126.981461735
GENERIC_NMETHYLGLYCINE_AA	70 	10 	2.12159077145e-46 	105.166748107
GENERIC_NMETHYLGLYCINE_AA	80 	10 	1.19005464424e-46 	105.744915052
GENERIC_NMETHYLGLYCINE_AA	90 	10 	1.80195761893e-54 	123.750721382
GENERIC_NMETHYLGLYCINE_AA	100 	10 	1.15165386121e-65 	149.526831995
GENERIC_NMETHYLGLYCINE_AA	110 	10 	5.40828050256e-80 	182.518876234
GENERIC_NMETHYLGLYCINE_AA	120 	10 	4.60337053251e-103 	235.639475819
GENERIC_NMETHYLGLYCINE_AA	130 	10 	1.48013003553e-132 	303.549102329
GENERIC_NMETHYLGLYCINE_AA	140 	10 	2.16283916494e-160 	367.642193092
GENERIC_NMETHYLGLYCINE_AA	150 	10 	1.01574279113e-181 	416.752281673
GENERIC_NMETHYLGLYCINE_AA	160 	10 	6.22565479767e-192 	440.26765923
GENERIC_NMETHYLGLYCINE_AA	170 	10 	7.2451315273e-197 	451.62893359
GENERIC_NMETHYLGLYCINE_AA	-180 	20 	3.38591132807e-172 	394.825012899
GENERIC_NMETHYLGLYCINE_AA	-170 	20 	2.96532536803e-150 	344.300777186
GENERIC_NMETHYLGLYCINE_AA	-160 	20 	6.67221149688e-126 	288.227770354
GENERIC_NMETHYLGLYCINE_AA	-150 	20 	2.42942861787e-103 	236.278608485
GENERIC_NMETHYLGLYCINE_AA	-140 	20 	1.39262303874e-80 	183.875618392
GENERIC_NMETHYLGLYCINE_AA	-130 	20 	1.70505477377e-57 	130.713753065
GENERIC_NMETHYLGLYCINE_AA	-120 	20 	3.31993186983e-38 	86.2982892722
GENERIC_NMETHYLGLYCINE_AA	-110 	20 	6.0589815921e-31 	69.578596151
GENERIC_NMETHYLGLYCINE_AA	-100 	20 	3.3436262982e-34 	77.0808372258
GENERIC_NMETHYLGLYCINE_AA	-90 	20 	2.99455927221e-48 	109.427287397
GENERIC_NMETHYLGLYCINE_AA	-80 	20 	3.2416483538e-68 	155.399704372
GENERIC_NMETHYLGLYCINE_AA	-70 	20 	1.73032517016e-93 	213.592104298
GENERIC_NMETHYLGLYCINE_AA	-60 	20 	3.10545167914e-116 	265.966711614
GENERIC_NMETHYLGLYCINE_AA	-50 	20 	5.86688644131e-144 	329.802929317
GENERIC_NMETHYLGLYCINE_AA	-40 	20 	1.7593272686e-181 	416.20297033
GENERIC_NMETHYLGLYCINE_AA	-30 	20 	3.42402554795e-207 	475.40429733
GENERIC_NMETHYLGLYCINE_AA	-20 	20 	2.7313836564e-218 	500.958741958
GENERIC_NMETHYLGLYCINE_AA	-10 	20 	3.31644451656e-213 	489.251731527
GENERIC_NMETHYLGLYCINE_AA	0 	20 	1.10062997142e-191 	439.697870045
GENERIC_NMETHYLGLYCINE_AA	10 	20 	6.91914785802e-161 	368.781907352
GENERIC_NMETHYLGLYCINE_AA	20 	20 	5.2535051034e-126 	288.466826225
GENERIC_NMETHYLGLYCINE_AA	30 	20 	5.30701661011e-90 	205.563628536
GENERIC_NMETHYLGLYCINE_AA	40 	20 	1.56052864932e-62 	142.315251124
GENERIC_NMETHYLGLYCINE_AA	50 	20 	6.55898768452e-46 	104.038078003
GENERIC_NMETHYLGLYCINE_AA	60 	20 	6.19428845244e-37 	83.3720207907
GENERIC_NMETHYLGLYCINE_AA	70 	20 	2.67783318103e-37 	84.2106404878
GENERIC_NMETHYLGLYCINE_AA	80 	20 	1.9770862089e-45 	102.934705036
GENERIC_NMETHYLGLYCINE_AA	90 	20 	1.36850687807e-57 	130.933630025
GENERIC_NMETHYLGLYCINE_AA	100 	20 	9.94002165859e-72 	163.489557496
GENERIC_NMETHYLGLYCINE_AA	110 	20 	1.05584920818e-90 	207.17831299
GENERIC_NMETHYLGLYCINE_AA	120 	20 	3.75408474577e-118 	270.382196461
GENERIC_NMETHYLGLYCINE_AA	130 	20 	4.16292587628e-146 	334.751205414
GENERIC_NMETHYLGLYCINE_AA	140 	20 	3.82031847806e-168 	385.493961833
GENERIC_NMETHYLGLYCINE_AA	150 	20 	1.27271344642e-178 	409.61899536
GENERIC_NMETHYLGLYCINE_AA	160 	20 	1.05195483259e-183 	421.322421839
GENERIC_NMETHYLGLYCINE_AA	170 	20 	6.54810294202e-185 	424.099066823
GENERIC_NMETHYLGLYCINE_AA	-180 	30 	5.7914017434e-133 	304.487443009
GENERIC_NMETHYLGLYCINE_AA	-170 	30 	2.13783225718e-113 	259.432323157
GENERIC_NMETHYLGLYCINE_AA	-160 	30 	1.08521762791e-93 	214.058633103
GENERIC_NMETHYLGLYCINE_AA	-150 	30 	2.7496985323e-71 	162.472050322
GENERIC_NMETHYLGLYCINE_AA	-140 	30 	3.43004019818e-48 	109.291512483
GENERIC_NMETHYLGLYCINE_AA	-130 	30 	9.68511609833e-28 	62.2017923196
GENERIC_NMETHYLGLYCINE_AA	-120 	30 	6.89323703717e-20 	44.1211610685
GENERIC_NMETHYLGLYCINE_AA	-110 	30 	1.73297317812e-19 	43.1992782334
GENERIC_NMETHYLGLYCINE_AA	-100 	30 	1.19872482318e-28 	64.2911242594
GENERIC_NMETHYLGLYCINE_AA	-90 	30 	1.46825340367e-48 	110.14001093
GENERIC_NMETHYLGLYCINE_AA	-80 	30 	3.18155326373e-74 	169.233927356
GENERIC_NMETHYLGLYCINE_AA	-70 	30 	5.41508566715e-98 	223.964150413
GENERIC_NMETHYLGLYCINE_AA	-60 	30 	8.44960880607e-124 	283.386431386
GENERIC_NMETHYLGLYCINE_AA	-50 	30 	2.51842410099e-154 	353.674470972
GENERIC_NMETHYLGLYCINE_AA	-40 	30 	2.50606081742e-181 	415.849189707
GENERIC_NMETHYLGLYCINE_AA	-30 	30 	1.3170198944e-193 	444.123551419
GENERIC_NMETHYLGLYCINE_AA	-20 	30 	2.44903436935e-190 	436.595473857
GENERIC_NMETHYLGLYCINE_AA	-10 	30 	2.56069488859e-172 	395.104357332
GENERIC_NMETHYLGLYCINE_AA	0 	30 	1.1059299774e-146 	336.076736988
GENERIC_NMETHYLGLYCINE_AA	10 	30 	4.17339670789e-115 	263.368555432
GENERIC_NMETHYLGLYCINE_AA	20 	30 	7.24775838202e-79 	179.923530114
GENERIC_NMETHYLGLYCINE_AA	30 	30 	7.96350868738e-48 	108.449214771
GENERIC_NMETHYLGLYCINE_AA	40 	30 	6.22063418248e-33 	74.1574362087
GENERIC_NMETHYLGLYCINE_AA	50 	30 	2.0594606673e-25 	56.8421831883
GENERIC_NMETHYLGLYCINE_AA	60 	30 	2.49663505745e-23 	52.0445132906
GENERIC_NMETHYLGLYCINE_AA	70 	30 	5.52383722637e-28 	62.7633098353
GENERIC_NMETHYLGLYCINE_AA	80 	30 	2.16294381585e-42 	95.9371037342
GENERIC_NMETHYLGLYCINE_AA	90 	30 	1.02576113641e-58 	133.524500485
GENERIC_NMETHYLGLYCINE_AA	100 	30 	5.83847152156e-76 	173.231998031
GENERIC_NMETHYLGLYCINE_AA	110 	30 	1.44054378052e-97 	222.985733353
GENERIC_NMETHYLGLYCINE_AA	120 	30 	3.14110779521e-122 	279.770805807
GENERIC_NMETHYLGLYCINE_AA	130 	30 	8.6501955581e-145 	331.717256556
GENERIC_NMETHYLGLYCINE_AA	140 	30 	3.13107263308e-157 	360.36448396
GENERIC_NMETHYLGLYCINE_AA	150 	30 	2.1393652722e-163 	374.560860975
GENERIC_NMETHYLGLYCINE_AA	160 	30 	2.70161456389e-164 	376.63010567
GENERIC_NMETHYLGLYCINE_AA	170 	30 	2.59469992112e-154 	353.644633448
GENERIC_NMETHYLGLYCINE_AA	-180 	40 	4.32612068448e-98 	224.188667889
GENERIC_NMETHYLGLYCINE_AA	-170 	40 	5.72945050579e-81 	184.763772904
GENERIC_NMETHYLGLYCINE_AA	-160 	40 	1.37185442662e-60 	137.838942159
GENERIC_NMETHYLGLYCINE_AA	-150 	40 	5.66443439714e-39 	88.0666115789
GENERIC_NMETHYLGLYCINE_AA	-140 	40 	2.86188870122e-19 	42.697634975
GENERIC_NMETHYLGLYCINE_AA	-130 	40 	8.88920750622e-12 	25.4461832148
GENERIC_NMETHYLGLYCINE_AA	-120 	40 	7.97915273426e-11 	23.2516037908
GENERIC_NMETHYLGLYCINE_AA	-110 	40 	1.29560872482e-13 	29.6746255664
GENERIC_NMETHYLGLYCINE_AA	-100 	40 	1.42200878824e-23 	52.6073866273
GENERIC_NMETHYLGLYCINE_AA	-90 	40 	2.58073461867e-45 	102.66825509
GENERIC_NMETHYLGLYCINE_AA	-80 	40 	4.29955560607e-71 	162.025029933
GENERIC_NMETHYLGLYCINE_AA	-70 	40 	4.2518152541e-97 	221.90340801
GENERIC_NMETHYLGLYCINE_AA	-60 	40 	5.51930565962e-122 	279.207129279
GENERIC_NMETHYLGLYCINE_AA	-50 	40 	1.49328579021e-144 	331.171274471
GENERIC_NMETHYLGLYCINE_AA	-40 	40 	1.09270712152e-160 	368.324956664
GENERIC_NMETHYLGLYCINE_AA	-30 	40 	8.51326740043e-162 	370.877159248
GENERIC_NMETHYLGLYCINE_AA	-20 	40 	2.6444706061e-149 	342.11270796
GENERIC_NMETHYLGLYCINE_AA	-10 	40 	3.52423989709e-128 	293.471227122
GENERIC_NMETHYLGLYCINE_AA	0 	40 	2.22486607239e-100 	229.458812578
GENERIC_NMETHYLGLYCINE_AA	10 	40 	2.34736356503e-66 	151.117323326
GENERIC_NMETHYLGLYCINE_AA	20 	40 	4.29205368187e-34 	76.8311278297
GENERIC_NMETHYLGLYCINE_AA	30 	40 	1.46538891668e-21 	47.9721662735
GENERIC_NMETHYLGLYCINE_AA	40 	40 	1.26760913808e-15 	34.3016438371
GENERIC_NMETHYLGLYCINE_AA	50 	40 	6.59317741046e-12 	25.7449857272
GENERIC_NMETHYLGLYCINE_AA	60 	40 	2.30523531601e-13 	29.0984234483
GENERIC_NMETHYLGLYCINE_AA	70 	40 	4.6566090176e-23 	51.4211696342
GENERIC_NMETHYLGLYCINE_AA	80 	40 	1.37045106552e-40 	91.7882637892
GENERIC_NMETHYLGLYCINE_AA	90 	40 	6.89456656154e-59 	133.92178684
GENERIC_NMETHYLGLYCINE_AA	100 	40 	7.59163003443e-75 	170.666835645
GENERIC_NMETHYLGLYCINE_AA	110 	40 	3.02881477331e-94 	215.334827362
GENERIC_NMETHYLGLYCINE_AA	120 	40 	8.82277890972e-114 	260.317363712
GENERIC_NMETHYLGLYCINE_AA	130 	40 	1.1478528991e-127 	292.290413657
GENERIC_NMETHYLGLYCINE_AA	140 	40 	6.10135678439e-137 	313.64564657
GENERIC_NMETHYLGLYCINE_AA	150 	40 	7.99592140127e-137 	313.375226153
GENERIC_NMETHYLGLYCINE_AA	160 	40 	2.08614019189e-129 	296.298161436
GENERIC_NMETHYLGLYCINE_AA	170 	40 	1.66385695914e-113 	259.682977132
GENERIC_NMETHYLGLYCINE_AA	-180 	50 	3.82928671821e-67 	152.93052268
GENERIC_NMETHYLGLYCINE_AA	-170 	50 	1.95257450798e-50 	114.460105887
GENERIC_NMETHYLGLYCINE_AA	-160 	50 	2.12383724384e-31 	70.6269134096
GENERIC_NMETHYLGLYCINE_AA	-150 	50 	9.96443461991e-14 	29.9371690864
GENERIC_NMETHYLGLYCINE_AA	-140 	50 	7.705926498e-08 	16.3786910361
GENERIC_NMETHYLGLYCINE_AA	-130 	50 	1.75297956865e-06 	13.2541936072
GENERIC_NMETHYLGLYCINE_AA	-120 	50 	7.81327179507e-07 	14.062271851
GENERIC_NMETHYLGLYCINE_AA	-110 	50 	1.2800242916e-09 	20.4763867814
GENERIC_NMETHYLGLYCINE_AA	-100 	50 	1.41278402373e-17 	38.7983843383
GENERIC_NMETHYLGLYCINE_AA	-90 	50 	2.71640452191e-40 	91.1040945808
GENERIC_NMETHYLGLYCINE_AA	-80 	50 	5.83542147813e-68 	154.811839828
GENERIC_NMETHYLGLYCINE_AA	-70 	50 	1.27369696041e-89 	204.688149612
GENERIC_NMETHYLGLYCINE_AA	-60 	50 	1.29393455792e-108 	248.421502422
GENERIC_NMETHYLGLYCINE_AA	-50 	50 	1.720209459e-122 	280.372935283
GENERIC_NMETHYLGLYCINE_AA	-40 	50 	4.06148368243e-129 	295.63192865
GENERIC_NMETHYLGLYCINE_AA	-30 	50 	5.9376288721e-123 	281.436656564
GENERIC_NMETHYLGLYCINE_AA	-20 	50 	3.96863507673e-107 	244.998182724
GENERIC_NMETHYLGLYCINE_AA	-10 	50 	1.10188665932e-84 	193.320123956
GENERIC_NMETHYLGLYCINE_AA	0 	50 	5.65770292487e-54 	122.606577056
GENERIC_NMETHYLGLYCINE_AA	10 	50 	2.09884543912e-24 	54.5206548292
GENERIC_NMETHYLGLYCINE_AA	20 	50 	5.5469443259e-14 	30.5229440977
GENERIC_NMETHYLGLYCINE_AA	30 	50 	1.23826382774e-08 	18.2069704844
GENERIC_NMETHYLGLYCINE_AA	40 	50 	1.45005314696e-06 	13.4439103491
GENERIC_NMETHYLGLYCINE_AA	50 	50 	2.68738906325e-06 	12.8269404442
GENERIC_NMETHYLGLYCINE_AA	60 	50 	5.4528066469e-09 	19.0271353797
GENERIC_NMETHYLGLYCINE_AA	70 	50 	7.07164594804e-21 	46.3981936927
GENERIC_NMETHYLGLYCINE_AA	80 	50 	5.81516272152e-38 	85.7377647651
GENERIC_NMETHYLGLYCINE_AA	90 	50 	2.61304523957e-53 	121.076493629
GENERIC_NMETHYLGLYCINE_AA	100 	50 	3.50039269469e-66 	150.717740977
GENERIC_NMETHYLGLYCINE_AA	110 	50 	2.78818754022e-79 	180.878830589
GENERIC_NMETHYLGLYCINE_AA	120 	50 	1.13845748722e-94 	216.313324477
GENERIC_NMETHYLGLYCINE_AA	130 	50 	4.65946238567e-106 	242.535119784
GENERIC_NMETHYLGLYCINE_AA	140 	50 	5.17425944469e-109 	249.33807891
GENERIC_NMETHYLGLYCINE_AA	150 	50 	6.62687196544e-103 	235.275131686
GENERIC_NMETHYLGLYCINE_AA	160 	50 	1.68433192239e-90 	206.71128937
GENERIC_NMETHYLGLYCINE_AA	170 	50 	7.12413996673e-80 	182.243318427
GENERIC_NMETHYLGLYCINE_AA	-180 	60 	3.56159202577e-39 	88.5306109836
GENERIC_NMETHYLGLYCINE_AA	-170 	60 	3.14281497617e-24 	54.1169233443
GENERIC_NMETHYLGLYCINE_AA	-160 	60 	9.84949121438e-11 	23.0410162224
GENERIC_NMETHYLGLYCINE_AA	-150 	60 	2.41033436429e-06 	12.9357450797
GENERIC_NMETHYLGLYCINE_AA	-140 	60 	6.61252156026e-05 	9.62396040726
GENERIC_NMETHYLGLYCINE_AA	-130 	60 	0.00019809723906 	8.52675254146
GENERIC_NMETHYLGLYCINE_AA	-120 	60 	0.000115120854469 	9.06952807299
GENERIC_NMETHYLGLYCINE_AA	-110 	60 	2.25392035648e-06 	13.0028394773
GENERIC_NMETHYLGLYCINE_AA	-100 	60 	9.31680318288e-13 	27.7017866452
GENERIC_NMETHYLGLYCINE_AA	-90 	60 	2.48205031498e-33 	75.0762231103
GENERIC_NMETHYLGLYCINE_AA	-80 	60 	2.84560600361e-56 	127.898989156
GENERIC_NMETHYLGLYCINE_AA	-70 	60 	2.51302051557e-73 	167.167226366
GENERIC_NMETHYLGLYCINE_AA	-60 	60 	2.8470874593e-84 	192.370851284
GENERIC_NMETHYLGLYCINE_AA	-50 	60 	1.3973226879e-89 	204.595515237
GENERIC_NMETHYLGLYCINE_AA	-40 	60 	1.12523616854e-90 	207.114665428
GENERIC_NMETHYLGLYCINE_AA	-30 	60 	1.26797710784e-82 	188.574554823
GENERIC_NMETHYLGLYCINE_AA	-20 	60 	4.31153963804e-66 	150.509321073
GENERIC_NMETHYLGLYCINE_AA	-10 	60 	2.46127044115e-41 	93.5053111566
GENERIC_NMETHYLGLYCINE_AA	0 	60 	1.49600424911e-17 	38.741148861
GENERIC_NMETHYLGLYCINE_AA	10 	60 	6.18661525095e-09 	18.900877709
GENERIC_NMETHYLGLYCINE_AA	20 	60 	6.34918581076e-06 	11.9671839721
GENERIC_NMETHYLGLYCINE_AA	30 	60 	0.000100332140446 	9.20702447119
GENERIC_NMETHYLGLYCINE_AA	40 	60 	0.000301741975663 	8.10593829101
GENERIC_NMETHYLGLYCINE_AA	50 	60 	0.000193094599083 	8.55233033846
GENERIC_NMETHYLGLYCINE_AA	60 	60 	4.87700448317e-07 	14.533564455
GENERIC_NMETHYLGLYCINE_AA	70 	60 	3.35227873901e-18 	40.2368913387
GENERIC_NMETHYLGLYCINE_AA	80 	60 	1.11747004026e-31 	71.2690706453
GENERIC_NMETHYLGLYCINE_AA	90 	60 	9.27447573898e-44 	99.0864780089
GENERIC_NMETHYLGLYCINE_AA	100 	60 	1.88485296723e-52 	119.100575019
GENERIC_NMETHYLGLYCINE_AA	110 	60 	7.55796070042e-61 	138.435089267
GENERIC_NMETHYLGLYCINE_AA	120 	60 	5.64158795327e-73 	166.358546211
GENERIC_NMETHYLGLYCINE_AA	130 	60 	6.23200231866e-79 	180.074524666
GENERIC_NMETHYLGLYCINE_AA	140 	60 	4.33898886249e-76 	173.528825728
GENERIC_NMETHYLGLYCINE_AA	150 	60 	1.96034494482e-66 	151.297495688
GENERIC_NMETHYLGLYCINE_AA	160 	60 	4.59616948965e-60 	136.629882343
GENERIC_NMETHYLGLYCINE_AA	170 	60 	4.18126466318e-52 	118.303811084
GENERIC_NMETHYLGLYCINE_AA	-180 	70 	5.68096474816e-17 	37.4068255126
GENERIC_NMETHYLGLYCINE_AA	-170 	70 	1.69751281155e-08 	17.8915166162
GENERIC_NMETHYLGLYCINE_AA	-160 	70 	9.42466677716e-06 	11.5721801805
GENERIC_NMETHYLGLYCINE_AA	-150 	70 	0.000131746494779 	8.93463097599
GENERIC_NMETHYLGLYCINE_AA	-140 	70 	0.000566273393299 	7.47643356935
GENERIC_NMETHYLGLYCINE_AA	-130 	70 	0.00129006628116 	6.65306168119
GENERIC_NMETHYLGLYCINE_AA	-120 	70 	0.00134748456407 	6.60951571049
GENERIC_NMETHYLGLYCINE_AA	-110 	70 	0.00021603837635 	8.44005449777
GENERIC_NMETHYLGLYCINE_AA	-100 	70 	3.42142062997e-09 	19.4932099832
GENERIC_NMETHYLGLYCINE_AA	-90 	70 	2.75457734872e-25 	56.5513633065
GENERIC_NMETHYLGLYCINE_AA	-80 	70 	6.33212199811e-42 	94.862938497
GENERIC_NMETHYLGLYCINE_AA	-70 	70 	2.39593094223e-53 	121.163238071
GENERIC_NMETHYLGLYCINE_AA	-60 	70 	2.24811305138e-59 	135.042429266
GENERIC_NMETHYLGLYCINE_AA	-50 	70 	2.79267373922e-60 	137.128106113
GENERIC_NMETHYLGLYCINE_AA	-40 	70 	3.8331178786e-56 	127.601086668
GENERIC_NMETHYLGLYCINE_AA	-30 	70 	9.93539348051e-46 	103.622810797
GENERIC_NMETHYLGLYCINE_AA	-20 	70 	2.13620458449e-27 	61.4107668151
GENERIC_NMETHYLGLYCINE_AA	-10 	70 	1.26945533774e-11 	25.0898480824
GENERIC_NMETHYLGLYCINE_AA	0 	70 	4.9371410502e-07 	14.5213092221
GENERIC_NMETHYLGLYCINE_AA	10 	70 	2.89225639604e-05 	10.4508885076
GENERIC_NMETHYLGLYCINE_AA	20 	70 	0.00022389881186 	8.40431634094
GENERIC_NMETHYLGLYCINE_AA	30 	70 	0.000785617392541 	7.14904066199
GENERIC_NMETHYLGLYCINE_AA	40 	70 	0.0015455330267 	6.47238642703
GENERIC_NMETHYLGLYCINE_AA	50 	70 	0.00104489519037 	6.86383869489
GENERIC_NMETHYLGLYCINE_AA	60 	70 	1.80569859823e-06 	13.224563006
GENERIC_NMETHYLGLYCINE_AA	70 	70 	1.28506799505e-14 	31.9853796705
GENERIC_NMETHYLGLYCINE_AA	80 	70 	1.62946482509e-24 	54.7737905991
GENERIC_NMETHYLGLYCINE_AA	90 	70 	3.77377576333e-33 	74.6572320398
GENERIC_NMETHYLGLYCINE_AA	100 	70 	4.17009270482e-40 	90.6754654528
GENERIC_NMETHYLGLYCINE_AA	110 	70 	1.16723835166e-45 	103.461688609
GENERIC_NMETHYLGLYCINE_AA	120 	70 	2.20078339877e-51 	116.643026355
GENERIC_NMETHYLGLYCINE_AA	130 	70 	9.18411517666e-52 	117.516949455
GENERIC_NMETHYLGLYCINE_AA	140 	70 	3.32094720704e-47 	107.021249325
GENERIC_NMETHYLGLYCINE_AA	150 	70 	3.83460203943e-43 	97.66709334
GENERIC_NMETHYLGLYCINE_AA	160 	70 	3.720413e-36 		81.5792286642
GENERIC_NMETHYLGLYCINE_AA	170 	70 	3.15551963615e-27 	61.020644326
GENERIC_NMETHYLGLYCINE_AA	-180 	80 	1.0218769663e-06 	13.7938694587
GENERIC_NMETHYLGLYCINE_AA	-170 	80 	2.3287935559e-05 	10.6675751187
GENERIC_NMETHYLGLYCINE_AA	-160 	80 	0.00010685034142 	9.14408138088
GENERIC_NMETHYLGLYCINE_AA	-150 	80 	0.000328622038568 	8.02060228654
GENERIC_NMETHYLGLYCINE_AA	-140 	80 	0.000897163880886 	7.01627201372
GENERIC_NMETHYLGLYCINE_AA	-130 	80 	0.00203971419143 	6.19494558318
GENERIC_NMETHYLGLYCINE_AA	-120 	80 	0.00307993335362 	5.78284732067
GENERIC_NMETHYLGLYCINE_AA	-110 	80 	0.00148559376591 	6.51194074428
GENERIC_NMETHYLGLYCINE_AA	-100 	80 	6.44249949806e-07 	14.2551790653
GENERIC_NMETHYLGLYCINE_AA	-90 	80 	2.92783434154e-16 	35.7670984708
GENERIC_NMETHYLGLYCINE_AA	-80 	80 	1.07738886402e-27 	62.0952571156
GENERIC_NMETHYLGLYCINE_AA	-70 	80 	9.4222940192e-36 	80.6499847624
GENERIC_NMETHYLGLYCINE_AA	-60 	80 	1.80771266014e-38 	86.9061712113
GENERIC_NMETHYLGLYCINE_AA	-50 	80 	7.96551386138e-36 	80.8179418916
GENERIC_NMETHYLGLYCINE_AA	-40 	80 	4.07579958626e-28 	63.0673156589
GENERIC_NMETHYLGLYCINE_AA	-30 	80 	4.61839494502e-16 	35.3113142577
GENERIC_NMETHYLGLYCINE_AA	-20 	80 	6.3398311154e-08 	16.5738286138
GENERIC_NMETHYLGLYCINE_AA	-10 	80 	6.29745451441e-06 	11.9753650515
GENERIC_NMETHYLGLYCINE_AA	0 	80 	4.29237685898e-05 		10.0560848391
GENERIC_NMETHYLGLYCINE_AA	10 	80 	0.000144966385349 	8.8390086676
GENERIC_NMETHYLGLYCINE_AA	20 	80 	0.000417447123042 	7.78135267309
GENERIC_NMETHYLGLYCINE_AA	30 	80 	0.00107436041763 	6.83602975481
GENERIC_NMETHYLGLYCINE_AA	40 	80 	0.00214495376315 	6.14463728248
GENERIC_NMETHYLGLYCINE_AA	50 	80 	0.00201358925328 	6.20783645122
GENERIC_NMETHYLGLYCINE_AA	60 	80 	1.83839527823e-05 	10.9040324053
GENERIC_NMETHYLGLYCINE_AA	70 	80 	5.65887943381e-10 	21.2926250372
GENERIC_NMETHYLGLYCINE_AA	80 	80 	1.77734814128e-16 	36.2662390427
GENERIC_NMETHYLGLYCINE_AA	90 	80 	5.18335357345e-22 	49.0114197911
GENERIC_NMETHYLGLYCINE_AA	100 	80 	4.84501508948e-25 	55.9866769651
GENERIC_NMETHYLGLYCINE_AA	110 	80 	7.41002949965e-27 	60.1669630905
GENERIC_NMETHYLGLYCINE_AA	120 	80 	3.43368623139e-27 	60.9361631237
GENERIC_NMETHYLGLYCINE_AA	130 	80 	5.36492585384e-27 	60.4899149552
GENERIC_NMETHYLGLYCINE_AA	140 	80 	1.92663759379e-26 	59.2114361137
GENERIC_NMETHYLGLYCINE_AA	150 	80 	3.73664777192e-23 	51.641268247
GENERIC_NMETHYLGLYCINE_AA	160 	80 	1.89667434758e-17 	38.5038445717
GENERIC_NMETHYLGLYCINE_AA	170 	80 	2.63064598041e-11 	24.361206587
GENERIC_NMETHYLGLYCINE_AA	-180 	90 	3.99963485284e-05 	10.1267223948
GENERIC_NMETHYLGLYCINE_AA	-170 	90 	6.96997852043e-05 	9.57131332192
GENERIC_NMETHYLGLYCINE_AA	-160 	90 	0.000120481668334 	9.02401294661
GENERIC_NMETHYLGLYCINE_AA	-150 	90 	0.000245212991359 	8.3133833726
GENERIC_NMETHYLGLYCINE_AA	-140 	90 	0.000587601564946 	7.43946145038
GENERIC_NMETHYLGLYCINE_AA	-130 	90 	0.0013975042564 	6.57306730721
GENERIC_NMETHYLGLYCINE_AA	-120 	90 	0.00267314665661 	5.92449897741
GENERIC_NMETHYLGLYCINE_AA	-110 	90 	0.00269256719421 	5.91726019318
GENERIC_NMETHYLGLYCINE_AA	-100 	90 	0.000123098295899 	9.00252736809
GENERIC_NMETHYLGLYCINE_AA	-90 	90 	1.95669472768e-10 	22.3545942436
GENERIC_NMETHYLGLYCINE_AA	-80 	90 	1.3852886386e-15 	34.2128678737
GENERIC_NMETHYLGLYCINE_AA	-70 	90 	7.83629426664e-19 	41.6903507143
GENERIC_NMETHYLGLYCINE_AA	-60 	90 	7.54930900424e-19 	41.7276607304
GENERIC_NMETHYLGLYCINE_AA	-50 	90 	3.73677192681e-15 	33.2205542774
GENERIC_NMETHYLGLYCINE_AA	-40 	90 	5.11994403227e-09 	19.0901223292
GENERIC_NMETHYLGLYCINE_AA	-30 	90 	1.93531133811e-05 	10.8526572532
GENERIC_NMETHYLGLYCINE_AA	-20 	90 	6.50330847158e-05 	9.64061442194
GENERIC_NMETHYLGLYCINE_AA	-10 	90 	7.94457247965e-05 	9.44043647642
GENERIC_NMETHYLGLYCINE_AA	0 	90 	9.19708707877e-05 	9.29403865292
GENERIC_NMETHYLGLYCINE_AA	10 	90 	0.00013455297141 	8.91355259698
GENERIC_NMETHYLGLYCINE_AA	20 	90 	0.000258545583917 	8.26043853946
GENERIC_NMETHYLGLYCINE_AA	30 	90 	0.000596154542798 	7.42501062452
GENERIC_NMETHYLGLYCINE_AA	40 	90 	0.00138484488622 	6.58216714112
GENERIC_NMETHYLGLYCINE_AA	50 	90 	0.00217757978901 	6.12954120743
GENERIC_NMETHYLGLYCINE_AA	60 	90 	0.000535330775109 	7.53262573089
GENERIC_NMETHYLGLYCINE_AA	70 	90 	1.41931364857e-06 	13.4653371493
GENERIC_NMETHYLGLYCINE_AA	80 	90 	7.72723535735e-09 	18.6785146894
GENERIC_NMETHYLGLYCINE_AA	90 	90 	1.42664516026e-10 	22.6705252837
GENERIC_NMETHYLGLYCINE_AA	100 	90 	2.35774824181e-11 	24.4707289942
GENERIC_NMETHYLGLYCINE_AA	110 	90 	8.59072594879e-11 	23.1777527796
GENERIC_NMETHYLGLYCINE_AA	120 	90 	1.46325274411e-11 	24.9477741584
GENERIC_NMETHYLGLYCINE_AA	130 	90 	4.16426049297e-12 	26.2044824088
GENERIC_NMETHYLGLYCINE_AA	140 	90 	1.58225863699e-11 	24.8695826796
GENERIC_NMETHYLGLYCINE_AA	150 	90 	5.12941270883e-10 	21.390859759
GENERIC_NMETHYLGLYCINE_AA	160 	90 	1.68982005474e-07 	15.5934736042
GENERIC_NMETHYLGLYCINE_AA	170 	90 	1.3790611929e-05 	11.1915224923
GENERIC_NMETHYLGLYCINE_AA	-180 	100 	3.4243565112e-05 	10.2820118908
GENERIC_NMETHYLGLYCINE_AA	-170 	100 	3.37608261255e-05 	10.296209418
GENERIC_NMETHYLGLYCINE_AA	-160 	100 	4.43435698659e-05 	10.0235428458
GENERIC_NMETHYLGLYCINE_AA	-150 	100 	7.94507956776e-05 	9.44037265021
GENERIC_NMETHYLGLYCINE_AA	-140 	100 	0.000182600454192 	8.60821010245
GENERIC_NMETHYLGLYCINE_AA	-130 	100 	0.000472394690365 	7.65769571341
GENERIC_NMETHYLGLYCINE_AA	-120 	100 	0.00119407606026 	6.73038256398
GENERIC_NMETHYLGLYCINE_AA	-110 	100 	0.00222001155219 	6.11024287942
GENERIC_NMETHYLGLYCINE_AA	-100 	100 	0.00158774128777 	6.44544284645
GENERIC_NMETHYLGLYCINE_AA	-90 	100 	8.46413894525e-05 	9.37708717396
GENERIC_NMETHYLGLYCINE_AA	-80 	100 	1.74732592626e-07 	15.5600090738
GENERIC_NMETHYLGLYCINE_AA	-70 	100 	1.91566775891e-08 	17.7706144829
GENERIC_NMETHYLGLYCINE_AA	-60 	100 	5.70875934095e-07 	14.3760939292
GENERIC_NMETHYLGLYCINE_AA	-50 	100 	9.79165164284e-05 	9.23139531552
GENERIC_NMETHYLGLYCINE_AA	-40 	100 	0.000451740690042 	7.70240223736
GENERIC_NMETHYLGLYCINE_AA	-30 	100 	0.000387548258756 	7.8556701782
GENERIC_NMETHYLGLYCINE_AA	-20 	100 	0.000204637561748 	8.49427013504
GENERIC_NMETHYLGLYCINE_AA	-10 	100 	0.000102044665651 	9.19009994199
GENERIC_NMETHYLGLYCINE_AA	0 	100 	6.05157155106e-05 	9.71260746615
GENERIC_NMETHYLGLYCINE_AA	10 	100 	4.79542628174e-05 	9.94526285928
GENERIC_NMETHYLGLYCINE_AA	20 	100 	5.62845298891e-05 	9.78509084052
GENERIC_NMETHYLGLYCINE_AA	30 	100 	0.000121285394914 	9.01736415393
GENERIC_NMETHYLGLYCINE_AA	40 	100 	0.00042236954299 	7.76962993284
GENERIC_NMETHYLGLYCINE_AA	50 	100 	0.0012815391189 	6.65969348676
GENERIC_NMETHYLGLYCINE_AA	60 	100 	0.00191736198541 	6.25680500363
GENERIC_NMETHYLGLYCINE_AA	70 	100 	0.000946997027774 	6.96221460335
GENERIC_NMETHYLGLYCINE_AA	80 	100 	0.000242112830261 	8.32610669972
GENERIC_NMETHYLGLYCINE_AA	90 	100 	0.000207806434811 	8.47890351341
GENERIC_NMETHYLGLYCINE_AA	100 	100 	0.000384374353282 	7.86389360192
GENERIC_NMETHYLGLYCINE_AA	110 	100 	0.000352029075198 	7.95179678578
GENERIC_NMETHYLGLYCINE_AA	120 	100 	0.000126557763981 	8.97481172176
GENERIC_NMETHYLGLYCINE_AA	130 	100 	2.9323165279e-05 	10.4371327305
GENERIC_NMETHYLGLYCINE_AA	140 	100 	2.46593902356e-05 	10.6103527874
GENERIC_NMETHYLGLYCINE_AA	150 	100 	4.69127454385e-05 	9.96722116168
GENERIC_NMETHYLGLYCINE_AA	160 	100 	5.31589772328e-05 	9.84222356372
GENERIC_NMETHYLGLYCINE_AA	170 	100 	4.25636121384e-05 	10.0645108449
GENERIC_NMETHYLGLYCINE_AA	-180 	110 	5.16414994016e-06 	12.1737700497
GENERIC_NMETHYLGLYCINE_AA	-170 	110 	4.07676958864e-06 	12.4102056507
GENERIC_NMETHYLGLYCINE_AA	-160 	110 	5.3854548348e-06 	12.1318087876
GENERIC_NMETHYLGLYCINE_AA	-150 	110 	9.23179340982e-06 	11.5928572261
GENERIC_NMETHYLGLYCINE_AA	-140 	110 	1.95579939251e-05 	10.8421264587
GENERIC_NMETHYLGLYCINE_AA	-130 	110 	5.99130129904e-05 	9.72261683119
GENERIC_NMETHYLGLYCINE_AA	-120 	110 	0.000273676089255 	8.20356530688
GENERIC_NMETHYLGLYCINE_AA	-110 	110 	0.00106675315973 	6.84313567389
GENERIC_NMETHYLGLYCINE_AA	-100 	110 	0.0021613458661 	6.13702416516
GENERIC_NMETHYLGLYCINE_AA	-90 	110 	0.00225032548333 	6.09668041397
GENERIC_NMETHYLGLYCINE_AA	-80 	110 	0.00168819614825 	6.38409468799
GENERIC_NMETHYLGLYCINE_AA	-70 	110 	0.00153781948382 	6.47738978551
GENERIC_NMETHYLGLYCINE_AA	-60 	110 	0.00174932837501 	6.34852335042
GENERIC_NMETHYLGLYCINE_AA	-50 	110 	0.00164978228635 	6.40711194744
GENERIC_NMETHYLGLYCINE_AA	-40 	110 	0.00108470585349 	6.82644643151
GENERIC_NMETHYLGLYCINE_AA	-30 	110 	0.000517524789253 	7.56645313203
GENERIC_NMETHYLGLYCINE_AA	-20 	110 	0.000193725077174 	8.54907053195
GENERIC_NMETHYLGLYCINE_AA	-10 	110 	6.20021633293e-05 	9.68834128112
GENERIC_NMETHYLGLYCINE_AA	0 	110 	1.73009699483e-05 	10.9647479917
GENERIC_NMETHYLGLYCINE_AA	10 	110 	4.15964207051e-06 	12.3900815281
GENERIC_NMETHYLGLYCINE_AA	20 	110 	1.67650288786e-06 	13.2988005485
GENERIC_NMETHYLGLYCINE_AA	30 	110 	4.14881839551e-06 	12.3926869882
GENERIC_NMETHYLGLYCINE_AA	40 	110 	4.78534257291e-05 	9.94736784954
GENERIC_NMETHYLGLYCINE_AA	50 	110 	0.0004516782072 	7.70254056265
GENERIC_NMETHYLGLYCINE_AA	60 	110 	0.00155984830877 	6.46316670042
GENERIC_NMETHYLGLYCINE_AA	70 	110 	0.00251143085569 	5.98690262624
GENERIC_NMETHYLGLYCINE_AA	80 	110 	0.00285158454399 	5.85988045886
GENERIC_NMETHYLGLYCINE_AA	90 	110 	0.00289803885015 	5.84372102932
GENERIC_NMETHYLGLYCINE_AA	100 	110 	0.00267221224981 	5.92484859165
GENERIC_NMETHYLGLYCINE_AA	110 	110 	0.00211029332766 	6.16092832331
GENERIC_NMETHYLGLYCINE_AA	120 	110 	0.00136445214289 	6.59700229143
GENERIC_NMETHYLGLYCINE_AA	130 	110 	0.000719630313397 	7.23677293143
GENERIC_NMETHYLGLYCINE_AA	140 	110 	0.000321536297371 	8.04240012059
GENERIC_NMETHYLGLYCINE_AA	150 	110 	0.000124183575395 	8.9937496404
GENERIC_NMETHYLGLYCINE_AA	160 	110 	4.16927478823e-05 	10.085183356
GENERIC_NMETHYLGLYCINE_AA	170 	110 	1.2791448682e-05 	11.266733682
GENERIC_NMETHYLGLYCINE_AA	-180 	120 	5.9525730036e-08 	16.6368571803
GENERIC_NMETHYLGLYCINE_AA	-170 	120 	6.15289437148e-08 	16.6037581433
GENERIC_NMETHYLGLYCINE_AA	-160 	120 	1.16801072586e-07 	15.9627935835
GENERIC_NMETHYLGLYCINE_AA	-150 	120 	1.68035083456e-07 	15.5990930492
GENERIC_NMETHYLGLYCINE_AA	-140 	120 	2.37209688577e-07 	15.2543213251
GENERIC_NMETHYLGLYCINE_AA	-130 	120 	1.17061398856e-06 	13.6579821703
GENERIC_NMETHYLGLYCINE_AA	-120 	120 	2.59602370772e-05 	10.5589445338
GENERIC_NMETHYLGLYCINE_AA	-110 	120 	0.000399655705061 	7.82490711885
GENERIC_NMETHYLGLYCINE_AA	-100 	120 	0.00165137118341 	6.40614931592
GENERIC_NMETHYLGLYCINE_AA	-90 	120 	0.00277397826575 	5.88747279211
GENERIC_NMETHYLGLYCINE_AA	-80 	120 	0.00313746997945 	5.76433854287
GENERIC_NMETHYLGLYCINE_AA	-70 	120 	0.00302392753963 	5.80119878272
GENERIC_NMETHYLGLYCINE_AA	-60 	120 	0.00259708085082 	5.95336721439
GENERIC_NMETHYLGLYCINE_AA	-50 	120 	0.00189652505548 	6.26773198549
GENERIC_NMETHYLGLYCINE_AA	-40 	120 	0.00109576899216 	6.81629888625
GENERIC_NMETHYLGLYCINE_AA	-30 	120 	0.000467268772394 	7.6686059361
GENERIC_NMETHYLGLYCINE_AA	-20 	120 	0.000135182093623 	8.90888784674
GENERIC_NMETHYLGLYCINE_AA	-10 	120 	2.13974145118e-05 	10.7522404604
GENERIC_NMETHYLGLYCINE_AA	0 	120 	1.01774950479e-06 	13.7979167361
GENERIC_NMETHYLGLYCINE_AA	10 	120 	1.0954294274e-08 	18.3295342864
GENERIC_NMETHYLGLYCINE_AA	20 	120 	4.44230847525e-10 	21.5346767618
GENERIC_NMETHYLGLYCINE_AA	30 	120 	4.58194108065e-09 	19.2011431119
GENERIC_NMETHYLGLYCINE_AA	40 	120 	1.50462504852e-06 	13.406966828
GENERIC_NMETHYLGLYCINE_AA	50 	120 	0.000125833283958 	8.98055267033
GENERIC_NMETHYLGLYCINE_AA	60 	120 	0.0010187306918 	6.88919784643
GENERIC_NMETHYLGLYCINE_AA	70 	120 	0.00226725561878 	6.0891851574
GENERIC_NMETHYLGLYCINE_AA	80 	120 	0.00301753727687 	5.80331425151
GENERIC_NMETHYLGLYCINE_AA	90 	120 	0.00326455214932 	5.72463269279
GENERIC_NMETHYLGLYCINE_AA	100 	120 	0.00309666255459 	5.77743034273
GENERIC_NMETHYLGLYCINE_AA	110 	120 	0.00254231649016 	5.97467960958
GENERIC_NMETHYLGLYCINE_AA	120 	120 	0.0017095465214 	6.3715271358
GENERIC_NMETHYLGLYCINE_AA	130 	120 	0.000871317963475 	7.04550359207
GENERIC_NMETHYLGLYCINE_AA	140 	120 	0.000310485387199 	8.07737371986
GENERIC_NMETHYLGLYCINE_AA	150 	120 	6.77837383871e-05 	9.59918823858
GENERIC_NMETHYLGLYCINE_AA	160 	120 	6.86133195635e-06 	11.8896089723
GENERIC_NMETHYLGLYCINE_AA	170 	120 	3.8548032576e-07 	14.7687756809
GENERIC_NMETHYLGLYCINE_AA	-180 	130 	1.01465959874e-11 	25.3138828374
GENERIC_NMETHYLGLYCINE_AA	-170 	130 	3.06686414171e-11 	24.2077804356
GENERIC_NMETHYLGLYCINE_AA	-160 	130 	1.22376860925e-10 	22.8239158085
GENERIC_NMETHYLGLYCINE_AA	-150 	130 	5.70964248032e-11 	23.5862796141
GENERIC_NMETHYLGLYCINE_AA	-140 	130 	4.83868094544e-11 	23.7517938713
GENERIC_NMETHYLGLYCINE_AA	-130 	130 	1.57047796251e-09 	20.2718858292
GENERIC_NMETHYLGLYCINE_AA	-120 	130 	9.24254894519e-07 	13.8942779435
GENERIC_NMETHYLGLYCINE_AA	-110 	130 	0.000163037230468 	8.72153197546
GENERIC_NMETHYLGLYCINE_AA	-100 	130 	0.00145879037756 	6.53014769518
GENERIC_NMETHYLGLYCINE_AA	-90 	130 	0.00298620996877 	5.8137502646
GENERIC_NMETHYLGLYCINE_AA	-80 	130 	0.0035798993664 	5.63242058891
GENERIC_NMETHYLGLYCINE_AA	-70 	130 	0.00347940080748 	5.66089518178
GENERIC_NMETHYLGLYCINE_AA	-60 	130 	0.00293880528559 	5.82975214567
GENERIC_NMETHYLGLYCINE_AA	-50 	130 	0.00209066399536 	6.17027356233
GENERIC_NMETHYLGLYCINE_AA	-40 	130 	0.00115164964279 	6.76655989249
GENERIC_NMETHYLGLYCINE_AA	-30 	130 	0.000421791934225 	7.77099841238
GENERIC_NMETHYLGLYCINE_AA	-20 	130 	7.16426782879e-05 	9.5438195961
GENERIC_NMETHYLGLYCINE_AA	-10 	130 	1.90688529406e-06 	13.1700393831
GENERIC_NMETHYLGLYCINE_AA	0 	130 	7.05088671158e-10 	21.0726975463
GENERIC_NMETHYLGLYCINE_AA	10 	130 	1.09062001751e-14 	32.149444944
GENERIC_NMETHYLGLYCINE_AA	20 	130 	3.76745668203e-16 	35.5149613343
GENERIC_NMETHYLGLYCINE_AA	30 	130 	8.70069109828e-14 	30.0727888428
GENERIC_NMETHYLGLYCINE_AA	40 	130 	1.759801208e-08 	17.8554798913
GENERIC_NMETHYLGLYCINE_AA	50 	130 	4.25001731966e-05 	10.0660024068
GENERIC_NMETHYLGLYCINE_AA	60 	130 	0.000850956397592 	7.06914966738
GENERIC_NMETHYLGLYCINE_AA	70 	130 	0.00233808350263 	6.05842370116
GENERIC_NMETHYLGLYCINE_AA	80 	130 	0.00331082463681 	5.71055798563
GENERIC_NMETHYLGLYCINE_AA	90 	130 	0.00368010692814 	5.60481347066
GENERIC_NMETHYLGLYCINE_AA	100 	130 	0.00354748506276 	5.64151635958
GENERIC_NMETHYLGLYCINE_AA	110 	130 	0.00293003263868 	5.83274171653
GENERIC_NMETHYLGLYCINE_AA	120 	130 	0.00193220721983 	6.2490922923
GENERIC_NMETHYLGLYCINE_AA	130 	130 	0.000881938215361 	7.03338855502
GENERIC_NMETHYLGLYCINE_AA	140 	130 	0.000207495910186 	8.48039892844
GENERIC_NMETHYLGLYCINE_AA	150 	130 	1.19084510485e-05 	11.3382622378
GENERIC_NMETHYLGLYCINE_AA	160 	130 	5.01789016113e-08 	16.8076711852
GENERIC_NMETHYLGLYCINE_AA	170 	130 	1.36528180406e-10 	22.7144900728
GENERIC_NMETHYLGLYCINE_AA	-180 	140 	2.32892408129e-16 	35.9959550947
GENERIC_NMETHYLGLYCINE_AA	-170 	140 	3.58796438641e-16 	35.5637764695
GENERIC_NMETHYLGLYCINE_AA	-160 	140 	1.1402619111e-15 	34.4075184123
GENERIC_NMETHYLGLYCINE_AA	-150 	140 	3.17825478806e-16 	35.6850292505
GENERIC_NMETHYLGLYCINE_AA	-140 	140 	1.1660731696e-14 	32.0825494633
GENERIC_NMETHYLGLYCINE_AA	-130 	140 	7.53106298993e-12 	25.6119849168
GENERIC_NMETHYLGLYCINE_AA	-120 	140 	4.07888632771e-08 	17.0148567517
GENERIC_NMETHYLGLYCINE_AA	-110 	140 	0.000111269717808 	9.1035534139
GENERIC_NMETHYLGLYCINE_AA	-100 	140 	0.00177517033711 	6.33385889609
GENERIC_NMETHYLGLYCINE_AA	-90 	140 	0.00390987452648 	5.54424999592
GENERIC_NMETHYLGLYCINE_AA	-80 	140 	0.00471017822135 	5.35802953274
GENERIC_NMETHYLGLYCINE_AA	-70 	140 	0.00455959493401 	5.39052148966
GENERIC_NMETHYLGLYCINE_AA	-60 	140 	0.00380730682723 	5.57083320929
GENERIC_NMETHYLGLYCINE_AA	-50 	140 	0.00262128466667 	5.94409075059
GENERIC_NMETHYLGLYCINE_AA	-40 	140 	0.00130631531304 	6.64054484309
GENERIC_NMETHYLGLYCINE_AA	-30 	140 	0.000334191198668 	8.00379727767
GENERIC_NMETHYLGLYCINE_AA	-20 	140 	1.45928575392e-05 	11.1349783586
GENERIC_NMETHYLGLYCINE_AA	-10 	140 	3.01819983506e-09 	19.6186052644
GENERIC_NMETHYLGLYCINE_AA	0 	140 	1.67677161555e-16 	36.3244912007
GENERIC_NMETHYLGLYCINE_AA	10 	140 	1.00485270001e-20 	46.0468608963
GENERIC_NMETHYLGLYCINE_AA	20 	140 	6.09549236985e-21 	46.5467374106
GENERIC_NMETHYLGLYCINE_AA	30 	140 	2.72614075995e-17 	38.1410596129
GENERIC_NMETHYLGLYCINE_AA	40 	140 	4.2374990533e-10 	21.5818776806
GENERIC_NMETHYLGLYCINE_AA	50 	140 	2.91527841345e-05 	10.4429601391
GENERIC_NMETHYLGLYCINE_AA	60 	140 	0.00101430927152 	6.89354741882
GENERIC_NMETHYLGLYCINE_AA	70 	140 	0.00301838377339 	5.80303376523
GENERIC_NMETHYLGLYCINE_AA	80 	140 	0.00436321155489 	5.43454689762
GENERIC_NMETHYLGLYCINE_AA	90 	140 	0.00489876778198 	5.31877157855
GENERIC_NMETHYLGLYCINE_AA	100 	140 	0.00472844773692 	5.35415830435
GENERIC_NMETHYLGLYCINE_AA	110 	140 	0.00384509842463 	5.56095607827
GENERIC_NMETHYLGLYCINE_AA	120 	140 	0.00236154702105 	6.04843835731
GENERIC_NMETHYLGLYCINE_AA	130 	140 	0.000810361556917 	7.11803004332
GENERIC_NMETHYLGLYCINE_AA	140 	140 	6.28989613736e-05 	9.67398090674
GENERIC_NMETHYLGLYCINE_AA	150 	140 	8.34949817264e-08 	16.298479306
GENERIC_NMETHYLGLYCINE_AA	160 	140 	8.22017534437e-12 	25.5244295757
GENERIC_NMETHYLGLYCINE_AA	170 	140 	1.11804340379e-14 	32.1246111052
GENERIC_NMETHYLGLYCINE_AA	-180 	150 	5.10366358566e-21 	46.7243283209
GENERIC_NMETHYLGLYCINE_AA	-170 	150 	8.61265146993e-21 	46.2010547295
GENERIC_NMETHYLGLYCINE_AA	-160 	150 	6.98497977685e-21 	46.4105248554
GENERIC_NMETHYLGLYCINE_AA	-150 	150 	2.710659701e-20 	45.0545098225
GENERIC_NMETHYLGLYCINE_AA	-140 	150 	3.01167480992e-17 	38.0414502416
GENERIC_NMETHYLGLYCINE_AA	-130 	150 	4.2686469874e-13 	28.4823092967
GENERIC_NMETHYLGLYCINE_AA	-120 	150 	1.72925453734e-08 	17.8729903316
GENERIC_NMETHYLGLYCINE_AA	-110 	150 	0.000171459208915 	8.67116516854
GENERIC_NMETHYLGLYCINE_AA	-100 	150 	0.00276696619614 	5.89000379504
GENERIC_NMETHYLGLYCINE_AA	-90 	150 	0.00569435659125 	5.1682796663
GENERIC_NMETHYLGLYCINE_AA	-80 	150 	0.00665997926673 	5.01163890754
GENERIC_NMETHYLGLYCINE_AA	-70 	150 	0.00632907594323 	5.06260103401
GENERIC_NMETHYLGLYCINE_AA	-60 	150 	0.00512425015517 	5.27377107585
GENERIC_NMETHYLGLYCINE_AA	-50 	150 	0.00328406331324 	5.71867380827
GENERIC_NMETHYLGLYCINE_AA	-40 	150 	0.00130129490668 	6.64439542821
GENERIC_NMETHYLGLYCINE_AA	-30 	150 	0.000140272877507 	8.87192090738
GENERIC_NMETHYLGLYCINE_AA	-20 	150 	1.83766322328e-07 	15.5096008738
GENERIC_NMETHYLGLYCINE_AA	-10 	150 	1.44061447291e-15 	34.173706655
GENERIC_NMETHYLGLYCINE_AA	0 	150 	1.82700502079e-22 	50.0541940204
GENERIC_NMETHYLGLYCINE_AA	10 	150 	2.47351910275e-25 	56.6589854502
GENERIC_NMETHYLGLYCINE_AA	20 	150 	4.18047156355e-24 	53.8316181774
GENERIC_NMETHYLGLYCINE_AA	30 	150 	5.46574854619e-19 	42.0506156837
GENERIC_NMETHYLGLYCINE_AA	40 	150 	2.33691645906e-10 	22.1770186221
GENERIC_NMETHYLGLYCINE_AA	50 	150 	5.1196349599e-05 	9.87984232535
GENERIC_NMETHYLGLYCINE_AA	60 	150 	0.00157448595967 	6.45382643479
GENERIC_NMETHYLGLYCINE_AA	70 	150 	0.00436194028458 	5.43483830121
GENERIC_NMETHYLGLYCINE_AA	80 	150 	0.00619905230617 	5.08335885246
GENERIC_NMETHYLGLYCINE_AA	90 	150 	0.00692560241726 	4.97253023903
GENERIC_NMETHYLGLYCINE_AA	100 	150 	0.00659441293134 	5.02153251401
GENERIC_NMETHYLGLYCINE_AA	110 	150 	0.00512583332043 	5.27346216807
GENERIC_NMETHYLGLYCINE_AA	120 	150 	0.00264162187373 	5.93636220435
GENERIC_NMETHYLGLYCINE_AA	130 	150 	0.000439133203261 	7.73070776663
GENERIC_NMETHYLGLYCINE_AA	140 	150 	1.68144671774e-06 	13.2958559936
GENERIC_NMETHYLGLYCINE_AA	150 	150 	1.90691415207e-11 	24.6829497146
GENERIC_NMETHYLGLYCINE_AA	160 	150 	9.60156007453e-16 	34.5794358949
GENERIC_NMETHYLGLYCINE_AA	170 	150 	2.02264112228e-19 	43.0447126232
GENERIC_NMETHYLGLYCINE_AA	-180 	160 	1.93808670028e-24 	54.6003409824
GENERIC_NMETHYLGLYCINE_AA	-170 	160 	5.13034502312e-25 	55.929454412
GENERIC_NMETHYLGLYCINE_AA	-160 	160 	3.24948895916e-24 	54.0835444912
GENERIC_NMETHYLGLYCINE_AA	-150 	160 	1.42164255921e-22 	50.3050591109
GENERIC_NMETHYLGLYCINE_AA	-140 	160 	2.63547918376e-18 	40.477466655
GENERIC_NMETHYLGLYCINE_AA	-130 	160 	3.92042309311e-13 	28.567406629
GENERIC_NMETHYLGLYCINE_AA	-120 	160 	7.75945317266e-08 	16.3717688797
GENERIC_NMETHYLGLYCINE_AA	-110 	160 	0.000489667547421 	7.62178387178
GENERIC_NMETHYLGLYCINE_AA	-100 	160 	0.00458202347432 	5.3856145718
GENERIC_NMETHYLGLYCINE_AA	-90 	160 	0.00802136916755 	4.82564615253
GENERIC_NMETHYLGLYCINE_AA	-80 	160 	0.00891458453298 	4.7200666319
GENERIC_NMETHYLGLYCINE_AA	-70 	160 	0.00819269059321 	4.80451291331
GENERIC_NMETHYLGLYCINE_AA	-60 	160 	0.00627161731822 	5.07172101211
GENERIC_NMETHYLGLYCINE_AA	-50 	160 	0.00348102342868 	5.66042893973
GENERIC_NMETHYLGLYCINE_AA	-40 	160 	0.000841565802036 	7.08024635127
GENERIC_NMETHYLGLYCINE_AA	-30 	160 	1.20060007579e-05 	11.33010397
GENERIC_NMETHYLGLYCINE_AA	-20 	160 	2.9476264275e-12 	26.5500208703
GENERIC_NMETHYLGLYCINE_AA	-10 	160 	1.52168287522e-21 	47.9344700757
GENERIC_NMETHYLGLYCINE_AA	0 	160 	4.92952529777e-27 	60.5745548159
GENERIC_NMETHYLGLYCINE_AA	10 	160 	2.33288662175e-28 	63.6252762096
GENERIC_NMETHYLGLYCINE_AA	20 	160 	1.64216443774e-25 	57.068612174
GENERIC_NMETHYLGLYCINE_AA	30 	160 	8.3762106325e-19 	41.6237211465
GENERIC_NMETHYLGLYCINE_AA	40 	160 	4.78994276844e-09 	19.1567473737
GENERIC_NMETHYLGLYCINE_AA	50 	160 	0.000167763493657 	8.69295534626
GENERIC_NMETHYLGLYCINE_AA	60 	160 	0.00264341566043 	5.93568338731
GENERIC_NMETHYLGLYCINE_AA	70 	160 	0.0061754673408 	5.08717071661
GENERIC_NMETHYLGLYCINE_AA	80 	160 	0.00840405563363 	4.77904087612
GENERIC_NMETHYLGLYCINE_AA	90 	160 	0.00919686538321 	4.6888925722
GENERIC_NMETHYLGLYCINE_AA	100 	160 	0.00847578776093 	4.77054167889
GENERIC_NMETHYLGLYCINE_AA	110 	160 	0.00595978242967 	5.12272130366
GENERIC_NMETHYLGLYCINE_AA	120 	160 	0.00205359150104 	6.18816506698
GENERIC_NMETHYLGLYCINE_AA	130 	160 	5.67801590862e-05 	9.77632360512
GENERIC_NMETHYLGLYCINE_AA	140 	160 	8.65960703906e-10 	20.8671815849
GENERIC_NMETHYLGLYCINE_AA	150 	160 	4.8064092551e-15 	32.9688261062
GENERIC_NMETHYLGLYCINE_AA	160 	160 	3.88692134205e-20 	44.6940844444
GENERIC_NMETHYLGLYCINE_AA	170 	160 	1.81367390433e-23 	52.3641025694
GENERIC_NMETHYLGLYCINE_AA	-180 	170 	3.50481016693e-27 	60.9156611525
GENERIC_NMETHYLGLYCINE_AA	-170 	170 	6.17945769638e-27 	60.3485669946
GENERIC_NMETHYLGLYCINE_AA	-160 	170 	9.36916003147e-26 	57.6297889701
GENERIC_NMETHYLGLYCINE_AA	-150 	170 	4.75901437638e-23 	51.3994165558
GENERIC_NMETHYLGLYCINE_AA	-140 	170 	1.11747235187e-17 	39.0328772748
GENERIC_NMETHYLGLYCINE_AA	-130 	170 	5.19855461903e-12 	25.9826404869
GENERIC_NMETHYLGLYCINE_AA	-120 	170 	2.78408718058e-06 	12.7915905011
GENERIC_NMETHYLGLYCINE_AA	-110 	170 	0.00151734084414 	6.49079592084
GENERIC_NMETHYLGLYCINE_AA	-100 	170 	0.0068788459277 	4.97930438417
GENERIC_NMETHYLGLYCINE_AA	-90 	170 	0.0100810150397 	4.59710132302
GENERIC_NMETHYLGLYCINE_AA	-80 	170 	0.0105748605094 	4.54927574474
GENERIC_NMETHYLGLYCINE_AA	-70 	170 	0.00926443424913 	4.68157248434
GENERIC_NMETHYLGLYCINE_AA	-60 	170 	0.00649468804272 	5.03677066039
GENERIC_NMETHYLGLYCINE_AA	-50 	170 	0.0027740271429 	5.88745517238
GENERIC_NMETHYLGLYCINE_AA	-40 	170 	0.000246348196491 	8.30876458992
GENERIC_NMETHYLGLYCINE_AA	-30 	170 	4.23149925361e-08 	16.9781243802
GENERIC_NMETHYLGLYCINE_AA	-20 	170 	3.43275611026e-18 	40.2131682047
GENERIC_NMETHYLGLYCINE_AA	-10 	170 	4.67538527619e-26 	58.3249008465
GENERIC_NMETHYLGLYCINE_AA	0 	170 	5.82571745193e-30 	67.3152706302
GENERIC_NMETHYLGLYCINE_AA	10 	170 	1.40671214376e-29 	66.4337125283
GENERIC_NMETHYLGLYCINE_AA	20 	170 	5.24027241365e-25 	55.9082538405
GENERIC_NMETHYLGLYCINE_AA	30 	170 	1.11764164759e-16 	36.7301406944
GENERIC_NMETHYLGLYCINE_AA	40 	170 	4.51182827473e-07 	14.6113931972
GENERIC_NMETHYLGLYCINE_AA	50 	170 	0.00058896276155 	7.43714759949
GENERIC_NMETHYLGLYCINE_AA	60 	170 	0.00413607462738 	5.48800809857
GENERIC_NMETHYLGLYCINE_AA	70 	170 	0.00795493411532 	4.8339628994
GENERIC_NMETHYLGLYCINE_AA	80 	170 	0.0102218339182 	4.58322926625
GENERIC_NMETHYLGLYCINE_AA	90 	170 	0.0107930870637 	4.52884943649
GENERIC_NMETHYLGLYCINE_AA	100 	170 	0.00937348035853 	4.66987081535
GENERIC_NMETHYLGLYCINE_AA	110 	170 	0.00538610224834 	5.22393330068
GENERIC_NMETHYLGLYCINE_AA	120 	170 	0.000775123129742 	7.16248866414
GENERIC_NMETHYLGLYCINE_AA	130 	170 	3.55706749353e-07 	14.8491591833
GENERIC_NMETHYLGLYCINE_AA	140 	170 	5.78341372482e-13 	28.1786120907
GENERIC_NMETHYLGLYCINE_AA	150 	170 	1.14214467698e-18 	41.3136238833
GENERIC_NMETHYLGLYCINE_AA	160 	170 	1.06722741434e-23 	52.8943930549
GENERIC_NMETHYLGLYCINE_AA	170 	170 	5.40090286756e-26 	58.1806462806