0 0 0 0 0 -1.25504 0
0 0 0 0 0 0 0
0 -1.79097 0 0 0 0 0
0 0 0 0 0 0 0
0 0 0 0 0 0 -1.76736
0 0 0 0 0 0 0
0 0 0 0 0 -0.5619 0
0 0 0 0 0 -1.25504 0
0 0 0 0 0 0 0
0 0 0 0 0 0 0
0 0 0 0 0 0 0
0 0 0 0 0 0 0
0 0 0 0 0 0 0
0 0 0 0 0 0 0
0 0 0 0 0 0 0
0 0 0 0 0 0 0
0 0 0 0 0 0 0
0 0 0 0 0 0 0
0 0 0 0 0 0 0
0 0 0 0 0 0 0
0 0 0 0 0 0 0
0 0 0 0 0 -1.12151 0
0 0 0 0 0 -0.561892 0
0 0 0 0 0 -0.274211 0
0 0 0 0 0 0 0
0 0 0 0 0 0 0
0 0 0 0 0 0 0
0 0 0 0 0 0 0
0 0 0 0 0 0 0
0 0 0 0 0 0 0
0 0 0 0 0 0 0
0 0 0 0 0 0 0
0 0 0 0 0 0 0
0 0 0 0 0 0 0
0 0 0 0 0 0 0
0 0 0 0 0 0 0
0 0 0 0 0 0 0
0 0 0 0 0 0 0
0 0 0 0 0 0 0
0 0 0 0 0 0 0
0 0 0 0 0 0 0
0 0 0 0 0 0 0
0 0 -0.655435 -0.655435 -0.378953 -2.05354 0
0 0 -0.655435 -0.655435 0 -1.94818 0
0 0 0 0 0 -1.25504 0
0 0 0 0 0 -0.156426 0
0 0 0 0 0 0 0
0 0 0 0 0 0 0
0 0 0 0 0 0 0
0 0 0 0 0 0 0
0 0 0 0 0 0 0
0 0 0 0 0 0 0
0 0 0 0 0 0 0
0 0 0 0 0 0 0
0 0 0 0 0 0 0
0 0 0 0 0 0 0
0 0 0 0 0 0 0
0 0 0 0 0 0 0
0 0 0 0 0 0 0
0 0 0 0 0 0 0
0 0 0 0 0 0 0
0 0 0 0 0 0 0
0 0 0 0 0 0 0
0 0 -3.46446 -3.46446 0 -3.03105 0
0 0 -2.56497 -2.56497 0 -2.73806 0
0 0 -1.6895 -1.6895 0 -2.18375 -0.0933774
0 0 -1.33283 -1.33283 0 -1.61794 0
0 0 -0.485534 -0.485534 0 -1.12151 0
0 0 0 0 0 -0.274208 0
0 0 0 0 0 0 0
0 0 0 0 0 0 0
0 0 0 0 0 0 0
0 0 0 0 0 0 0
0 0 0 0 0 0 0
0 0 0 0 0 0 0
0 0 0 0 0 0 0
0 0 0 0 0 0 0
0 0 0 0 0 0 0
0 0 0 0 0 0 0
0 0 0 0 0 0 0
0 0 0 0 0 0 0
0 0 0 0 0 0 0
0 0 0 0 0 0 0
0 0 0 0 0 0 0
0 0 -4.02823 -4.02823 -0.0504442 -3.08922 0
0 0 -3.25812 -3.25812 0 -3.06004 0
0 0 -2.62951 -2.62951 0 -2.74569 0
0 0 -1.24322 -1.24322 0 -2.21055 0
0 0 -1.50558 -1.50558 0 -1.68682 0
0 0 -0.0392471 -0.0392471 0 -0.71031 0
0 0 0 0 0 -0.338747 0
0 0 0 0 0 0 0
0 0 0 0 0 0 0
0 0 0 0 0 0 0
0 0 0 0 0 0 0
0 0 0 0 0 0 0
0 0 0 0 0 0 0
0 0 0 0 0 0 0
0 0 0 0 0 0 0
0 0 0 0 0 0 0
0 0 0 0 0 0 0
0 0 0 0 0 0 0
0 0 0 0 0 0 0
0 0 0 0 0 0 0
0 0 0 0 0 0 0
0 0 -4.16324 -4.16324 0 -2.71816 -0.581728
0 0 -3.79634 -3.79634 0 -2.80142 0
0 0 -3.42018 -3.42018 0 -2.71816 -0.748782
0 0 -2.36018 -2.36018 0 -2.5915 -0.129743
0 0 -1.66703 -1.66703 0 -2.31109 0
0 0 0 0 0 -1.76586 0
0 0 0 0 0 -0.870191 0
0 0 0 0 0 -0.156425 0
0 0 0 0 0 0 0
0 0 0 0 0 0 0
0 0 0 0 0 0 0
0 0 0 0 0 0 0
0 0 0 0 0 0 0
0 0 0 0 0 0 0
0 0 0 0 0 0 0
0 0 0 0 0 0 0
0 0 0 0 0 0 0
0 0 0 0 0 0 0
0 0 0 0 0 0 0
0 0 0 0 0 0 0
0 0 0 0 0 0 0
0 0 -3.84742 -3.84742 0 -2.26106 -0.708744
0 0 -3.64758 -3.64758 0 -2.30842 -0.360438
0 0 -3.11187 -3.11187 0 -2.32256 -0.178116
0 0 -2.85265 -2.85265 0 -2.5337 -0.64812
0 0 -2.07435 -2.07435 0 -2.31198 -0.178116
0 0 -1.15806 -1.15806 0 -1.97834 -0.178116
0 0 0 0 0 -1.60454 0
0 0 0 0 0 -0.677403 0
0 0 0 0 0 0 0
0 0 0 0 0 0 0
0 0 0 0 0 0 0
0 0 0 0 0 0 0
0 0 0 0 0 0 0
0 0 0 0 0 0 0
0 0 0 0 0 0 0
0 0 0 0 0 0 0
0 0 0 0 0 0 0
0 0 0 0 0 0 0
0 0 0 0 0 0 0
0 0 0 0 0 0 0
0 0 0 0 0 0 0
-0.113053 -0.522455 -3.16541 -3.16541 -0.209046 -2.18683 -1.0742
0 -0.306232 -3.26331 -3.26331 0 -2.08998 -0.866564
0 0 -2.99106 -2.99106 0 -2.04136 -1.10498
0 0 -2.58559 -2.58559 0 -1.95208 -1.13483
0 0 -2.02598 -2.02598 0 -2.12332 -0.904305
0 0 -1.33283 -1.33283 0 -2.00513 -0.866564
0 0 -0.19785 -0.19785 0 -1.9364 -0.827344
0 0 0 0 0 -1.26282 -0.173418
0 0 0 0 0 -0.391991 0
0 0 0 0 0 0 0
0 0 0 0 0 0 0
0 0 0 0 0 0 0
0 0 0 0 0 0 0
0 0 0 0 0 0 0
0 0 0 0 0 0 0
0 0 0 0 0 0 0
0 0 0 0 0 0 0
0 0 0 0 0 0 0
0 0 0 0 0 0 0
0 0 0 0 0 0 0
0 0 0 0 0 0 0
-1.2224 -1.04718 -2.86492 -2.86492 -0.484305 -2.12587 -1.60701
-0.116717 -0.710703 -2.89496 -2.89496 0 -1.89103 -1.43334
0 0 -2.56908 -2.56908 -0.666626 -1.6605 -1.26472
0 0 -2.53574 -2.53574 0 -1.6439 -0.956421
0 0 -1.98457 -1.98457 0 -1.77324 -1.36189
0 0 -1.87593 -1.87593 0 -1.81993 -1.1341
0 0 -0.655431 -0.655431 0 -1.72427 -0.92825
0 0 0 0 0 -1.39319 -0.98382
0 0 0 0 0 -0.76256 -0.630998
0 0 0 0 0 0 -0.145491
0 0 0 0 0 0 0
0 0 0 0 0 0 0
0 0 0 0 0 0 0
0 0 0 0 0 0 0
0 0 0 0 0 0 0
0 0 0 0 0 0 0
0 0 0 0 0 0 0
0 0 0 0 0 0 0
0 0 0 0 0 0 0
0 0 0 0 0 0 0
0 0 0 0 0 0 0
-2.24206 -1.98571 -2.29054 -2.29054 -0.455905 -1.79153 -2.07484
-1.25985 -1.44848 -2.36652 -2.36652 -0.455905 -1.76786 -1.46625
-0.0448324 -0.682304 -2.42953 -2.42953 -0.535948 -1.65381 -0.990822
0 -0.299312 -2.02025 -2.02025 0 -1.52887 -1.09401
0 0 -1.93636 -1.93636 0 -1.48615 -1.16951
0 0 -1.48616 -1.48616 0 -1.42478 -1.0742
0 0 -1.0807 -1.0807 0 -1.26002 -1.22262
0 0 -0.444709 -0.444709 0 -1.16621 -1.20523
0 0 0 0 0 -0.933453 -1.054
0 0 0 0 0 -0.326167 -1.09401
0 0 0 0 0 0 0
0 0 0 0 0 0 0
0 0 0 0 0 0 0
0 0 0 0 0 0 0
0 0 0 0 0 0 0
0 0 0 0 0 0 0
0 0 0 0 0 0 0
0 0 0 0 0 0 0
0 0 0 0 0 0 0
0 0 0 0 0 0 0
0 0 0 0 0 0 0
-2.99453 -2.55007 -1.87458 -1.87458 -0.999253 -1.6183 -2.28968
-2.15865 -2.00247 -1.79453 -1.79453 -0.8249 -1.525 -1.86191
-0.940402 -1.10605 -1.90701 -1.90701 -0.999253 -1.59504 -1.37828
0 -0.619517 -1.81806 -1.81806 -0.958432 -1.44627 -1.3904
0 -0.193849 -1.6264 -1.6264 0 -1.33062 -1.01461
0 0 -1.12492 -1.12492 0 -0.981035 -0.996912
0 0 -0.764915 -0.764915 0 -0.907763 -1.37828
0 0 -0.00277484 -0.00277484 0 -0.865966 -1.30229
0 0 0 0 0 -0.822345 -1.43747
0 0 0 0 0 -0.429538 -1.17625
0 0 0 0 0 0 0
0 0 0 0 0 0 0
0 0 0 0 0 0 0
0 0 0 0 0 0 0
0 0 0 0 0 0 0
0 0 0 0 0 0 0
0 0 0 0 0 0 0
0 0 0 0 0 0 0
0 0 0 0 0 0 0
0 0 0 0 0 0 0
0 0 0 0 0 0 0
-3.27139 -2.8076 -1.62051 -1.62051 -1.39054 -1.52697 -2.36969
-2.68054 -2.28074 -1.72229 -1.72229 -1.39054 -1.46419 -1.9392
-1.602 -1.43131 -1.62051 -1.62051 -1.07209 -1.25504 -1.49802
-0.478697 -0.932027 -1.45237 -1.45237 -0.550794 -1.29919 -1.22835
0 -0.510033 -1.33283 -1.33283 -0.602087 -1.16042 -1.00223
0 0 -0.996357 -0.996357 0 -0.833823 -1.16699
0 0 -0.521899 -0.521899 0 -0.582509 -0.987192
0 0 -0.0800664 -0.0800664 0 -0.474878 -1.25188
0 0 0 0 0 -0.497351 -1.39266
0 0 0 0 0 0 -0.908411
0 0 0 0 0 0 0
0 0 0 0 0 0 0
0 0 0 0 0 0 0
0 0 0 0 0 0 0
0 0 0 0 0 0 0
0 0 0 0 0 0 0
0 0 0 0 0 0 0
0 0 0 0 0 0 0
0 0 0 0 0 0 0
0 0 0 0 0 0 0
0 0 0 0 0 0 0
-3.24267 -2.77253 -1.17274 -1.17274 -1.70895 -1.45301 -2.4664
-2.77677 -2.30651 -1.29229 -1.29229 -1.66578 -1.36953 -2.0624
-1.81525 -1.63088 -1.2781 -1.2781 -1.43525 -1.29846 -1.64809
-0.99918 -0.958353 -1.14048 -1.14048 -1.05719 -1.0739 -1.41658
-0.194559 -0.650052 -0.667195 -0.667195 -0.880257 -1.0267 -1.06827
0 -0.271986 -0.693171 -0.693171 0 -0.715195 -1.30089
0 -0.36237 -0.495345 -0.495345 0 -0.468944 -1.0918
0 0 -0.120652 -0.120652 0 -0.176923 -1.18075
0 0 0 0 0 0 -1.21216
0 0 0 0 0 0 0
0 0 0 0 0 0 0
0 0 0 0 0 0 0
0 0 0 0 0 0 0
0 0 0 0 0 0 0
0 0 0 0 0 0 0
0 0 0 0 0 0 0
0 0 0 0 0 0 0
0 0 0 0 0 0 0
0 0 0 0 0 0 0
0 0 0 0 0 0 0
0 0 0 0 0 0 0
-3.03117 -2.50806 -1.12989 -1.12989 -1.48771 -1.44919 -2.5005
-2.64693 -2.23316 -1.19888 -1.19888 -1.32341 -1.37734 -2.02263
-1.85525 -1.59426 -1.42469 -1.42469 -1.47244 -1.24735 -1.66539
-1.2828 -1.34516 -1.1155 -1.1155 -1.26835 -1.08287 -1.38708
-0.785581 -0.888609 -1.05578 -1.05578 -0.986933 -0.859724 -1.34905
0 -0.538203 -0.594965 -0.594965 -0.881572 -0.536048 -1.0001
0 -0.330564 -0.407754 -0.407754 -0.00610401 -0.29441 -1.08436
0 -0.464095 0 0 0 -0.174124 -1.19877
0 -0.262356 0 0 0 0 -0.339384
0 -0.352304 0 0 0 0 0
0 0 0 0 0 0 0
0 -0.0681998 0 0 0 0 0
0 0 0 0 0 0 0
0 0 0 0 0 0 0
0 0 0 0 0 0 0
0 0 0 0 0 0 0
0 0 0 0 0 0 0
0 0 0 0 0 0 0
0 0 0 0 0 0 0
0 0 0 0 0 0 0
0 0 0 0 0 0 0
-2.82867 -2.18301 -0.694651 -0.694651 -1.73478 -1.54105 -2.35019
-2.4303 -1.98982 -1.31812 -1.31812 -1.59088 -1.31958 -1.9385
-1.85696 -1.5706 -1.40685 -1.40685 -1.54209 -1.17647 -1.7762
-1.3891 -1.32363 -1.32837 -1.32837 -1.37958 -1.03467 -1.49291
-1.02566 -0.994925 -1.02007 -1.02007 -1.05189 -0.747908 -1.38169
-0.502413 -0.857868 -0.504607 -0.504607 -1.05189 -0.263783 -1.06078
0 -0.594374 -0.481077 -0.481077 -0.770986 -0.316273 -1.03338
0 -0.502 -0.380993 -0.380993 0 0 -0.828587
0 -0.594374 0 0 0 0 0
0 -0.637546 0 0 0 0 0
0 0 0 0 0 0 0
0 -0.564521 0 0 0 0 0
0 -0.443893 0 0 0 0 0
0 -0.0761679 0 0 0 0 0
0 0 0 0 0 0 0
0 0 0 0 0 0 0
0 0 0 0 0 0 0
0 0 0 0 0 0 0
0 0 0 0 0 0 0
0 0 0 0 0 0 0
0 0 0 0 0 0 0
-2.62463 -2.01411 -0.945063 -0.945063 -1.69443 -1.6657 -2.48366
-2.16856 -1.61643 -0.890996 -0.890996 -1.70382 -1.51499 -2.02731
-1.80792 -1.51365 -1.35053 -1.35053 -1.68495 -1.30457 -1.82798
-1.42212 -1.33954 -0.862825 -0.862825 -1.57429 -1.02553 -1.4692
-1.1048 -0.986364 -1.05698 -1.05698 -1.36172 -0.488983 -1.34017
-0.826268 -0.89018 -0.674773 -0.674773 -1.03832 -0.423884 -1.19891
-0.286325 -0.794389 -0.442972 -0.442972 -0.76866 -0.187196 -0.949561
0 -0.772997 -0.169678 -0.169678 -0.61451 0 -0.45628
0 -0.88536 0 0 0 0 0
0 -0.941713 0 0 0 0 0
0 0 0 0 0 0 0
0 -0.950804 0 0 0 0 0
0 -1.06607 0 0 0 0 0
0 -0.762128 0 0 0 0 0
0 -0.0524514 0 0 0 0 0
0 0 0 0 0 0 0
0 0 0 0 0 0 0
0 0 0 0 0 0 0
0 0 0 0 0 0 0
0 0 0 0 0 0 0
0 0 0 0 0 0 0
-2.48624 -1.88659 -0.682736 -0.682736 -1.65467 -2.02396 -2.45529
-1.97653 -1.51817 -0.769747 -0.769747 -1.5637 -1.71984 -2.00082
-1.75501 -1.48583 -0.682736 -0.682736 -1.72193 -1.44225 -1.86611
-1.43872 -1.29502 -0.682736 -0.682736 -1.61022 -1.11804 -1.61435
-1.11928 -1.17119 -0.424906 -0.424906 -1.35239 -0.615775 -1.24842
-1.02046 -0.912031 -0.156643 -0.156643 -1.26645 -0.38026 -1.07766
-0.714903 -0.882431 -0.18196 -0.18196 -1.17242 0 -0.913108
-0.0697656 -0.916189 0 0 -1.03688 0 0
0 -1.01489 0 0 -0.436102 0 0
0 -1.18713 0 0 -0.0452358 0 0
0 0 0 0 0 0 0
0 -1.40265 0 0 0 0 0
0 -1.50903 0 0 0 0 0
0 -1.48348 0 0 0 0 0
0 -1.0626 0 0 0 0 0
0 -0.0661214 0 0 0 0 0
0 0 0 0 0 0 0
0 0 0 0 0 0 0
0 0 0 0 0 0 0
0 0 0 0 0 0 0
0 0 0 0 0 0 0
-2.33035 -1.65743 -1.0422 -1.0422 -1.54901 -2.2154 -2.40334
-1.82243 -1.46768 -0.709497 -0.709497 -1.66296 -1.95664 -2.0052
-1.62079 -1.22516 -0.568419 -0.568419 -1.44938 -1.65224 -1.91353
-1.44131 -1.18637 -0.682829 -0.682829 -1.46825 -1.26272 -1.67358
-1.18655 -0.96605 -0.439207 -0.439207 -1.39054 -0.641932 -1.38023
-1.1588 -0.846505 -0.31059 -0.31059 -1.31721 -0.397917 -1.14566
-0.891542 -0.88923 -0.116434 -0.116434 -1.20214 0 -0.913861
-0.651716 -1.05687 0 0 -0.707447 0 0
-0.0507589 -1.14602 0 0 -0.458986 0 0
0 -1.33323 0 0 -0.26116 0 0
0 0 0 0 0 0 0
0 -1.5709 0 0 0 0 0
0 -1.85811 0 0 0 0 0
0 -1.93046 0 0 0 0 0
0 -1.81987 0 0 0 0 0
0 -1.09473 0 0 0 0 0
0 0 0 0 0 0 0
0 0 0 0 0 0 0
0 0 0 0 0 0 0
0 0 0 0 0 0 0
0 0 0 0 0 0 0
-2.29886 -1.59076 -0.413764 -0.413764 -1.58513 -2.28979 -2.40057
-1.70751 -1.23481 -0.313681 -0.313681 -1.44088 -2.04387 -2.13805
-1.58118 -1.14119 -0.331073 -0.331073 -1.61454 -1.82214 -1.97204
-1.43272 -1.16995 -0.381503 -0.381503 -1.48308 -1.40998 -1.7534
-1.26286 -0.967843 -0.259614 -0.259614 -1.38777 -0.817197 -1.47318
-1.07476 -1.04667 -0.120777 -0.120777 -1.36012 -0.530945 -1.28115
-0.958349 -0.998901 0 0 -1.43222 0 -0.8343
-0.941751 -0.948734 0 0 -1.05674 0 0
-0.489168 -1.25867 0 0 -0.991355 0 0
0 -1.44139 0 0 -0.350852 0 0
0 0 0 0 0 0 0
0 -1.82901 0 0 0 0 0
0 -1.9109 0 0 0 0 0
0 -2.08521 0 0 0 0 0
0 -2.0883 0 0 0 0 0
0 -1.75716 0 0 0 0 0
0 -0.385091 0 0 0 0 0
0 0 0 0 0 0 0
0 0 0 0 0 0 0
0 0 0 0 0 0 0
0 0 0 0 0 0 0
-2.20645 -1.37923 -0.211094 -0.211094 -1.6473 -2.1633 -2.33124
-1.57831 -1.184 -0.039244 -0.039244 -1.42099 -2.06819 -2.14921
-1.39818 -1.09281 -0.278917 -0.278917 -1.3209 -1.8736 -2.15601
-1.3604 -1.09532 -0.34243 -0.34243 -1.25753 -1.41631 -1.8581
-1.24323 -1.00625 -0.119287 -0.119287 -1.05061 -0.977305 -1.67852
-1.1388 -0.800087 -0.24558 -0.24558 -1.19982 -0.459303 -1.44231
-1.01519 -0.98409 0 0 -1.39689 0 -0.546571
-0.979472 -0.868406 0 0 -1.25753 0 0
-0.870063 -1.18857 0 0 -1.14905 0 0
-0.386582 -1.48478 0 0 -0.455904 0 0
0 0 0 0 0 0 0
0 -1.77839 0 0 -0.22229 0 0
0 -1.9198 0 0 0 0 0
0 -2.03685 0 0 0 0 0
0 -2.17538 0 0 0 0 0
0 -2.07896 0 0 0 0 0
0 -0.816782 0 0 0 0 0
0 0 0 0 0 0 0
0 0 0 0 0 0 0
0 0 0 0 0 0 0
0 0 0 0 0 0 0
-2.11948 -1.34737 -0.304569 -0.304569 -1.49776 -1.79997 -2.26861
-1.50051 -1.14866 -0.260117 -0.260117 -1.41438 -1.81886 -2.09176
-1.27761 -0.997736 -0.0407546 -0.0407546 -1.2493 -1.71493 -1.97357
-1.2946 -0.889307 -0.0022883 -0.0022883 -1.27461 -1.32191 -1.95495
-1.15676 -0.954195 0 0 -1.21451 -0.928043 -1.73039
-1.08074 -0.773965 0 0 -1.12185 -0.573164 -1.52763
-1.08964 -0.632792 0 0 -1.22332 0 -0.423238
-1.06724 -0.801788 0 0 -1.1876 0 0
-1.03656 -1.00771 0 0 -1.16925 0 0
-0.685656 -1.23729 0 0 -0.646006 0 0
0 0 0 0 0 0 0
-0.170395 -1.56413 0 0 -0.200695 0 0
0 -1.77727 0 0 0 0 0
0 -1.83206 0 0 0 0 0
0 -1.92945 0 0 0 0 0
0 -1.95767 0 0 0 0 0
0 -0.36536 0 0 0 0 0
0 0 0 0 0 0 0
0 0 0 0 0 0 0
0 0 0 0 0 0 0
0 0 0 0 0 0 0
-2.08034 -1.27358 -0.267882 -0.267882 -1.51805 -1.41419 -2.04673
-1.32481 -0.979519 0 0 -1.3639 -1.48148 -1.92915
-1.18089 -0.970174 0 0 -1.3639 -1.35709 -1.88421
-1.18457 -0.863769 -0.120557 -0.120557 -1.16477 -1.12739 -1.69895
-1.16853 -0.708748 -0.104557 -0.104557 -1.07621 -0.858314 -1.67204
-1.05957 -0.779365 0 0 -1.16477 -0.464304 -1.49063
-1.03144 -0.632762 0 0 -1.17321 0 0
-1.05679 -0.437195 0 0 -1.41796 0 0
-1.06234 -0.77652 0 0 -0.87142 0 0
-0.918284 -0.977191 0 0 -0.77611 0 0
0 0 0 0 0 0 0
-0.523939 -1.2347 0 0 -0.178273 0 0
-0.00438644 -1.39117 0 0 0 0 0
0 -1.55168 0 0 0 0 0
0 -1.57631 0 0 0 0 0
0 -1.67615 0 0 0 0 0
0 0 0 0 0 0 0
0 0 0 0 0 0 0
0 0 0 0 0 0 0
0 0 0 0 0 0 0
0 0 0 0 0 0 0
-2.02001 -1.16011 0 0 -1.45847 -1.24172 -1.99163
-1.179 -0.895256 0 0 -1.50919 -1.26163 -1.75976
-1.17562 -0.761725 0 0 -1.20302 -1.11853 -1.5671
-1.07963 -0.761725 0 0 -1.26802 -0.7586 -1.56479
-1.16311 -0.944928 -0.0316538 -0.0316538 -1.01471 -0.525312 -1.36848
-1.03382 -0.652831 0 0 -1.03257 -0.340635 -1.21995
-0.99668 -0.493257 0 0 -0.930152 0 0
-0.9899 -0.340259 0 0 -1.20302 0 0
-1.10541 -0.493257 0 0 -1.1092 0 0
-1.06206 -0.652831 0 0 -0.87989 0 0
0 0 0 0 0 0 0
-0.886805 -0.813283 0 0 -0.553675 0 0
-0.435035 -0.902177 0 0 0 0 0
0 -0.951514 0 0 0 0 0
0 -1.19158 0 0 0 0 0
0 -1.0027 0 0 0 0 0
0 0 0 0 0 0 0
0 0 0 0 0 0 0
0 0 0 0 0 0 0
0 0 0 0 0 0 0
0 0 0 0 0 0 0
-1.94503 -1.1353 0 0 -1.60913 -1.19696 -1.85219
-1.1561 -0.781966 0 0 -1.42407 -1.13725 -1.71386
-1.08028 -0.862009 0 0 -1.435 -1.05908 -1.54681
-1.03234 -0.676606 0 0 -1.19679 -0.676582 -1.42984
-1.00564 -0.702717 0 0 -1.03224 -0.457686 -1.28898
-0.936912 -0.641609 0 0 -0.947448 -0.025865 -1.02071
-1.00687 -0.564757 0 0 -0.902191 0 0
-1.05951 -0.306232 0 0 -1.06425 0 0
-1.02634 -0.372923 0 0 -1.10286 0 0
-1.11726 -0.487915 0 0 -0.982234 0 0
0 0 0 0 0 0 0
-1.01787 -0.340133 0 0 -0.245412 0 0
-0.724906 -0.506903 0 0 0 0 0
-0.283796 -0.622244 0 0 0 0 0
0 -0.738163 0 0 0 0 0
0 -0.135339 0 0 0 0 0
0 0 0 0 0 0 0
0 0 0 0 0 0 0
0 0 0 0 0 0 0
0 0 0 0 0 0 0
0 0 0 0 0 0 0
-1.7591 -1.00043 0 0 -1.51369 -1.25504 -1.87638
-1.03781 -0.626214 0 0 -1.33137 -1.18118 -1.55019
-0.974368 -0.714507 0 0 -1.3258 -1.06823 -1.41864
-0.896565 -0.726176 0 0 -1.1557 -0.610299 -1.2431
-0.831267 -0.644004 0 0 -1.02122 -0.434056 -1.20733
-0.886399 -0.520854 0 0 -0.820547 0 -0.920586
-0.919066 -0.336821 0 0 -1.11515 0 0
-0.914109 -0.213027 0 0 -0.838897 0 0
-0.91535 -0.0761678 0 0 -0.829764 0 0
-1.01449 -0.213027 0 0 -0.950601 0 0
0 0 0 0 0 0 0
-1.03341 -0.280468 0 0 -0.495125 0 0
-0.939862 -0.216895 0 0 0 0 0
-0.518533 -0.205245 0 0 0 0 0
0 -0.31955 0 0 0 0 0
0 0 0 0 0 0 0
0 0 0 0 0 0 0
0 0 0 0 0 0 0
0 0 0 0 0 0 0
0 0 0 0 0 0 0
0 0 0 0 0 0 0
-1.5949 -0.755412 0 0 -1.44447 -1.24612 -1.74642
-0.925883 -0.529661 0 0 -1.36328 -1.15802 -1.45975
-0.890062 -0.675196 -0.0859656 -0.0859656 -1.28572 -1.01643 -1.25751
-0.865045 -0.636065 -2.32E-05 -2.32E-05 -1.0158 -0.653697 -1.26731
-0.830686 -0.573091 0 0 -1.00162 -0.272233 -1.23257
-0.866251 -0.42517 0 0 -1.08386 0 -0.680503
-0.80668 -0.407626 0 0 -0.847467 0 0
-0.791216 -0.198397 0 0 -0.979956 0 0
-0.856566 -0.0622649 0 0 -0.813565 0 0
-0.894756 -0.0580896 0 0 -0.855765 0 0
0 0 0 0 0 0 0
-0.950548 0 0 0 -0.514322 0 0
-0.924747 0 0 0 0 0 0
-0.698759 -0.0412115 0 0 0 0 0
-0.182696 -0.0109716 0 0 0 0 0
0 0 0 0 0 0 0
0 0 0 0 0 0 0
0 0 0 0 0 0 0
0 0 0 0 0 0 0
0 0 0 0 0 0 0
0 0 0 0 0 0 0
-1.36644 -0.637372 0 0 -1.39167 -1.25366 -1.66336
-0.814581 -0.5464 0 0 -1.25235 -1.17139 -1.51604
-0.761428 -0.48756 0 0 -1.23152 -1.04264 -1.37212
-0.774984 -0.485031 0 0 -0.961228 -0.654828 -1.26472
-0.829759 -0.565269 0 0 -0.968101 -0.357095 -1.13926
-0.788358 -0.562929 0 0 -0.763618 0 -0.463944
-0.680041 -0.293043 0 0 -0.859691 0 0
-0.671933 -0.169106 0 0 -0.852029 0 0
-0.68541 -0.0235983 0 0 -0.874843 0 0
-0.793177 -0.0235983 0 0 -0.796679 0 0
0 0 0 0 0 0 0
-0.837838 0 0 0 -0.702993 0 0
-0.815757 0 0 0 0 0 0
-0.63461 0 0 0 0 0 0
-0.31932 0 0 0 0 0 0
0 0 0 0 0 0 0
0 0 0 0 0 0 0
0 0 0 0 0 0 0
0 0 0 0 0 0 0
0 0 0 0 0 0 0
0 0 0 0 0 0 0
-1.182 -0.613427 0 0 -1.37982 -1.18093 -1.48645
-0.724041 -0.422371 -0.00595794 -0.00595794 -1.29625 -1.07603 -1.35869
-0.686209 -0.373581 0 0 -1.19496 -1.02598 -1.21662
-0.711993 -0.427371 -0.0383932 -0.0383932 -0.888493 -0.570779 -1.21883
-0.721643 -0.549302 0 0 -0.755946 -0.325586 -1.18972
-0.711993 -0.464095 0 0 -0.794561 0 -0.464234
-0.60326 -0.311146 0 0 -0.612239 0 0
-0.611335 -0.156995 0 0 -0.621289 0 0
-0.614012 -0.0501812 0 0 -0.71578 0 0
-0.719239 0 0 0 -0.771571 0 0
0 0 0 0 0 0 0
-0.719239 0 0 0 -0.565719 0 0
-0.625973 0 0 0 0 0 0
-0.559053 0 0 0 0 0 0
-0.403489 0 0 0 0 0 0
0 0 0 0 0 0 0
0 0 0 0 0 0 0
0 0 0 0 0 0 0
0 0 0 0 0 0 0
0 0 0 0 0 0 0
0 0 0 0 0 0 0
-1.01734 -0.364642 0 0 -1.07802 -1.12032 -1.39579
-0.539811 -0.369581 -0.0498886 -0.0498886 -1.18391 -1.02548 -1.32987
-0.523572 -0.290153 0 0 -1.09385 -0.946934 -1.26127
-0.537123 -0.306027 0 0 -0.897822 -0.504381 -1.08954
-0.668127 -0.454537 0 0 -0.852211 -0.245663 -1.02921
-0.657445 -0.381821 0 0 -0.709111 0 -0.0566394
-0.678697 -0.298122 0 0 -0.66989 0 0
-0.538468 -0.14088 0 0 -0.542057 0 0
-0.526297 0 0 0 -0.761557 0 0
-0.452922 0 0 0 -0.6207 0 0
0 0 0 0 0 0 0
-0.527657 0 0 0 -0.661858 0 0
-0.534427 0 0 0 0 0 0
-0.452922 0 0 0 0 0 0
-0.16865 0 0 0 0 0 0
0 0 0 0 0 0 0
0 0 0 0 0 0 0
0 0 0 0 0 0 0
0 0 0 0 0 0 0
0 0 0 0 0 0 0
0 0 0 0 0 0 0
-0.793021 -0.375358 -0.0756115 -0.0756115 -1.07209 -0.986431 -1.23972
-0.453037 -0.259004 0 0 -1.18542 -0.990058 -1.18753
-0.446174 -0.217003 0 0 -1.05698 -0.798278 -1.15322
-0.50111 -0.34043 0 0 -0.701027 -0.492897 -1.07198
-0.566708 -0.240845 0 0 -0.544458 -0.263783 -1.01469
-0.589642 -0.448157 0 0 -0.561265 0 0
-0.57158 -0.299311 0 0 -0.273583 0 0
-0.448925 -0.0853845 0 0 -0.679048 0 0
-0.364408 -0.0606154 0 0 -0.625803 0 0
-0.451668 0 0 0 -0.836368 0 0
0 0 0 0 0 0 0
-0.426702 0 0 0 -0.518705 0 0
-0.364408 0 0 0 0 0 0
-0.386582 0 0 0 0 0 0
0 0 0 0 0 0 0
0 0 0 0 0 0 0
0 0 0 0 0 0 0
0 0 0 0 0 0 0
0 0 0 0 0 0 0
0 0 0 0 0 0 0
0 0 0 0 0 0 0
-0.728414 -0.213781 0 0 -1.03607 -0.991006 -1.1532
-0.325378 -0.10758 0 0 -0.965689 -0.853207 -1.06058
-0.417109 -0.172644 0 0 -0.923129 -0.697889 -1.11198
-0.423727 -0.233732 0 0 -0.884343 -0.415341 -1.08352
-0.443323 -0.246002 0 0 -0.678007 -0.211587 -0.983876
-0.56841 -0.343527 0 0 -0.606033 0 0
-0.483886 -0.295953 0 0 -0.426692 0 0
-0.405085 -0.246002 0 0 -0.568006 0 0
-0.325378 0 0 0 -0.503984 0 0
-0.373683 0 0 0 -0.461784 0 0
0 0 0 0 0 0 0
-0.273089 0 0 0 -0.272542 0 0
-0.306274 0 0 0 -0.0519989 0 0
-0.285284 0 0 0 0 0 0
0 0 0 0 0 0 0
0 0 0 0 0 0 0
0 0 0 0 0 0 0
0 0 0 0 0 0 0
0 0 0 0 0 0 0
0 0 0 0 0 0 0
0 0 0 0 0 0 0
-0.59648 -0.137609 0 0 -0.865052 -0.895148 -1.03639
-0.230836 -0.041278 0 0 -0.843193 -0.856627 -1.07029
-0.310186 -0.140157 0 0 -0.688121 -0.661275 -0.931703
-0.348286 -0.201829 0 0 -0.586338 -0.39661 -0.982208
-0.381118 -0.170234 0 0 -0.415381 -0.223462 -0.765468
-0.432735 -0.255392 0 0 -0.354226 0 0
-0.390122 -0.127353 0 0 -0.239816 0 0
-0.353612 -0.00989169 0 0 -0.389628 0 0
-0.284903 0 0 0 -0.519893 0 0
-0.170493 0 0 0 -0.564677 0 0
0 0 0 0 0 0 0
-0.180017 0 0 0 -0.354226 0 0
-0.146279 0 0 0 -0.177296 0 0
-0.0925747 0 0 0 0 0 0
0 0 0 0 0 0 0
0 0 0 0 0 0 0
0 0 0 0 0 0 0
0 0 0 0 0 0 0
0 0 0 0 0 0 0
0 0 0 0 0 0 0
0 0 0 0 0 0 0
-0.545299 -0.0370491 0 0 -0.88147 -0.799438 -1.00678
-0.164778 -0.103741 0 0 -0.896359 -0.751986 -0.943946
-0.255553 0 0 0 -0.620105 -0.599732 -0.966698
-0.252795 -0.0580473 0 0 -0.45835 -0.292707 -0.941852
-0.319575 -0.140285 0 0 -0.42734 -0.0535098 -0.75575
-0.346345 -0.193849 0 0 -0.450687 0 0
-0.319575 -0.218486 0 0 -0.353837 0 0
-0.306571 -0.125827 0 0 -0.465955 0 0
-0.216222 0 0 0 -0.531913 0 0
-0.148048 0 0 0 -0.573585 0 0
0 0 0 0 0 0 0
0 0 0 0 -0.524795 0 0
-0.0896255 0 0 0 -0.157864 0 0
-0.00836257 0 0 0 0 0 0
0 0 0 0 0 0 0
0 0 0 0 0 0 0
0 0 0 0 0 0 0
0 0 0 0 0 0 0
0 0 0 0 0 0 0
0 0 0 0 0 0 0
0 0 0 0 0 0 0
-0.528969 -0.0365626 0 0 -0.816752 -0.744788 -0.913108
-0.103563 0 0 0 -0.611043 -0.702103 -0.937206
-0.157948 -0.0112448 0 0 -0.676738 -0.481775 -0.762002
-0.156516 -0.0948315 0 0 -0.450701 -0.256755 -0.819423
-0.221682 -0.129597 0 0 -0.450701 0 -0.738077
-0.282859 -0.118143 0 0 -0.310939 0 0
-0.268872 -0.0661214 0 0 -0.268379 0 0
-0.266308 -0.0948315 0 0 -0.118567 0 0
-0.236339 -0.0612552 0 0 -0.367634 0 0
-0.128918 0 0 0 -0.351761 0 0
0 0 0 0 0 0 0
-0.0184722 0 0 0 -0.383259 0 0
0 0 0 0 -0.177407 0 0
0 0 0 0 -0.0120832 0 0
0 0 0 0 0 0 0
0 0 0 0 0 0 0
0 0 0 0 0 0 0
0 0 0 0 0 0 0
0 0 0 0 0 0 0
0 0 0 0 0 0 0
0 0 0 0 0 0 0
-0.470994 0 0 0 -0.674958 -0.748285 -0.910483
-0.000792685 0 0 0 -0.728162 -0.659053 -0.832522
0 0 0 0 -0.482752 -0.44237 -0.853099
-0.136494 -0.00571616 0 0 -0.553068 -0.134555 -0.822072
-0.139249 -0.0806927 0 0 -0.175002 0 -0.523122
-0.129573 -0.0392121 0 0 -0.183971 0 0
-0.222355 0 0 0 -0.15682 0 0
-0.259627 -0.179485 0 0 -0.0805923 0 0
-0.0855635 -0.0578607 0 0 -0.244595 0 0
-0.0694695 0 0 0 -0.571417 0 0
0 0 0 0 0 0 0
0 0 0 0 -0.392725 0 0
0 0 0 0 -0.309659 0 0
0 0 0 0 0 0 0
0 0 0 0 0 0 0
0 0 0 0 0 0 0
0 0 0 0 0 0 0
0 0 0 0 0 0 0
0 0 0 0 0 0 0
0 0 0 0 0 0 0
0 0 0 0 0 0 0
-0.406723 0 0 0 -0.629486 -0.741507 -0.886311
-0.0787719 0 0 0 -0.687245 -0.677613 -0.794718
0 0 0 0 -0.484304 -0.387867 -0.830794
-0.104677 0 0 0 -0.188253 -0.141264 -0.702871
-0.0564246 0 0 0 -0.145328 0 -0.628591
-0.135163 0 0 0 -0.145328 0 0
-0.198395 0 0 0 -0.100478 0 0
-0.0704501 0 0 0 -0.204921 0 0
-0.0634619 -0.0288555 0 0 -0.350772 0 0
-0.0350105 0 0 0 -0.276664 0 0
0 0 0 0 0 0 0
0 0 0 0 -0.350772 0 0
0 0 0 0 -0.221314 0 0
0 0 0 0 -0.0535209 0 0
0 0 0 0 0 0 0
0 0 0 0 0 0 0
0 0 0 0 0 0 0
0 0 0 0 0 0 0
0 0 0 0 0 0 0
0 0 0 0 0 0 0
0 0 0 0 0 0 0
-0.386159 0 0 0 -0.761504 -0.746765 -0.918834
-0.0198217 0 0 0 -0.70144 -0.567716 -0.837084
-0.00866398 0 0 0 -0.524816 -0.347654 -0.743993
-0.00726047 0 0 0 -0.206362 -0.119976 -0.652538
-0.0376916 0 0 0 -0.166516 0 -0.389059
-0.0404127 0 0 0 0 0 0
-0.0907544 0 0 0 0 0 0
-0.0267326 0 0 0 -0.0728309 0 0
0 0 0 0 0 0 0
0 0 0 0 -0.158353 0 0
0 0 0 0 0 0 0
0 0 0 0 -0.198519 0 0
0 0 0 0 -0.133456 0 0
0 0 0 0 -0.0638623 0 0
0 0 0 0 0 0 0
0 0 0 0 0 0 0
0 0 0 0 0 0 0
0 0 0 0 0 0 0
0 0 0 0 0 0 0
0 0 0 0 0 0 0
0 0 0 0 0 0 0
-0.30849 0 0 0 -0.609263 -0.68121 -0.90891
0 0 0 0 -0.537437 -0.605257 -0.776312
0 0 0 0 -0.42496 -0.357441 -0.820115
0 0 0 0 -0.298208 -0.0141491 -0.730503
-0.00858239 0 0 0 0 0 -0.358646
-0.0477008 0 0 0 -0.0716802 0 0
0 0 0 0 0 0 0
0 0 0 0 0 0 0
-0.0257219 0 0 0 -0.153026 0 0
0 -0.0251823 0 0 -0.176193 0 0
0 0 0 0 0 0 0
0 0 0 0 -0.21365 0 0
0 0 0 0 -0.160808 0 0
0 0 0 0 -0.037194 0 0
0 0 0 0 0 0 0
0 0 0 0 0 0 0
0 0 0 0 0 0 0
0 0 0 0 0 0 0
0 0 0 0 0 0 0
0 0 0 0 0 0 0
0 0 0 0 0 0 0
-0.413079 0 0 0 -0.691462 -0.687169 -0.848756
0 0 0 0 -0.695782 -0.562547 -0.748326
0 0 0 0 -0.225778 -0.323175 -0.746503
0 0 0 0 0 -0.0214833 -0.699809
0 0 0 0 0 0 -0.195969
0 0 0 0 0 0 0
0 0 0 0 0 0 0
0 0 0 0 0 0 0
0 0 0 0 -0.0693262 0 0
0 0 0 0 -0.0612289 0 0
0 0 0 0 0 0 0
0 0 0 0 -0.211889 0 0
0 0 0 0 -0.0197292 0 0
0 0 0 0 -0.0773583 0 0
0 0 0 0 0 0 0
0 0 0 0 0 0 0
0 0 0 0 0 0 0
0 0 0 0 0 0 0
0 0 0 0 0 0 0
0 0 0 0 0 0 0
0 0 0 0 0 0 0
-0.369161 0 0 0 -0.755237 -0.652073 -0.846361
0 0 0 0 -0.491714 -0.585972 -0.784853
0 0 0 0 0 -0.2989 -0.71036
0 0 0 0 -0.00243002 0 -0.654893
0 0 0 0 0 0 -0.0866851
0 0 0 0 0 0 0
0 0 0 0 0 0 0
0 0 0 0 0 0 0
0 0 0 0 0 0 0
0 0 0 0 0 0 0
0 0 0 0 0 0 0
0 0 0 0 -0.0736063 0 0
0 0 0 0 -0.0887581 0 0
0 0 0 0 -0.00243002 0 0
0 0 0 0 0 0 0
0 0 0 0 0 0 0
0 0 0 0 0 0 0
0 0 0 0 0 0 0
0 0 0 0 0 0 0
0 0 0 0 0 0 0
0 0 0 0 0 0 0
-0.371153 -0.00217678 0 0 -0.608609 -0.654438 -0.871084
0 0 0 0 -0.569559 -0.535366 -0.680566
0 0 0 0 -0.230428 -0.282305 -0.774753
0 0 0 0 -0.0165582 0 -0.605508
0 0 0 0 0 0 0
0 0 0 0 0 0 0
0 0 0 0 0 0 0
0 0 0 0 0 0 0
0 0 0 0 0 0 0
0 0 0 0 0 0 0
0 0 0 0 0 0 0
0 0 0 0 -0.118837 0 0
0 0 0 0 -0.139456 0 0
0 0 0 0 -0.179462 0 0
0 0 0 0 0 0 0
0 0 0 0 0 0 0
0 0 0 0 0 0 0
0 0 0 0 0 0 0
0 0 0 0 0 0 0
0 0 0 0 0 0 0
0 0 0 0 0 0 0
-0.418412 0 0 0 -0.581468 -0.665718 -0.958968
0 0 0 0 -0.610217 -0.593692 -0.768984
0 0 0 0 -0.157074 -0.274963 -0.761262
0 0 0 0 -0.0353026 0 -0.661912
0 0 0 0 -0.0280823 0 0
0 0 0 0 0 0 0
0 0 0 0 0 0 0
0 0 0 0 0 0 0
0 0 0 0 0 0 0
0 0 0 0 0 0 0
0 0 0 0 0 0 0
0 0 0 0 -0.188425 0 0
0 0 0 0 -0.104775 0 0
0 0 0 0 -0.111464 0 0
0 0 0 0 0 0 0
0 0 0 0 0 0 0
0 0 0 0 0 0 0
0 0 0 0 0 0 0
0 0 0 0 0 0 0
0 0 0 0 0 0 0
0 0 0 0 0 0 0
-0.449168 -0.0400071 0 0 -0.655886 -0.649847 -0.869016
-0.0271906 0 0 0 -0.684979 -0.628825 -0.71575
0 0 0 0 -0.135172 -0.278704 -0.738704
0 0 0 0 0 0 -0.567516
0 0 0 0 0 0 -0.0132713
0 0 0 0 0 0 0
0 0 0 0 0 0 0
0 0 0 0 0 0 0
0 0 0 0 0 0 0
0 0 0 0 0 0 0
0 0 0 0 0 0 0
0 0 0 0 -0.00252753 0 0
0 0 0 0 0 0 0
0 0 0 0 -0.159713 0 0
0 0 0 0 0 0 0
0 0 0 0 0 0 0
0 0 0 0 0 0 0
0 0 0 0 0 0 0
0 0 0 0 0 0 0
0 0 0 0 0 0 0
0 0 0 0 0 0 0
-0.470398 -0.0776589 0 0 -0.681112 -0.659732 -0.910712
-0.020197 0 0 0 -0.564617 -0.576249 -0.824364
0 0 0 0 -0.195174 -0.295333 -0.734213
0 0 0 0 0 0 -0.635122
0 0 0 0 0 0 0
0 0 0 0 0 0 0
0 0 0 0 0 0 0
0 0 0 0 0 0 0
0 0 0 0 0 0 0
0 0 0 0 0 0 0
0 0 0 0 0 0 0
0 0 0 0 0 0 0
0 0 0 0 0 0 0
0 0 0 0 -0.125782 0 0
0 0 0 0 -0.119776 0 0
0 0 0 0 0 0 0
0 0 0 0 0 0 0
0 0 0 0 0 0 0
0 0 0 0 0 0 0
0 0 0 0 0 0 0
0 0 0 0 0 0 0
-0.517348 -0.133479 0 0 -0.746668 -0.661903 -0.951966
0 0 0 0 -0.649818 -0.535368 -0.809466
-0.0249747 0 0 0 -0.25111 -0.267104 -0.655315
-0.00519077 0 0 0 -0.0126989 0 -0.681983
0 0 0 0 0 0 0
0 0 0 0 0 0 0
0 0 0 0 0 0 0
0 0 0 0 0 0 0
0 0 0 0 0 0 0
0 0 0 0 0 0 0
0 0 0 0 0 0 0
0 0 0 0 0 0 0
0 0 0 0 0 0 0
0 0 0 0 0 0 0
0 0 0 0 -0.006268 0 0
0 0 0 0 0 0 0
0 0 0 0 0 0 0
0 0 0 0 0 0 0
0 0 0 0 0 0 0
0 0 0 0 0 0 0
0 0 0 0 0 0 0
-0.550182 -0.0791041 0 0 -0.821518 -0.696543 -0.980121
-0.0624937 0 0 0 -0.625995 -0.592604 -0.849404
0 0 0 0 -0.378471 -0.280489 -0.805867
-0.0185499 0 0 0 -0.0126353 0 -0.694859
0 0 0 0 0 0 0
0 0 0 0 0 0 0
0 0 0 0 0 0 0
0 0 0 0 0 0 0
0 0 0 0 0 0 0
0 0 0 0 0 0 0
0 0 0 0 0 0 0
0 0 0 0 0 0 0
0 0 0 0 0 0 0
0 0 0 0 -0.0126353 0 0
0 0 0 0 -0.0248305 0 0
0 0 0 0 -0.0368789 0 0
0 0 0 0 0 0 0
0 0 0 0 0 0 0
0 0 0 0 0 0 0
0 0 0 0 0 0 0
0 0 0 0 0 0 0
-0.53938 -0.157939 0 0 -0.622076 -0.713645 -0.99755
-0.0787394 0 0 0 -0.615666 -0.610486 -0.849247
-0.028043 0 0 0 -0.296408 -0.305843 -0.800457
0 0 0 0 -0.0743697 0 -0.517526
-0.0220575 0 0 0 0 0 0
0 0 0 0 0 0 0
0 0 0 0 0 0 0
0 0 0 0 0 0 0
0 0 0 0 0 0 0
0 0 0 0 0 0 0
0 0 0 0 0 0 0
0 0 0 0 0 0 0
0 0 0 0 0 0 0
0 0 0 0 0 0 0
0 0 0 0 0 0 0
0 0 0 0 0 0 0
0 0 0 0 0 0 0
0 0 0 0 0 0 0
0 0 0 0 0 0 0
0 0 0 0 0 0 0
0 0 0 0 0 0 0
-0.58671 -0.12276 0 0 -0.620663 -0.689654 -1.02437
-0.0398688 0 0 0 -0.656812 -0.620879 -0.824004
0 0 0 0 -0.306036 -0.255515 -0.779553
-0.0020042 0 0 0 -0.0807899 0 -0.671339
-0.0202923 0 0 0 0 0 0
0 0 0 0 0 0 0
0 0 0 0 0 0 0
0 0 0 0 0 0 0
0 0 0 0 0 0 0
0 0 0 0 0 0 0
0 0 0 0 0 0 0
0 0 0 0 0 0 0
0 0 0 0 0 0 0
0 0 0 0 0 0 0
0 0 0 0 0 0 0
0 0 0 0 0 0 0
0 0 0 0 0 0 0
0 0 0 0 0 0 0
0 0 0 0 0 0 0
0 0 0 0 0 0 0
0 0 0 0 0 0 0
-0.542194 -0.174842 0 0 -0.703324 -0.703045 -1.04504
-0.0859781 0 0 0 -0.664645 -0.62249 -0.891465
-0.0170381 0 0 0 -0.333791 -0.289227 -0.760217
-0.0397753 0 0 0 -0.0807943 0 -0.654476
0 0 0 0 0 0 0
0 0 0 0 0 0 0
0 0 0 0 0 0 0
0 0 0 0 0 0 0
0 0 0 0 0 0 0
0 0 0 0 0 0 0
0 0 0 0 0 0 0
0 0 0 0 0 0 0
0 0 0 0 0 0 0
0 0 0 0 0 0 0
0 0 0 0 0 0 0
0 0 0 0 0 0 0
0 0 0 0 0 0 0
0 0 0 0 0 0 0
0 0 0 0 0 0 0
0 0 0 0 0 0 0
0 0 0 0 0 0 0
-0.535909 -0.189496 0 0 -0.700157 -0.6572 -0.997754
-0.0826274 0 0 0 -0.715701 -0.606481 -0.871842
0 0 0 0 -0.452565 -0.261325 -0.857042
-0.0116967 0 0 0 -0.0454267 0 -0.648944
0 0 0 0 0 0 0
0 0 0 0 0 0 0
0 0 0 0 0 0 0
0 0 0 0 0 0 0
0 0 0 0 0 0 0
0 0 0 0 0 0 0
0 0 0 0 0 0 0
0 0 0 0 0 0 0
0 0 0 0 0 0 0
0 0 0 0 0 0 0
0 0 0 0 0 0 0
0 0 0 0 0 0 0
0 0 0 0 0 0 0
0 0 0 0 0 0 0
0 0 0 0 0 0 0
0 0 0 0 0 0 0
0 0 0 0 0 0 0
