0 0 0 0 0 0 0
0 0 0 0 0 0 0
0 0 0 0 0 0 0
0 0 0 0 0 0 0
0 0 0 0 0 0 0
0 0 0 0 0 0 0
0 0 0 0 0 0 0
0 0 0 0 0 0 0
0 0 0 0 0 0 0
0 0 0 0 0 0 0
0 0 0 0 0 0 0
0 0 0 0 0 0 0
0 0 0 0 0 0 0
0 0 0 0 0 0 0
0 0 0 0 0 0 0
0 0 0 0 0 0 0
0 0 0 0 0 0 0
0 0 0 0 0 0 0
0 0 0 0 0 0 0
0 0 0 0 0 0 0
0 0 0 0 0 0 0
0 0 0 0 0 0 0
0 0 0 0 0 0 0
0 0 0 0 0 0 0
0 0 0 0 0 0 0
0 0 0 0 0 0 0
0 0 0 0 0 0 0
0 0 0 0 0 0 0
0 0 0 0 0 0 0
0 0 0 0 0 0 0
0 0 0 0 0 0 0
0 0 0 0 0 0 0
0 0 0 0 0 0 0
0 0 0 0 0 0 0
0 0 0 0 0 0 0
0 0 0 0 0 0 0
0 0 0 0 0 0 0
0 0 0 0 0 0 0
0 0 0 0 0 0 0
0 0 0 0 0 0 -0.756222
0 0 0 0 0 0 0
0 0 0 0 0 0 0
0 0 0 0 0 0 0
0 0 0 0 0 0 0
0 0 0 0 0 0 0
0 0 0 0 0 0 0
0 0 0 0 0 0 0
0 0 0 0 0 0 0
0 0 0 0 0 0 0
0 0 0 0 0 0 0
0 0 0 0 0 0 0
0 0 0 0 0 0 0
0 0 0 0 0 0 0
0 0 0 0 0 0 0
0 0 0 0 0 0 0
0 0 0 0 0 0 0
0 0 0 0 0 0 0
0 0 0 0 0 0 0
0 0 0 0 0 0 0
0 0 0 0 0 0 0
0 0 0 0 0 0 0
0 0 0 0 0 0 0
0 0 0 0 0 0 0
0 0 -0.763232 0 0 -0.307138 0
0 0 0 0 0 -0.307138 0
0 0 0 0 0 0 0
0 0 0 0 0 0 0
0 0 0 0 0 0 0
0 0 0 0 0 0 0
0 0 0 0 0 0 0
0 0 0 0 0 0 0
0 0 0 0 0 0 0
0 0 0 0 0 0 0
0 0 0 0 0 0 0
0 0 0 0 0 0 0
0 0 0 0 0 0 0
0 0 0 0 0 0 0
0 0 0 0 0 0 0
0 0 0 0 0 0 0
0 0 0 0 0 0 0
0 0 0 0 0 0 0
0 0 0 0 0 0 0
0 0 0 0 0 0 0
0 0 0 0 0 0 0
0 0 -1.70323 -0.519136 0 -2.28324 0
0 0 0 0 0 -1.50601 0
0 0 0 0 0 -1.0183 0
0 0 0 0 0 -0.507478 0
0 0 0 0 0 0 0
0 0 0 0 0 0 0
0 0 0 0 0 0 0
0 0 0 0 0 0 0
0 0 0 0 0 0 0
0 0 0 0 0 0 0
0 0 0 0 0 0 0
0 0 0 0 0 0 0
0 0 0 0 0 0 0
0 0 0 0 0 0 0
0 0 0 0 0 0 0
0 0 0 0 0 0 0
0 0 0 0 0 0 0
0 0 0 0 0 0 0
0 0 0 0 0 0 0
0 0 0 0 0 0 0
0 0 0 0 0 0 0
0 0 -3.13035 -1.89746 0 -3.13379 0
0 0 -2.03173 -1.34408 0 -2.54073 0
0 0 0 -0.606478 0 -1.8519 0
0 0 0 0 0 -0.904975 0
0 0 0 0 0 -0.624673 0
0 0 0 0 0 0 -0.168427
0 0 0 0 0 0 0
0 0 0 0 0 0 0
0 0 0 0 0 0 0
0 0 0 0 0 0 0
0 0 0 0 0 0 0
0 0 0 0 0 0 0
0 0 0 0 0 0 0
0 0 0 0 0 0 0
0 0 0 0 0 0 0
0 0 0 0 0 0 0
0 0 0 0 0 0 0
0 0 0 0 0 0 0
0 0 0 0 0 0 0
0 0 0 0 0 0 0
0 0 0 0 0 0 0
0 0 -3.28158 -2.35463 0 -3.7456 -0.648582
0 0 -2.97619 -1.7921 0 -3.11437 -0.648582
0 0 -1.84122 -1.8123 0 -2.65364 -0.330128
0 0 -0.742606 -0.790652 0 -2.21055 0
0 0 -0.337142 0 0 -1.28982 0
0 0 0 0 0 -0.867548 0
0 0 0 0 0 0 0
0 0 0 0 0 0 0
0 0 0 0 0 0 0
0 0 0 0 0 0 0
0 0 0 0 0 0 0
0 0 0 0 0 0 0
0 0 0 0 0 0 0
0 0 0 0 0 0 0
0 0 0 0 0 0 0
0 0 0 0 0 0 0
0 0 0 0 0 0 0
0 0 0 0 0 0 0
0 0 0 0 0 0 0
0 0 0 0 0 0 0
0 0 0 0 0 0 0
0 0 -3.4878 -2.62365 0 -3.68146 0
0 0 -3.36591 -2.53106 0 -3.51871 -1.16168
0 0 -2.2673 -2.05206 0 -3.1022 -1.02815
0 0 -1.67951 -1.65857 0 -2.72346 -0.979356
0 0 -0.0700795 -1.3221 0 -2.17544 -0.691674
0 0 0 -0.466431 0 -1.51338 -0.286209
0 0 0 0 0 -0.727641 0
0 0 0 0 0 -0.106467 0
0 0 0 0 0 0 0
0 0 0 0 0 0 0
0 0 0 0 0 0 0
0 0 0 0 0 0 0
0 0 0 0 0 0 0
0 0 0 0 0 0 0
0 0 0 0 0 0 0
0 0 0 0 0 0 0
0 0 0 0 0 0 0
0 0 0 0 0 0 0
0 0 0 0 0 0 0
0 0 0 0 0 0 0
0 0 0 0 0 0 0
0 0 -3.23571 -2.70592 0 -3.12041 -1.21379
0 0 -2.63787 -2.58504 0 -3.27302 -1.46163
0 0 -2.31942 -2.47283 0 -3.20707 -1.67988
0 0 -1.53926 -1.962 0 -3.03497 -1.5767
0 0 -1.44395 -1.58731 0 -2.68598 -1.27442
0 0 0 -1.08653 0 -2.20088 -0.966933
0 0 0 0 0 -1.44067 -0.581271
0 0 0 0 0 -0.398256 -0.520646
0 0 0 0 0 0 -0.232964
0 0 0 0 0 0 0
0 0 0 0 0 0 0
0 0 0 0 0 0 0
0 0 0 0 0 0 0
0 0 0 0 0 0 0
0 0 0 0 0 0 0
0 0 0 0 0 0 0
0 0 0 0 0 0 0
0 0 0 0 0 0 0
0 0 0 0 0 0 0
0 0 0 0 0 0 0
0 0 0 0 0 0 0
0 0 -2.66831 -2.36871 0 -2.3884 -1.56269
0 0 -2.75928 -2.4392 0 -2.67789 -1.44936
0 0 -2.75928 -2.44962 0 -2.89558 -1.88114
0 0 -1.92637 -2.44962 0 -2.98641 -2.0482
0 0 -1.01008 -2.00721 0 -2.8846 -2.0482
0 0 -0.316937 -1.36132 0 -2.61769 -1.90678
0 0 0 -0.445027 0 -1.90561 -1.66447
0 0 0 0 0 -1.03249 -1.22622
0 0 0 0 0 -0.325156 -0.37055
0 0 0 0 0 0 0
0 0 0 0 0 0 0
0 0 0 0 0 0 0
0 0 0 0 0 0 0
0 0 0 0 0 0 0
0 0 0 0 0 0 0
0 0 0 0 0 0 0
0 0 0 0 0 0 0
0 0 0 0 0 0 0
0 0 0 0 0 0 0
0 0 0 0 0 0 0
0 0 0 0 0 0 0
-0.661549 0 -2.10732 -1.90158 0 -1.82358 -1.40716
-0.300535 0 -1.9589 -2.03326 0 -2.11652 -1.65078
0 0 -2.14122 -2.20032 0 -2.3722 -2.1174
0 0 -1.78454 -2.36695 0 -2.59045 -2.17503
0 0 -1.04261 -2.19481 0 -2.74461 -2.5172
0 0 -0.34946 -1.39076 0 -2.63597 -2.55072
0 0 -0.819463 -0.966602 0 -2.18131 -2.43431
0 0 0 -0.802972 0 -1.56621 -1.99111
0 0 0 0 0 -0.745853 -1.45759
0 0 0 0 0 0 -0.873076
0 0 0 0 0 0 0
0 0 0 0 0 0 0
0 0 0 0 0 0 0
0 0 0 0 0 0 0
0 0 0 0 0 0 0
0 0 0 0 0 0 0
0 0 0 0 0 0 0
0 0 0 0 0 0 0
0 0 0 0 0 0 0
0 0 0 0 0 0 0
0 0 0 0 0 0 0
-1.26768 -0.549025 -1.56173 -1.55849 0 -1.3956 -1.49018
-0.797681 -0.14356 -1.45637 -1.80589 0 -1.70847 -1.47676
0 0 -1.70149 -1.77811 0 -1.87533 -1.77786
0 0 -1.61052 -1.97558 0 -2.15137 -2.07053
0 0 -1.39921 -1.81272 0 -2.3777 -2.51023
0 0 -0.963893 -1.46668 0 -2.35059 -2.68208
0 0 0 -1.09895 0 -2.2103 -2.79309
0 0 -0.175437 -0.459873 0 -1.7688 -2.5198
0 0 0 -0.0803839 0 -1.18429 -2.26029
0 0 0 0 0 -0.00247727 -1.04389
0 0 0 0 0 0 0
0 0 0 0 0 0 0
0 0 0 0 0 0 0
0 0 0 0 0 0 0
0 0 0 0 0 0 0
0 0 0 0 0 0 0
0 0 0 0 0 0 0
0 0 0 0 0 0 0
0 0 0 0 0 0 0
0 0 0 0 0 0 0
0 0 0 0 0 0 0
-1.81454 -0.707394 -1.49695 -1.37173 0 -1.08532 -1.39463
-1.09361 -0.543091 -1.29628 -1.44969 0 -1.38674 -1.70396
0 0 -1.62479 -1.47439 0 -1.45729 -1.57696
0 0 -0.708498 -1.58218 0 -1.71103 -1.99621
0 0 -1.1785 -1.47439 0 -1.82669 -2.1601
0 0 -1.11396 -1.26737 0 -1.87987 -2.48907
0 -0.0440996 -0.485354 -1.26737 0 -1.92525 -2.73946
0 0 0 -0.924882 0 -1.85272 -2.86768
0 0 0 -0.512349 0 -1.35102 -2.53806
0 0 0 0 0 0 -0.478343
0 0 0 0 0 0 0
0 0 0 0 0 0 0
0 0 0 0 0 0 0
0 0 0 0 0 0 0
0 0 0 0 0 0 0
0 0 0 0 0 0 0
0 0 0 0 0 0 0
0 0 0 0 0 0 0
0 0 0 0 0 0 0
0 0 0 0 0 0 0
0 0 0 0 0 0 0
-1.93499 -1.05165 -1.78406 -1.3738 0 -1.0736 -1.42874
-1.58799 -0.646189 -1.78406 -1.25892 0 -1.18754 -1.62657
-0.553918 -0.198164 -1.69168 -1.35027 0 -1.28145 -1.42874
0 0 -1.39319 -1.3423 0 -1.4392 -1.58289
0 0 -0.655592 -0.932826 0 -1.37242 -1.86834
0 0 -0.203607 -0.896012 0 -1.35436 -2.1677
0 -0.153713 -0.822646 -0.979894 0 -1.50404 -2.51337
0 0 -0.203607 -0.932826 0 -1.61432 -2.78329
0 -0.0584025 0 -0.60833 0 -0.769692 -2.08475
0 0 0 -0.0403465 0 0 0
0 0 0 0 0 0 0
0 0 0 0 0 0 0
0 0 0 0 0 0 0
0 0 0 0 0 0 0
0 0 0 0 0 0 0
0 0 0 0 0 0 0
0 0 0 0 0 0 0
0 0 0 0 0 0 0
0 0 0 0 0 0 0
0 0 0 0 0 0 0
0 0 0 0 0 0 0
-2.11308 -1.11434 -2.18015 -1.20431 0 -0.962824 -1.43594
-1.88707 -0.508203 -2.03173 -1.2512 0 -1.12936 -1.39923
-0.821397 -0.480032 -2.05154 -1.18002 0 -1.19266 -1.4449
-0.0710918 0 -1.2552 -1.03944 0 -1.15183 -1.45379
0 0 -0.827761 -0.719805 0 -0.999072 -1.73704
0 0 -0.517606 -0.624495 0 -0.878859 -2.01467
0 0 -0.422296 -0.693488 0 -1.01193 -1.97868
0 -0.0601787 0 -0.745448 0 -1.15183 -2.24386
0 0 0 -0.919295 0 0 -0.974901
0 0 0 -0.624495 0 0 0
0 0 0 0 0 0 0
0 0 0 0 0 0 0
0 0 0 0 0 0 0
0 0 0 0 0 0 0
0 0 0 0 0 0 0
0 0 0 0 0 0 0
0 0 0 0 0 0 0
0 0 0 0 0 0 0
0 0 0 0 0 0 0
0 0 0 0 0 0 0
0 0 0 0 0 0 0
-2.17456 -1.48695 -2.16502 -1.27736 0 -0.950784 -1.50998
-1.83619 -0.873145 -2.11777 -0.983121 0 -1.00028 -1.47253
-1.16059 -0.509179 -2.11777 -1.10674 0 -1.06091 -1.30686
-0.222317 -0.321968 -1.84078 -0.746733 0 -1.06091 -1.37645
0 -0.196805 -1.32284 -0.712831 0 -0.792645 -1.63428
0 -0.0914442 -0.763222 -0.42131 0 -0.596239 -1.75062
0 0 -0.187859 -0.451616 0 -0.621451 -1.90063
0 0 0 -0.70127 0 -0.1406 -1.40951
0 0 0 -0.665764 0 0 0
0 0 0 -0.811271 0 0 0
0 0 0 0 0 0 0
0 0 0 -0.405806 0 0 0
0 0 0 0 0 0 0
0 0 0 0 0 0 0
0 0 0 0 0 0 0
0 0 0 0 0 0 0
0 0 0 0 0 0 0
0 0 0 0 0 0 0
0 0 0 0 0 0 0
0 0 0 0 0 0 0
0 0 0 0 0 0 0
-2.2372 -1.7048 -2.20012 -0.929695 0 -0.890335 -1.56368
-1.74114 -1.16299 -2.04377 -1.20708 0 -0.920766 -1.40333
-1.02179 -0.734801 -1.7612 -1.14295 0 -1.01434 -1.2552
-0.48406 -0.586381 -1.65357 -0.730844 0 -0.907049 -1.29636
0 -0.229706 -1.33512 -0.690022 0 -0.500201 -1.43892
0 -0.140094 -0.759756 -0.580021 0 -0.257151 -1.62357
0 -0.33792 0 -0.220018 0 -0.308709 -1.52594
0 0 0 -0.591582 0 0 -0.619214
0 0 0 -0.429739 0 0 0
0 0 0 -0.710641 0 0 0
0 0 0 0 0 0 0
0 -0.229706 0 -0.220018 0 0 0
0 -0.0755554 0 0 0 0 0
0 0 0 0 0 0 0
0 0 0 0 0 0 0
0 0 0 0 0 0 0
0 0 0 0 0 0 0
0 0 0 0 0 0 0
0 0 0 0 0 0 0
0 0 0 0 0 0 0
0 0 0 0 0 0 0
-2.28488 -1.9119 -1.94472 -0.901706 0 -0.70923 -1.52082
-1.52242 -1.214 -1.62627 -0.974201 0 -0.778823 -1.31759
-0.992272 -0.91675 -1.44395 -1.0153 0 -0.78441 -1.31759
-0.354475 -0.585393 -1.39265 -0.729856 0 -0.694101 -1.26704
-0.00872944 -0.549025 -1.08727 -0.586068 0 -0.308259 -1.31759
0 -0.115389 -0.933121 -0.596324 0 -0.204392 -1.23696
0 -0.0864017 -0.239974 -0.21605 0 -0.121443 -1.28902
0 0 0 -0.442174 0 0 0
0 0 0 -0.0544082 0 0 0
0 0 0 -0.301816 0 0 0
0 0 0 0 0 0 0
0 -0.0257771 0 -0.488694 0 0 0
0 -0.0257771 0 -0.533145 0 0 0
0 0 0 0 0 0 0
0 0 0 0 0 0 0
0 0 0 0 0 0 0
0 0 0 0 0 0 0
0 0 0 0 0 0 0
0 0 0 0 0 0 0
0 0 0 0 0 0 0
0 0 0 0 0 0 0
-2.37457 -2.05033 -2.17953 -1.17622 0 -0.639392 -1.6196
-1.51003 -1.34226 -1.53875 -1.08501 0 -0.66225 -1.40112
-1.0348 -0.984506 -1.25785 -1.00309 0 -0.57985 -1.11344
-0.490794 -1.02662 -0.979137 -0.557183 0 -0.500063 -1.21647
-0.132397 -0.546251 -1.23045 -0.518343 0 -0.163591 -1.08194
0 -0.236096 -0.824987 -0.690714 0 -0.0862579 -1.19527
0 -0.440891 -0.419522 -0.48819 0 0 -1.08194
0 -0.236096 0 -0.0928772 0 0 0
0 0 0 -0.137329 0 0 0
0 0 0 -0.0463572 0 0 0
0 0 0 0 0 0 0
0 -0.0894929 0 -0.179889 0 0 0
0 -0.236096 0 -0.165902 0 0 0
0 -0.189576 0 0 0 0 0
0 0 0 0 0 0 0
0 0 0 0 0 0 0
0 0 0 0 0 0 0
0 0 0 0 0 0 0
0 0 0 0 0 0 0
0 0 0 0 0 0 0
0 0 0 0 0 0 0
-2.56515 -2.26821 -1.5697 -1.01557 0 -0.669252 -1.57599
-1.58614 -1.39275 -1.39449 -1.06333 0 -0.69918 -1.25699
-1.20048 -1.29808 -1.23323 -0.817916 0 -0.498509 -1.22622
-0.632806 -0.860179 -0.763222 -0.554226 0 -0.207819 -1.16832
-0.273432 -0.934287 -0.183404 -0.57132 0 -0.223756 -0.995229
0 -0.583427 -0.252397 -0.501116 0 0 -1.07102
0 -0.300564 -0.109296 -0.343931 0 0 -0.581858
0 -0.0381996 0 -0.182663 0 0 0
0 0 0 -0.0491311 0 0 0
0 0 0 0 0 0 0
0 0 0 0 0 0 0
0 -0.0628922 0 0 0 0 0
0 -0.11052 0 -0.207355 0 0 0
0 -0.392371 0 -0.104701 0 0 0
0 -0.199468 0 0 0 0 0
0 0 0 0 0 0 0
0 0 0 0 0 0 0
0 0 0 0 0 0 0
0 0 0 0 0 0 0
0 0 0 0 0 0 0
0 0 0 0 0 0 0
-2.59201 -2.16524 -1.05768 -1.22452 0 -0.670428 -1.69891
-1.75789 -1.62702 -1.31797 -1.11916 0 -0.668132 -1.31096
-1.36485 -1.14209 -1.13565 -0.955329 0 -0.599139 -1.12237
-0.965537 -1.17899 -1.16034 -0.523337 0 -0.16494 -1.05067
-0.544615 -0.979127 -0.491288 -0.180392 0 -0.0438246 -0.94381
-0.0614414 -0.658459 -0.442498 -0.366495 0 0 -0.987935
0 -0.294791 -0.0117157 -0.720335 0 0 0
0 0 0 -0.51524 0 0 0
0 0 0 -0.0975047 0 0 0
0 -0.183565 0 0 0 0 0
0 0 0 0 0 0 0
0 -0.101887 0 0 0 0 0
0 -0.346084 0 0 0 0 0
0 -0.646189 0 0 0 0 0
0 -0.67058 0 -0.046861 0 0 0
0 -0.222032 0 0 0 0 0
0 0 0 0 0 0 0
0 0 0 0 0 0 0
0 0 0 0 0 0 0
0 0 0 0 0 0 0
0 0 0 0 0 0 0
-2.65398 -2.19179 -1.0673 -1.28677 0 -0.951795 -1.68073
-1.77021 -1.57035 -0.850233 -1.14735 0 -0.635311 -1.38537
-1.23833 -1.33485 -0.880086 -0.830371 0 -0.520769 -0.971056
-1.03102 -1.25857 -0.53178 -0.51529 0 -0.179919 -1.01667
-0.676586 -1.14913 -0.126315 -0.310496 0 0 -0.944028
-0.0554127 -0.753819 0 -0.389139 0 0 -0.957633
0 -0.601351 0 -0.430297 0 0 0
0 -0.05052 0 -0.194983 0 0 0
0 -0.128992 0 0 0 0 0
0 -0.128992 0 0 0 0 0
0 0 0 0 0 0 0
0 -0.00884733 0 0 0 0 0
0 -0.166033 0 0 0 0 0
0 -0.528147 0 0 0 0 0
0 -0.783672 0 0 0 0 0
0 -0.565419 0 -0.0288561 0 0 0
0 0 0 0 0 0 0
0 0 0 0 0 0 0
0 0 0 0 0 0 0
0 0 0 0 0 0 0
0 0 0 0 0 0 0
-2.65492 -2.23941 -1.63427 -1.34119 0 -1.08288 -1.71216
-1.84045 -1.72229 -1.29017 -1.14873 0 -0.827575 -1.26059
-1.35972 -1.44507 -1.09346 -0.967849 0 -0.639354 -1.042
-1.11038 -1.21146 -0.87574 -0.608708 0 -0.153846 -1.08645
-0.865993 -1.01856 -0.698809 -0.411461 0 0 -0.834362
-0.284963 -0.975071 0 -0.21246 0 0 -0.86873
0 -0.524143 0 -0.193941 0 0 0
0 -0.18067 0 -0.274702 0 0 0
0 -0.303903 0 -0.175072 0 0 0
0 -0.289304 0 0 0 0 0
0 0 0 0 0 0 0
0 -0.196931 0 0 0 0 0
0 -0.591585 0 0 0 0 0
0 -0.779326 0 0 0 0 0
0 -0.929608 0 0 0 0 0
0 -0.733235 0 0 0 0 0
0 0 0 0 0 0 0
0 0 0 0 0 0 0
0 0 0 0 0 0 0
0 0 0 0 0 0 0
0 0 0 0 0 0 0
-2.53228 -2.01054 -1.39921 -1.16933 0 -0.834492 -1.60351
-1.79504 -1.70826 -1.52351 -1.26788 0 -0.869635 -1.22882
-1.40078 -1.42709 -1.20505 -0.985069 0 -0.697335 -1.13826
-1.09779 -1.33178 -1.00834 -0.583487 0 -0.302074 -1.0594
-0.993795 -1.3028 -0.5809 -0.303527 0 -0.157606 -1.05426
-0.553484 -1.03453 -0.676211 -0.145523 0 0 -0.886265
-0.366898 -0.738267 -0.175436 -0.163381 0 0 0
-0.115583 -0.174332 0 -0.0803836 0 0 0
0 -0.288742 0 -0.0511133 0 0 0
0 -0.379126 0 0 0 0 0
0 0 0 0 0 0 0
0 -0.328482 0 0 0 0 0
0 -0.403517 0 0 0 0 0
0 -0.599797 0 0 0 0 0
0 -0.755361 0 0 0 0 0
0 -0.427328 0 0 0 0 0
0 0 0 0 0 0 0
0 0 0 0 0 0 0
0 0 0 0 0 0 0
0 0 0 0 0 0 0
0 0 0 0 0 0 0
-2.42582 -1.92406 -0.948207 -1.22928 0 -0.649308 -1.52187
-1.73969 -1.57979 -1.24119 -1.10055 0 -0.692969 -1.15149
-1.38101 -1.42049 -1.31757 -1.0812 0 -0.639341 -1.14717
-1.19296 -1.22115 -1.20893 -0.667555 0 -0.368763 -1.06605
-0.870187 -1.03883 -0.859259 -0.496012 0 -0.127402 -1.13848
-0.699229 -0.984437 -0.563795 -0.116523 0 0 -0.722034
-0.382892 -0.770567 -0.465355 -0.15837 0 0 0
-0.0769567 -0.647965 0 0 0 0 0
0 -0.45691 0 0 0 0 0
0 -0.220521 0 0 0 0 0
0 0 0 0 0 0 0
0 -0.246838 0 0 0 0 0
0 -0.537762 0 0 0 0 0
0 -0.639231 0 0 0 0 0
0 -0.926913 0 0 0 0 0
0 -0.193492 0 0 0 0 0
0 0 0 0 0 0 0
0 0 0 0 0 0 0
0 0 0 0 0 0 0
0 0 0 0 0 0 0
0 0 0 0 0 0 0
-2.29688 -1.70512 -0.869765 -1.21871 0 -0.659392 -1.52347
-1.57586 -1.41558 -1.04497 -1.19211 0 -0.636437 -1.18314
-1.32796 -1.34605 -1.04497 -1.07803 0 -0.511274 -1.04685
-1.02437 -1.14271 -0.803807 -0.564174 0 -0.220077 -1.09858
-0.978028 -1.16213 -1.04497 -0.446391 0 -0.0178404 -1.0859
-0.752906 -1.18588 -0.386914 -0.210381 0 0 -0.636948
-0.615122 -0.912188 -0.0641402 -0.166256 0 0 0
-0.357293 -0.821804 0 -0.0716979 0 0 0
-0.0296058 -0.620382 0 0 0 0 0
0 -0.478552 0 0 0 0 0
0 0 0 0 0 0 0
0 -0.468982 0 0 0 0 0
0 -0.468982 0 0 0 0 0
0 -0.714941 0 0 0 0 0
0 -0.409559 0 0 0 0 0
0 0 0 0 0 0 0
0 0 0 0 0 0 0
0 0 0 0 0 0 0
0 0 0 0 0 0 0
0 0 0 0 0 0 0
0 0 0 0 0 0 0
-2.13995 -1.49211 -0.657709 -1.12201 0 -0.760924 -1.45892
-1.59767 -1.44284 -0.85616 -1.21658 0 -0.644091 -1.22416
-1.29074 -1.36588 -1.02167 -0.962478 0 -0.576318 -1.14182
-1.2156 -1.12901 -1.14883 -0.598589 0 -0.123244 -1.11918
-0.982286 -1.03231 -0.750799 -0.442174 0 0 -1.06829
-0.870416 -0.884909 -0.499485 -0.163271 0 0 -0.506659
-0.706696 -1.02211 -0.239974 -0.184033 0 0 0
-0.379793 -0.798967 0 0 0 0 0
-0.181342 -0.646951 0 0 0 0 0
-0.0231181 -0.511285 0 0 0 0 0
0 0 0 0 0 0 0
0 -0.616645 0 0 0 0 0
0 -0.440459 0 0 0 0 0
0 -0.561295 0 0 0 0 0
0 -0.836707 0 0 0 0 0
0 0 0 0 0 0 0
0 0 0 0 0 0 0
0 0 0 0 0 0 0
0 0 0 0 0 0 0
0 0 0 0 0 0 0
0 0 0 0 0 0 0
-2.02266 -1.39011 -0.609071 -1.06786 0 -0.80301 -1.4209
-1.48057 -1.03296 -0.982275 -1.07573 0 -0.714456 -1.18188
-1.15149 -1.304 -0.998536 -0.985624 0 -0.52171 -1.16507
-1.09552 -1.20976 -1.13408 -0.583012 0 -0.0529034 -0.967035
-1.06786 -1.07454 -0.860386 -0.479549 0 0 -0.967035
-0.777061 -0.96968 -0.42675 -0.369438 0 0 -0.0832672
-0.760254 -0.999385 -0.129498 -0.124904 0 0 0
-0.599727 -0.858159 0 -0.0403462 0 0 0
-0.461208 -0.751549 0 0 0 0 0
0 -0.659982 0 0 0 0 0
0 0 0 0 0 0 0
0 -0.339815 0 0 0 0 0
0 -0.58903 0 0 0 0 0
0 -0.54391 0 0 0 0 0
0 -0.559177 0 0 0 0 0
0 0 0 0 0 0 0
0 0 0 0 0 0 0
0 0 0 0 0 0 0
0 0 0 0 0 0 0
0 0 0 0 0 0 0
0 0 0 0 0 0 0
-1.85296 -1.18592 -0.607881 -1.12825 0 -0.726024 -1.33217
-1.32206 -1.2009 -0.928353 -1.04144 0 -0.669869 -1.15731
-1.15317 -1.05723 -1.10528 -0.871639 0 -0.532031 -1.00263
-0.966033 -1.05723 -0.895563 -0.67428 0 -0.099972 -0.987644
-0.936667 -1.03554 -0.733045 -0.44658 0 0 -0.933367
-0.843011 -0.995265 -0.384738 -0.272444 0 0 0
-0.719301 -1.03991 -0.097056 -0.2108 0 0 0
-0.624402 -0.793579 0 -0.145105 0 0 0
-0.307644 -0.765248 0 0 0 0 0
-0.344234 -0.770979 0 0 0 0 0
0 0 0 0 0 0 0
-0.189084 -0.630073 0 0 0 0 0
-0.116589 -0.589799 0 0 0 0 0
0 -0.610139 0 0 0 0 0
0 -0.442475 0 0 0 0 0
0 0 0 0 0 0 0
0 0 0 0 0 0 0
0 0 0 0 0 0 0
0 0 0 0 0 0 0
0 0 0 0 0 0 0
0 0 0 0 0 0 0
-1.76509 -1.03556 -0.471085 -1.04649 0 -0.770045 -1.27765
-1.26546 -1.07572 -0.82776 -1.00586 0 -0.741148 -1.16316
-1.12458 -1.03145 -0.776467 -0.800847 0 -0.57152 -1.11466
-0.969578 -1.00222 -0.876551 -0.523095 0 -0.152313 -1.03384
-0.942262 -0.972112 -0.84429 -0.401352 0 0 -1.04055
-0.914179 -0.918287 -0.0656205 -0.33204 0 0 0
-0.885284 -0.894976 0 -0.16019 0 0 0
-0.68389 -0.927461 0 -0.148761 0 0 0
-0.691826 -0.774832 0 0 0 0 0
-0.405461 -0.764136 0 0 0 0 0
0 0 0 0 0 0 0
-0.239841 -0.769498 0 0 0 0 0
-0.0562764 -0.656384 0 0 0 0 0
0 -0.501234 0 0 0 0 0
0 -0.19235 0 0 0 0 0
0 0 0 0 0 0 0
0 0 0 0 0 0 0
0 0 0 0 0 0 0
0 0 0 0 0 0 0
0 0 0 0 0 0 0
0 0 0 0 0 0 0
-1.71559 -0.928131 -0.710887 -1.03559 0 -0.746304 -1.11808
-1.13311 -0.819918 -0.579859 -1.05318 0 -0.703448 -1.02392
-0.953643 -0.986239 -1.01164 -0.744209 0 -0.515817 -1.04908
-0.984501 -0.810348 -0.710887 -0.689317 0 -0.143578 -1.02073
-0.864298 -0.88891 -0.745374 -0.387958 0 0 -1.00138
-0.933499 -0.88891 -0.452026 -0.191984 0 0 0
-0.709628 -0.848088 0 -0.212393 0 0 0
-0.634121 -0.838786 0 -0.155235 0 0 0
-0.665011 -0.781078 0 0 0 0 0
-0.526579 -0.776115 0 0 0 0 0
0 0 0 0 0 0 0
-0.269007 -0.815144 0 0 0 0 0
-0.155452 -0.554214 0 0 0 0 0
-0.0626703 -0.584798 0 0 0 0 0
0 0 0 0 0 0 0
0 0 0 0 0 0 0
0 0 0 0 0 0 0
0 0 0 0 0 0 0
0 0 0 0 0 0 0
0 0 0 0 0 0 0
0 0 0 0 0 0 0
-1.57183 -0.985262 -0.159687 -0.983121 0 -0.705952 -1.04292
-1.03817 -0.78921 -0.715213 -0.881652 0 -0.625591 -0.997932
-0.966896 -0.930774 -0.43298 -0.707067 0 -0.45232 -0.924767
-0.846471 -0.847392 -0.715213 -0.386081 0 -0.081861 -0.976225
-0.846471 -0.78921 -0.555583 -0.345425 0 0 -0.960427
-0.739787 -0.775289 -0.130699 -0.193347 0 0 0
-0.726453 -0.732323 0 -0.0535854 0 0 0
-0.752945 -0.71758 0 -0.148896 0 0 0
-0.688842 -0.737189 0 0 0 0 0
-0.616608 -0.742031 0 0 0 0 0
0 0 0 0 0 0 0
-0.493191 -0.666808 0 0 0 0 0
-0.371694 -0.574099 0 0 0 0 0
-0.104533 -0.527306 0 0 0 0 0
0 0 0 0 0 0 0
0 0 0 0 0 0 0
0 0 0 0 0 0 0
0 0 0 0 0 0 0
0 0 0 0 0 0 0
0 0 0 0 0 0 0
0 0 0 0 0 0 0
-1.59718 -0.942481 -0.326985 -0.810352 0 -0.56508 -0.987221
-0.946702 -0.750447 -0.747488 -0.930312 0 -0.531499 -0.826245
-0.976629 -0.790187 -0.454818 -0.676821 0 -0.426968 -0.975491
-0.878613 -0.741397 -0.280465 -0.328514 0 -0.0362051 -0.993035
-0.822888 -0.727667 -0.494039 -0.271356 0 0 -0.908393
-0.729868 -0.82004 -0.180382 -0.21962 0 0 0
-0.802627 -0.82004 0 -0.18358 0 0 0
-0.739257 -0.772719 0 -0.210731 0 0 0
-0.573618 -0.745932 0 0 0 0 0
-0.606171 -0.790187 0 0 0 0 0
0 0 0 0 0 0 0
-0.547546 -0.794507 0 0 0 0 0
-0.401538 -0.651074 0 0 0 0 0
-0.097715 -0.636036 0 0 0 0 0
0 0 0 0 0 0 0
0 0 0 0 0 0 0
0 0 0 0 0 0 0
0 0 0 0 0 0 0
0 0 0 0 0 0 0
0 0 0 0 0 0 0
0 0 0 0 0 0 0
-1.5335 -0.904835 -0.311731 -0.770065 0 -0.42705 -0.944857
-0.967234 -0.686226 -0.37491 -0.853061 0 -0.477115 -0.769958
-0.892047 -0.717409 -0.120676 -0.687414 0 -0.308709 -0.823126
-0.87169 -0.663342 -0.526141 -0.40234 0 0 -0.87361
-0.657503 -0.825398 -0.593963 -0.35978 0 0 -0.793567
-0.766043 -0.51381 -0.0384377 -0.168725 0 0 0
-0.796988 -0.64465 0 -0.168725 0 0 0
-0.722241 -0.781125 0 -0.0525853 0 0 0
-0.621843 -0.625601 0 -0.047647 0 0 0
-0.5606 -0.690741 0 0 0 0 0
0 0 0 0 0 0 0
-0.611893 -0.686226 0 0 0 0 0
-0.502822 -0.635171 0 0 0 0 0
-0.170801 -0.586381 0 0 0 0 0
0 0 0 0 0 0 0
0 0 0 0 0 0 0
0 0 0 0 0 0 0
0 0 0 0 0 0 0
0 0 0 0 0 0 0
0 0 0 0 0 0 0
0 0 0 0 0 0 0
-1.45408 -0.759517 -0.138687 -0.695119 0 -0.33155 -0.784382
-0.844097 -0.605367 -0.395406 -0.85519 0 -0.392242 -0.758658
-0.858948 -0.779164 -0.337137 -0.550701 0 -0.197853 -0.774813
-0.750033 -0.698148 -0.502652 -0.238232 0 0 -0.851893
-0.744538 -0.600726 -0.519459 -0.340886 0 0 -0.637612
-0.78238 -0.702359 -0.0886762 -0.153675 0 0 0
-0.747289 -0.577196 0 -0.0613016 0 0 0
-0.649228 -0.581946 0 -0.123822 0 0 0
-0.682018 -0.614583 0 0 0 0 0
-0.499109 -0.751549 0 0 0 0 0
0 0 0 0 0 0 0
-0.612187 -0.719026 0 0 0 0 0
-0.560562 -0.581946 0 0 0 0 0
-0.383525 -0.61916 0 0 0 0 0
0 0 0 0 0 0 0
0 0 0 0 0 0 0
0 0 0 0 0 0 0
0 0 0 0 0 0 0
0 0 0 0 0 0 0
0 0 0 0 0 0 0
0 0 0 0 0 0 0
-1.4258 -0.641807 0 -0.670068 0 -0.307138 -0.847586
-0.882838 -0.675005 0 -0.764947 0 -0.312734 -0.71204
-0.790246 -0.544385 -0.260593 -0.454008 0 -0.138858 -0.73121
-0.707296 -0.775865 -0.631453 -0.301816 0 0 -0.762365
-0.782755 -0.683135 -0.320016 -0.256274 0 0 -0.60668
-0.772679 -0.511285 0 -0.24908 0 0 0
-0.685438 -0.467051 0 -0.126321 0 0 0
-0.657425 -0.549025 0 -0.0587845 0 0 0
-0.571446 -0.567374 0 0 0 0 0
-0.574537 -0.598697 0 0 0 0 0
0 0 0 0 0 0 0
-0.565235 -0.691199 0 0 0 0 0
-0.421415 -0.687175 0 0 0 0 0
-0.362138 -0.530333 0 0 0 0 0
0 0 0 0 0 0 0
0 0 0 0 0 0 0
0 0 0 0 0 0 0
0 0 0 0 0 0 0
0 0 0 0 0 0 0
0 0 0 0 0 0 0
0 0 0 0 0 0 0
-1.43603 -0.660212 -0.120637 -0.712302 0 -0.289789 -0.803993
-0.809733 -0.578534 -0.357026 -0.710149 0 -0.281103 -0.60425
-0.800452 -0.648378 -0.0516444 -0.267358 0 -0.0238507 -0.62778
-0.791085 -0.603746 -0.00285428 -0.153761 0 0 -0.576662
-0.821214 -0.62428 -0.225998 -0.263997 0 0 -0.533798
-0.818929 -0.671908 0 -0.157513 0 0 0
-0.727957 -0.50802 0 -0.063326 0 0 0
-0.619529 -0.706197 0 0 0 0 0
-0.594067 -0.517111 0 0 0 0 0
-0.602627 -0.632377 0 0 0 0 0
0 0 0 0 0 0 0
-0.647078 -0.552671 0 0 0 0 0
-0.494738 -0.644402 0 0 0 0 0
-0.415749 -0.57427 0 0 0 0 0
0 0 0 0 0 0 0
0 0 0 0 0 0 0
0 0 0 0 0 0 0
0 0 0 0 0 0 0
0 0 0 0 0 0 0
0 0 0 0 0 0 0
0 0 0 0 0 0 0
-1.3765 -0.728573 -0.172661 -0.837696 0 -0.306382 -0.753438
-0.72353 -0.542076 -0.30369 -0.686539 0 -0.177448 -0.638775
-0.699374 -0.614688 -0.387773 -0.351739 0 -0.0078888 -0.635655
-0.649238 -0.583065 -0.450293 -0.22071 0 0 -0.705064
-0.737748 -0.68963 -0.465331 -0.2535 0 0 -0.326919
-0.810342 -0.550409 0 -0.137329 0 0 0
-0.735392 -0.440891 0 -0.0181862 0 0 0
-0.623195 -0.426904 0 0 0 0 0
-0.4968 -0.606876 0 0 0 0 0
-0.534984 -0.529444 0 0 0 0 0
0 0 0 0 0 0 0
-0.508705 -0.486147 0 0 0 0 0
-0.52047 -0.618572 0 0 0 0 0
-0.166298 -0.520933 0 0 0 0 0
0 0 0 0 0 0 0
0 0 0 0 0 0 0
0 0 0 0 0 0 0
0 0 0 0 0 0 0
0 0 0 0 0 0 0
0 0 0 0 0 0 0
0 0 0 0 0 0 0
-1.32951 -0.809719 -0.286225 -0.756546 0 -0.280303 -0.752919
-0.722753 -0.547051 -0.21602 -0.769426 0 -0.20695 -0.60228
-0.71135 -0.626789 -0.512752 -0.305619 0 0 -0.647265
-0.736267 -0.490125 -0.428195 -0.120969 0 0 -0.641383
-0.773593 -0.655568 -0.286225 -0.0670959 0 0 -0.287653
-0.688147 -0.61578 -0.0373287 -0.21118 0 0 0
-0.632645 -0.514919 0 -0.0256587 0 0 0
-0.612594 -0.582006 0 0 0 0 0
-0.530862 -0.4943 0 -0.0670959 0 0 0
-0.612594 -0.360769 0 0 0 0 0
0 0 0 0 0 0 0
-0.47435 -0.506723 0 0 0 0 0
-0.405149 -0.416339 0 0 0 0 0
-0.261329 -0.265935 0 0 0 0 0
0 0 0 0 0 0 0
0 0 0 0 0 0 0
0 0 0 0 0 0 0
0 0 0 0 0 0 0
0 0 0 0 0 0 0
0 0 0 0 0 0 0
0 0 0 0 0 0 0
-1.35844 -0.712419 -0.0898773 -0.811271 0 -0.284148 -0.842389
-0.740051 -0.565144 -0.0898773 -0.740491 0 -0.118615 -0.712782
-0.767221 -0.625986 -0.235589 -0.482767 0 0 -0.639678
-0.618554 -0.656758 -0.362744 -0.157345 0 0 -0.51732
-0.665291 -0.542755 -0.049872 -0.166914 0 0 -0.294176
-0.69454 -0.472414 0 -0.111435 0 0 0
-0.667572 -0.472414 0 0 0 0 0
-0.611351 -0.310133 0 0 0 0 0
-0.541497 -0.480478 0 0 0 0 0
-0.488434 -0.379126 0 0 0 0 0
0 0 0 0 0 0 0
-0.55178 -0.435296 0 0 0 0 0
-0.322865 -0.409763 0 0 0 0 0
-0.0383936 -0.150411 0 0 0 0 0
0 0 0 0 0 0 0
0 0 0 0 0 0 0
0 0 0 0 0 0 0
0 0 0 0 0 0 0
0 0 0 0 0 0 0
0 0 0 0 0 0 0
0 0 0 0 0 0 0
-1.37316 -0.808043 -0.551318 -0.937239 0 -0.213135 -0.714298
-0.744287 -0.544852 -0.357162 -0.802708 0 -0.180282 -0.60424
-0.740263 -0.54843 -0.203011 -0.440302 0 0 -0.567564
-0.651784 -0.49337 -0.116 -0.199767 0 0 -0.607006
-0.730131 -0.624067 -0.169109 -0.048536 0 0 -0.122534
-0.642935 -0.537658 0 -0.095056 0 0 0
-0.595144 -0.390104 0 -0.020948 0 0 0
-0.618187 -0.423029 0 0 0 0 0
-0.549844 -0.373226 0 0 0 0 0
-0.544954 -0.454904 0 0 0 0 0
0 0 0 0 0 0 0
-0.368498 -0.504627 0 0 0 0 0
-0.317512 -0.356058 0 0 0 0 0
0 0 0 0 0 0 0
0 0 0 0 0 0 0
0 0 0 0 0 0 0
0 0 0 0 0 0 0
0 0 0 0 0 0 0
0 0 0 0 0 0 0
0 0 0 0 0 0 0
0 0 0 0 0 0 0
-1.38823 -0.81348 -0.250126 -0.840323 0 -0.220407 -0.778634
-0.760254 -0.605238 -0.526379 -0.781349 0 -0.170627 -0.617809
-0.754588 -0.448942 -0.364536 -0.396694 0 0 -0.5698
-0.696092 -0.595545 -0.219354 -0.211164 0 0 -0.646052
-0.625377 -0.565889 -0.203606 -0.0693337 0 0 -0.0470641
-0.644588 -0.437599 0 0 0 0 0
-0.644588 -0.312183 0 -0.00712056 0 0 0
-0.565425 -0.346084 0 0 0 0 0
-0.496759 -0.320766 0 0 0 0 0
-0.474454 -0.406709 0 0 0 0 0
0 0 0 0 0 0 0
-0.441329 -0.290395 0 0 0 0 0
-0.401694 -0.307863 0 0 0 0 0
0 0 0 0 0 0 0
0 0 0 0 0 0 0
0 0 0 0 0 0 0
0 0 0 0 0 0 0
0 0 0 0 0 0 0
0 0 0 0 0 0 0
0 0 0 0 0 0 0
0 0 0 0 0 0 0
-1.44784 -0.799798 -0.124284 -0.837778 0 -0.282297 -0.729353
-0.780553 -0.453174 -0.490747 -0.67658 0 -0.173346 -0.633821
-0.750166 -0.491707 -0.140545 -0.385592 0 0 -0.61157
-0.664968 -0.339845 -0.357216 -0.220343 0 0 -0.588813
-0.659021 -0.512116 -0.107755 0 0 0 0
-0.647021 -0.290655 0 0 0 0 0
-0.536505 -0.427856 0 0 0 0 0
-0.560924 -0.319642 0 0 0 0 0
-0.522931 -0.256464 0 0 0 0 0
-0.471517 -0.307322 0 0 0 0 0
0 0 0 0 0 0 0
-0.417317 -0.323716 0 0 0 0 0
-0.304899 -0.307322 0 0 0 0 0
0 0 0 0 0 0 0
0 0 0 0 0 0 0
0 0 0 0 0 0 0
0 0 0 0 0 0 0
0 0 0 0 0 0 0
0 0 0 0 0 0 0
0 0 0 0 0 0 0
0 0 0 0 0 0 0
-1.36318 -0.81741 -0.157086 -0.834417 0 -0.209345 -0.790733
-0.892239 -0.574524 -0.386272 -0.700693 0 -0.229846 -0.590284
-0.71142 -0.528147 -0.0783052 -0.434321 0 0 -0.602405
-0.691401 -0.537596 -0.36188 -0.120875 0 0 -0.58294
-0.562063 -0.543846 0 -0.15331 0 0 0
-0.586857 -0.407195 0 -0.028856 0 0 0
-0.640495 -0.374524 0 0 0 0 0
-0.506134 -0.325365 0 0 0 0 0
-0.430323 -0.309739 0 0 0 0 0
-0.366262 -0.396423 0 0 0 0 0
0 0 0 0 0 0 0
-0.386414 -0.297858 0 0 0 0 0
-0.329988 -0.378207 0 0 0 0 0
0 0 0 0 0 0 0
0 0 0 0 0 0 0
0 0 0 0 0 0 0
0 0 0 0 0 0 0
0 0 0 0 0 0 0
0 0 0 0 0 0 0
0 0 0 0 0 0 0
0 0 0 0 0 0 0
-1.36591 -0.755738 -0.170981 -0.845732 0 -0.273399 -0.673367
-0.847293 -0.473663 -0.399822 -0.721247 0 -0.151055 -0.592966
-0.759325 -0.547542 -0.226551 -0.381311 0 0 -0.562267
-0.679008 -0.651715 -0.127178 -0.16019 0 0 -0.620491
-0.616603 -0.523517 -0.141993 -0.0165058 0 0 0
-0.527523 -0.299614 0 -0.118947 0 0 0
-0.558106 -0.414435 0 -0.0106578 0 0 0
-0.450065 -0.355081 0 0 0 0 0
-0.40429 -0.307189 0 0 0 0 0
-0.415932 -0.29198 0 0 0 0 0
0 0 0 0 0 0 0
-0.328921 -0.272637 0 0 0 0 0
-0.236384 -0.220521 0 0 0 0 0
0 0 0 0 0 0 0
0 0 0 0 0 0 0
0 0 0 0 0 0 0
0 0 0 0 0 0 0
0 0 0 0 0 0 0
0 0 0 0 0 0 0
0 0 0 0 0 0 0
0 0 0 0 0 0 0
-1.33086 -0.744959 -0.378337 -0.862249 0 -0.280845 -0.748621
-0.788184 -0.569606 -0.309345 -0.674403 0 -0.154647 -0.612092
-0.712077 -0.569606 -0.421823 -0.32718 0 0 -0.542007
-0.788184 -0.613091 -0.355865 -0.0802381 0 0 -0.576533
-0.587683 -0.535704 -0.182593 -0.12127 0 0 0
-0.64567 -0.521232 0 -0.0012856 0 0 0
-0.487697 -0.349928 0 -0.0932422 0 0 0
-0.388048 -0.274489 0 0 0 0 0
-0.428232 -0.332476 0 0 0 0 0
-0.403868 -0.300273 0 0 0 0 0
0 0 0 0 0 0 0
-0.346181 -0.19693 0 0 0 0 0
-0.312362 -0.314713 0 0 0 0 0
0 0 0 0 0 0 0
0 0 0 0 0 0 0
0 0 0 0 0 0 0
0 0 0 0 0 0 0
0 0 0 0 0 0 0
0 0 0 0 0 0 0
0 0 0 0 0 0 0
0 0 0 0 0 0 0
-1.35061 -0.820506 -0.368115 -0.816839 0 -0.249759 -0.632526
-0.718874 -0.545851 -0.430635 -0.606518 0 -0.171458 -0.640689
-0.707842 -0.509786 -0.460488 -0.267672 0 0 -0.498995
-0.743644 -0.529367 -0.229964 -0.110398 0 0 -0.58854
-0.670711 -0.521022 0 -0.0160609 0 0 0
-0.59559 -0.357517 0 -0.0372257 0 0 0
-0.510511 -0.40568 0 0 0 0 0
-0.396101 -0.235201 0 0 0 0 0
-0.413269 -0.313813 0 0 0 0 0
-0.293622 -0.197317 0 0 0 0 0
0 0 0 0 0 0 0
-0.387405 -0.189565 0 0 0 0 0
-0.38522 -0.082907 0 0 0 0 0
0 0 0 0 0 0 0
0 0 0 0 0 0 0
0 0 0 0 0 0 0
0 0 0 0 0 0 0
0 0 0 0 0 0 0
0 0 0 0 0 0 0
0 0 0 0 0 0 0
0 0 0 0 0 0 0
-1.27719 -0.757478 -0.564093 -0.719196 0 -0.269179 -0.726253
-0.766648 -0.522638 -0.555582 -0.61918 0 -0.187222 -0.495929
-0.746387 -0.49828 -0.336703 -0.28018 0 0 -0.557083
-0.675199 -0.519961 -0.224225 -0.0994318 0 0 -0.491414
-0.606991 -0.433193 -0.212249 -0.00294164 0 0 0
-0.61202 -0.328482 0 -0.00294164 0 0 0
-0.578003 -0.382208 0 0 0 0 0
-0.408745 -0.409523 0 0 0 0 0
-0.371162 -0.360434 0 0 0 0 0
-0.431035 -0.200501 0 0 0 0 0
0 0 0 0 0 0 0
-0.261062 -0.24029 0 0 0 0 0
-0.261062 -0.24029 0 0 0 0 0
0 0 0 0 0 0 0
0 0 0 0 0 0 0
0 0 0 0 0 0 0
0 0 0 0 0 0 0
0 0 0 0 0 0 0
0 0 0 0 0 0 0
0 0 0 0 0 0 0
0 0 0 0 0 0 0
-1.24791 -0.675241 -0.611982 -0.637823 0 -0.21673 -0.74406
-0.731124 -0.437677 -0.415609 -0.590485 0 -0.184382 -0.557344
-0.782489 -0.525851 -0.40613 -0.314735 0 0 -0.503051
-0.68596 -0.478722 -0.34729 -0.0838058 0 0 -0.571471
-0.600438 -0.473346 -0.108879 0 0 0 0
-0.584071 -0.374255 0 -0.00987461 0 0 0
-0.485289 -0.415077 0 0 0 0 0
-0.403727 -0.38019 0 0 0 0 0
-0.391799 -0.254237 0 0 0 0 0
-0.359276 -0.344041 0 0 0 0 0
0 0 0 0 0 0 0
-0.348891 -0.216626 0 0 0 0 0
-0.254833 -0.125488 0 0 0 0 0
0 0 0 0 0 0 0
0 0 0 0 0 0 0
0 0 0 0 0 0 0
0 0 0 0 0 0 0
0 0 0 0 0 0 0
0 0 0 0 0 0 0
0 0 0 0 0 0 0
0 0 0 0 0 0 0
-1.18864 -0.768642 -0.255059 -0.655163 0 -0.205729 -0.746565
-0.779272 -0.530454 -0.0555699 -0.509084 0 -0.0977176 -0.619246
-0.673477 -0.513191 -0.166112 -0.283412 0 0 -0.552871
-0.658878 -0.462159 -0.447963 -0.0410989 0 0 -0.531066
-0.629025 -0.354469 0 0 0 0 0
-0.563274 -0.397271 0 0 0 0 0
-0.564891 -0.315831 0 0 0 0 0
-0.390614 -0.408383 0 0 0 0 0
-0.392535 -0.336821 0 0 0 0 0
-0.349391 -0.400061 0 0 0 0 0
0 0 0 0 0 0 0
-0.357376 -0.27879 0 0 0 0 0
-0.230355 -0.103987 0 0 0 0 0
0 0 0 0 0 0 0
0 0 0 0 0 0 0
0 0 0 0 0 0 0
0 0 0 0 0 0 0
0 0 0 0 0 0 0
0 0 0 0 0 0 0
0 0 0 0 0 0 0
0 0 0 0 0 0 0
