0 0 0 0 0 0 0
0 0 0 0 0 0 0
0 0 0 0 0 0 0
0 0 0 0 0 0 0
0 0 0 0 0 0 0
0 0 0 0 0 0 0
0 0 0 0 0 0 0
0 0 0 0 0 0 0
0 0 0 0 0 0 0
0 0 0 0 0 0 0
0 0 0 0 0 0 0
0 0 0 0 0 0 0
0 0 0 0 0 0 0
0 0 0 0 0 0 0
0 0 0 0 0 0 0
0 0 0 0 0 0 0
0 0 0 0 0 0 0
0 0 0 0 0 0 0
0 0 0 0 0 0 0
0 0 0 0 0 0 0
0 0 0 0 0 0 0
0 0 0 0 0 0 0
0 0 0 0 0 0 0
0 0 0 0 0 0 0
0 0 0 0 0 0 0
0 0 0 0 0 0 0
0 0 0 0 0 0 0
0 0 0 0 0 0 0
0 0 0 0 0 0 0
0 0 0 0 0 0 0
0 0 0 0 0 0 0
0 0 0 0 0 0 0
0 0 0 0 0 0 0
0 0 0 0 0 0 0
0 0 0 0 0 0 0
0 0 0 0 0 0 0
0 0 0 0 0 0 0
0 0 0 0 0 0 0
0 0 0 0 0 0 0
0 0 0 0 0 0 0
0 0 0 0 0 0 0
0 0 0 0 0 0 0
0 0 0 0 0 0 0
0 0 0 0 0 0 0
0 0 0 0 0 0 0
0 0 0 0 0 0 0
0 0 0 0 0 0 0
0 0 0 0 0 0 0
0 0 0 0 0 0 0
0 0 0 0 0 0 0
0 0 0 0 0 0 0
0 0 0 0 0 0 0
0 0 0 0 0 0 0
0 0 0 0 0 0 0
0 0 0 0 0 0 0
0 0 0 0 0 0 0
0 0 0 0 0 0 0
0 0 0 0 0 0 0
0 0 0 0 0 0 0
0 0 0 0 0 0 0
0 0 0 0 0 0 0
0 0 0 0 0 0 0
0 0 0 0 0 0 0
0 0 0 0 0 0 0
0 0 0 0 0 0 0
0 0 0 0 0 0 0
0 0 0 0 0 0 0
0 0 0 0 0 0 0
0 0 0 0 0 0 0
0 0 0 0 0 0 0
0 0 0 0 0 0 0
0 0 0 0 0 0 0
0 0 0 0 0 0 0
0 0 0 0 0 0 0
0 0 0 0 0 0 0
0 0 0 0 0 0 0
0 0 0 0 0 0 0
0 0 0 0 0 0 0
0 0 0 0 0 0 0
0 0 0 0 0 0 0
0 0 0 0 0 0 0
0 0 0 0 0 0 0
0 0 0 0 0 0 0
0 0 0 0 0 0 0
0 0 0 0 0 0 0
0 0 0 0 0 0 0
0 0 0 0 0 0 0
0 0 0 0 0 0 0
0 0 0 0 0 0 0
0 0 0 0 0 0 0
0 0 0 0 0 0 0
0 0 0 0 0 0 0
0 0 0 0 0 0 0
0 0 0 0 0 0 0
0 0 0 0 0 0 0
0 0 0 0 0 0 0
0 0 0 0 0 0 0
0 0 0 0 0 0 0
0 0 0 0 0 0 0
0 0 0 0 0 0 0
0 0 0 0 0 0 0
0 0 0 0 0 0 0
0 0 0 0 0 0 0
0 0 0 0 0 0 0
0 0 0 0 0 0 0
0 0 0 0 0 0 0
0 0 0 0 0 0 0
0 0 0 0 0 0 0
0 0 0 0 0 0 0
0 0 0 0 0 0 0
0 0 0 0 0 0 0
0 0 0 0 0 0 0
0 0 0 0 0 0 0
0 0 0 0 0 0 0
0 0 0 0 0 0 0
0 0 0 0 0 0 0
0 0 0 0 0 0 0
0 0 0 0 0 0 0
0 0 0 0 0 0 0
0 0 0 0 0 0 0
0 0 0 0 0 0 0
0 0 0 0 0 0 0
0 0 0 0 0 0 0
0 0 0 0 0 0 0
0 0 0 0 0 0 0
0 0 0 0 0 0 0
0 0 0 0 0 0 0
0 0 0 0 0 0 0
0 0 0 0 0 0 0
0 0 0 0 0 0 0
0 0 0 0 0 0 0
0 0 0 0 0 0 0
0 0 0 0 0 0 0
0 0 0 0 0 0 0
0 0 0 0 0 0 0
0 0 0 0 0 0 0
0 0 0 0 0 0 0
0 0 0 0 0 0 0
0 0 0 0 0 0 0
0 0 0 0 0 0 0
0 0 0 0 0 0 0
0 0 0 0 0 0 0
0 0 0 0 0 0 0
0 0 0 0 0 0 0
0 0 0 0 0 0 0
0 0 0 0 0 0 0
0 0 0 0 0 0 0
0 0 0 0 0 0 0
0 0 0 0 0 0 0
0 0 0 0 0 0 0
0 0 0 0 0 0 0
0 0 0 0 0 0 0
0 0 0 0 0 0 0
0 0 0 0 0 0 0
0 0 0 0 0 0 0
0 0 0 0 0 0 0
0 0 0 0 0 0 0
0 0 0 0 0 0 0
0 0 0 0 0 0 0
0 0 0 0 0 0 0
0 0 0 0 0 0 0
0 0 0 0 0 0 0
0 0 0 0 0 0 0
0 0 0 0 0 0 0
0 0 0 0 0 0 0
0 0 0 0 0 0 0
0 0 0 0 0 0 0
0 0 0 0 0 0 0
0 0 0 0 0 0 0
0 0 0 0 0 0 0
0 0 0 0 0 0 0
0 0 0 0 0 0 0
0 0 0 0 0 0 0
0 0 0 0 0 0 0
0 0 0 0 0 0 0
0 0 0 0 0 0 0
0 0 0 0 0 0 0
0 0 0 0 0 0 0
0 0 0 0 0 0 0
0 0 0 0 0 0 0
0 0 0 0 0 0 0
0 0 0 0 0 0 0
0 0 0 0 0 0 0
0 0 0 0 0 0 0
0 0 0 0 0 0 0
0 0 0 0 0 0 0
0 0 0 0 0 0 0
0 0 0 0 0 0 0
0 0 -0.298366 0 0 0 0
0 0 0 0 -0.00120777 0 0
0 0 0 0 0 0 0
0 0 0 0 0 0 0
0 0 0 0 0 0 0
0 0 0 0 0 0 0
0 0 0 0 0 0 0
0 0 0 0 0 0 0
0 0 0 0 0 0 0
0 0 0 0 0 0 0
0 0 0 0 0 0 0
0 0 0 0 0 0 0
0 0 0 0 0 0 0
0 0 0 0 0 0 0
0 0 0 0 0 0 0
0 0 0 0 0 0 0
0 0 0 0 0 0 0
0 0 0 0 0 0 0
0 0 0 0 0 0 0
0 0 0 0 0 0 0
0 0 0 0 0 0 0
0 0 0 0 0 0 0
0 0 0 0 0 -0.0584485 -0.0175424
0 0 0 0 0 0 -0.161383
0 0 0 0 0 0 0
0 0 0 0 0 0 0
0 0 0 0 0 0 0
0 0 0 0 0 0 0
0 0 0 0 0 0 0
0 0 0 0 0 0 0
0 0 0 0 0 0 0
0 0 0 0 0 0 0
0 0 0 0 0 0 0
0 0 0 0 0 0 0
0 0 0 0 0 0 0
0 0 0 0 0 0 0
0 0 0 0 0 0 0
0 0 0 0 0 0 0
0 0 0 0 0 0 0
0 0 0 0 0 0 0
0 0 0 0 0 0 0
0 0 0 0 0 0 0
0 0 0 0 0 0 0
-0.156265 -0.275747 0 -0.569765 0 -0.415089 -0.7183
0 0 0 -0.164299 0 -0.384776 -0.074372
0 0 0 0 0 0 0
0 0 0 0 0 0 0
0 0 0 0 0 0 0
0 0 0 0 0 0 0
0 0 0 0 0 0 0
0 0 0 0 0 0 0
0 0 0 0 0 0 0
0 0 0 0 0 0 0
0 0 0 0 0 0 0
0 0 0 0 0 0 0
0 0 0 0 0 0 0
0 0 0 0 0 0 0
0 0 0 0 0 0 0
0 0 0 0 0 0 0
0 0 0 0 0 0 0
0 0 0 0 0 0 0
0 0 0 0 0 0 0
0 0 0 0 0 0 0
0 0 0 0 0 0 0
-0.844135 -0.756775 0 -0.96605 -0.0854165 -0.79904 -1.09983
-0.0071468 -0.348395 0 -0.69859 -0.0854165 -0.651305 -0.638255
0 0 0 -0.451241 0 -0.416305 -0.452474
0 0 0 0 0 -0.069732 -0.1059
0 0 0 0 0 0 0
0 0 0 0 0 0 0
0 0 0 0 0 0 0
0 0 0 0 0 0 0
0 0 0 0 0 0 0
0 0 0 0 0 0 0
0 0 0 0 0 0 0
0 0 0 0 0 0 0
0 0 0 0 0 0 0
0 0 0 0 0 0 0
0 0 0 0 0 0 0
0 0 0 0 0 0 0
0 0 0 0 0 0 0
0 0 0 0 0 0 0
0 0 0 0 0 0 0
0 0 0 0 0 0 0
0 0 0 0 0 0 0
-1.32737 -1.11455 0 -1.18979 -0.66095 -1.08865 -1.43949
-0.69121 -0.682665 0 -1.0176 -0.397903 -1.0715 -1.21691
0 -0.188362 0 -0.599475 0 -0.80034 -0.893175
0 0 0 -0.433798 0 -0.561325 -0.469527
0 0 0 0 0 -0.198356 0
0 0 0 0 0 0 0
0 0 0 0 0 0 0
0 0 0 0 0 0 0
0 0 0 0 0 0 0
0 0 0 0 0 0 0
0 0 0 0 0 0 0
0 0 0 0 0 0 0
0 0 0 0 0 0 0
0 0 0 0 0 0 0
0 0 0 0 0 0 0
0 0 0 0 0 0 0
0 0 0 0 0 0 0
0 0 0 0 0 0 0
0 0 0 0 0 0 0
0 0 0 0 0 0 0
0 0 0 0 0 0 0
-1.65837 -1.40424 0 -1.20067 -0.97151 -1.24257 -1.6289
-1.14079 -1.04556 0 -1.12861 -0.694355 -1.13458 -1.43238
-0.325881 -0.342512 0 -0.948605 -0.432729 -1.0729 -1.0724
0 -0.0871 0 -0.634305 -0.197728 -0.88509 -0.875075
0 0 0 -0.244224 0 -0.580795 -0.400534
0 0 0 0 0 -0.273205 -0.440555
0 0 0 0 0 0 0
0 0 0 0 0 0 0
0 0 0 0 0 0 0
0 0 0 0 0 0 0
0 0 0 0 0 0 0
0 0 0 0 0 0 0
0 0 0 0 0 0 0
0 0 0 0 0 0 0
0 0 0 0 0 0 0
0 0 0 0 0 0 0
0 0 0 0 0 0 0
0 0 0 0 0 0 0
0 0 0 0 0 0 0
0 0 0 0 0 0 0
0 0 0 0 0 0 0
-1.80452 -1.55269 0 -1.28829 -1.12023 -1.28163 -1.62007
-1.43493 -1.23052 0 -1.21369 -1.01212 -1.24209 -1.52731
-0.7751 -0.792785 -0.0695735 -1.09779 -0.745075 -1.1484 -1.35715
-0.0871895 -0.487329 0 -0.87283 -0.591335 -1.0789 -1.2033
0 0 0 -0.64684 -0.264371 -0.889155 -0.849315
0 0 0 -0.13203 0 -0.62512 -0.603755
0 0 0 -0.0204581 0 -0.0303285 -0.244835
0 0 0 0 0 0 0
0 0 0 0 0 0 0
0 0 0 0 0 0 0
0 0 0 0 0 0 0
0 0 0 0 0 0 0
0 0 0 0 0 0 0
0 0 0 0 0 0 0
0 0 0 0 0 0 0
0 0 0 0 0 0 0
0 0 0 0 0 0 0
0 0 0 0 0 0 0
0 0 0 0 0 0 0
0 0 0 0 0 0 0
0 0 0 0 0 0 0
-1.81746 -1.59482 -0.00894895 -1.19968 -1.22883 -1.25492 -1.64309
-1.55228 -1.32912 0 -1.23748 -1.0665 -1.29177 -1.49473
-1.1075 -0.96716 0 -1.20747 -0.97671 -1.16865 -1.45893
-0.427378 -0.638135 0 -1.07551 -0.90642 -1.15881 -1.28004
-0.0368745 -0.153432 0 -0.732285 -0.466793 -1.10281 -1.13526
0 0 0 -0.40532 -0.307567 -0.8349 -0.877355
0 0 -0.00894895 -0.11906 -0.072565 -0.51901 -0.642355
0 0 0 0 0 0 0
0 0 0 0 0 0 0
0 0 0 0 0 0 0
0 0 0 0 0 0 0
0 0 0 0 0 0 0
0 0 0 0 0 0 0
0 0 0 0 0 0 0
0 0 0 0 0 0 0
0 0 0 0 0 0 0
0 0 0 0 0 0 0
0 0 0 0 0 0 0
0 0 0 0 0 0 0
0 0 0 0 0 0 0
0 0 0 0 0 0 0
-1.76347 -1.55883 0 -1.08721 -1.27021 -1.13989 -1.56384
-1.55757 -1.32139 0 -1.11286 -1.1566 -1.17826 -1.42468
-1.22809 -1.08834 0 -1.17544 -1.27827 -1.23462 -1.38185
-0.702575 -0.868115 0 -0.93452 -1.05513 -1.17826 -1.33052
-0.23103 -0.660505 0 -0.737705 -0.84926 -1.10824 -1.21726
0 -0.198672 0 -0.57995 -0.655875 -1.01116 -0.95138
0 0 0 -0.164299 -0.218139 -0.75176 -0.91654
0 0 0 0 0 0 0
0 0 0 0 0 0 0
0 0 0 0 0 0 0
0 0 0 0 0 0 0
0 0 0 0 0 0 0
0 0 0 0 0 0 0
0 0 0 0 0 0 0
0 0 0 0 0 0 0
0 0 0 0 0 0 0
0 0 0 0 0 0 0
0 0 0 0 0 0 0
0 0 0 0 0 0 0
0 0 0 0 0 0 0
0 0 0 0 0 0 0
-1.64297 -1.50109 0 -1.07249 -1.13702 -1.10978 -1.44501
-1.43611 -1.32642 0 -1.14296 -1.14646 -1.11848 -1.3516
-1.20419 -1.20473 0 -1.07787 -1.17374 -1.15183 -1.3237
-0.83163 -0.98505 -0.100455 -0.95753 -1.16929 -1.08888 -1.24867
-0.52967 -0.75758 -0.355867 -0.851875 -0.96208 -1.11848 -1.18258
-0.124968 -0.491177 0 -0.600645 -0.77596 -1.03756 -1.12505
0 -0.042207 -0.100455 -0.50108 -0.493694 -0.74837 -0.862475
0 0 0 -0.342913 0 0 0
0 0 0 -0.0717515 0 0 0
0 0 0 0 0 0 0
0 0 0 0 0 0 0
0 0 0 0 0 0 0
0 0 0 0 0 0 0
0 0 0 0 0 0 0
0 0 0 0 0 0 0
0 0 0 0 0 0 0
0 0 0 0 0 0 0
0 0 0 0 0 0 0
0 0 0 0 0 0 0
0 0 0 0 0 0 0
0 0 0 0 0 0 0
-1.51696 -1.49779 -0.304574 -0.99055 -1.14831 -1.05556 -1.37237
-1.27387 -1.2786 -0.0491617 -1.02389 -1.13555 -1.08135 -1.20914
-1.05439 -1.14673 -0.395734 -1.05767 -1.20392 -1.02524 -1.2385
-0.841445 -1.0474 -0.598465 -0.912995 -1.06134 -1.07855 -1.19019
-0.710705 -0.727565 -0.74231 -0.752085 -0.8611 -1.0924 -1.0858
-0.413352 -0.64875 -0.193002 -0.66645 -0.845945 -1.10053 -1.21607
-0.0307917 -0.359713 -0.395734 -0.32534 -0.714765 -0.85135 -0.68257
0 0 0 -0.34662 -0.230972 0 0
0 0 0 -0.159274 0 0 0
0 0 0 0 0 0 0
0 0 0 0 0 0 0
0 0 0 0 0 0 0
0 0 0 0 0 0 0
0 0 0 0 0 0 0
0 0 0 0 0 0 0
0 0 0 0 0 0 0
0 0 0 0 0 0 0
0 0 0 0 0 0 0
0 0 0 0 0 0 0
0 0 0 0 0 0 0
0 0 0 0 0 0 0
-1.43704 -1.41195 -0.255783 -0.95312 -1.00245 -0.95734 -1.37001
-1.16229 -1.23154 -0.346944 -0.950305 -1.1281 -0.9888 -1.1341
-1.00753 -1.0532 -0.346944 -0.977785 -1.15136 -1.01262 -1.01574
-0.86273 -0.93419 -0.424019 -0.76424 -1.03695 -0.97957 -1.05168
-0.723145 -0.83037 -0.549675 -0.734695 -1.10371 -0.98574 -1.04878
-0.516155 -0.63527 -0.86767 -0.589405 -0.942915 -1.02126 -1.10638
-0.216069 -0.362515 -0.602355 -0.347376 -0.74873 -0.54862 -0.469527
0 -0.144856 -0.346944 -0.409402 -0.410562 0 0
0 0 0 -0.383756 -0.0962575 0 0
0 0 0 -0.12541 0 0 0
0 0 0 0 0 0 0
0 0 0 0 0 0 0
0 0 0 0 0 0 0
0 0 0 0 0 0 0
0 0 0 0 0 0 0
0 0 0 0 0 0 0
0 0 0 0 0 0 0
0 0 0 0 0 0 0
0 0 0 0 0 0 0
0 0 0 0 0 0 0
0 0 0 0 0 0 0
-1.32642 -1.38776 -0.377499 -0.903785 -0.780495 -0.936145 -1.24591
-1.00945 -1.14183 -0.209263 -0.909405 -1.02713 -0.89432 -1.04673
-0.869655 -1.04003 -0.75857 -0.871705 -1.04024 -0.936145 -0.943735
-0.832605 -0.906075 -0.647 -0.807515 -0.97593 -0.904285 -0.88484
-0.783085 -0.772175 -0.79084 -0.628195 -0.92974 -0.936145 -0.93049
-0.632345 -0.67228 -0.876765 -0.587355 -0.93509 -0.904285 -0.94699
-0.446008 -0.51545 -0.90241 -0.432763 -0.8668 -0.306667 -0.374425
0 -0.218917 -0.555835 -0.354478 -0.53228 0 0
0 0 0 -0.362882 -0.185704 0 0
0 0 0 -0.240784 0 0 0
0 0 0 0 0 0 0
0 0 0 0 0 0 0
0 0 0 0 0 0 0
0 0 0 0 0 0 0
0 0 0 0 0 0 0
0 0 0 0 0 0 0
0 0 0 0 0 0 0
0 0 0 0 0 0 0
0 0 0 0 0 0 0
0 0 0 0 0 0 0
0 0 0 0 0 0 0
-1.2299 -1.31614 -0.333048 -0.881435 -0.816215 -0.86637 -1.19063
-0.910765 -1.05829 -0.458705 -0.905185 -0.868895 -0.92742 -0.91536
-0.800405 -0.96957 -0.333048 -0.84209 -0.96923 -0.93597 -0.861975
-0.81941 -0.846335 -0.67962 -0.738495 -0.936355 -0.80422 -0.773625
-0.689745 -0.83056 -0.714115 -0.648055 -0.846165 -0.74579 -0.773625
-0.66497 -0.646695 -1.04374 -0.548195 -0.851945 -0.77391 -0.81008
-0.485497 -0.502855 -0.602545 -0.416488 -0.96923 -0.0648875 0
-0.25592 -0.281253 -0.602545 -0.409591 -0.67443 0 0
0 0 0 -0.468483 -0.382171 0 0
0 0 0 -0.373605 0 0 0
0 0 0 0 0 0 0
0 0 0 -0.140093 0 0 0
0 0 0 0 0 0 0
0 0 0 0 0 0 0
0 0 0 0 0 0 0
0 0 0 0 0 0 0
0 0 0 0 0 0 0
0 0 0 0 0 0 0
0 0 0 0 0 0 0
0 0 0 0 0 0 0
0 0 0 0 0 0 0
-1.07255 -1.19913 0 -0.8307 -0.67126 -0.79714 -1.05398
-0.845365 -1.0238 -0.51648 -0.825175 -0.87399 -0.849135 -0.863215
-0.721445 -0.875945 -0.73414 -0.82239 -0.87399 -0.82381 -0.75566
-0.741855 -0.803775 -0.863055 -0.734015 -0.90341 -0.72743 -0.72259
-0.67509 -0.72306 -0.92697 -0.550895 -0.803605 -0.715475 -0.69627
-0.66353 -0.73031 -1.00118 -0.473017 -0.767445 -0.59269 -0.633985
-0.5653 -0.57063 -0.839795 -0.360038 -0.88892 0 0
-0.387726 -0.326638 -0.600005 -0.413423 -0.70068 0 0
-0.127211 -0.0948515 -0.357254 -0.25892 -0.420871 0 0
0 0 0 -0.30814 0 0 0
0 0 0 0 0 0 0
0 0 0 -0.338452 0 0 0
0 0 0 -0.0204579 0 0 0
0 0 0 0 0 0 0
0 0 0 0 0 0 0
0 0 0 0 0 0 0
0 0 0 0 0 0 0
0 0 0 0 0 0 0
0 0 0 0 0 0 0
0 0 0 0 0 0 0
0 0 0 0 0 0 0
-1.03174 -1.07247 -0.316432 -0.72233 -0.645365 -0.89844 -0.96704
-0.721845 -0.8739 -0.428003 -0.78988 -0.807255 -0.835345 -0.664375
-0.67275 -0.77522 -0.475658 -0.72233 -0.80191 -0.75288 -0.730585
-0.60333 -0.67117 -0.475658 -0.538115 -0.768565 -0.745935 -0.618045
-0.657985 -0.685875 -0.663005 -0.54264 -0.762785 -0.666525 -0.655445
-0.631405 -0.64039 -0.82223 -0.459524 -0.81255 -0.525405 -0.410435
-0.583175 -0.499187 -0.82223 -0.372601 -0.720335 0 0
-0.4477 -0.380993 -0.663005 -0.312124 -0.659855 0 0
-0.239754 -0.12558 -0.0814305 -0.290222 -0.460683 0 0
0 -0.0540295 0 -0.218098 -0.145047 0 0
0 0 0 0 0 0 0
0 0 0 -0.385101 0 0 0
0 0 0 -0.200552 0 0 0
0 0 0 0 0 0 0
0 0 0 0 0 0 0
0 0 0 0 0 0 0
0 0 0 0 0 0 0
0 0 0 0 0 0 0
0 0 0 0 0 0 0
0 0 0 0 0 0 0
0 0 0 0 0 0 0
-0.87689 -0.972895 -0.210446 -0.728185 -0.64162 -0.79904 -0.82936
-0.61603 -0.846965 -0.436438 -0.73673 -0.72356 -0.75022 -0.58844
-0.599315 -0.77392 -0.623785 -0.663875 -0.64842 -0.75022 -0.597875
-0.596475 -0.66094 -0.55702 -0.615895 -0.655135 -0.68892 -0.625155
-0.59505 -0.597185 -0.75975 -0.51235 -0.72356 -0.527875 -0.564045
-0.5864 -0.537795 -0.735355 -0.375829 -0.674745 -0.363625 -0.3928
-0.61603 -0.542275 -0.591515 -0.204093 -0.62773 0 0
-0.526235 -0.427346 -0.436438 -0.272904 -0.60614 0 0
-0.3514 -0.285374 0 -0.220223 -0.442299 0 0
-0.129708 0 0 -0.220223 -0.244643 0 0
0 0 0 0 0 0 0
0 0 0 -0.084256 0 0 0
0 0 0 -0.0629765 0 0 0
0 0 0 -0.0292558 0 0 0
0 0 0 0 0 0 0
0 0 0 0 0 0 0
0 0 0 0 0 0 0
0 0 0 0 0 0 0
0 0 0 0 0 0 0
0 0 0 0 0 0 0
0 0 0 0 0 0 0
-0.7732 -0.881425 -0.0044693 -0.69899 -0.5757 -0.829155 -0.797465
-0.553005 -0.816455 -0.553775 -0.72647 -0.471324 -0.743545 -0.649735
-0.593135 -0.76084 -0.51928 -0.701805 -0.746005 -0.64754 -0.505895
-0.54866 -0.6232 -0.86585 -0.559835 -0.61739 -0.62515 -0.47915
-0.60366 -0.56738 -0.788775 -0.50881 -0.63055 -0.528615 -0.414733
-0.608845 -0.62671 -0.767495 -0.423401 -0.522215 -0.289897 -0.218213
-0.542815 -0.372462 -0.616355 -0.235163 -0.59698 0 0
-0.52485 -0.395193 -0.172705 -0.132441 -0.443794 0 0
-0.442151 -0.1013 0 -0.114582 -0.522215 0 0
-0.246561 -0.091198 0 -0.105408 -0.236322 0 0
0 0 0 0 0 0 0
0 0 0 -0.0568255 0 0 0
0 0 0 -0.0568255 0 0 0
0 0 0 -0.0465159 0 0 0
0 0 0 0 0 0 0
0 0 0 0 0 0 0
0 0 0 0 0 0 0
0 0 0 0 0 0 0
0 0 0 0 0 0 0
0 0 0 0 0 0 0
0 0 0 0 0 0 0
-0.66834 -0.760575 0 -0.63054 -0.254061 -0.764055 -0.63627
-0.46667 -0.65272 -0.203103 -0.599475 -0.649455 -0.69806 -0.533025
-0.503495 -0.561555 -0.549675 -0.648295 -0.643605 -0.73071 -0.499839
-0.544655 -0.586835 -0.60857 -0.54537 -0.574315 -0.58878 -0.442783
-0.507915 -0.534935 -0.89625 -0.415614 -0.560615 -0.482903 -0.551045
-0.463475 -0.538825 -0.66125 -0.335442 -0.50172 -0.181405 -0.0679525
-0.460259 -0.481386 -0.66125 -0.219777 -0.6317 0 0
-0.513745 -0.380568 -0.261995 -0.0101482 -0.532035 0 0
-0.44052 -0.293644 0 -0.129985 -0.50172 0 0
-0.342602 -0.130445 0 -0.06904 -0.21404 0 0
0 0 0 0 0 0 0
-0.0627945 0 0 0 0 0 0
0 0 0 -0.0960735 0 0 0
0 0 0 0 0 0 0
0 0 0 -0.0305592 0 0 0
0 0 0 0 0 0 0
0 0 0 0 0 0 0
0 0 0 0 0 0 0
0 0 0 0 0 0 0
0 0 0 0 0 0 0
0 0 0 0 0 0 0
-0.594555 -0.62376 -0.279583 -0.554675 -0.372335 -0.71257 -0.578275
-0.407104 -0.54821 -0.370744 -0.68611 -0.474383 -0.734315 -0.483981
-0.487275 -0.558735 -0.626155 -0.58633 -0.55909 -0.669065 -0.474457
-0.484418 -0.55525 -0.73773 -0.544775 -0.55909 -0.62473 -0.464747
-0.468405 -0.483969 -0.73773 -0.437352 -0.545935 -0.479787 -0.390929
-0.471355 -0.428594 -0.69604 -0.217811 -0.353102 -0.110585 0
-0.433168 -0.424069 -0.514585 -0.242816 -0.53922 0 0
-0.463947 -0.471724 -0.327238 -0.0866285 -0.565545 0 0
-0.462452 -0.289237 0 0 -0.256024 0 0
-0.33142 -0.0865045 0 0 -0.205983 0 0
0 0 0 0 0 0 0
-0.230435 0 0 0 -0.0708375 0 0
0 0 0 0 0 0 0
0 0 0 0 0 0 0
0 0 0 0 0 0 0
0 0 0 0 0 0 0
0 0 0 0 0 0 0
0 0 0 0 0 0 0
0 0 0 0 0 0 0
0 0 0 0 0 0 0
0 0 0 0 0 0 0
-0.449082 -0.44602 -0.0673445 -0.55243 -0.408724 -0.74125 -0.477609
-0.340375 -0.44602 -0.413918 -0.590795 -0.440482 -0.71094 -0.357028
-0.428551 -0.403621 -0.56661 -0.514195 -0.448115 -0.684195 -0.309373
-0.502195 -0.473695 -0.413918 -0.43157 -0.416855 -0.52359 -0.263589
-0.478378 -0.394693 -0.662135 -0.419712 -0.38351 -0.374675 -0.249699
-0.350976 -0.433673 -0.56661 -0.364804 -0.463041 0 0
-0.399267 -0.218281 -0.336842 -0.260985 -0.356955 0 0
-0.428551 -0.284245 0 -0.069122 -0.338433 0 0
-0.440385 -0.198672 0 0 -0.455634 0 0
-0.376536 -0.205294 0 -0.00922145 -0.233888 0 0
0 0 0 0 0 0 0
-0.271564 -0.095364 0 0 -0.0369358 0 0
-0.0282978 0 0 0 0 0 0
0 0 0 0 0 0 0
0 0 0 0 0 0 0
0 0 0 0 0 0 0
0 0 0 0 0 0 0
0 0 0 0 0 0 0
0 0 0 0 0 0 0
0 0 0 0 0 0 0
0 0 0 0 0 0 0
-0.309368 -0.405033 -0.10132 -0.487984 -0.256099 -0.703535 -0.470912
-0.258858 -0.240092 -0.415625 -0.52876 -0.415326 -0.701055 -0.202623
-0.355241 -0.383933 -0.58386 -0.516565 -0.451838 -0.61435 -0.324238
-0.429059 -0.348203 -0.650625 -0.425403 -0.407691 -0.53431 -0.318524
-0.43463 -0.474374 -0.7622 -0.366511 -0.384065 -0.361887 -0.324238
-0.345404 -0.366387 -0.650625 -0.340864 -0.407691 0 0
-0.302199 -0.268031 -0.344074 -0.22267 -0.29612 0 0
-0.397255 -0.251455 -0.381128 -0.131509 -0.324165 0 0
-0.377466 -0.116891 0 0 -0.212593 0 0
-0.309368 -0.101965 0 0 -0.053366 0 0
0 0 0 0 0 0 0
-0.311144 0 0 0 0 0 0
-0.111064 0 0 0 0 0 0
0 0 0 0 0 0 0
0 0 0 0 0 0 0
0 0 0 0 0 0 0
0 0 0 0 0 0 0
0 0 0 0 0 0 0
0 0 0 0 0 0 0
0 0 0 0 0 0 0
0 0 0 0 0 0 0
-0.17965 -0.287875 -0.312325 -0.459493 -0.335921 -0.61413 -0.225724
-0.215156 -0.230819 -0.128463 -0.54576 -0.352316 -0.588485 -0.29249
-0.272252 -0.219707 -0.128463 -0.452956 -0.310275 -0.53613 -0.26923
-0.380214 -0.339083 -0.55211 -0.330578 -0.375943 -0.499074 -0.125389
-0.416542 -0.292753 -0.5976 -0.472314 -0.398503 -0.394448 -0.244835
-0.384543 -0.360731 -0.383875 -0.393653 -0.335921 0 0
-0.320234 -0.297584 -0.181144 -0.22319 -0.234659 0 0
-0.310333 -0.282949 -0.0028061 -0.112919 -0.405803 0 0
-0.323491 -0.272948 0 0 -0.213823 0 0
-0.341037 -0.190797 0 0 0 0 0
0 0 0 0 0 0 0
-0.281165 -0.00561025 0 0 0 0 0
-0.204973 0 0 0 0 0 0
-0.089787 0 0 0 0 0 0
0 0 0 0 0 0 0
0 0 0 0 0 0 0
0 0 0 0 0 0 0
0 0 0 0 0 0 0
0 0 0 0 0 0 0
0 0 0 0 0 0 0
0 0 0 0 0 0 0
-0.159586 -0.299382 0 -0.415563 -0.172298 -0.613015 -0.305223
-0.122206 -0.171791 -0.318607 -0.50394 -0.288199 -0.62081 -0.181793
-0.250393 -0.183285 -0.281554 -0.447831 -0.367731 -0.638535 -0.194953
-0.255666 -0.261981 -0.566825 -0.355419 -0.243123 -0.478684 -0.220274
-0.35089 -0.183285 -0.5446 -0.33626 -0.203887 -0.3186 -0.102491
-0.365136 -0.342512 -0.385373 -0.187183 -0.243123 0 0
-0.302366 -0.350709 -0.150371 -0.273938 -0.25247 0 0
-0.303957 -0.160025 0 -0.148913 -0.0767705 0 0
-0.294341 -0.154037 0 0 -0.261644 0 0
-0.297567 0 0 0 -0.114764 0 0
0 0 0 0 0 0 0
-0.291094 0 0 0 0 0 0
-0.20993 0 0 0 0 0 0
-0.174201 0 0 0 0 0 0
0 0 0 0 0 0 0
0 0 0 0 0 0 0
0 0 0 0 0 0 0
0 0 0 0 0 0 0
0 0 0 0 0 0 0
0 0 0 0 0 0 0
0 0 0 0 0 0 0
-0.0641765 -0.086667 0 -0.248491 -0.222616 -0.67389 -0.196556
-0.0991555 0 -0.0089471 -0.439389 -0.0725645 -0.697345 -0.095543
-0.181989 -0.0801305 -0.323251 -0.336719 -0.231791 -0.57525 -0.18421
-0.251372 -0.105777 -0.558255 -0.252858 -0.108725 -0.488325 -0.095543
-0.322479 -0.251179 -0.414412 -0.261479 -0.194038 -0.311793 -0.0147222
-0.335282 -0.207248 -0.385833 -0.257187 -0.142446 0 0
-0.301889 -0.186412 -0.288755 -0.252858 -0.0969595 0 0
-0.257973 -0.13609 0 -0.12471 -0.345178 0 0
-0.300384 -0.13609 0 -0.0187247 -0.315318 0 0
-0.224061 0 0 0 -0.0725645 0 0
0 0 0 0 0 0 0
-0.303387 -0.00195773 0 0 0 0 0
-0.239607 0 0 0 0 0 0
-0.10364 0 0 0 0 0 0
0 0 0 0 0 0 0
0 0 0 0 0 0 0
0 0 0 0 0 0 0
0 0 0 0 0 0 0
0 0 0 0 0 0 0
0 0 0 0 0 0 0
0 0 0 0 0 0 0
0 -0.089136 0 -0.363345 -0.079737 -0.706455 -0.197163
-0.058778 -0.0378091 -0.326533 -0.401338 -0.113458 -0.6557 -0.136112
-0.067911 -0.107102 -0.222713 -0.307731 -0.079737 -0.574695 -0.173629
-0.217377 -0.193337 -0.294264 -0.350011 -0.055923 -0.474915 -0.191383
-0.266858 -0.258242 -0.438105 -0.315031 -0.113458 -0.296139 -0.0884565
-0.325581 -0.240541 -0.48576 -0.265561 0 0 0
-0.294931 -0.183337 -0.091531 -0.210653 -0.155148 0 0
-0.2744 -0.0705005 0 -0.101309 -0.16505 0 0
-0.212317 -0.183337 0 -0.112298 -0.16505 0 0
-0.175394 0 0 0 -0.0435769 0 0
0 0 0 0 0 0 0
-0.20377 0 0 0 0 0 0
-0.184436 0 0 0 0 0 0
-0.141418 0 0 0 0 0 0
0 0 0 0 0 0 0
0 0 0 0 0 0 0
0 0 0 0 0 0 0
0 0 0 0 0 0 0
0 0 0 0 0 0 0
0 0 0 0 0 0 0
0 0 0 0 0 0 0
0 0 -0.0106801 -0.315036 -0.136879 -0.64019 -0.139398
0 0 -0.231597 -0.268408 -0.146588 -0.68213 -0.081268
-0.0213048 -0.00283539 -0.231597 -0.249249 0 -0.58519 0
-0.130523 -0.0423296 -0.194543 -0.29047 0 -0.408509 -0.0232318
-0.240205 -0.160191 -0.62906 -0.216979 -0.192492 -0.333637 -0.00760555
-0.279527 -0.207846 -0.231597 -0.260832 -0.0154059 0 0
-0.302787 -0.096274 0 -0.150213 -0.0742975 0 0
-0.234107 -0.101924 0 -0.120793 -0.106566 0 0
-0.187525 -0.10751 0 0 -0.085287 0 0
-0.173872 -0.0423296 0 0 -0.126977 0 0
0 0 0 0 0 0 0
-0.22011 -0.0359601 0 0 -0.0154059 0 0
-0.168655 0 0 0 0 0 0
-0.141718 0 0 0 0 0 0
0 0 0 0 0 0 0
0 0 0 0 0 0 0
0 0 0 0 0 0 0
0 0 0 0 0 0 0
0 0 0 0 0 0 0
0 0 0 0 0 0 0
0 0 0 0 0 0 0
0 0 -0.167144 -0.255825 -0.173789 -0.631195 -0.0328868
0 0 -0.204198 -0.363733 -0.119189 -0.64895 -0.118059
0 -0.0965065 -0.0836165 -0.244754 0 -0.543635 -0.093363
-0.061844 -0.0631605 -0.301275 -0.225741 0 -0.463362 -0.0869935
-0.132437 -0.117562 -0.382534 -0.225741 0 -0.410057 -0.105864
-0.15844 -0.127767 -0.40693 -0.185396 0 0 0
-0.243653 -0.091101 0 -0.1683 0 0 0
-0.221815 0 0 -0.209991 -0.119189 0 0
-0.11616 -0.0335663 0 -0.118029 -0.119189 0 0
-0.14474 -0.0021094 0 0 -0.0468985 0 0
0 0 0 0 0 0 0
-0.106884 0 0 0 0 0 0
-0.117996 0 0 0 0 0 0
-0.134213 0 0 0 0 0 0
0 0 0 0 0 0 0
0 0 0 0 0 0 0
0 0 0 0 0 0 0
0 0 0 0 0 0 0
0 0 0 0 0 0 0
0 0 0 0 0 0 0
0 0 0 0 0 0 0
0 0 0 -0.254072 0 -0.675545 -0.0133109
0 0 -0.355866 -0.297289 0 -0.65781 -0.020304
0 0 -0.056948 -0.225494 0 -0.477147 -0.204167
0 -0.0857125 -0.50592 -0.13286 0 -0.413701 -0.00621855
-0.0650055 0 -0.056948 -0.24708 0 -0.386504 -0.0272006
-0.126677 -0.0644325 -0.380261 -0.202933 0 0 0
-0.202533 -0.0189469 0 -0.171177 -0.102045 0 0
-0.215558 -0.0307121 0 -0.183323 0 0 0
-0.169187 -0.0307121 0 -0.096146 -0.0729105 0 0
-0.087651 0 0 0 -0.062809 0 0
0 0 0 0 0 0 0
0 0 0 0 0 0 0
-0.0931555 0 0 0 0 0 0
0 0 0 0 0 0 0
0 0 0 0 0 0 0
0 0 0 0 0 0 0
0 0 0 0 0 0 0
0 0 0 0 0 0 0
0 0 0 0 0 0 0
0 0 0 0 0 0 0
0 0 0 0 0 0 0
0 0 -0.248632 -0.268118 0 -0.659915 -0.0213621
0 0 -0.304244 -0.345194 0 -0.676695 -0.132934
0 0 -0.441462 -0.245164 0 -0.55806 0
0 0 -0.218319 -0.217571 0 -0.498119 -0.122295
0 -0.123237 -0.399772 -0.234994 0 -0.318433 0
-0.109162 -0.0438627 0 -0.245164 0 0 0
-0.157122 0 0 -0.0888645 0 0 0
-0.155596 -0.0649185 0 -0.132752 -0.046935 0 0
-0.109162 0 0 -0.0407505 -0.112449 0 0
0 0 0 0 -0.026524 0 0
0 0 0 0 0 0 0
0 0 0 0 -0.0052442 0 0
0 0 0 0 0 0 0
0 0 0 0 0 0 0
0 0 0 0 0 0 0
0 0 0 0 0 0 0
0 0 0 0 0 0 0
0 0 0 0 0 0 0
0 0 0 0 0 0 0
0 0 0 0 0 0 0
0 0 0 0 0 0 0
0 0 -0.352228 -0.32534 -0.0412276 -0.73617 -0.0861075
0 0 -0.0491605 -0.270846 -0.00120622 -0.662795 -0.107616
0 0 -0.304573 -0.209676 0 -0.54514 -0.157658
0 0 -0.304573 -0.195787 0 -0.368256 -0.118033
0 -0.00214998 -0.395734 -0.226513 0 -0.309727 0
0 -0.0238925 -0.089182 -0.143888 0 0 0
-0.059785 -0.0076749 0 -0.136014 0 0 0
-0.093812 0 0 -0.0303592 -0.00120622 0 0
-0.052693 0 0 -0.132029 -0.0782815 0 0
0 0 0 -0.123965 -0.0115158 0 0
0 0 0 0 0 0 0
0 0 0 0 -0.00120622 0 0
0 0 0 0 0 0 0
0 0 0 0 0 0 0
0 0 0 0 0 0 0
0 0 0 0 0 0 0
0 0 0 0 0 0 0
0 0 0 0 0 0 0
0 0 0 0 0 0 0
0 0 0 0 0 0 0
0 0 0 0 0 0 0
0 0 -0.198621 -0.289658 -0.053589 -0.718395 -0.128181
0 0 -0.448116 -0.339832 0 -0.663265 -0.10857
0 0 -0.254234 -0.221303 0 -0.484489 -0.12335
0 0 -0.391452 -0.156807 0 -0.41395 -0.10857
0 0 -0.327535 -0.233882 0 -0.199722 0
0 0 0 -0.130779 0 0 0
0 0 0 -0.205121 0 0 0
0 -0.0200362 0 -0.138354 0 0 0
0 0 0 -0.0992725 0 0 0
0 0 0 -0.086926 -0.0880855 0 0
0 0 0 0 0 0 0
0 0 0 0 0 0 0
0 0 0 0 0 0 0
0 0 0 0 0 0 0
0 0 0 0 0 0 0
0 0 0 0 0 0 0
0 0 0 0 0 0 0
0 0 0 0 0 0 0
0 0 0 0 0 0 0
0 0 0 0 0 0 0
0 0 0 0 0 0 0
0 0 -0.174523 -0.325686 -0.047037 -0.743945 -0.127561
0 0 -0.203103 -0.257157 0 -0.68738 -0.00321311
0 0 -0.405835 -0.209785 0 -0.589205 -0.058826
0 0 -0.424019 -0.13271 0 -0.414488 -0.00321311
0 0 -0.0774455 -0.203535 0 -0.171734 0
0 0 -0.0403917 -0.157449 0 0 0
0 -0.0159413 0 -0.12172 0 0 0
0 0 0 -0.167688 0 0 0
0 -0.0110153 0 -0.091176 0 0 0
0 0 0 -0.054425 0 0 0
0 0 0 0 0 0 0
0 0 0 0 -0.0113075 0 0
0 0 0 0 0 0 0
0 0 0 0 0 0 0
0 0 0 0 0 0 0
0 0 0 0 0 0 0
0 0 0 0 0 0 0
0 0 0 0 0 0 0
0 0 0 0 0 0 0
0 0 0 0 0 0 0
0 0 0 0 0 0 0
0 -0.0391739 -0.51206 -0.311912 -0.117532 -0.700105 -0.199758
0 0 -0.51206 -0.233627 -0.0404573 -0.672135 -0.0457125
0 0 -0.382304 -0.144158 0 -0.548435 -0.126456
0 0 -0.206606 -0.201546 0 -0.388547 -0.152103
0 0 -0.256647 -0.157493 0 -0.155955 0
0 0 0 -0.094472 0 0 0
0 0 0 -0.167265 0 0 0
0 0 0 -0.0180182 0 0 0
0 0 0 -0.0907265 0 0 0
0 0 0 -0.0754585 0 0 0
0 0 0 0 0 0 0
0 0 0 0 0 0 0
0 0 0 0 0 0 0
0 0 0 0 0 0 0
0 0 0 0 0 0 0
0 0 0 0 0 0 0
0 0 0 0 0 0 0
0 0 0 0 0 0 0
0 0 0 0 0 0 0
0 0 0 0 0 0 0
0 0 0 0 0 0 0
0 -0.00260889 -0.377499 -0.312511 -0.115525 -0.719325 -0.21679
0 0 -0.359315 -0.284067 0 -0.661325 -0.103467
0 0 -0.428391 -0.103985 0 -0.50026 -0.191695
0 0 -0.395045 -0.121168 0 -0.391446 -0.116455
0 0 0 -0.11093 0 -0.105291 0
0 0 -0.0976915 -0.172496 0 0 0
0 0 0 -0.246075 0 0 0
0 0 0 -0.175536 0 0 0
0 0 0 -0.00364952 0 0 0
0 0 0 -0.0407035 0 0 0
0 0 0 0 0 0 0
0 0 0 0 -0.0257325 0 0
0 0 0 0 0 0 0
0 0 0 0 0 0 0
0 0 0 0 0 0 0
0 0 0 0 0 0 0
0 0 0 0 0 0 0
0 0 0 0 0 0 0
0 0 0 0 0 0 0
0 0 0 0 0 0 0
0 0 0 0 0 0 0
0 0 -0.437177 -0.301428 0 -0.735775 -0.180131
0 0 -0.405917 -0.264028 -0.064876 -0.7144 -0.0939815
0 0 -0.372572 -0.056417 0 -0.52359 -0.172885
0 0 -0.437177 -0.0490096 0 -0.359714 -0.10664
0 0 -0.234445 -0.146965 0 -0.1219 0
0 0 -0.18679 -0.159086 0 0 0
0 0 0 -0.196568 0 0 0
0 0 0 -0.0673265 0 0 0
0 0 0 0 0 0 0
0 0 0 -0.06008 0 0 0
0 0 0 0 0 0 0
0 0 0 0 0 0 0
0 0 0 0 0 0 0
0 0 0 0 0 0 0
0 0 0 0 0 0 0
0 0 0 0 0 0 0
0 0 0 0 0 0 0
0 0 0 0 0 0 0
0 0 0 0 0 0 0
0 0 0 0 0 0 0
0 0 0 0 0 0 0
-0.0427376 -0.00204493 -0.276383 -0.232244 -0.0571835 -0.71927 -0.231618
0 0 -0.444619 -0.288378 -0.042897 -0.68664 -0.212628
0 0 -0.295994 -0.069914 0 -0.56181 -0.150906
0 0 -0.112131 -0.0867505 0 -0.33304 -0.150906
0 0 -0.0532395 -0.0867505 0 -0.088514 0
0 0 0 -0.163353 0 0 0
0 0 0 -0.137107 0 0 0
0 0 0 -0.096587 0 0 0
0 0 0 -0.0524905 0 0 0
0 0 0 0 0 0 0
0 0 0 0 0 0 0
0 0 0 0 0 0 0
0 0 0 0 0 0 0
0 0 0 0 0 0 0
0 0 0 0 0 0 0
0 0 0 0 0 0 0
0 0 0 0 0 0 0
0 0 0 0 0 0 0
0 0 0 0 0 0 0
0 0 0 0 0 0 0
0 0 0 0 0 0 0
-0.0506515 -0.146971 -0.450898 -0.279973 -0.137292 -0.74254 -0.248937
0 0 -0.234465 -0.239593 -0.101562 -0.654555 -0.187886
0 0 -0.143305 -0.0585775 0 -0.529745 -0.161213
0 0 -0.362432 -0.158608 0 -0.448846 -0.140231
0 0 -0.143305 -0.00924195 0 -0.0708395 0
0 0 0 -0.00924195 0 0 0
0 0 0 -0.182742 0 0 0
0 0 0 -0.112599 0 0 0
0 0 0 -0.0345181 0 0 0
0 0 0 0 0 0 0
0 0 0 0 0 0 0
0 0 0 0 0 0 0
0 0 0 0 0 0 0
0 0 0 0 0 0 0
0 0 0 0 0 0 0
0 0 0 0 0 0 0
0 0 0 0 0 0 0
0 0 0 0 0 0 0
0 0 0 0 0 0 0
0 0 0 0 0 0 0
0 0 0 0 0 0 0
-0.0883455 -0.166402 -0.40206 -0.254591 -0.180844 -0.702195 -0.244835
0 0 -0.308034 -0.22087 -0.121953 -0.73135 -0.242049
0 0 -0.357254 -0.0273545 0 -0.539725 -0.170069
0 0 -0.357254 -0.0375243 0 -0.302136 -0.108346
0 0 -0.0106799 -0.115079 0 0 0
0 0 0 -0.060479 0 0 0
0 0 0 -0.126443 0 0 0
0 0 0 -0.0762535 0 0 0
0 0 0 -0.023918 0 0 0
0 0 0 0 0 0 0
0 0 0 0 0 0 0
0 0 0 0 0 0 0
0 0 0 0 0 0 0
0 0 0 0 0 0 0
0 0 0 0 0 0 0
0 0 0 0 0 0 0
0 0 0 0 0 0 0
0 0 0 0 0 0 0
0 0 0 0 0 0 0
0 0 0 0 0 0 0
0 0 0 0 0 0 0
-0.131597 -0.188361 -0.366947 -0.287521 -0.189645 -0.65391 -0.390463
0 -0.00929475 -0.366947 -0.164091 -0.0214089 -0.744705 -0.266794
0 0 -0.251684 -0.105824 0 -0.552355 -0.136377
0 0 -0.251684 -0.0462294 0 -0.356283 -0.159034
0 0 -0.149287 -0.0462294 0 0 0
0 0 0 -0.055634 0 0 0
0 0 0 -0.11141 0 0 0
0 0 0 -0.064865 0 0 0
0 0 0 -0.0398599 0 0 0
0 0 0 0 0 0 0
0 0 0 0 0 0 0
0 0 0 0 0 0 0
0 0 0 0 0 0 0
0 0 0 0 0 0 0
0 0 0 0 -0.053678 0 0
0 0 0 0 0 0 0
0 0 0 0 0 0 0
0 0 0 0 0 0 0
0 0 0 0 0 0 0
0 0 0 0 0 0 0
0 0 0 0 0 0 0
-0.159787 -0.237152 -0.300557 -0.273143 -0.201711 -0.697315 -0.406745
0 0 -0.486895 -0.267318 -0.164658 -0.65617 -0.273894
0 0 -0.300557 0 0 -0.567095 -0.198426
0 0 -0.105825 -0.0477019 0 -0.426579 -0.138831
0 0 -0.193001 -0.0446624 0 0 0
0 0 0 0 0 0 0
0 0 0 -0.053726 0 0 0
0 0 0 -0.0196572 0 0 0
0 0 0 -0.0446624 0 0 0
0 0 0 0 0 0 0
0 0 0 0 0 0 0
0 0 0 0 0 0 0
0 0 0 0 0 0 0
0 0 0 0 0 0 0
0 0 0 0 0 0 0
0 0 0 0 0 0 0
0 0 0 0 0 0 0
0 0 0 0 0 0 0
0 0 0 0 0 0 0
0 0 0 0 0 0 0
0 0 0 0 0 0 0
