

VARS   PHI PSI -180 -175 -170 -165 -160 -155 -150 -145 -140 -135 -130 -125 -120 -115 -110 -105 -100 -95 -90 -85 -80 -75 -70 -65 -60 -55 -50 -45 -40 -35 -30 -25 -20 -15 -10 -5 0 5 10 15 20 25 30 35 40 45 50 55 60 65 70 75 80 85 90 95 100 105 110 115 120 125 130 135 140 145 150 155 160 165 170 175 
FORMAT %8.3f %8.3f %6.3f %6.3f %6.3f %6.3f %6.3f %6.3f %6.3f %6.3f %6.3f %6.3f %6.3f %6.3f %6.3f %6.3f %6.3f %6.3f %6.3f %6.3f %6.3f %6.3f %6.3f %6.3f %6.3f %6.3f %6.3f %6.3f %6.3f %6.3f %6.3f %6.3f %6.3f %6.3f %6.3f %6.3f %6.3f %6.3f %6.3f %6.3f %6.3f %6.3f %6.3f %6.3f %6.3f %6.3f %6.3f %6.3f %6.3f %6.3f %6.3f %6.3f %6.3f %6.3f %6.3f %6.3f %6.3f %6.3f %6.3f %6.3f %6.3f %6.3f %6.3f %6.3f %6.3f %6.3f %6.3f %6.3f %6.3f %6.3f %6.3f %6.3f %6.3f %6.3f

-180.000 -180.000  0.329  0.329  0.328  0.326  0.324  0.322  0.320  0.319  0.318  0.317  0.317  0.316  0.310  0.278  0.240  0.234  0.234  0.236  0.237  0.238  0.239  0.241  0.243  0.247  0.257  0.280  0.324  0.378  0.416  0.434  0.442  0.443  0.440  0.432  0.419  0.401  0.380  0.357  0.335  0.316  0.304  0.304  0.321  0.351  0.386  0.415  0.436  0.449  0.457  0.459  0.456  0.447  0.430  0.407  0.384  0.364  0.350  0.339  0.332  0.327  0.323  0.320  0.317  0.315  0.314  0.314  0.316  0.319  0.322  0.325  0.328  0.329
-175.000 -175.000  0.328  0.328  0.328  0.328  0.327  0.327  0.326  0.326  0.326  0.327  0.327  0.326  0.316  0.269  0.235  0.231  0.232  0.234  0.235  0.237  0.238  0.239  0.242  0.246  0.255  0.278  0.321  0.371  0.406  0.424  0.432  0.435  0.434  0.428  0.417  0.401  0.380  0.358  0.337  0.320  0.309  0.310  0.325  0.350  0.379  0.404  0.423  0.435  0.443  0.446  0.445  0.439  0.427  0.411  0.392  0.375  0.360  0.349  0.341  0.334  0.329  0.324  0.319  0.315  0.313  0.312  0.313  0.316  0.319  0.322  0.324  0.326
-170.000 -170.000  0.325  0.327  0.327  0.328  0.329  0.329  0.330  0.331  0.332  0.333  0.334  0.333  0.314  0.256  0.231  0.229  0.230  0.232  0.233  0.235  0.236  0.238  0.240  0.244  0.254  0.276  0.316  0.363  0.395  0.413  0.421  0.426  0.427  0.424  0.415  0.400  0.381  0.360  0.339  0.323  0.315  0.318  0.332  0.353  0.376  0.395  0.410  0.420  0.427  0.431  0.432  0.429  0.422  0.410  0.396  0.381  0.367  0.356  0.347  0.339  0.332  0.326  0.320  0.315  0.312  0.311  0.311  0.313  0.316  0.319  0.321  0.324
-165.000 -165.000  0.323  0.325  0.326  0.327  0.329  0.330  0.331  0.333  0.335  0.336  0.337  0.333  0.303  0.244  0.227  0.227  0.228  0.230  0.231  0.233  0.234  0.236  0.238  0.242  0.252  0.273  0.311  0.353  0.383  0.400  0.410  0.416  0.419  0.418  0.411  0.398  0.380  0.360  0.341  0.327  0.321  0.326  0.340  0.358  0.375  0.388  0.397  0.405  0.411  0.415  0.418  0.418  0.414  0.407  0.396  0.383  0.370  0.359  0.349  0.341  0.333  0.327  0.320  0.315  0.311  0.309  0.309  0.311  0.313  0.316  0.319  0.321
-160.000 -160.000  0.322  0.323  0.325  0.326  0.328  0.329  0.331  0.333  0.334  0.335  0.334  0.325  0.284  0.234  0.224  0.224  0.226  0.228  0.229  0.231  0.232  0.234  0.237  0.241  0.250  0.270  0.305  0.343  0.370  0.386  0.397  0.405  0.410  0.411  0.406  0.395  0.379  0.360  0.342  0.330  0.327  0.334  0.349  0.365  0.377  0.384  0.387  0.390  0.394  0.399  0.403  0.406  0.406  0.402  0.393  0.382  0.370  0.358  0.348  0.339  0.332  0.326  0.320  0.314  0.311  0.308  0.308  0.309  0.311  0.314  0.317  0.319
-155.000 -155.000  0.321  0.322  0.324  0.326  0.327  0.328  0.330  0.331  0.330  0.329  0.323  0.307  0.261  0.225  0.221  0.222  0.224  0.225  0.227  0.229  0.231  0.232  0.235  0.239  0.248  0.267  0.298  0.332  0.356  0.372  0.384  0.393  0.400  0.403  0.400  0.390  0.376  0.358  0.342  0.332  0.331  0.341  0.357  0.373  0.381  0.382  0.379  0.378  0.379  0.383  0.389  0.394  0.398  0.396  0.390  0.379  0.367  0.355  0.344  0.336  0.329  0.323  0.318  0.314  0.310  0.308  0.308  0.309  0.311  0.313  0.316  0.318
-150.000 -150.000  0.321  0.323  0.324  0.326  0.327  0.328  0.328  0.327  0.324  0.317  0.305  0.281  0.239  0.219  0.218  0.220  0.222  0.223  0.225  0.227  0.229  0.231  0.233  0.237  0.246  0.264  0.291  0.319  0.341  0.357  0.370  0.381  0.389  0.393  0.392  0.384  0.371  0.355  0.341  0.333  0.334  0.345  0.363  0.379  0.386  0.383  0.374  0.367  0.365  0.368  0.375  0.383  0.389  0.390  0.385  0.375  0.363  0.350  0.340  0.332  0.325  0.320  0.316  0.312  0.309  0.308  0.308  0.309  0.311  0.313  0.316  0.319
-145.000 -145.000  0.323  0.325  0.327  0.329  0.330  0.330  0.329  0.325  0.316  0.302  0.280  0.249  0.218  0.213  0.215  0.218  0.219  0.221  0.223  0.225  0.227  0.229  0.232  0.236  0.245  0.261  0.284  0.307  0.326  0.342  0.356  0.368  0.377  0.382  0.382  0.376  0.365  0.351  0.338  0.332  0.334  0.347  0.367  0.383  0.390  0.383  0.371  0.359  0.353  0.355  0.363  0.373  0.382  0.385  0.381  0.371  0.359  0.346  0.335  0.327  0.322  0.318  0.314  0.311  0.309  0.308  0.308  0.310  0.312  0.315  0.318  0.320
-140.000 -140.000  0.327  0.330  0.332  0.335  0.336  0.336  0.332  0.323  0.307  0.284  0.254  0.220  0.200  0.207  0.213  0.215  0.217  0.219  0.221  0.223  0.225  0.228  0.231  0.236  0.245  0.259  0.277  0.295  0.313  0.328  0.342  0.355  0.364  0.370  0.371  0.366  0.357  0.345  0.334  0.329  0.333  0.346  0.366  0.384  0.391  0.384  0.368  0.352  0.344  0.344  0.353  0.365  0.375  0.379  0.376  0.368  0.355  0.343  0.332  0.325  0.319  0.316  0.313  0.311  0.309  0.309  0.310  0.311  0.314  0.317  0.320  0.324
-135.000 -135.000  0.333  0.337  0.341  0.345  0.346  0.345  0.338  0.323  0.299  0.267  0.231  0.197  0.185  0.201  0.210  0.213  0.215  0.217  0.219  0.221  0.224  0.228  0.233  0.239  0.248  0.259  0.272  0.286  0.300  0.315  0.329  0.341  0.351  0.357  0.359  0.355  0.347  0.337  0.328  0.324  0.328  0.342  0.361  0.380  0.388  0.382  0.365  0.347  0.336  0.336  0.345  0.358  0.369  0.375  0.373  0.365  0.354  0.342  0.332  0.325  0.319  0.316  0.313  0.312  0.311  0.310  0.311  0.314  0.316  0.320  0.324  0.328
-130.000 -130.000  0.340  0.347  0.353  0.358  0.360  0.357  0.346  0.324  0.292  0.253  0.214  0.181  0.172  0.195  0.207  0.211  0.213  0.215  0.218  0.221  0.225  0.230  0.237  0.245  0.254  0.262  0.269  0.278  0.290  0.303  0.316  0.328  0.338  0.344  0.346  0.344  0.338  0.329  0.322  0.319  0.323  0.335  0.353  0.371  0.380  0.376  0.361  0.342  0.329  0.328  0.338  0.352  0.365  0.371  0.371  0.364  0.355  0.344  0.335  0.328  0.322  0.318  0.316  0.314  0.313  0.313  0.314  0.317  0.320  0.324  0.329  0.334
-125.000 -125.000  0.349  0.357  0.366  0.373  0.375  0.370  0.353  0.324  0.286  0.244  0.204  0.171  0.163  0.188  0.204  0.209  0.211  0.214  0.217  0.222  0.228  0.236  0.245  0.254  0.262  0.266  0.270  0.274  0.282  0.293  0.304  0.316  0.325  0.332  0.334  0.333  0.328  0.322  0.316  0.313  0.316  0.326  0.342  0.358  0.369  0.367  0.354  0.336  0.323  0.322  0.333  0.348  0.361  0.368  0.369  0.365  0.358  0.349  0.341  0.333  0.328  0.323  0.320  0.317  0.316  0.316  0.318  0.320  0.324  0.328  0.334  0.341
-120.000 -120.000  0.356  0.367  0.378  0.386  0.388  0.379  0.357  0.322  0.280  0.237  0.198  0.166  0.155  0.181  0.200  0.206  0.210  0.213  0.218  0.225  0.234  0.244  0.255  0.264  0.269  0.271  0.272  0.273  0.278  0.285  0.295  0.305  0.314  0.320  0.323  0.323  0.320  0.315  0.310  0.308  0.310  0.317  0.329  0.343  0.354  0.355  0.345  0.329  0.318  0.318  0.329  0.344  0.358  0.367  0.369  0.367  0.362  0.355  0.348  0.341  0.335  0.329  0.325  0.322  0.321  0.320  0.321  0.324  0.327  0.332  0.339  0.347
-115.000 -115.000  0.361  0.373  0.386  0.394  0.394  0.382  0.355  0.317  0.274  0.232  0.195  0.165  0.151  0.173  0.195  0.203  0.207  0.212  0.220  0.229  0.241  0.253  0.263  0.271  0.275  0.276  0.275  0.275  0.276  0.281  0.288  0.296  0.304  0.310  0.313  0.314  0.313  0.310  0.306  0.304  0.304  0.308  0.317  0.328  0.337  0.340  0.333  0.322  0.313  0.315  0.327  0.343  0.357  0.366  0.370  0.369  0.366  0.361  0.355  0.348  0.342  0.336  0.331  0.327  0.325  0.324  0.325  0.327  0.330  0.335  0.342  0.350
-110.000 -110.000  0.361  0.374  0.386  0.394  0.392  0.376  0.347  0.308  0.267  0.227  0.193  0.165  0.150  0.166  0.190  0.199  0.205  0.213  0.223  0.234  0.247  0.258  0.267  0.274  0.277  0.278  0.278  0.277  0.278  0.280  0.284  0.290  0.297  0.302  0.306  0.308  0.308  0.306  0.303  0.301  0.300  0.302  0.306  0.314  0.321  0.324  0.321  0.315  0.312  0.316  0.328  0.343  0.356  0.365  0.369  0.371  0.369  0.366  0.361  0.355  0.348  0.342  0.336  0.332  0.329  0.327  0.327  0.329  0.331  0.336  0.342  0.350
-105.000 -105.000  0.355  0.367  0.378  0.384  0.379  0.362  0.332  0.295  0.257  0.222  0.191  0.167  0.152  0.162  0.185  0.196  0.205  0.215  0.227  0.239  0.250  0.260  0.268  0.274  0.278  0.280  0.280  0.280  0.281  0.282  0.284  0.288  0.292  0.297  0.301  0.304  0.305  0.304  0.302  0.300  0.298  0.297  0.298  0.302  0.307  0.311  0.312  0.312  0.314  0.321  0.332  0.344  0.356  0.364  0.368  0.370  0.370  0.368  0.364  0.358  0.352  0.346  0.340  0.335  0.332  0.330  0.329  0.329  0.331  0.334  0.338  0.346
-100.000 -100.000  0.344  0.353  0.361  0.364  0.358  0.340  0.312  0.278  0.245  0.215  0.189  0.169  0.156  0.166  0.188  0.201  0.212  0.223  0.234  0.245  0.255  0.263  0.269  0.275  0.278  0.281  0.282  0.283  0.284  0.285  0.286  0.288  0.291  0.295  0.298  0.301  0.303  0.303  0.302  0.300  0.297  0.295  0.294  0.294  0.297  0.302  0.308  0.314  0.321  0.329  0.337  0.347  0.355  0.362  0.366  0.368  0.369  0.367  0.364  0.360  0.354  0.348  0.342  0.337  0.333  0.331  0.329  0.328  0.328  0.330  0.332  0.337
 -95.000  -95.000  0.330  0.335  0.340  0.340  0.332  0.314  0.288  0.260  0.232  0.207  0.187  0.171  0.163  0.180  0.203  0.215  0.225  0.235  0.244  0.253  0.260  0.267  0.272  0.276  0.280  0.282  0.284  0.286  0.287  0.288  0.289  0.290  0.291  0.294  0.297  0.300  0.302  0.303  0.302  0.300  0.297  0.294  0.291  0.290  0.292  0.299  0.310  0.322  0.331  0.338  0.344  0.349  0.354  0.359  0.362  0.365  0.365  0.365  0.363  0.359  0.355  0.349  0.344  0.339  0.334  0.331  0.328  0.326  0.325  0.324  0.324  0.326
 -90.000  -90.000  0.317  0.318  0.319  0.316  0.306  0.289  0.266  0.242  0.220  0.200  0.184  0.172  0.172  0.202  0.223  0.233  0.241  0.249  0.256  0.262  0.267  0.272  0.276  0.279  0.282  0.285  0.287  0.288  0.290  0.291  0.292  0.292  0.293  0.295  0.297  0.300  0.302  0.303  0.303  0.301  0.299  0.295  0.291  0.289  0.291  0.300  0.317  0.332  0.342  0.347  0.349  0.351  0.353  0.356  0.358  0.360  0.362  0.362  0.361  0.358  0.355  0.350  0.345  0.340  0.336  0.332  0.328  0.325  0.321  0.319  0.317  0.316
 -85.000  -85.000  0.306  0.305  0.302  0.297  0.286  0.269  0.249  0.228  0.209  0.194  0.181  0.174  0.187  0.227  0.244  0.251  0.257  0.262  0.266  0.271  0.274  0.278  0.280  0.283  0.285  0.287  0.289  0.290  0.292  0.293  0.294  0.294  0.295  0.296  0.297  0.300  0.302  0.304  0.304  0.303  0.300  0.296  0.292  0.290  0.293  0.306  0.327  0.344  0.353  0.354  0.353  0.352  0.352  0.353  0.354  0.356  0.358  0.359  0.359  0.358  0.356  0.352  0.348  0.343  0.338  0.333  0.329  0.324  0.319  0.315  0.311  0.308
 -80.000  -80.000  0.300  0.297  0.292  0.285  0.273  0.257  0.238  0.219  0.203  0.189  0.179  0.178  0.208  0.250  0.262  0.266  0.270  0.273  0.276  0.278  0.281  0.283  0.284  0.286  0.288  0.289  0.291  0.292  0.294  0.295  0.296  0.296  0.296  0.297  0.298  0.299  0.301  0.303  0.304  0.303  0.301  0.297  0.294  0.292  0.298  0.315  0.338  0.355  0.362  0.360  0.356  0.352  0.350  0.349  0.350  0.353  0.356  0.358  0.360  0.360  0.359  0.356  0.352  0.348  0.342  0.337  0.331  0.325  0.319  0.313  0.308  0.304
 -75.000  -75.000  0.298  0.293  0.288  0.280  0.268  0.252  0.233  0.215  0.199  0.187  0.179  0.185  0.233  0.269  0.276  0.279  0.280  0.282  0.283  0.284  0.286  0.287  0.288  0.289  0.290  0.291  0.293  0.294  0.295  0.296  0.297  0.298  0.298  0.298  0.298  0.299  0.300  0.302  0.303  0.303  0.301  0.299  0.296  0.295  0.303  0.324  0.349  0.365  0.369  0.365  0.358  0.351  0.347  0.345  0.347  0.351  0.356  0.360  0.363  0.365  0.364  0.362  0.358  0.353  0.348  0.341  0.334  0.327  0.320  0.313  0.307  0.302
 -70.000  -70.000  0.298  0.293  0.287  0.279  0.267  0.251  0.234  0.215  0.199  0.187  0.180  0.198  0.257  0.283  0.287  0.288  0.288  0.288  0.289  0.289  0.289  0.290  0.291  0.291  0.292  0.293  0.294  0.295  0.297  0.298  0.298  0.299  0.299  0.298  0.298  0.298  0.299  0.301  0.302  0.302  0.301  0.299  0.297  0.298  0.309  0.333  0.360  0.373  0.374  0.367  0.358  0.349  0.343  0.341  0.344  0.350  0.357  0.364  0.369  0.371  0.371  0.369  0.365  0.360  0.353  0.346  0.339  0.331  0.323  0.316  0.309  0.303
 -65.000  -65.000  0.300  0.295  0.288  0.280  0.269  0.254  0.237  0.219  0.202  0.189  0.184  0.217  0.276  0.293  0.294  0.294  0.294  0.293  0.293  0.293  0.292  0.293  0.293  0.293  0.294  0.295  0.296  0.297  0.298  0.299  0.299  0.300  0.300  0.299  0.298  0.298  0.298  0.299  0.300  0.301  0.301  0.299  0.298  0.301  0.315  0.342  0.369  0.380  0.378  0.368  0.356  0.345  0.338  0.337  0.342  0.351  0.361  0.369  0.375  0.378  0.378  0.375  0.371  0.365  0.359  0.351  0.344  0.336  0.327  0.319  0.312  0.306
 -60.000  -60.000  0.303  0.297  0.290  0.282  0.272  0.258  0.241  0.223  0.206  0.193  0.192  0.240  0.290  0.299  0.299  0.299  0.298  0.297  0.296  0.295  0.295  0.294  0.295  0.295  0.295  0.296  0.297  0.298  0.299  0.300  0.300  0.301  0.300  0.300  0.298  0.297  0.297  0.297  0.298  0.299  0.299  0.299  0.299  0.303  0.320  0.350  0.376  0.384  0.379  0.367  0.352  0.338  0.331  0.332  0.340  0.353  0.365  0.375  0.382  0.384  0.384  0.381  0.376  0.370  0.363  0.356  0.348  0.340  0.332  0.323  0.316  0.309
 -55.000  -55.000  0.305  0.298  0.292  0.285  0.275  0.262  0.247  0.229  0.212  0.198  0.203  0.263  0.298  0.303  0.303  0.302  0.301  0.299  0.298  0.297  0.296  0.296  0.296  0.296  0.296  0.297  0.298  0.298  0.299  0.300  0.301  0.301  0.301  0.300  0.299  0.297  0.296  0.295  0.295  0.296  0.297  0.298  0.299  0.305  0.325  0.357  0.381  0.387  0.378  0.363  0.345  0.330  0.323  0.327  0.339  0.355  0.370  0.381  0.388  0.390  0.389  0.385  0.380  0.374  0.367  0.359  0.352  0.344  0.335  0.327  0.319  0.311
 -50.000  -50.000  0.305  0.299  0.292  0.285  0.277  0.265  0.251  0.235  0.218  0.204  0.219  0.281  0.303  0.306  0.306  0.305  0.303  0.301  0.300  0.298  0.297  0.297  0.296  0.296  0.297  0.297  0.298  0.299  0.300  0.301  0.301  0.302  0.301  0.301  0.299  0.297  0.295  0.293  0.293  0.293  0.294  0.296  0.298  0.306  0.328  0.362  0.385  0.387  0.375  0.356  0.335  0.319  0.314  0.322  0.339  0.358  0.375  0.387  0.393  0.395  0.393  0.389  0.383  0.377  0.369  0.362  0.354  0.346  0.338  0.329  0.321  0.313
 -45.000  -45.000  0.303  0.296  0.290  0.283  0.276  0.266  0.254  0.239  0.223  0.212  0.239  0.294  0.307  0.308  0.308  0.307  0.305  0.303  0.301  0.299  0.298  0.297  0.297  0.297  0.297  0.297  0.298  0.299  0.300  0.301  0.301  0.302  0.302  0.301  0.299  0.297  0.294  0.292  0.291  0.290  0.291  0.293  0.296  0.306  0.331  0.366  0.387  0.385  0.369  0.345  0.321  0.306  0.305  0.318  0.339  0.361  0.379  0.392  0.399  0.400  0.398  0.393  0.386  0.379  0.371  0.363  0.355  0.347  0.338  0.328  0.319  0.311
 -40.000  -40.000  0.295  0.287  0.281  0.276  0.270  0.263  0.253  0.241  0.227  0.220  0.259  0.302  0.310  0.310  0.310  0.308  0.306  0.304  0.302  0.300  0.298  0.297  0.297  0.296  0.297  0.297  0.298  0.299  0.300  0.300  0.301  0.302  0.302  0.301  0.300  0.297  0.294  0.291  0.289  0.288  0.288  0.290  0.294  0.305  0.332  0.368  0.386  0.380  0.358  0.329  0.303  0.291  0.296  0.315  0.340  0.365  0.385  0.398  0.405  0.406  0.403  0.397  0.390  0.381  0.372  0.363  0.354  0.344  0.334  0.324  0.313  0.303
 -35.000  -35.000  0.277  0.269  0.263  0.259  0.255  0.251  0.246  0.238  0.228  0.227  0.276  0.307  0.312  0.312  0.311  0.310  0.307  0.305  0.302  0.300  0.298  0.297  0.296  0.296  0.296  0.296  0.297  0.298  0.299  0.300  0.301  0.301  0.301  0.301  0.299  0.297  0.294  0.291  0.288  0.286  0.285  0.287  0.291  0.303  0.331  0.368  0.383  0.370  0.341  0.308  0.283  0.277  0.289  0.314  0.342  0.369  0.390  0.405  0.412  0.413  0.409  0.402  0.394  0.384  0.373  0.362  0.350  0.338  0.325  0.312  0.299  0.288
 -30.000  -30.000  0.250  0.241  0.234  0.231  0.229  0.228  0.227  0.224  0.221  0.232  0.289  0.311  0.314  0.314  0.313  0.311  0.308  0.305  0.302  0.300  0.297  0.296  0.295  0.294  0.294  0.295  0.296  0.296  0.298  0.299  0.299  0.300  0.300  0.300  0.299  0.297  0.294  0.290  0.287  0.284  0.283  0.283  0.287  0.299  0.328  0.365  0.375  0.354  0.318  0.283  0.264  0.265  0.285  0.314  0.346  0.374  0.397  0.412  0.420  0.421  0.417  0.409  0.398  0.386  0.372  0.358  0.342  0.326  0.309  0.292  0.276  0.262
 -25.000  -25.000  0.214  0.204  0.198  0.194  0.193  0.194  0.196  0.199  0.202  0.232  0.298  0.314  0.315  0.315  0.313  0.311  0.308  0.305  0.302  0.299  0.296  0.294  0.293  0.292  0.292  0.293  0.293  0.294  0.296  0.297  0.298  0.299  0.299  0.299  0.298  0.296  0.293  0.290  0.286  0.282  0.280  0.280  0.283  0.293  0.319  0.352  0.356  0.328  0.288  0.257  0.247  0.258  0.284  0.317  0.350  0.381  0.405  0.421  0.428  0.429  0.425  0.416  0.403  0.387  0.370  0.350  0.329  0.307  0.284  0.263  0.244  0.228
 -20.000  -20.000  0.177  0.167  0.160  0.157  0.155  0.156  0.160  0.164  0.173  0.224  0.303  0.316  0.317  0.316  0.314  0.311  0.308  0.304  0.300  0.297  0.294  0.292  0.290  0.289  0.289  0.289  0.290  0.291  0.293  0.294  0.295  0.296  0.297  0.297  0.296  0.295  0.292  0.289  0.285  0.281  0.278  0.276  0.274  0.272  0.272  0.282  0.288  0.275  0.249  0.232  0.234  0.254  0.285  0.321  0.356  0.388  0.413  0.430  0.438  0.439  0.433  0.423  0.407  0.388  0.364  0.338  0.310  0.281  0.254  0.229  0.208  0.191
 -15.000  -15.000  0.144  0.135  0.129  0.125  0.123  0.124  0.126  0.130  0.141  0.210  0.304  0.318  0.318  0.316  0.313  0.310  0.306  0.302  0.298  0.294  0.290  0.288  0.286  0.285  0.285  0.285  0.286  0.288  0.289  0.291  0.292  0.293  0.294  0.294  0.294  0.293  0.291  0.288  0.284  0.279  0.273  0.260  0.232  0.194  0.167  0.159  0.162  0.171  0.182  0.197  0.220  0.251  0.287  0.326  0.363  0.396  0.422  0.439  0.448  0.448  0.442  0.429  0.410  0.385  0.355  0.321  0.285  0.251  0.221  0.195  0.174  0.157
 -10.000  -10.000  0.119  0.111  0.105  0.102  0.100  0.100  0.101  0.104  0.114  0.194  0.304  0.318  0.318  0.315  0.312  0.308  0.303  0.298  0.294  0.289  0.286  0.283  0.281  0.279  0.279  0.280  0.281  0.282  0.284  0.286  0.288  0.289  0.290  0.291  0.291  0.290  0.289  0.286  0.281  0.271  0.246  0.205  0.170  0.151  0.142  0.136  0.132  0.129  0.129  0.142  0.179  0.231  0.283  0.329  0.370  0.405  0.431  0.449  0.457  0.457  0.449  0.434  0.410  0.379  0.341  0.299  0.258  0.220  0.189  0.163  0.144  0.129
  -5.000   -5.000  0.100  0.094  0.090  0.087  0.086  0.085  0.085  0.087  0.096  0.178  0.302  0.318  0.316  0.313  0.309  0.304  0.299  0.293  0.288  0.283  0.279  0.276  0.273  0.272  0.272  0.273  0.274  0.276  0.278  0.280  0.282  0.284  0.286  0.287  0.287  0.287  0.285  0.281  0.268  0.236  0.200  0.177  0.165  0.156  0.149  0.143  0.138  0.132  0.126  0.122  0.129  0.165  0.236  0.311  0.369  0.410  0.439  0.458  0.466  0.465  0.455  0.436  0.407  0.369  0.323  0.274  0.229  0.191  0.161  0.138  0.121  0.109
   0.000    0.000  0.087  0.083  0.080  0.078  0.077  0.076  0.076  0.077  0.085  0.164  0.298  0.316  0.314  0.310  0.305  0.299  0.293  0.287  0.281  0.276  0.271  0.267  0.265  0.263  0.263  0.264  0.265  0.267  0.270  0.273  0.276  0.278  0.280  0.282  0.283  0.283  0.279  0.265  0.239  0.215  0.199  0.186  0.176  0.168  0.161  0.154  0.147  0.140  0.133  0.126  0.120  0.121  0.147  0.219  0.317  0.395  0.441  0.465  0.474  0.472  0.460  0.436  0.400  0.353  0.300  0.248  0.202  0.165  0.137  0.118  0.104  0.094
   5.000    5.000  0.079  0.076  0.074  0.073  0.072  0.071  0.071  0.072  0.078  0.152  0.292  0.313  0.310  0.305  0.299  0.292  0.286  0.279  0.272  0.266  0.261  0.257  0.254  0.252  0.252  0.253  0.255  0.257  0.260  0.264  0.268  0.271  0.274  0.277  0.278  0.276  0.267  0.253  0.238  0.225  0.212  0.200  0.190  0.181  0.172  0.165  0.158  0.150  0.142  0.134  0.126  0.118  0.116  0.131  0.188  0.293  0.397  0.456  0.477  0.476  0.461  0.432  0.388  0.334  0.276  0.222  0.177  0.144  0.119  0.103  0.092  0.084
  10.000   10.000  0.074  0.072  0.071  0.070  0.069  0.069  0.069  0.069  0.074  0.142  0.285  0.308  0.304  0.298  0.291  0.284  0.277  0.269  0.262  0.256  0.250  0.246  0.243  0.241  0.240  0.241  0.243  0.246  0.249  0.254  0.259  0.265  0.271  0.278  0.280  0.276  0.268  0.259  0.249  0.238  0.226  0.214  0.204  0.194  0.185  0.177  0.169  0.160  0.152  0.143  0.134  0.125  0.118  0.113  0.120  0.158  0.249  0.369  0.449  0.471  0.458  0.423  0.372  0.312  0.251  0.198  0.156  0.126  0.105  0.092  0.083  0.078
  15.000   15.000  0.071  0.070  0.069  0.068  0.068  0.068  0.067  0.068  0.072  0.133  0.277  0.302  0.297  0.290  0.283  0.275  0.267  0.259  0.251  0.245  0.239  0.234  0.230  0.228  0.227  0.228  0.230  0.234  0.240  0.249  0.264  0.286  0.304  0.305  0.294  0.282  0.274  0.267  0.259  0.250  0.239  0.228  0.217  0.207  0.198  0.189  0.180  0.171  0.162  0.153  0.144  0.135  0.127  0.120  0.116  0.118  0.140  0.205  0.319  0.417  0.439  0.408  0.351  0.287  0.226  0.176  0.138  0.112  0.095  0.084  0.078  0.074
  20.000   20.000  0.069  0.068  0.068  0.067  0.067  0.067  0.067  0.067  0.071  0.126  0.268  0.295  0.289  0.281  0.273  0.265  0.256  0.248  0.240  0.233  0.227  0.222  0.218  0.216  0.215  0.217  0.222  0.236  0.263  0.307  0.352  0.367  0.353  0.327  0.305  0.289  0.279  0.273  0.266  0.259  0.251  0.241  0.230  0.220  0.210  0.201  0.192  0.183  0.174  0.165  0.155  0.147  0.139  0.133  0.128  0.125  0.126  0.138  0.178  0.265  0.359  0.375  0.326  0.261  0.203  0.157  0.123  0.101  0.087  0.079  0.074  0.071
  25.000   25.000  0.068  0.067  0.067  0.067  0.067  0.066  0.066  0.067  0.070  0.120  0.259  0.287  0.280  0.272  0.263  0.254  0.245  0.237  0.229  0.222  0.216  0.211  0.207  0.207  0.212  0.229  0.269  0.337  0.407  0.441  0.436  0.410  0.376  0.343  0.316  0.296  0.284  0.277  0.272  0.267  0.260  0.252  0.243  0.233  0.223  0.214  0.204  0.195  0.186  0.177  0.169  0.161  0.154  0.149  0.146  0.144  0.144  0.146  0.153  0.174  0.227  0.293  0.290  0.236  0.181  0.140  0.111  0.093  0.082  0.075  0.071  0.069
  30.000   30.000  0.067  0.067  0.067  0.066  0.066  0.066  0.066  0.066  0.069  0.114  0.249  0.278  0.271  0.262  0.252  0.243  0.234  0.226  0.218  0.211  0.206  0.204  0.208  0.229  0.280  0.368  0.458  0.506  0.512  0.495  0.467  0.432  0.396  0.360  0.328  0.305  0.290  0.282  0.277  0.273  0.268  0.262  0.254  0.245  0.236  0.226  0.217  0.208  0.200  0.192  0.184  0.178  0.173  0.170  0.169  0.169  0.171  0.174  0.178  0.183  0.195  0.219  0.241  0.212  0.163  0.126  0.102  0.086  0.077  0.072  0.070  0.068
  35.000   35.000  0.067  0.067  0.066  0.066  0.066  0.066  0.066  0.066  0.069  0.110  0.240  0.268  0.260  0.251  0.242  0.232  0.224  0.216  0.209  0.205  0.210  0.234  0.295  0.396  0.500  0.558  0.572  0.563  0.543  0.518  0.488  0.453  0.415  0.377  0.342  0.315  0.296  0.286  0.280  0.277  0.274  0.270  0.264  0.256  0.248  0.239  0.230  0.222  0.215  0.208  0.203  0.199  0.197  0.197  0.198  0.201  0.205  0.209  0.214  0.220  0.227  0.234  0.240  0.218  0.160  0.117  0.094  0.082  0.074  0.071  0.069  0.068
  40.000   40.000  0.067  0.067  0.067  0.067  0.067  0.068  0.069  0.071  0.075  0.111  0.231  0.258  0.250  0.240  0.231  0.222  0.215  0.211  0.215  0.242  0.310  0.422  0.536  0.601  0.620  0.616  0.602  0.584  0.562  0.537  0.507  0.473  0.435  0.395  0.358  0.326  0.304  0.290  0.283  0.280  0.278  0.276  0.272  0.266  0.259  0.251  0.244  0.237  0.232  0.228  0.225  0.225  0.226  0.229  0.233  0.239  0.245  0.252  0.258  0.265  0.272  0.279  0.285  0.279  0.224  0.137  0.094  0.079  0.072  0.069  0.068  0.067
  45.000   45.000  0.075  0.080  0.086  0.095  0.108  0.124  0.143  0.166  0.191  0.219  0.250  0.250  0.240  0.230  0.222  0.218  0.222  0.251  0.325  0.446  0.567  0.636  0.658  0.658  0.648  0.635  0.619  0.601  0.580  0.555  0.526  0.493  0.455  0.414  0.374  0.339  0.313  0.295  0.286  0.283  0.281  0.280  0.278  0.274  0.269  0.264  0.258  0.254  0.251  0.250  0.252  0.255  0.260  0.267  0.274  0.282  0.290  0.298  0.306  0.314  0.322  0.329  0.336  0.340  0.327  0.246  0.133  0.085  0.073  0.071  0.071  0.073
  50.000   50.000  0.205  0.230  0.252  0.271  0.285  0.296  0.303  0.309  0.312  0.314  0.313  0.290  0.240  0.227  0.231  0.262  0.340  0.468  0.593  0.665  0.689  0.691  0.684  0.674  0.662  0.649  0.633  0.616  0.596  0.572  0.544  0.512  0.474  0.433  0.391  0.353  0.323  0.302  0.290  0.285  0.283  0.284  0.283  0.282  0.279  0.276  0.273  0.272  0.273  0.276  0.282  0.290  0.299  0.309  0.319  0.329  0.338  0.347  0.355  0.363  0.371  0.378  0.384  0.390  0.393  0.374  0.275  0.156  0.125  0.136  0.156  0.180
  55.000   55.000  0.313  0.315  0.316  0.317  0.317  0.317  0.318  0.318  0.318  0.318  0.318  0.317  0.306  0.283  0.355  0.488  0.616  0.688  0.714  0.718  0.713  0.706  0.696  0.686  0.674  0.661  0.647  0.630  0.611  0.588  0.562  0.530  0.493  0.452  0.409  0.368  0.334  0.309  0.294  0.287  0.285  0.286  0.287  0.288  0.287  0.287  0.288  0.291  0.297  0.305  0.316  0.328  0.340  0.352  0.364  0.375  0.384  0.393  0.401  0.408  0.415  0.421  0.427  0.432  0.436  0.435  0.397  0.313  0.295  0.301  0.307  0.311
  60.000   60.000  0.318  0.318  0.318  0.318  0.318  0.318  0.318  0.318  0.318  0.318  0.318  0.318  0.318  0.342  0.581  0.706  0.734  0.739  0.736  0.730  0.723  0.715  0.706  0.696  0.685  0.673  0.659  0.643  0.625  0.604  0.578  0.547  0.511  0.470  0.426  0.384  0.346  0.317  0.299  0.289  0.286  0.287  0.289  0.292  0.295  0.298  0.303  0.311  0.323  0.336  0.351  0.366  0.381  0.394  0.406  0.416  0.425  0.433  0.440  0.446  0.451  0.456  0.460  0.464  0.467  0.455  0.381  0.326  0.318  0.318  0.318  0.318
  65.000   65.000  0.318  0.318  0.318  0.318  0.318  0.318  0.318  0.318  0.318  0.318  0.318  0.318  0.318  0.326  0.519  0.745  0.754  0.750  0.744  0.738  0.731  0.723  0.715  0.706  0.695  0.684  0.671  0.656  0.638  0.617  0.593  0.563  0.528  0.487  0.443  0.399  0.358  0.326  0.304  0.292  0.287  0.287  0.290  0.295  0.301  0.309  0.319  0.333  0.350  0.368  0.386  0.403  0.418  0.431  0.442  0.451  0.458  0.464  0.470  0.474  0.478  0.482  0.485  0.487  0.483  0.427  0.339  0.320  0.318  0.318  0.318  0.318
  70.000   70.000  0.318  0.318  0.318  0.318  0.318  0.318  0.318  0.318  0.318  0.318  0.318  0.318  0.318  0.320  0.395  0.722  0.759  0.755  0.750  0.744  0.738  0.731  0.723  0.714  0.704  0.693  0.681  0.667  0.650  0.630  0.606  0.577  0.542  0.502  0.458  0.413  0.370  0.335  0.310  0.294  0.288  0.287  0.291  0.297  0.306  0.318  0.334  0.355  0.377  0.399  0.419  0.436  0.450  0.461  0.470  0.477  0.483  0.487  0.491  0.495  0.497  0.500  0.502  0.500  0.469  0.366  0.323  0.318  0.318  0.318  0.318  0.318
  75.000   75.000  0.318  0.318  0.318  0.318  0.318  0.318  0.318  0.318  0.318  0.318  0.318  0.318  0.318  0.318  0.339  0.630  0.761  0.760  0.755  0.750  0.744  0.738  0.730  0.722  0.713  0.702  0.690  0.676  0.660  0.640  0.616  0.588  0.554  0.515  0.471  0.425  0.381  0.343  0.315  0.297  0.288  0.287  0.290  0.298  0.309  0.326  0.349  0.375  0.403  0.427  0.447  0.463  0.475  0.484  0.491  0.496  0.500  0.503  0.506  0.508  0.510  0.512  0.512  0.497  0.408  0.331  0.319  0.318  0.318  0.318  0.318  0.318
  80.000   80.000  0.318  0.318  0.318  0.318  0.318  0.318  0.318  0.318  0.318  0.318  0.318  0.318  0.318  0.318  0.323  0.480  0.752  0.764  0.760  0.755  0.750  0.744  0.737  0.729  0.720  0.710  0.698  0.684  0.668  0.648  0.625  0.597  0.563  0.523  0.480  0.434  0.389  0.350  0.319  0.299  0.288  0.285  0.289  0.297  0.311  0.333  0.362  0.394  0.426  0.451  0.470  0.483  0.493  0.500  0.505  0.509  0.512  0.514  0.516  0.517  0.518  0.519  0.513  0.455  0.348  0.321  0.318  0.318  0.318  0.318  0.318  0.318
  85.000   85.000  0.318  0.318  0.318  0.318  0.318  0.318  0.318  0.318  0.318  0.318  0.318  0.318  0.318  0.318  0.319  0.372  0.709  0.767  0.765  0.760  0.755  0.749  0.742  0.735  0.726  0.716  0.704  0.690  0.674  0.654  0.630  0.601  0.567  0.528  0.484  0.438  0.393  0.353  0.321  0.299  0.287  0.283  0.286  0.295  0.312  0.338  0.373  0.411  0.445  0.470  0.487  0.498  0.506  0.511  0.515  0.517  0.519  0.521  0.522  0.523  0.523  0.521  0.491  0.381  0.325  0.319  0.318  0.318  0.318  0.318  0.318  0.318
  90.000   90.000  0.318  0.318  0.318  0.318  0.318  0.318  0.318  0.318  0.318  0.318  0.318  0.318  0.318  0.318  0.318  0.332  0.590  0.766  0.768  0.764  0.759  0.753  0.747  0.739  0.731  0.721  0.709  0.695  0.677  0.657  0.632  0.602  0.567  0.527  0.483  0.438  0.393  0.353  0.320  0.297  0.284  0.279  0.282  0.292  0.310  0.340  0.381  0.425  0.460  0.485  0.500  0.509  0.515  0.518  0.521  0.523  0.524  0.525  0.526  0.526  0.526  0.512  0.427  0.335  0.320  0.318  0.318  0.318  0.318  0.318  0.318  0.318
  95.000   95.000  0.318  0.318  0.318  0.318  0.318  0.318  0.318  0.318  0.318  0.318  0.318  0.318  0.318  0.318  0.318  0.321  0.440  0.750  0.771  0.767  0.763  0.757  0.751  0.743  0.734  0.724  0.711  0.696  0.678  0.656  0.629  0.598  0.561  0.520  0.476  0.431  0.387  0.348  0.316  0.292  0.278  0.273  0.275  0.286  0.306  0.340  0.387  0.435  0.472  0.495  0.509  0.516  0.520  0.523  0.525  0.526  0.527  0.528  0.528  0.528  0.523  0.472  0.357  0.322  0.318  0.318  0.318  0.318  0.318  0.318  0.318  0.318
 100.000  100.000  0.318  0.318  0.318  0.318  0.318  0.318  0.318  0.318  0.318  0.318  0.318  0.318  0.318  0.318  0.318  0.319  0.355  0.685  0.772  0.770  0.766  0.760  0.753  0.746  0.736  0.725  0.712  0.695  0.675  0.651  0.622  0.588  0.550  0.507  0.463  0.418  0.376  0.338  0.307  0.284  0.270  0.264  0.266  0.277  0.299  0.337  0.389  0.441  0.480  0.503  0.515  0.521  0.524  0.526  0.527  0.528  0.529  0.529  0.529  0.527  0.503  0.396  0.328  0.319  0.318  0.318  0.318  0.318  0.318  0.318  0.318  0.318
 105.000  105.000  0.318  0.318  0.318  0.318  0.318  0.318  0.318  0.318  0.318  0.318  0.318  0.318  0.318  0.318  0.318  0.318  0.327  0.544  0.767  0.772  0.768  0.762  0.755  0.747  0.737  0.724  0.709  0.690  0.668  0.641  0.609  0.572  0.532  0.488  0.444  0.400  0.360  0.324  0.295  0.273  0.259  0.253  0.255  0.266  0.289  0.330  0.387  0.444  0.485  0.508  0.519  0.524  0.527  0.528  0.529  0.530  0.530  0.530  0.530  0.519  0.443  0.341  0.320  0.318  0.318  0.318  0.318  0.318  0.318  0.318  0.318  0.318
 110.000  110.000  0.318  0.318  0.318  0.318  0.318  0.318  0.318  0.318  0.318  0.318  0.318  0.318  0.318  0.318  0.318  0.318  0.320  0.407  0.739  0.773  0.769  0.763  0.755  0.746  0.735  0.721  0.703  0.682  0.656  0.625  0.590  0.551  0.508  0.464  0.420  0.378  0.340  0.306  0.279  0.259  0.246  0.241  0.242  0.252  0.276  0.318  0.380  0.443  0.487  0.511  0.521  0.526  0.528  0.529  0.530  0.531  0.531  0.530  0.526  0.483  0.367  0.323  0.318  0.318  0.318  0.318  0.318  0.318  0.318  0.318  0.318  0.318
 115.000  115.000  0.318  0.318  0.318  0.318  0.318  0.318  0.318  0.318  0.318  0.318  0.318  0.318  0.318  0.318  0.318  0.318  0.318  0.343  0.650  0.771  0.769  0.762  0.754  0.743  0.730  0.714  0.693  0.669  0.639  0.605  0.566  0.524  0.480  0.436  0.393  0.353  0.318  0.287  0.263  0.245  0.233  0.228  0.229  0.238  0.260  0.302  0.368  0.437  0.487  0.512  0.523  0.527  0.529  0.530  0.531  0.531  0.530  0.526  0.499  0.397  0.327  0.318  0.318  0.318  0.318  0.318  0.318  0.318  0.318  0.318  0.318  0.318
 120.000  120.000  0.318  0.318  0.318  0.318  0.318  0.318  0.318  0.318  0.318  0.318  0.318  0.318  0.318  0.318  0.318  0.318  0.318  0.324  0.495  0.757  0.767  0.760  0.751  0.738  0.723  0.703  0.679  0.651  0.617  0.579  0.537  0.493  0.449  0.405  0.364  0.327  0.295  0.268  0.247  0.231  0.220  0.215  0.215  0.223  0.243  0.284  0.351  0.427  0.483  0.511  0.523  0.528  0.530  0.531  0.530  0.528  0.519  0.482  0.389  0.318  0.311  0.315  0.317  0.318  0.318  0.318  0.318  0.318  0.318  0.318  0.318  0.318
 125.000  125.000  0.318  0.318  0.318  0.318  0.318  0.318  0.318  0.318  0.318  0.318  0.318  0.318  0.318  0.318  0.318  0.318  0.318  0.318  0.369  0.656  0.745  0.752  0.744  0.730  0.712  0.689  0.661  0.628  0.590  0.549  0.505  0.460  0.416  0.374  0.336  0.302  0.274  0.250  0.232  0.218  0.209  0.204  0.204  0.210  0.226  0.263  0.329  0.411  0.476  0.509  0.523  0.528  0.529  0.528  0.520  0.491  0.416  0.320  0.275  0.280  0.298  0.311  0.316  0.318  0.319  0.319  0.318  0.318  0.318  0.318  0.318  0.318
 130.000  130.000  0.318  0.318  0.318  0.318  0.318  0.318  0.318  0.318  0.318  0.318  0.317  0.317  0.317  0.317  0.317  0.317  0.317  0.314  0.301  0.350  0.505  0.654  0.711  0.713  0.695  0.669  0.637  0.600  0.559  0.515  0.470  0.425  0.382  0.343  0.309  0.279  0.254  0.234  0.218  0.207  0.199  0.195  0.194  0.198  0.211  0.243  0.305  0.390  0.464  0.505  0.521  0.525  0.518  0.489  0.418  0.322  0.262  0.246  0.252  0.266  0.285  0.302  0.313  0.318  0.319  0.319  0.319  0.319  0.319  0.318  0.318  0.318
 135.000  135.000  0.318  0.318  0.318  0.317  0.317  0.317  0.317  0.317  0.317  0.317  0.317  0.316  0.316  0.316  0.316  0.316  0.314  0.298  0.262  0.255  0.270  0.327  0.456  0.597  0.650  0.640  0.608  0.568  0.524  0.478  0.433  0.390  0.350  0.315  0.284  0.258  0.237  0.220  0.207  0.198  0.191  0.187  0.186  0.189  0.199  0.226  0.282  0.368  0.450  0.496  0.506  0.482  0.416  0.326  0.264  0.241  0.238  0.243  0.252  0.264  0.278  0.294  0.309  0.317  0.321  0.322  0.321  0.320  0.320  0.319  0.319  0.318
 140.000  140.000  0.318  0.317  0.317  0.316  0.316  0.316  0.315  0.315  0.315  0.314  0.314  0.314  0.313  0.313  0.312  0.311  0.302  0.267  0.249  0.248  0.249  0.252  0.265  0.308  0.410  0.521  0.552  0.528  0.486  0.442  0.398  0.357  0.321  0.289  0.262  0.240  0.222  0.208  0.198  0.190  0.185  0.181  0.181  0.184  0.196  0.229  0.299  0.394  0.462  0.479  0.451  0.387  0.315  0.267  0.246  0.241  0.243  0.248  0.256  0.266  0.278  0.291  0.305  0.316  0.323  0.325  0.325  0.324  0.322  0.321  0.320  0.319
 145.000  145.000  0.318  0.317  0.315  0.314  0.313  0.312  0.311  0.311  0.310  0.309  0.308  0.307  0.306  0.305  0.304  0.298  0.273  0.249  0.246  0.247  0.247  0.248  0.250  0.256  0.273  0.317  0.394  0.451  0.450  0.417  0.376  0.337  0.301  0.272  0.247  0.228  0.213  0.201  0.192  0.186  0.182  0.181  0.186  0.207  0.263  0.357  0.442  0.484  0.493  0.481  0.447  0.389  0.325  0.279  0.257  0.251  0.251  0.256  0.262  0.271  0.281  0.292  0.303  0.315  0.323  0.328  0.330  0.329  0.327  0.325  0.323  0.320
 150.000  150.000  0.320  0.317  0.313  0.311  0.308  0.306  0.303  0.301  0.300  0.298  0.296  0.294  0.292  0.290  0.286  0.272  0.250  0.245  0.245  0.246  0.247  0.248  0.249  0.253  0.263  0.289  0.340  0.404  0.447  0.455  0.439  0.407  0.368  0.328  0.294  0.266  0.245  0.229  0.218  0.210  0.209  0.221  0.263  0.338  0.416  0.467  0.490  0.498  0.497  0.486  0.459  0.411  0.349  0.300  0.273  0.263  0.261  0.264  0.270  0.277  0.285  0.294  0.304  0.314  0.322  0.329  0.333  0.334  0.334  0.331  0.328  0.324
 155.000  155.000  0.324  0.318  0.313  0.307  0.302  0.298  0.294  0.290  0.286  0.283  0.280  0.277  0.274  0.271  0.265  0.250  0.243  0.243  0.244  0.245  0.246  0.247  0.248  0.252  0.262  0.287  0.336  0.399  0.447  0.467  0.470  0.463  0.448  0.427  0.402  0.377  0.352  0.329  0.309  0.290  0.281  0.292  0.333  0.390  0.440  0.472  0.488  0.495  0.495  0.488  0.468  0.429  0.374  0.323  0.291  0.277  0.273  0.274  0.278  0.284  0.291  0.298  0.306  0.313  0.321  0.327  0.332  0.336  0.337  0.336  0.333  0.329
 160.000  160.000  0.328  0.322  0.315  0.309  0.302  0.296  0.290  0.285  0.280  0.276  0.273  0.269  0.266  0.262  0.254  0.243  0.241  0.242  0.243  0.244  0.245  0.246  0.248  0.251  0.261  0.286  0.334  0.396  0.443  0.464  0.468  0.464  0.454  0.439  0.419  0.397  0.375  0.352  0.330  0.308  0.294  0.299  0.332  0.382  0.430  0.463  0.481  0.490  0.491  0.487  0.472  0.442  0.395  0.346  0.312  0.294  0.287  0.286  0.288  0.292  0.297  0.302  0.308  0.313  0.319  0.325  0.330  0.334  0.336  0.337  0.335  0.332
 165.000  165.000  0.330  0.325  0.320  0.313  0.307  0.301  0.295  0.290  0.285  0.281  0.278  0.275  0.272  0.267  0.252  0.240  0.240  0.240  0.241  0.243  0.244  0.245  0.247  0.251  0.261  0.285  0.333  0.393  0.438  0.458  0.463  0.460  0.452  0.438  0.420  0.399  0.377  0.354  0.331  0.310  0.295  0.298  0.325  0.371  0.418  0.452  0.472  0.482  0.486  0.483  0.473  0.450  0.412  0.368  0.333  0.313  0.303  0.299  0.299  0.300  0.303  0.306  0.310  0.314  0.318  0.322  0.327  0.331  0.334  0.335  0.335  0.333
 170.000  170.000  0.331  0.328  0.323  0.319  0.313  0.308  0.304  0.299  0.296  0.293  0.290  0.288  0.285  0.276  0.250  0.238  0.238  0.239  0.240  0.241  0.242  0.244  0.246  0.250  0.259  0.284  0.330  0.389  0.431  0.451  0.457  0.456  0.449  0.437  0.420  0.400  0.378  0.355  0.332  0.311  0.297  0.298  0.321  0.362  0.406  0.440  0.461  0.473  0.478  0.478  0.470  0.453  0.423  0.386  0.354  0.332  0.319  0.313  0.310  0.310  0.310  0.311  0.312  0.314  0.316  0.320  0.323  0.327  0.330  0.332  0.333  0.333
 175.000  175.000  0.331  0.329  0.326  0.323  0.319  0.316  0.313  0.310  0.307  0.306  0.304  0.303  0.299  0.281  0.245  0.236  0.236  0.237  0.239  0.240  0.241  0.242  0.244  0.248  0.258  0.282  0.328  0.384  0.424  0.443  0.450  0.450  0.445  0.435  0.420  0.400  0.379  0.356  0.333  0.313  0.300  0.300  0.319  0.355  0.395  0.428  0.449  0.462  0.468  0.469  0.464  0.452  0.429  0.399  0.371  0.349  0.335  0.327  0.322  0.319  0.317  0.316  0.315  0.314  0.315  0.317  0.320  0.323  0.326  0.329  0.331  0.331
