

VARS   PHI PSI -180 -175 -170 -165 -160 -155 -150 -145 -140 -135 -130 -125 -120 -115 -110 -105 -100 -95 -90 -85 -80 -75 -70 -65 -60 -55 -50 -45 -40 -35 -30 -25 -20 -15 -10 -5 0 5 10 15 20 25 30 35 40 45 50 55 60 65 70 75 80 85 90 95 100 105 110 115 120 125 130 135 140 145 150 155 160 165 170 175 
FORMAT %8.3f %8.3f %6.3f %6.3f %6.3f %6.3f %6.3f %6.3f %6.3f %6.3f %6.3f %6.3f %6.3f %6.3f %6.3f %6.3f %6.3f %6.3f %6.3f %6.3f %6.3f %6.3f %6.3f %6.3f %6.3f %6.3f %6.3f %6.3f %6.3f %6.3f %6.3f %6.3f %6.3f %6.3f %6.3f %6.3f %6.3f %6.3f %6.3f %6.3f %6.3f %6.3f %6.3f %6.3f %6.3f %6.3f %6.3f %6.3f %6.3f %6.3f %6.3f %6.3f %6.3f %6.3f %6.3f %6.3f %6.3f %6.3f %6.3f %6.3f %6.3f %6.3f %6.3f %6.3f %6.3f %6.3f %6.3f %6.3f %6.3f %6.3f %6.3f %6.3f %6.3f %6.3f

-180.000 -180.000  0.283  0.279  0.275  0.270  0.265  0.261  0.256  0.252  0.246  0.232  0.192  0.133  0.101  0.092  0.091  0.090  0.089  0.085  0.070  0.049  0.037  0.034  0.033  0.032  0.032  0.032  0.032  0.033  0.035  0.038  0.045  0.057  0.071  0.085  0.096  0.102  0.107  0.111  0.115  0.120  0.126  0.134  0.142  0.152  0.160  0.163  0.163  0.165  0.167  0.172  0.180  0.192  0.211  0.239  0.270  0.295  0.305  0.300  0.286  0.269  0.254  0.245  0.242  0.244  0.251  0.260  0.269  0.277  0.282  0.286  0.286  0.285
-175.000 -175.000  0.280  0.277  0.273  0.268  0.264  0.259  0.255  0.251  0.244  0.223  0.171  0.118  0.097  0.091  0.090  0.090  0.090  0.088  0.078  0.059  0.044  0.038  0.036  0.036  0.036  0.036  0.036  0.037  0.040  0.046  0.056  0.071  0.090  0.108  0.121  0.131  0.138  0.145  0.152  0.160  0.170  0.180  0.191  0.200  0.201  0.189  0.178  0.174  0.175  0.179  0.185  0.195  0.211  0.235  0.264  0.288  0.299  0.296  0.285  0.270  0.257  0.249  0.245  0.246  0.252  0.259  0.267  0.274  0.280  0.283  0.284  0.283
-170.000 -170.000  0.277  0.274  0.270  0.266  0.262  0.259  0.255  0.251  0.242  0.211  0.152  0.108  0.094  0.091  0.091  0.091  0.091  0.090  0.084  0.069  0.052  0.044  0.042  0.041  0.041  0.041  0.043  0.045  0.050  0.058  0.071  0.091  0.115  0.136  0.153  0.165  0.176  0.186  0.197  0.209  0.223  0.237  0.250  0.256  0.245  0.218  0.196  0.187  0.186  0.189  0.193  0.201  0.215  0.235  0.260  0.283  0.294  0.293  0.284  0.273  0.262  0.254  0.250  0.250  0.254  0.259  0.266  0.272  0.277  0.279  0.280  0.279
-165.000 -165.000  0.274  0.271  0.268  0.265  0.262  0.259  0.256  0.252  0.239  0.197  0.136  0.102  0.093  0.091  0.091  0.091  0.091  0.091  0.089  0.079  0.063  0.053  0.050  0.049  0.050  0.051  0.053  0.058  0.065  0.076  0.094  0.117  0.144  0.168  0.188  0.204  0.218  0.233  0.248  0.265  0.282  0.299  0.312  0.312  0.288  0.247  0.215  0.202  0.200  0.202  0.206  0.212  0.222  0.238  0.259  0.279  0.290  0.291  0.285  0.276  0.267  0.260  0.256  0.255  0.257  0.260  0.265  0.270  0.274  0.276  0.277  0.276
-160.000 -160.000  0.271  0.269  0.266  0.264  0.261  0.260  0.258  0.253  0.235  0.183  0.125  0.099  0.092  0.091  0.091  0.091  0.092  0.093  0.092  0.087  0.074  0.064  0.061  0.061  0.062  0.064  0.069  0.076  0.086  0.101  0.121  0.147  0.175  0.201  0.223  0.242  0.261  0.280  0.300  0.320  0.340  0.357  0.368  0.361  0.325  0.274  0.235  0.218  0.214  0.216  0.219  0.224  0.231  0.244  0.261  0.278  0.288  0.290  0.287  0.280  0.273  0.267  0.262  0.260  0.261  0.263  0.266  0.269  0.272  0.274  0.274  0.273
-155.000 -155.000  0.269  0.267  0.264  0.262  0.261  0.260  0.259  0.253  0.228  0.170  0.117  0.097  0.092  0.091  0.092  0.092  0.093  0.094  0.095  0.094  0.086  0.077  0.074  0.075  0.077  0.082  0.089  0.098  0.112  0.129  0.151  0.176  0.203  0.228  0.253  0.276  0.299  0.322  0.345  0.367  0.388  0.404  0.410  0.396  0.354  0.296  0.252  0.232  0.228  0.230  0.233  0.236  0.242  0.251  0.264  0.278  0.288  0.290  0.288  0.284  0.278  0.273  0.269  0.266  0.265  0.266  0.267  0.269  0.271  0.272  0.272  0.271
-150.000 -150.000  0.266  0.264  0.262  0.261  0.260  0.259  0.258  0.250  0.220  0.158  0.112  0.096  0.092  0.092  0.092  0.094  0.095  0.097  0.099  0.100  0.096  0.090  0.088  0.090  0.095  0.101  0.111  0.123  0.138  0.156  0.177  0.200  0.223  0.248  0.273  0.299  0.326  0.352  0.377  0.400  0.420  0.434  0.436  0.418  0.373  0.314  0.268  0.246  0.240  0.242  0.245  0.248  0.252  0.259  0.269  0.280  0.288  0.291  0.291  0.287  0.283  0.278  0.274  0.271  0.270  0.269  0.269  0.270  0.271  0.271  0.270  0.268
-145.000 -145.000  0.264  0.262  0.259  0.258  0.257  0.256  0.255  0.246  0.210  0.149  0.108  0.095  0.093  0.093  0.094  0.095  0.097  0.100  0.103  0.106  0.106  0.103  0.103  0.106  0.112  0.120  0.131  0.144  0.160  0.177  0.196  0.215  0.236  0.259  0.285  0.312  0.341  0.369  0.396  0.419  0.438  0.449  0.448  0.429  0.386  0.329  0.282  0.258  0.251  0.252  0.255  0.258  0.261  0.266  0.274  0.282  0.289  0.293  0.293  0.291  0.287  0.283  0.280  0.276  0.274  0.272  0.272  0.271  0.270  0.269  0.268  0.266
-140.000 -140.000  0.261  0.258  0.256  0.254  0.253  0.252  0.249  0.239  0.202  0.143  0.106  0.095  0.094  0.094  0.096  0.098  0.101  0.104  0.109  0.113  0.115  0.116  0.117  0.121  0.128  0.136  0.148  0.161  0.176  0.191  0.207  0.223  0.241  0.262  0.288  0.316  0.346  0.375  0.402  0.426  0.443  0.453  0.451  0.432  0.393  0.341  0.295  0.269  0.261  0.261  0.264  0.266  0.268  0.272  0.278  0.286  0.292  0.295  0.296  0.294  0.291  0.288  0.284  0.281  0.278  0.275  0.273  0.272  0.270  0.268  0.266  0.263
-135.000 -135.000  0.257  0.253  0.251  0.248  0.247  0.245  0.243  0.231  0.194  0.139  0.106  0.096  0.095  0.096  0.099  0.102  0.105  0.110  0.114  0.120  0.124  0.128  0.131  0.135  0.142  0.150  0.161  0.173  0.186  0.199  0.212  0.226  0.241  0.260  0.285  0.312  0.342  0.372  0.399  0.422  0.439  0.448  0.446  0.429  0.396  0.350  0.307  0.281  0.270  0.269  0.271  0.273  0.275  0.278  0.283  0.289  0.295  0.298  0.299  0.298  0.296  0.292  0.288  0.284  0.281  0.277  0.274  0.272  0.269  0.266  0.263  0.260
-130.000 -130.000  0.252  0.248  0.245  0.242  0.240  0.239  0.236  0.224  0.189  0.137  0.106  0.098  0.097  0.099  0.102  0.106  0.110  0.115  0.120  0.126  0.133  0.140  0.145  0.149  0.154  0.161  0.170  0.180  0.191  0.202  0.213  0.224  0.237  0.254  0.276  0.303  0.332  0.361  0.388  0.410  0.427  0.435  0.435  0.422  0.395  0.358  0.320  0.293  0.280  0.277  0.277  0.278  0.280  0.283  0.288  0.294  0.299  0.302  0.303  0.303  0.300  0.297  0.293  0.288  0.283  0.279  0.275  0.271  0.268  0.264  0.260  0.256
-125.000 -125.000  0.248  0.243  0.239  0.236  0.234  0.232  0.229  0.219  0.188  0.138  0.108  0.100  0.100  0.103  0.107  0.111  0.116  0.121  0.126  0.132  0.141  0.151  0.158  0.162  0.166  0.171  0.177  0.184  0.193  0.201  0.210  0.219  0.230  0.245  0.265  0.289  0.316  0.344  0.370  0.392  0.408  0.418  0.419  0.410  0.391  0.362  0.331  0.306  0.290  0.283  0.282  0.282  0.284  0.287  0.292  0.298  0.304  0.307  0.308  0.307  0.305  0.301  0.297  0.292  0.286  0.281  0.276  0.271  0.266  0.262  0.257  0.253
-120.000 -120.000  0.244  0.239  0.234  0.231  0.229  0.227  0.224  0.216  0.189  0.143  0.112  0.104  0.104  0.108  0.112  0.117  0.121  0.125  0.130  0.138  0.149  0.161  0.169  0.174  0.176  0.179  0.183  0.187  0.193  0.199  0.205  0.212  0.221  0.233  0.250  0.272  0.297  0.323  0.347  0.369  0.386  0.396  0.399  0.395  0.382  0.363  0.340  0.317  0.300  0.289  0.284  0.283  0.285  0.290  0.297  0.304  0.309  0.312  0.314  0.313  0.310  0.306  0.301  0.295  0.289  0.282  0.276  0.271  0.265  0.260  0.254  0.249
-115.000 -115.000  0.240  0.235  0.231  0.227  0.225  0.223  0.221  0.214  0.193  0.150  0.117  0.108  0.109  0.113  0.117  0.121  0.125  0.129  0.134  0.144  0.158  0.171  0.180  0.184  0.186  0.187  0.188  0.190  0.193  0.195  0.199  0.204  0.210  0.220  0.235  0.254  0.276  0.300  0.323  0.344  0.361  0.372  0.377  0.377  0.370  0.358  0.343  0.324  0.306  0.291  0.282  0.281  0.284  0.292  0.302  0.310  0.316  0.319  0.319  0.318  0.315  0.310  0.305  0.298  0.291  0.284  0.277  0.271  0.264  0.258  0.252  0.246
-110.000 -110.000  0.238  0.233  0.228  0.224  0.222  0.220  0.218  0.213  0.197  0.159  0.124  0.113  0.114  0.118  0.121  0.125  0.128  0.132  0.139  0.152  0.167  0.181  0.190  0.194  0.195  0.195  0.195  0.195  0.194  0.194  0.195  0.197  0.201  0.209  0.221  0.237  0.257  0.279  0.300  0.320  0.336  0.348  0.355  0.357  0.354  0.348  0.337  0.322  0.303  0.286  0.275  0.274  0.281  0.293  0.306  0.316  0.323  0.326  0.326  0.324  0.320  0.314  0.308  0.301  0.293  0.286  0.278  0.271  0.264  0.258  0.251  0.245
-105.000 -105.000  0.238  0.232  0.227  0.223  0.220  0.218  0.216  0.212  0.199  0.166  0.130  0.116  0.117  0.120  0.123  0.126  0.130  0.136  0.146  0.162  0.178  0.191  0.198  0.202  0.203  0.203  0.202  0.200  0.198  0.196  0.195  0.194  0.195  0.200  0.210  0.223  0.241  0.260  0.280  0.298  0.314  0.326  0.334  0.337  0.336  0.332  0.324  0.310  0.291  0.273  0.263  0.264  0.275  0.292  0.309  0.322  0.329  0.332  0.332  0.328  0.324  0.317  0.310  0.303  0.295  0.287  0.279  0.272  0.265  0.258  0.251  0.245
-100.000 -100.000  0.240  0.233  0.228  0.223  0.220  0.217  0.214  0.210  0.197  0.166  0.129  0.114  0.115  0.119  0.123  0.126  0.132  0.141  0.156  0.174  0.190  0.200  0.206  0.209  0.210  0.209  0.208  0.206  0.204  0.201  0.197  0.194  0.193  0.195  0.202  0.212  0.227  0.244  0.262  0.279  0.294  0.306  0.314  0.317  0.317  0.312  0.304  0.290  0.272  0.255  0.247  0.252  0.268  0.290  0.310  0.326  0.334  0.337  0.336  0.332  0.326  0.319  0.311  0.303  0.295  0.287  0.279  0.272  0.266  0.259  0.253  0.246
 -95.000  -95.000  0.243  0.237  0.231  0.225  0.220  0.216  0.212  0.205  0.189  0.155  0.117  0.103  0.106  0.112  0.119  0.125  0.135  0.150  0.168  0.186  0.200  0.208  0.212  0.214  0.215  0.214  0.213  0.212  0.209  0.206  0.202  0.198  0.195  0.194  0.197  0.205  0.216  0.231  0.247  0.263  0.277  0.288  0.296  0.298  0.296  0.291  0.281  0.266  0.250  0.237  0.233  0.241  0.261  0.286  0.310  0.327  0.337  0.341  0.339  0.334  0.328  0.319  0.311  0.302  0.294  0.286  0.279  0.272  0.267  0.261  0.255  0.249
 -90.000  -90.000  0.249  0.243  0.236  0.229  0.223  0.216  0.209  0.198  0.175  0.134  0.097  0.084  0.089  0.099  0.111  0.124  0.141  0.161  0.181  0.197  0.207  0.213  0.216  0.218  0.218  0.218  0.218  0.216  0.214  0.211  0.207  0.203  0.198  0.195  0.195  0.199  0.208  0.220  0.234  0.249  0.262  0.272  0.279  0.280  0.277  0.269  0.257  0.243  0.229  0.220  0.220  0.232  0.254  0.282  0.308  0.327  0.338  0.342  0.340  0.334  0.327  0.318  0.308  0.299  0.291  0.284  0.277  0.272  0.267  0.263  0.259  0.254
 -85.000  -85.000  0.256  0.250  0.244  0.236  0.227  0.217  0.206  0.188  0.157  0.112  0.078  0.066  0.071  0.083  0.100  0.123  0.149  0.173  0.193  0.205  0.213  0.217  0.219  0.221  0.221  0.221  0.221  0.220  0.219  0.216  0.213  0.208  0.203  0.199  0.196  0.197  0.202  0.211  0.223  0.236  0.248  0.258  0.264  0.264  0.258  0.248  0.235  0.222  0.211  0.206  0.210  0.224  0.248  0.277  0.305  0.325  0.337  0.340  0.338  0.332  0.324  0.314  0.305  0.296  0.288  0.281  0.275  0.271  0.268  0.266  0.263  0.260
 -80.000  -80.000  0.264  0.259  0.253  0.243  0.232  0.218  0.202  0.178  0.139  0.094  0.064  0.054  0.058  0.070  0.092  0.123  0.157  0.184  0.201  0.210  0.216  0.219  0.221  0.223  0.224  0.224  0.224  0.224  0.222  0.220  0.217  0.213  0.208  0.203  0.199  0.197  0.199  0.204  0.214  0.225  0.236  0.245  0.250  0.249  0.241  0.229  0.217  0.205  0.197  0.195  0.201  0.217  0.243  0.273  0.302  0.323  0.334  0.337  0.334  0.328  0.319  0.310  0.300  0.291  0.284  0.278  0.273  0.270  0.269  0.268  0.267  0.266
 -75.000  -75.000  0.272  0.268  0.262  0.251  0.237  0.219  0.198  0.167  0.123  0.081  0.056  0.048  0.051  0.063  0.087  0.125  0.164  0.191  0.206  0.213  0.218  0.220  0.223  0.224  0.225  0.226  0.226  0.226  0.226  0.224  0.222  0.218  0.213  0.208  0.203  0.199  0.198  0.200  0.206  0.215  0.225  0.233  0.238  0.236  0.227  0.214  0.201  0.191  0.185  0.186  0.194  0.212  0.239  0.271  0.300  0.321  0.331  0.333  0.330  0.323  0.314  0.304  0.295  0.287  0.280  0.275  0.271  0.270  0.269  0.270  0.271  0.272
 -70.000  -70.000  0.279  0.276  0.270  0.258  0.241  0.220  0.193  0.157  0.111  0.072  0.051  0.045  0.048  0.060  0.087  0.129  0.170  0.195  0.208  0.214  0.218  0.221  0.224  0.225  0.227  0.228  0.229  0.229  0.229  0.228  0.226  0.223  0.218  0.213  0.207  0.202  0.199  0.199  0.202  0.208  0.216  0.223  0.228  0.225  0.216  0.203  0.190  0.181  0.177  0.179  0.189  0.209  0.238  0.271  0.301  0.321  0.330  0.331  0.326  0.318  0.309  0.299  0.291  0.283  0.277  0.272  0.269  0.269  0.270  0.272  0.275  0.278
 -65.000  -65.000  0.284  0.283  0.276  0.263  0.244  0.219  0.188  0.148  0.102  0.066  0.048  0.044  0.048  0.062  0.091  0.133  0.174  0.197  0.209  0.215  0.219  0.222  0.224  0.227  0.228  0.230  0.231  0.232  0.232  0.231  0.230  0.227  0.223  0.219  0.213  0.207  0.202  0.200  0.201  0.204  0.210  0.216  0.220  0.218  0.208  0.194  0.181  0.173  0.170  0.174  0.186  0.209  0.240  0.276  0.306  0.325  0.333  0.331  0.324  0.315  0.305  0.296  0.287  0.280  0.274  0.270  0.268  0.268  0.269  0.273  0.277  0.282
 -60.000  -60.000  0.288  0.287  0.280  0.266  0.245  0.218  0.183  0.141  0.095  0.062  0.047  0.044  0.050  0.066  0.097  0.139  0.177  0.198  0.209  0.215  0.219  0.223  0.226  0.228  0.230  0.232  0.233  0.234  0.235  0.235  0.234  0.232  0.229  0.224  0.219  0.213  0.207  0.203  0.202  0.203  0.207  0.212  0.215  0.213  0.203  0.189  0.175  0.167  0.165  0.170  0.186  0.212  0.248  0.286  0.317  0.334  0.339  0.335  0.325  0.314  0.303  0.293  0.284  0.277  0.271  0.268  0.266  0.266  0.269  0.273  0.279  0.284
 -55.000  -55.000  0.289  0.290  0.283  0.268  0.245  0.215  0.179  0.135  0.090  0.059  0.046  0.045  0.053  0.072  0.105  0.146  0.179  0.199  0.209  0.215  0.220  0.224  0.227  0.229  0.232  0.234  0.236  0.237  0.238  0.239  0.238  0.237  0.234  0.230  0.225  0.219  0.213  0.208  0.206  0.205  0.207  0.211  0.213  0.211  0.201  0.186  0.172  0.163  0.161  0.169  0.188  0.220  0.260  0.301  0.331  0.346  0.348  0.341  0.329  0.315  0.303  0.292  0.282  0.275  0.270  0.266  0.264  0.265  0.268  0.273  0.279  0.285
 -50.000  -50.000  0.290  0.290  0.284  0.269  0.244  0.213  0.175  0.130  0.086  0.057  0.046  0.047  0.058  0.080  0.114  0.153  0.182  0.199  0.209  0.215  0.221  0.225  0.228  0.231  0.234  0.236  0.239  0.240  0.242  0.243  0.243  0.242  0.240  0.236  0.232  0.226  0.220  0.215  0.211  0.209  0.210  0.212  0.214  0.212  0.202  0.186  0.170  0.160  0.159  0.170  0.194  0.230  0.274  0.315  0.344  0.358  0.357  0.347  0.333  0.317  0.303  0.291  0.281  0.274  0.268  0.265  0.263  0.264  0.267  0.272  0.278  0.285
 -45.000  -45.000  0.289  0.290  0.284  0.268  0.243  0.211  0.171  0.125  0.083  0.056  0.047  0.051  0.064  0.089  0.124  0.159  0.183  0.198  0.208  0.216  0.221  0.226  0.230  0.233  0.236  0.239  0.242  0.244  0.246  0.247  0.248  0.247  0.246  0.243  0.239  0.233  0.227  0.221  0.217  0.214  0.214  0.215  0.217  0.215  0.206  0.187  0.168  0.157  0.157  0.171  0.198  0.236  0.279  0.319  0.347  0.361  0.361  0.351  0.336  0.319  0.304  0.291  0.281  0.273  0.268  0.264  0.263  0.264  0.267  0.271  0.277  0.284
 -40.000  -40.000  0.288  0.289  0.283  0.268  0.242  0.208  0.168  0.122  0.080  0.055  0.049  0.055  0.072  0.100  0.134  0.164  0.184  0.198  0.208  0.216  0.222  0.227  0.232  0.236  0.239  0.242  0.245  0.248  0.250  0.252  0.253  0.253  0.252  0.250  0.246  0.241  0.235  0.229  0.224  0.220  0.219  0.219  0.220  0.219  0.210  0.189  0.166  0.152  0.153  0.168  0.195  0.229  0.267  0.303  0.332  0.350  0.354  0.348  0.335  0.319  0.304  0.291  0.281  0.273  0.268  0.265  0.264  0.264  0.267  0.271  0.277  0.283
 -35.000  -35.000  0.287  0.288  0.282  0.267  0.241  0.207  0.166  0.119  0.078  0.055  0.051  0.061  0.081  0.111  0.143  0.168  0.185  0.197  0.207  0.216  0.223  0.229  0.234  0.238  0.242  0.245  0.249  0.252  0.254  0.257  0.258  0.259  0.259  0.257  0.254  0.249  0.243  0.236  0.230  0.226  0.224  0.223  0.224  0.222  0.210  0.187  0.161  0.146  0.146  0.159  0.180  0.207  0.237  0.269  0.299  0.321  0.333  0.334  0.327  0.315  0.302  0.290  0.281  0.274  0.269  0.266  0.266  0.266  0.268  0.272  0.277  0.283
 -30.000  -30.000  0.287  0.288  0.282  0.267  0.241  0.206  0.164  0.117  0.077  0.056  0.055  0.068  0.092  0.122  0.150  0.171  0.184  0.196  0.206  0.215  0.223  0.229  0.235  0.240  0.244  0.248  0.252  0.255  0.259  0.262  0.264  0.265  0.265  0.264  0.261  0.256  0.250  0.243  0.237  0.232  0.228  0.227  0.224  0.216  0.197  0.172  0.153  0.142  0.139  0.145  0.159  0.178  0.202  0.228  0.255  0.279  0.297  0.307  0.308  0.304  0.296  0.287  0.280  0.275  0.271  0.269  0.269  0.269  0.272  0.275  0.279  0.284
 -25.000  -25.000  0.290  0.290  0.284  0.269  0.243  0.207  0.164  0.118  0.081  0.064  0.065  0.080  0.105  0.133  0.156  0.172  0.183  0.194  0.204  0.213  0.222  0.229  0.236  0.241  0.246  0.251  0.255  0.259  0.262  0.266  0.268  0.270  0.271  0.270  0.267  0.262  0.256  0.250  0.243  0.236  0.231  0.226  0.215  0.193  0.172  0.160  0.153  0.146  0.139  0.137  0.142  0.154  0.170  0.189  0.211  0.233  0.254  0.269  0.279  0.283  0.283  0.280  0.277  0.274  0.273  0.272  0.273  0.274  0.277  0.279  0.283  0.287
 -20.000  -20.000  0.294  0.293  0.288  0.273  0.247  0.213  0.177  0.146  0.125  0.113  0.108  0.112  0.127  0.146  0.161  0.172  0.182  0.191  0.201  0.210  0.219  0.228  0.235  0.241  0.247  0.252  0.256  0.260  0.264  0.268  0.270  0.272  0.273  0.272  0.270  0.266  0.260  0.253  0.246  0.239  0.230  0.214  0.188  0.169  0.160  0.157  0.155  0.151  0.146  0.138  0.135  0.137  0.146  0.159  0.174  0.192  0.210  0.227  0.241  0.253  0.261  0.266  0.269  0.272  0.274  0.276  0.278  0.280  0.283  0.286  0.289  0.292
 -15.000  -15.000  0.301  0.300  0.294  0.281  0.263  0.253  0.273  0.306  0.316  0.301  0.271  0.236  0.202  0.180  0.172  0.174  0.180  0.188  0.197  0.206  0.216  0.224  0.232  0.239  0.245  0.250  0.255  0.259  0.263  0.266  0.268  0.270  0.271  0.270  0.268  0.265  0.260  0.253  0.246  0.235  0.215  0.187  0.167  0.161  0.159  0.158  0.157  0.156  0.152  0.146  0.137  0.131  0.131  0.137  0.146  0.158  0.171  0.186  0.201  0.216  0.231  0.244  0.255  0.265  0.272  0.278  0.283  0.287  0.291  0.294  0.297  0.300
 -10.000  -10.000  0.310  0.309  0.307  0.309  0.346  0.445  0.553  0.610  0.622  0.608  0.574  0.514  0.419  0.309  0.228  0.190  0.181  0.185  0.192  0.201  0.210  0.218  0.226  0.233  0.239  0.244  0.249  0.252  0.255  0.257  0.259  0.260  0.260  0.260  0.258  0.256  0.252  0.247  0.237  0.218  0.188  0.169  0.163  0.161  0.160  0.160  0.160  0.159  0.158  0.154  0.147  0.136  0.127  0.124  0.127  0.132  0.141  0.151  0.164  0.179  0.196  0.215  0.234  0.251  0.266  0.278  0.287  0.294  0.299  0.304  0.307  0.309
  -5.000   -5.000  0.322  0.326  0.348  0.434  0.582  0.679  0.714  0.723  0.723  0.718  0.709  0.690  0.646  0.551  0.406  0.276  0.207  0.187  0.188  0.194  0.202  0.210  0.218  0.224  0.230  0.233  0.236  0.238  0.239  0.239  0.239  0.239  0.239  0.238  0.238  0.237  0.235  0.229  0.216  0.191  0.174  0.168  0.166  0.165  0.165  0.164  0.164  0.164  0.163  0.161  0.157  0.149  0.136  0.123  0.117  0.116  0.119  0.125  0.133  0.146  0.162  0.182  0.206  0.231  0.254  0.274  0.289  0.300  0.308  0.314  0.318  0.320
   0.000    0.000  0.342  0.379  0.500  0.650  0.715  0.730  0.731  0.730  0.727  0.724  0.720  0.714  0.703  0.677  0.613  0.482  0.325  0.226  0.192  0.189  0.194  0.200  0.206  0.211  0.215  0.216  0.216  0.215  0.214  0.212  0.210  0.208  0.208  0.207  0.208  0.208  0.208  0.204  0.194  0.185  0.180  0.177  0.175  0.174  0.173  0.172  0.172  0.171  0.171  0.170  0.169  0.164  0.154  0.137  0.120  0.109  0.105  0.105  0.110  0.119  0.132  0.150  0.175  0.203  0.234  0.262  0.286  0.303  0.315  0.323  0.329  0.333
   5.000    5.000  0.405  0.545  0.679  0.722  0.728  0.728  0.725  0.722  0.718  0.714  0.710  0.705  0.699  0.690  0.673  0.631  0.528  0.368  0.244  0.195  0.186  0.188  0.192  0.194  0.195  0.193  0.190  0.186  0.182  0.178  0.175  0.173  0.171  0.172  0.174  0.179  0.190  0.200  0.202  0.198  0.194  0.191  0.189  0.187  0.185  0.184  0.183  0.183  0.182  0.183  0.183  0.182  0.177  0.165  0.144  0.119  0.102  0.095  0.094  0.098  0.108  0.123  0.145  0.173  0.207  0.243  0.276  0.302  0.320  0.332  0.341  0.355
  10.000   10.000  0.576  0.691  0.720  0.723  0.721  0.718  0.715  0.710  0.706  0.701  0.695  0.689  0.683  0.675  0.666  0.651  0.621  0.544  0.397  0.257  0.193  0.178  0.175  0.174  0.171  0.166  0.161  0.155  0.149  0.144  0.140  0.138  0.138  0.143  0.157  0.185  0.213  0.223  0.221  0.216  0.211  0.208  0.204  0.202  0.200  0.199  0.198  0.197  0.197  0.198  0.199  0.201  0.201  0.198  0.185  0.159  0.126  0.101  0.088  0.086  0.090  0.101  0.118  0.144  0.178  0.217  0.258  0.293  0.320  0.340  0.362  0.426
  15.000   15.000  0.695  0.716  0.717  0.714  0.710  0.706  0.701  0.696  0.690  0.684  0.678  0.670  0.662  0.653  0.644  0.632  0.618  0.593  0.533  0.404  0.258  0.183  0.161  0.153  0.146  0.139  0.132  0.125  0.119  0.114  0.112  0.114  0.126  0.155  0.200  0.236  0.247  0.245  0.239  0.233  0.227  0.223  0.219  0.217  0.215  0.213  0.212  0.212  0.213  0.214  0.216  0.219  0.223  0.226  0.225  0.215  0.186  0.144  0.108  0.088  0.081  0.085  0.098  0.119  0.149  0.187  0.232  0.276  0.315  0.354  0.437  0.596
  20.000   20.000  0.709  0.709  0.705  0.701  0.696  0.691  0.685  0.679  0.672  0.664  0.656  0.647  0.638  0.627  0.616  0.604  0.591  0.574  0.550  0.498  0.382  0.238  0.159  0.132  0.121  0.113  0.106  0.100  0.097  0.098  0.108  0.134  0.180  0.233  0.266  0.274  0.271  0.263  0.255  0.248  0.241  0.236  0.232  0.229  0.226  0.225  0.224  0.224  0.225  0.227  0.230  0.234  0.240  0.246  0.253  0.256  0.251  0.225  0.178  0.130  0.098  0.084  0.085  0.099  0.123  0.158  0.202  0.253  0.314  0.424  0.602  0.693
  25.000   25.000  0.699  0.695  0.690  0.684  0.678  0.672  0.665  0.658  0.649  0.641  0.631  0.621  0.609  0.598  0.585  0.571  0.556  0.540  0.521  0.490  0.425  0.298  0.172  0.110  0.092  0.087  0.087  0.092  0.105  0.132  0.176  0.232  0.280  0.302  0.304  0.298  0.289  0.279  0.270  0.262  0.254  0.248  0.243  0.239  0.235  0.233  0.232  0.232  0.233  0.236  0.240  0.245  0.252  0.261  0.270  0.280  0.288  0.288  0.271  0.228  0.171  0.123  0.096  0.091  0.104  0.132  0.173  0.236  0.366  0.584  0.686  0.701
  30.000   30.000  0.683  0.677  0.671  0.665  0.658  0.650  0.642  0.633  0.623  0.613  0.602  0.590  0.577  0.564  0.550  0.534  0.518  0.501  0.480  0.449  0.386  0.270  0.151  0.081  0.058  0.064  0.086  0.122  0.173  0.234  0.291  0.329  0.342  0.338  0.329  0.317  0.305  0.294  0.284  0.274  0.266  0.258  0.252  0.247  0.243  0.240  0.238  0.237  0.239  0.241  0.246  0.253  0.261  0.271  0.283  0.295  0.308  0.318  0.324  0.316  0.285  0.230  0.169  0.124  0.106  0.116  0.155  0.268  0.522  0.671  0.690  0.688
  35.000   35.000  0.663  0.657  0.649  0.641  0.633  0.624  0.615  0.604  0.593  0.582  0.569  0.556  0.542  0.527  0.512  0.495  0.478  0.460  0.437  0.400  0.325  0.210  0.111  0.057  0.042  0.057  0.092  0.150  0.227  0.301  0.350  0.370  0.371  0.362  0.349  0.335  0.322  0.309  0.297  0.286  0.276  0.268  0.260  0.254  0.248  0.245  0.242  0.241  0.242  0.245  0.251  0.258  0.268  0.280  0.294  0.308  0.322  0.335  0.346  0.354  0.353  0.337  0.296  0.233  0.172  0.139  0.182  0.410  0.638  0.676  0.675  0.670
  40.000   40.000  0.640  0.632  0.624  0.615  0.605  0.595  0.584  0.572  0.560  0.547  0.533  0.519  0.504  0.488  0.472  0.455  0.437  0.418  0.392  0.347  0.262  0.156  0.079  0.042  0.036  0.055  0.093  0.155  0.238  0.317  0.367  0.388  0.391  0.383  0.370  0.354  0.338  0.323  0.310  0.297  0.286  0.276  0.268  0.260  0.254  0.249  0.245  0.244  0.245  0.248  0.255  0.264  0.275  0.289  0.304  0.319  0.334  0.348  0.360  0.370  0.377  0.380  0.374  0.352  0.305  0.247  0.301  0.569  0.657  0.660  0.654  0.648
  45.000   45.000  0.613  0.604  0.594  0.584  0.573  0.562  0.550  0.537  0.524  0.510  0.495  0.480  0.464  0.448  0.431  0.414  0.396  0.376  0.347  0.294  0.204  0.113  0.056  0.032  0.033  0.054  0.092  0.154  0.238  0.319  0.374  0.400  0.408  0.403  0.390  0.373  0.355  0.338  0.322  0.308  0.295  0.284  0.274  0.266  0.258  0.253  0.249  0.247  0.247  0.251  0.258  0.269  0.283  0.298  0.314  0.331  0.346  0.359  0.371  0.381  0.389  0.395  0.399  0.398  0.389  0.369  0.445  0.623  0.643  0.637  0.630  0.622
  50.000   50.000  0.583  0.573  0.562  0.551  0.539  0.526  0.513  0.499  0.485  0.470  0.455  0.440  0.424  0.407  0.391  0.374  0.356  0.335  0.302  0.242  0.154  0.081  0.040  0.026  0.032  0.053  0.091  0.153  0.236  0.319  0.377  0.408  0.421  0.421  0.410  0.392  0.372  0.353  0.335  0.318  0.304  0.292  0.281  0.271  0.263  0.256  0.251  0.249  0.250  0.254  0.263  0.275  0.290  0.307  0.325  0.342  0.357  0.370  0.381  0.390  0.397  0.403  0.408  0.411  0.413  0.414  0.492  0.615  0.618  0.611  0.602  0.593
  55.000   55.000  0.550  0.538  0.527  0.514  0.502  0.488  0.475  0.460  0.446  0.431  0.415  0.400  0.384  0.368  0.351  0.335  0.317  0.295  0.259  0.193  0.114  0.058  0.029  0.022  0.031  0.053  0.091  0.152  0.235  0.319  0.379  0.414  0.432  0.436  0.428  0.412  0.391  0.368  0.348  0.329  0.313  0.299  0.286  0.276  0.267  0.260  0.254  0.252  0.252  0.258  0.267  0.281  0.298  0.317  0.335  0.352  0.367  0.379  0.389  0.398  0.404  0.409  0.414  0.417  0.420  0.424  0.485  0.589  0.589  0.580  0.571  0.560
  60.000   60.000  0.514  0.502  0.489  0.476  0.463  0.449  0.435  0.421  0.406  0.391  0.376  0.360  0.345  0.330  0.314  0.298  0.281  0.258  0.216  0.149  0.082  0.041  0.022  0.020  0.031  0.053  0.091  0.152  0.235  0.318  0.379  0.417  0.439  0.448  0.445  0.431  0.409  0.385  0.362  0.340  0.321  0.305  0.292  0.280  0.271  0.263  0.257  0.254  0.255  0.261  0.272  0.288  0.306  0.326  0.345  0.362  0.377  0.388  0.397  0.404  0.410  0.414  0.418  0.421  0.423  0.427  0.469  0.558  0.557  0.547  0.536  0.525
  65.000   65.000  0.476  0.464  0.451  0.437  0.424  0.410  0.396  0.382  0.367  0.352  0.338  0.323  0.308  0.294  0.279  0.264  0.247  0.222  0.177  0.112  0.059  0.029  0.017  0.019  0.031  0.053  0.091  0.153  0.235  0.318  0.379  0.418  0.443  0.457  0.459  0.448  0.428  0.403  0.377  0.352  0.330  0.312  0.297  0.284  0.274  0.266  0.260  0.257  0.258  0.265  0.277  0.294  0.315  0.336  0.355  0.372  0.385  0.396  0.404  0.410  0.415  0.419  0.422  0.424  0.426  0.429  0.455  0.524  0.522  0.511  0.500  0.488
  70.000   70.000  0.438  0.425  0.412  0.399  0.385  0.371  0.358  0.344  0.330  0.316  0.302  0.288  0.274  0.261  0.247  0.233  0.216  0.188  0.140  0.083  0.042  0.021  0.014  0.018  0.031  0.053  0.092  0.154  0.236  0.317  0.377  0.417  0.445  0.463  0.470  0.464  0.447  0.422  0.394  0.366  0.341  0.320  0.302  0.288  0.277  0.268  0.262  0.259  0.261  0.268  0.282  0.301  0.323  0.344  0.364  0.380  0.392  0.402  0.409  0.415  0.419  0.422  0.425  0.427  0.429  0.431  0.445  0.490  0.485  0.474  0.462  0.450
  75.000   75.000  0.399  0.387  0.374  0.361  0.348  0.334  0.321  0.308  0.295  0.282  0.269  0.256  0.243  0.231  0.218  0.205  0.187  0.157  0.109  0.060  0.030  0.016  0.013  0.018  0.031  0.054  0.093  0.155  0.237  0.317  0.375  0.414  0.443  0.465  0.476  0.476  0.464  0.441  0.412  0.381  0.352  0.328  0.308  0.292  0.280  0.271  0.265  0.262  0.264  0.272  0.287  0.307  0.330  0.352  0.372  0.387  0.399  0.408  0.414  0.419  0.422  0.425  0.427  0.429  0.431  0.432  0.438  0.456  0.448  0.436  0.424  0.412
  80.000   80.000  0.362  0.349  0.337  0.324  0.312  0.299  0.287  0.275  0.262  0.250  0.238  0.226  0.215  0.204  0.192  0.179  0.161  0.128  0.082  0.043  0.021  0.012  0.012  0.019  0.032  0.055  0.095  0.158  0.239  0.316  0.372  0.410  0.439  0.463  0.479  0.485  0.478  0.459  0.430  0.398  0.366  0.338  0.315  0.297  0.283  0.273  0.267  0.264  0.267  0.276  0.292  0.314  0.337  0.360  0.379  0.393  0.404  0.412  0.418  0.422  0.425  0.428  0.430  0.431  0.432  0.433  0.434  0.423  0.410  0.398  0.386  0.374
  85.000   85.000  0.326  0.314  0.302  0.290  0.279  0.267  0.255  0.244  0.233  0.221  0.211  0.200  0.190  0.179  0.169  0.156  0.137  0.103  0.061  0.031  0.016  0.010  0.012  0.019  0.033  0.057  0.098  0.161  0.241  0.315  0.368  0.404  0.433  0.458  0.478  0.489  0.488  0.474  0.449  0.417  0.382  0.350  0.323  0.302  0.287  0.276  0.269  0.266  0.270  0.280  0.297  0.320  0.344  0.366  0.385  0.399  0.409  0.416  0.421  0.425  0.428  0.430  0.431  0.433  0.433  0.433  0.427  0.389  0.372  0.361  0.349  0.338
  90.000   90.000  0.292  0.281  0.270  0.259  0.248  0.237  0.226  0.216  0.206  0.196  0.186  0.176  0.167  0.158  0.148  0.136  0.115  0.080  0.045  0.023  0.012  0.009  0.012  0.020  0.034  0.059  0.101  0.165  0.244  0.314  0.363  0.397  0.425  0.451  0.473  0.488  0.494  0.487  0.466  0.436  0.400  0.364  0.333  0.308  0.291  0.278  0.271  0.268  0.272  0.283  0.302  0.325  0.350  0.372  0.390  0.404  0.413  0.420  0.424  0.427  0.430  0.431  0.433  0.433  0.432  0.423  0.381  0.315  0.322  0.322  0.314  0.303
  95.000   95.000  0.260  0.250  0.240  0.230  0.220  0.210  0.201  0.191  0.182  0.173  0.164  0.156  0.147  0.139  0.130  0.117  0.094  0.061  0.033  0.016  0.009  0.008  0.012  0.020  0.035  0.061  0.105  0.170  0.247  0.312  0.357  0.389  0.416  0.441  0.465  0.484  0.495  0.495  0.481  0.454  0.419  0.381  0.345  0.317  0.295  0.281  0.273  0.270  0.275  0.287  0.306  0.331  0.356  0.378  0.395  0.408  0.416  0.422  0.427  0.429  0.431  0.432  0.432  0.427  0.406  0.343  0.253  0.210  0.225  0.263  0.275  0.270
 100.000  100.000  0.229  0.222  0.213  0.204  0.195  0.186  0.177  0.169  0.161  0.153  0.145  0.137  0.130  0.123  0.114  0.100  0.076  0.046  0.024  0.012  0.007  0.008  0.013  0.021  0.037  0.064  0.110  0.176  0.250  0.310  0.351  0.380  0.405  0.430  0.454  0.476  0.492  0.498  0.492  0.471  0.439  0.400  0.361  0.327  0.302  0.285  0.275  0.272  0.277  0.290  0.310  0.335  0.361  0.382  0.399  0.411  0.419  0.425  0.428  0.430  0.431  0.427  0.412  0.368  0.297  0.238  0.207  0.191  0.183  0.188  0.210  0.229
 105.000  105.000  0.192  0.194  0.188  0.181  0.172  0.165  0.157  0.149  0.142  0.135  0.128  0.122  0.115  0.108  0.100  0.085  0.060  0.035  0.018  0.009  0.007  0.008  0.013  0.023  0.039  0.068  0.115  0.182  0.253  0.307  0.344  0.370  0.394  0.418  0.443  0.465  0.484  0.496  0.497  0.484  0.457  0.420  0.378  0.340  0.310  0.289  0.278  0.274  0.279  0.293  0.314  0.340  0.365  0.387  0.403  0.414  0.422  0.426  0.428  0.426  0.413  0.375  0.315  0.265  0.237  0.219  0.204  0.192  0.184  0.179  0.178  0.183
 110.000  110.000  0.178  0.176  0.170  0.161  0.153  0.146  0.139  0.132  0.126  0.120  0.114  0.108  0.102  0.096  0.087  0.071  0.047  0.026  0.013  0.007  0.006  0.009  0.014  0.024  0.042  0.073  0.122  0.188  0.255  0.304  0.336  0.361  0.383  0.406  0.430  0.453  0.474  0.491  0.498  0.493  0.473  0.440  0.398  0.356  0.321  0.296  0.281  0.276  0.281  0.295  0.317  0.344  0.369  0.390  0.406  0.416  0.422  0.422  0.411  0.376  0.320  0.275  0.252  0.240  0.230  0.218  0.206  0.196  0.189  0.184  0.181  0.180
 115.000  115.000  0.185  0.183  0.179  0.167  0.147  0.132  0.124  0.117  0.112  0.106  0.101  0.096  0.091  0.085  0.076  0.059  0.036  0.019  0.010  0.006  0.006  0.009  0.015  0.026  0.045  0.078  0.129  0.195  0.257  0.301  0.329  0.351  0.372  0.394  0.416  0.440  0.462  0.481  0.494  0.497  0.485  0.459  0.419  0.375  0.335  0.304  0.286  0.279  0.283  0.298  0.321  0.348  0.373  0.393  0.407  0.413  0.406  0.374  0.322  0.278  0.257  0.249  0.243  0.238  0.230  0.220  0.210  0.201  0.195  0.191  0.189  0.187
 120.000  120.000  0.193  0.192  0.191  0.188  0.180  0.155  0.125  0.109  0.100  0.095  0.091  0.086  0.082  0.076  0.066  0.048  0.028  0.014  0.008  0.005  0.006  0.010  0.016  0.028  0.049  0.084  0.136  0.201  0.259  0.297  0.321  0.341  0.361  0.381  0.403  0.426  0.449  0.470  0.487  0.496  0.492  0.474  0.440  0.396  0.352  0.315  0.292  0.282  0.285  0.300  0.323  0.350  0.375  0.391  0.393  0.369  0.323  0.282  0.262  0.254  0.250  0.246  0.243  0.238  0.231  0.223  0.214  0.208  0.203  0.199  0.197  0.195
 125.000  125.000  0.203  0.202  0.201  0.200  0.199  0.195  0.180  0.143  0.107  0.090  0.083  0.078  0.074  0.068  0.056  0.038  0.021  0.011  0.006  0.005  0.007  0.011  0.018  0.031  0.053  0.090  0.145  0.208  0.259  0.292  0.314  0.332  0.350  0.369  0.390  0.412  0.435  0.457  0.476  0.490  0.494  0.484  0.458  0.418  0.372  0.330  0.300  0.285  0.286  0.300  0.321  0.343  0.356  0.349  0.320  0.290  0.271  0.262  0.256  0.252  0.249  0.246  0.243  0.238  0.232  0.226  0.220  0.215  0.211  0.209  0.206  0.205
 130.000  130.000  0.214  0.212  0.211  0.211  0.210  0.210  0.209  0.202  0.178  0.131  0.092  0.075  0.068  0.061  0.048  0.030  0.016  0.009  0.005  0.005  0.007  0.011  0.020  0.034  0.058  0.097  0.153  0.213  0.258  0.287  0.306  0.323  0.340  0.358  0.377  0.398  0.420  0.442  0.463  0.479  0.489  0.487  0.470  0.436  0.391  0.345  0.307  0.284  0.273  0.271  0.272  0.275  0.280  0.284  0.283  0.277  0.270  0.263  0.258  0.254  0.250  0.247  0.243  0.239  0.234  0.230  0.226  0.223  0.221  0.219  0.217  0.215
 135.000  135.000  0.225  0.224  0.223  0.222  0.221  0.221  0.221  0.221  0.219  0.210  0.176  0.121  0.079  0.058  0.041  0.024  0.013  0.007  0.005  0.006  0.008  0.013  0.022  0.037  0.061  0.100  0.151  0.204  0.246  0.274  0.294  0.311  0.327  0.344  0.362  0.380  0.399  0.418  0.434  0.447  0.454  0.452  0.439  0.413  0.375  0.326  0.271  0.226  0.203  0.198  0.207  0.226  0.252  0.274  0.283  0.282  0.275  0.268  0.261  0.256  0.251  0.247  0.243  0.240  0.237  0.235  0.234  0.232  0.231  0.230  0.228  0.227
 140.000  140.000  0.237  0.236  0.234  0.233  0.232  0.232  0.231  0.231  0.231  0.231  0.227  0.213  0.168  0.098  0.047  0.023  0.012  0.009  0.009  0.011  0.014  0.019  0.025  0.035  0.050  0.070  0.097  0.130  0.168  0.206  0.241  0.269  0.291  0.307  0.318  0.325  0.327  0.324  0.316  0.303  0.287  0.269  0.250  0.230  0.210  0.188  0.173  0.170  0.173  0.181  0.196  0.218  0.246  0.273  0.288  0.289  0.283  0.274  0.265  0.258  0.252  0.247  0.243  0.241  0.240  0.241  0.241  0.242  0.242  0.241  0.240  0.239
 145.000  145.000  0.249  0.247  0.245  0.244  0.243  0.241  0.241  0.240  0.239  0.238  0.237  0.234  0.221  0.175  0.099  0.051  0.030  0.023  0.022  0.023  0.025  0.026  0.028  0.030  0.032  0.036  0.042  0.052  0.066  0.087  0.113  0.141  0.166  0.178  0.178  0.168  0.154  0.139  0.125  0.112  0.101  0.091  0.083  0.080  0.091  0.122  0.150  0.163  0.170  0.178  0.192  0.213  0.242  0.272  0.292  0.296  0.291  0.281  0.270  0.261  0.253  0.247  0.243  0.242  0.243  0.246  0.249  0.251  0.253  0.253  0.252  0.250
 150.000  150.000  0.260  0.258  0.256  0.254  0.252  0.250  0.248  0.246  0.245  0.243  0.241  0.236  0.216  0.165  0.111  0.081  0.055  0.036  0.030  0.028  0.028  0.028  0.028  0.028  0.029  0.029  0.030  0.031  0.033  0.037  0.044  0.053  0.061  0.065  0.064  0.059  0.054  0.048  0.044  0.040  0.037  0.034  0.035  0.044  0.072  0.115  0.147  0.161  0.168  0.176  0.189  0.209  0.238  0.269  0.293  0.303  0.299  0.288  0.275  0.264  0.254  0.247  0.243  0.243  0.247  0.252  0.257  0.260  0.262  0.263  0.263  0.261
 155.000  155.000  0.269  0.266  0.264  0.261  0.259  0.256  0.254  0.251  0.249  0.246  0.242  0.232  0.198  0.139  0.101  0.086  0.067  0.044  0.032  0.029  0.028  0.028  0.028  0.028  0.028  0.028  0.028  0.029  0.029  0.030  0.031  0.033  0.035  0.037  0.037  0.036  0.034  0.033  0.032  0.031  0.030  0.031  0.034  0.045  0.073  0.115  0.146  0.159  0.166  0.174  0.186  0.205  0.233  0.266  0.293  0.307  0.306  0.295  0.281  0.266  0.254  0.246  0.243  0.244  0.249  0.256  0.263  0.268  0.271  0.272  0.272  0.271
 160.000  160.000  0.276  0.273  0.270  0.267  0.263  0.260  0.257  0.254  0.250  0.247  0.240  0.221  0.172  0.118  0.096  0.088  0.076  0.053  0.036  0.030  0.029  0.029  0.028  0.028  0.028  0.028  0.028  0.028  0.029  0.029  0.030  0.033  0.036  0.038  0.040  0.040  0.039  0.039  0.038  0.038  0.039  0.040  0.043  0.053  0.078  0.117  0.145  0.157  0.164  0.172  0.183  0.201  0.228  0.261  0.291  0.310  0.311  0.301  0.285  0.268  0.254  0.245  0.242  0.244  0.251  0.260  0.268  0.274  0.278  0.279  0.279  0.278
 165.000  165.000  0.281  0.278  0.274  0.270  0.266  0.262  0.258  0.254  0.250  0.245  0.235  0.203  0.145  0.105  0.093  0.089  0.082  0.063  0.042  0.032  0.030  0.029  0.029  0.029  0.029  0.029  0.029  0.029  0.029  0.030  0.032  0.035  0.040  0.045  0.048  0.049  0.050  0.050  0.050  0.050  0.051  0.053  0.057  0.066  0.088  0.121  0.145  0.156  0.163  0.170  0.181  0.198  0.223  0.255  0.288  0.309  0.314  0.305  0.288  0.269  0.254  0.244  0.241  0.244  0.252  0.261  0.270  0.277  0.282  0.284  0.284  0.283
 170.000  170.000  0.283  0.280  0.276  0.272  0.267  0.263  0.258  0.254  0.249  0.243  0.225  0.180  0.124  0.098  0.091  0.089  0.086  0.073  0.050  0.036  0.031  0.030  0.030  0.029  0.029  0.029  0.029  0.029  0.030  0.031  0.034  0.040  0.047  0.055  0.060  0.062  0.064  0.065  0.066  0.067  0.069  0.072  0.077  0.085  0.104  0.129  0.148  0.157  0.162  0.169  0.179  0.194  0.218  0.249  0.282  0.306  0.314  0.306  0.289  0.269  0.253  0.243  0.240  0.244  0.252  0.262  0.271  0.279  0.284  0.287  0.287  0.286
 175.000  175.000  0.284  0.280  0.276  0.271  0.267  0.262  0.257  0.253  0.248  0.238  0.211  0.155  0.109  0.094  0.091  0.090  0.088  0.080  0.060  0.041  0.033  0.031  0.031  0.030  0.030  0.030  0.030  0.031  0.032  0.034  0.038  0.046  0.057  0.068  0.075  0.080  0.082  0.084  0.087  0.090  0.093  0.098  0.104  0.114  0.128  0.143  0.153  0.159  0.163  0.169  0.178  0.192  0.214  0.244  0.276  0.301  0.310  0.304  0.288  0.269  0.253  0.243  0.240  0.243  0.251  0.261  0.271  0.279  0.284  0.287  0.288  0.286
