// section 12
// js --------------------------
// js new rsigma stats that take into account whether the first
// js c=o bond vector points towards away from the other dimer
 1  1  1  2  -1.038100
 1  2  1  2  -1.038100
 1  3  1  2  -1.038100
 1  4  1  2  -1.038100
 1  5  1  2  -1.038100
 1  6  1  2  -1.038100
 1  7  1  2  -1.038100
 1  8  1  2  -2.984000
 1  9  1  2  -3.746110
 1 10  1  2  -3.746110
 1 11  1  2  -2.647500
 1 12  1  2  -1.038100
 1 13  1  2  -1.038100
 1 14  1  2  -1.038100
 1 15  1  2  -1.038100
 1 16  1  2  -1.038100
 1 17  1  2  -1.038100
 1 18  1  2  -1.038100
 2  1  1  2  -0.973500
 2  2  1  2  -0.973500
 2  3  1  2  -0.973500
 2  4  1  2  -0.973500
 2  5  1  2  -0.973500
 2  6  1  2  -0.973500
 2  7  1  2  -2.072100
 2  8  1  2  -0.973500
 2  9  1  2  -4.943820
 2 10  1  2  -5.178220
 2 11  1  2  -4.823670
 2 12  1  2  -2.919400
 2 13  1  2  -2.583000
 2 14  1  2  -0.973500
 2 15  1  2  -0.973500
 2 16  1  2  -0.973500
 2 17  1  2  -0.973500
 2 18  1  2  -0.973500
 3  1  1  2  -0.912900
 3  2  1  2  -0.912900
 3  3  1  2  -0.912900
 3  4  1  2  -0.912900
 3  5  1  2  -0.912900
 3  6  1  2  -0.912900
 3  7  1  2  -2.011500
 3  8  1  2  -4.048400
 3  9  1  2  -5.981810
 3 10  1  2  -7.006470
 3 11  1  2  -6.696730
 3 12  1  2  -4.131780
 3 13  1  2  -0.912900
 3 14  1  2  -0.912900
 3 15  1  2  -0.912900
 3 16  1  2  -0.912900
 3 17  1  2  -0.912900
 3 18  1  2  -0.912900
 4  1  1  2  -0.855700
 4  2  1  2  -0.855700
 4  3  1  2  -0.855700
 4  4  1  2  -0.855700
 4  5  1  2  -0.855700
 4  6  1  2  -2.465200
 4  7  1  2  -3.420700
 4  8  1  2  -3.900270
 4  9  1  2  -6.315330
 4 10  1  2  -8.116270
 4 11  1  2  -8.329380
 4 12  1  2  -5.298390
 4 13  1  2  -1.954400
 4 14  1  2  -0.855700
 4 15  1  2  -0.855700
 4 16  1  2  -0.855700
 4 17  1  2  -0.855700
 4 18  1  2  -0.855700
 5  1  1  2  -0.801700
 5  2  1  2  -0.801700
 5  3  1  2  -0.801700
 5  4  1  2  -0.801700
 5  5  1  2  -0.801700
 5  6  1  2  -1.900300
 5  7  1  2  -3.634900
 5  8  1  2  -5.119160
 5  9  1  2  -6.381410
 5 10  1  2  -9.110860
 5 11  1  2  -9.615860
 5 12  1  2  -6.566870
 5 13  1  2  -2.411100
 5 14  1  2  -1.900300
 5 15  1  2  -0.801700
 5 16  1  2  -0.801700
 5 17  1  2  -0.801700
 5 18  1  2  -0.801700
 6  1  1  2  -0.750400
 6  2  1  2  -0.750400
 6  3  1  2  -0.750400
 6  4  1  2  -0.750400
 6  5  1  2  -0.750400
 6  6  1  2  -2.359800
 6  7  1  2  -4.511580
 6  8  1  2  -5.325090
 6  9  1  2  -6.768980
 6 10  1  2  -8.613260
 6 11  1  2  -9.405770
 6 12  1  2  -7.032650
 6 13  1  2  -3.885880
 6 14  1  2  -3.315300
 6 15  1  2  -0.750400
 6 16  1  2  -0.750400
 6 17  1  2  -0.750400
 6 18  1  2  -0.750400
 7  1  1  2  -0.701600
 7  2  1  2  -0.701600
 7  3  1  2  -0.701600
 7  4  1  2  -0.701600
 7  5  1  2  -0.701600
 7  6  1  2  -2.311000
 7  7  1  2  -4.365150
 7  8  1  2  -5.446520
 7  9  1  2  -6.795160
 7 10  1  2  -7.145720
 7 11  1  2  -7.527050
 7 12  1  2  -6.885740
 7 13  1  2  -4.508250
 7 14  1  2  -1.800200
 7 15  1  2  -2.647500
 7 16  1  2  -0.701600
 7 17  1  2  -0.701600
 7 18  1  2  -0.701600
 8  1  1  2  -0.655100
 8  2  1  2  -0.655100
 8  3  1  2  -0.655100
 8  4  1  2  -0.655100
 8  5  1  2  -0.655100
 8  6  1  2  -3.699600
 8  7  1  2  -4.089060
 8  8  1  2  -5.417250
 8  9  1  2  -6.293430
 8 10  1  2  -6.663890
 8 11  1  2  -6.788470
 8 12  1  2  -6.368800
 8 13  1  2  -4.732610
 8 14  1  2  -1.753700
 8 15  1  2  -0.655100
 8 16  1  2  -0.655100
 8 17  1  2  -0.655100
 8 18  1  2  -0.655100
 9  1  1  2  -0.610600
 9  2  1  2  -0.610600
 9  3  1  2  -0.610600
 9  4  1  2  -0.610600
 9  5  1  2  -1.709200
 9  6  1  2  -3.906460
 9  7  1  2  -3.906460
 9  8  1  2  -5.355550
 9  9  1  2  -6.070210
 9 10  1  2  -5.971910
 9 11  1  2  -6.070210
 9 12  1  2  -5.852370
 9 13  1  2  -4.901080
 9 14  1  2  -2.807800
 9 15  1  2  -2.220100
 9 16  1  2  -0.610600
 9 17  1  2  -1.709200
 9 18  1  2  -0.610600
10  1  1  2  -0.568100
10  2  1  2  -0.568100
10  3  1  2  -0.568100
10  4  1  2  -2.177500
10  5  1  2  -2.765300
10  6  1  2  -4.002050
10  7  1  2  -4.802170
10  8  1  2  -5.598500
10  9  1  2  -5.809810
10 10  1  2  -5.809810
10 11  1  2  -5.732850
10 12  1  2  -5.572010
10 13  1  2  -4.858520
10 14  1  2  -3.935360
10 15  1  2  -1.666700
10 16  1  2  -1.666700
10 17  1  2  -0.568100
10 18  1  2  -1.666700
11  1  1  2  -0.527200
11  2  1  2  -0.527200
11  3  1  2  -0.527200
11  4  1  2  -1.625900
11  5  1  2  -3.746110
11  6  1  2  -4.190800
11  7  1  2  -4.761350
11  8  1  2  -5.897880
11  9  1  2  -5.850250
11 10  1  2  -5.789930
11 11  1  2  -5.371430
11 12  1  2  -5.608640
11 13  1  2  -5.306360
11 14  1  2  -4.288440
11 15  1  2  -3.092200
11 16  1  2  -0.527200
11 17  1  2  -0.527200
11 18  1  2  -0.527200
12  1  1  2  -0.488000
12  2  1  2  -0.488000
12  3  1  2  -0.488000
12  4  1  2  -3.623500
12  5  1  2  -4.722120
12  6  1  2  -4.692710
12  7  1  2  -5.197550
12  8  1  2  -5.544260
12  9  1  2  -5.740290
12 10  1  2  -5.478450
12 11  1  2  -5.347830
12 12  1  2  -5.363220
12 13  1  2  -5.103140
12 14  1  2  -4.722120
12 15  1  2  -3.984530
12 16  1  2  -3.196100
12 17  1  2  -0.488000
12 18  1  2  -0.488000

// section 11
 1  1  1  1  -0.552300
 1  2  1  1  -0.552300
 1  3  1  1  -0.552300
 1  4  1  1  -0.552300
 1  5  1  1  -0.552300
 1  6  1  1  -0.552300
 1  7  1  1  -0.552300
 1  8  1  1  -0.552300
 1  9  1  1  -0.552300
 1 10  1  1  -1.651000
 1 11  1  1  -0.552300
 1 12  1  1  -0.552300
 1 13  1  1  -0.552300
 1 14  1  1  -0.552300
 1 15  1  1  -0.552300
 1 16  1  1  -0.552300
 1 17  1  1  -0.552300
 1 18  1  1  -0.552300
 2  1  1  1  -0.487800
 2  2  1  1  -0.487800
 2  3  1  1  -0.487800
 2  4  1  1  -0.487800
 2  5  1  1  -0.487800
 2  6  1  1  -0.487800
 2  7  1  1  -0.487800
 2  8  1  1  -0.487800
 2  9  1  1  -0.487800
 2 10  1  1  -1.586400
 2 11  1  1  -2.097200
 2 12  1  1  -1.586400
 2 13  1  1  -0.487800
 2 14  1  1  -0.487800
 2 15  1  1  -0.487800
 2 16  1  1  -0.487800
 2 17  1  1  -0.487800
 2 18  1  1  -0.487800
 3  1  1  1  -0.427200
 3  2  1  1  -0.427200
 3  3  1  1  -0.427200
 3  4  1  1  -0.427200
 3  5  1  1  -0.427200
 3  6  1  1  -1.525800
 3  7  1  1  -2.036600
 3  8  1  1  -2.036600
 3  9  1  1  -0.427200
 3 10  1  1  -2.373100
 3 11  1  1  -1.525800
 3 12  1  1  -2.992100
 3 13  1  1  -2.373100
 3 14  1  1  -0.427200
 3 15  1  1  -0.427200
 3 16  1  1  -0.427200
 3 17  1  1  -0.427200
 3 18  1  1  -0.427200
 4  1  1  1  -0.370000
 4  2  1  1  -0.370000
 4  3  1  1  -0.370000
 4  4  1  1  -0.370000
 4  5  1  1  -0.370000
 4  6  1  1  -0.370000
 4  7  1  1  -2.315900
 4  8  1  1  -2.567200
 4  9  1  1  -2.767900
 4 10  1  1  -3.588900
 4 11  1  1  -3.414500
 4 12  1  1  -4.033580
 4 13  1  1  -3.804010
 4 14  1  1  -0.370000
 4 15  1  1  -0.370000
 4 16  1  1  -0.370000
 4 17  1  1  -0.370000
 4 18  1  1  -0.370000
 5  1  1  1  -0.316000
 5  2  1  1  -0.316000
 5  3  1  1  -0.316000
 5  4  1  1  -0.316000
 5  5  1  1  -0.316000
 5  6  1  1  -1.925400
 5  7  1  1  -3.683200
 5  8  1  1  -4.122610
 5  9  1  1  -3.812460
 5 10  1  1  -3.683200
 5 11  1  1  -3.360500
 5 12  1  1  -4.969910
 5 13  1  1  -4.869830
 5 14  1  1  -3.149200
 5 15  1  1  -0.316000
 5 16  1  1  -0.316000
 5 17  1  1  -0.316000
 5 18  1  1  -0.316000
 6  1  1  1  -0.264700
 6  2  1  1  -0.264700
 6  3  1  1  -0.264700
 6  4  1  1  -0.264700
 6  5  1  1  -0.264700
 6  6  1  1  -2.829600
 6  7  1  1  -5.680760
 6  8  1  1  -5.076840
 6  9  1  1  -4.271990
 6 10  1  1  -4.234950
 6 11  1  1  -3.761170
 6 12  1  1  -5.567960
 6 13  1  1  -6.108200
 6 14  1  1  -4.956010
 6 15  1  1  -1.874100
 6 16  1  1  -0.264700
 6 17  1  1  -0.264700
 6 18  1  1  -0.264700
 7  1  1  1  -0.215900
 7  2  1  1  -0.215900
 7  3  1  1  -0.215900
 7  4  1  1  -0.215900
 7  5  1  1  -0.215900
 7  6  1  1  -5.011660
 7  7  1  1  -7.313420
 7  8  1  1  -6.580620
 7  9  1  1  -4.726730
 7 10  1  1  -4.748470
 7 11  1  1  -2.923900
 7 12  1  1  -5.700670
 7 13  1  1  -6.799280
 7 14  1  1  -6.059410
 7 15  1  1  -2.161800
 7 16  1  1  -0.215900
 7 17  1  1  -0.215900
 7 18  1  1  -0.215900
 8  1  1  1  -0.169300
 8  2  1  1  -0.169300
 8  3  1  1  -0.169300
 8  4  1  1  -0.169300
 8  5  1  1  -0.169300
 8  6  1  1  -6.132930
 8  7  1  1  -8.735140
 8  8  1  1  -7.789560
 8  9  1  1  -5.199790
 8 10  1  1  -4.981530
 8 11  1  1  -3.882920
 8 12  1  1  -5.059700
 8 13  1  1  -7.329420
 8 14  1  1  -7.217740
 8 15  1  1  -4.723230
 8 16  1  1  -0.169300
 8 17  1  1  -0.169300
 8 18  1  1  -0.169300
 9  1  1  1  -0.124900
 9  2  1  1  -0.124900
 9  3  1  1  -0.124900
 9  4  1  1  -1.223500
 9  5  1  1  -3.069300
 9  6  1  1  -6.756900
 9  7  1  1  -8.997660
 9  8  1  1  -7.292710
 9  9  1  1  -5.704630
 9 10  1  1  -4.442390
 9 11  1  1  -4.202430
 9 12  1  1  -4.567550
 9 13  1  1  -7.550850
 9 14  1  1  -8.291970
 9 15  1  1  -5.617960
 9 16  1  1  -1.223500
 9 17  1  1  -1.223500
 9 18  1  1  -0.124900
10  1  1  1  -0.082300
10  2  1  1  -0.082300
10  3  1  1  -0.082300
10  4  1  1  -1.180900
10  5  1  1  -3.932490
10  6  1  1  -6.858840
10  7  1  1  -8.186740
10  8  1  1  -6.228670
10  9  1  1  -5.720690
10 10  1  1  -4.548250
10 11  1  1  -4.451790
10 12  1  1  -4.548250
10 13  1  1  -7.242410
10 14  1  1  -8.619920
10 15  1  1  -6.349540
10 16  1  1  -3.026800
10 17  1  1  -1.180900
10 18  1  1  -1.180900
11  1  1  1  -0.041500
11  2  1  1  -0.041500
11  3  1  1  -0.041500
11  4  1  1  -1.987400
11  5  1  1  -4.275620
11  6  1  1  -6.582550
11  7  1  1  -6.915710
11  8  1  1  -6.166200
11  9  1  1  -5.483930
11 10  1  1  -4.595390
11 11  1  1  -4.616230
11 12  1  1  -4.931860
11 13  1  1  -6.246070
11 14  1  1  -8.296560
11 15  1  1  -6.734840
11 16  1  1  -3.337400
11 17  1  1  -1.140100
11 18  1  1  -0.041500
12  1  1  1  -0.002300
12  2  1  1  -0.002300
12  3  1  1  -0.002300
12  4  1  1  -2.199500
12  5  1  1  -4.729680
12  6  1  1  -6.131350
12  7  1  1  -5.729140
12  8  1  1  -5.604410
12  9  1  1  -5.211780
12 10  1  1  -4.892640
12 11  1  1  -4.992730
12 12  1  1  -5.275290
12 13  1  1  -5.945090
12 14  1  1  -7.716970
12 15  1  1  -6.693140
12 16  1  1  -3.972590
12 17  1  1  -1.948200
12 18  1  1  -0.002300

// section 22
 1  1  2  2  -0.550000
 1  2  2  2  -0.550000
 1  3  2  2  -0.550000
 1  4  2  2  -0.550000
 1  5  2  2  -0.550000
 1  6  2  2  -0.550000
 1  7  2  2  -0.550000
 1  8  2  2  -2.159400
 1  9  2  2  -0.550000
 1 10  2  2  -2.159400
 1 11  2  2  -0.550000
 1 12  2  2  -0.550000
 1 13  2  2  -0.550000
 1 14  2  2  -0.550000
 1 15  2  2  -0.550000
 1 16  2  2  -0.550000
 1 17  2  2  -0.550000
 1 18  2  2  -0.550000
 2  1  2  2  -0.485500
 2  2  2  2  -0.485500
 2  3  2  2  -0.485500
 2  4  2  2  -0.485500
 2  5  2  2  -0.485500
 2  6  2  2  -1.584100
 2  7  2  2  -3.050400
 2  8  2  2  -2.094900
 2  9  2  2  -2.431400
 2 10  2  2  -1.584100
 2 11  2  2  -0.485500
 2 12  2  2  -0.485500
 2 13  2  2  -0.485500
 2 14  2  2  -0.485500
 2 15  2  2  -0.485500
 2 16  2  2  -0.485500
 2 17  2  2  -0.485500
 2 18  2  2  -0.485500
 3  1  2  2  -0.424800
 3  2  2  2  -0.424800
 3  3  2  2  -0.424800
 3  4  2  2  -0.424800
 3  5  2  2  -0.424800
 3  6  2  2  -3.258000
 3  7  2  2  -4.231500
 3  8  2  2  -3.980180
 3  9  2  2  -2.370700
 3 10  2  2  -1.523400
 3 11  2  2  -2.822700
 3 12  2  2  -0.424800
 3 13  2  2  -0.424800
 3 14  2  2  -0.424800
 3 15  2  2  -0.424800
 3 16  2  2  -0.424800
 3 17  2  2  -0.424800
 3 18  2  2  -0.424800
 4  1  2  2  -0.367700
 4  2  2  2  -0.367700
 4  3  2  2  -0.367700
 4  4  2  2  -0.367700
 4  5  2  2  -3.312100
 4  6  2  2  -3.412200
 4  7  2  2  -5.509340
 4  8  2  2  -4.128880
 4  9  2  2  -3.075700
 4 10  2  2  -2.765600
 4 11  2  2  -2.765600
 4 12  2  2  -2.765600
 4 13  2  2  -0.367700
 4 14  2  2  -0.367700
 4 15  2  2  -0.367700
 4 16  2  2  -0.367700
 4 17  2  2  -0.367700
 4 18  2  2  -0.367700
 5  1  2  2  -0.313600
 5  2  2  2  -0.313600
 5  3  2  2  -0.313600
 5  4  2  2  -1.412200
 5  5  2  2  -3.021700
 5  6  2  2  -4.779520
 5  7  2  2  -6.825360
 5  8  2  2  -4.657420
 5  9  2  2  -3.358100
 5 10  2  2  -3.609400
 5 11  2  2  -4.245440
 5 12  2  2  -3.021700
 5 13  2  2  -1.412200
 5 14  2  2  -0.313600
 5 15  2  2  -0.313600
 5 16  2  2  -0.313600
 5 17  2  2  -0.313600
 5 18  2  2  -0.313600
 6  1  2  2  -0.262300
 6  2  2  2  -0.262300
 6  3  2  2  -0.262300
 6  4  2  2  -1.871800
 6  5  2  2  -2.208200
 6  6  2  2  -6.862190
 6  7  2  2  -7.463490
 6  8  2  2  -4.837030
 6  9  2  2  -4.436700
 6 10  2  2  -4.916280
 6 11  2  2  -5.687270
 6 12  2  2  -4.405450
 6 13  2  2  -2.208200
 6 14  2  2  -0.262300
 6 15  2  2  -1.360900
 6 16  2  2  -0.262300
 6 17  2  2  -0.262300
 6 18  2  2  -0.262300
 7  1  2  2  -0.213500
 7  2  2  2  -0.213500
 7  3  2  2  -0.213500
 7  4  2  2  -0.213500
 7  5  2  2  -4.256580
 7  6  2  2  -8.696750
 7  7  2  2  -7.275720
 7  8  2  2  -4.746130
 7  9  2  2  -4.145350
 7 10  2  2  -4.923060
 7 11  2  2  -6.725270
 7 12  2  2  -5.620700
 7 13  2  2  -2.611400
 7 14  2  2  -0.213500
 7 15  2  2  -0.213500
 7 16  2  2  -0.213500
 7 17  2  2  -0.213500
 7 18  2  2  -0.213500
 8  1  2  2  -0.167000
 8  2  2  2  -0.167000
 8  3  2  2  -0.167000
 8  4  2  2  -1.265600
 8  5  2  2  -6.383610
 8  6  2  2  -9.098560
 8  7  2  2  -6.418910
 8  8  2  2  -4.561460
 8  9  2  2  -4.174340
 8 10  2  2  -4.979190
 8 11  2  2  -7.462060
 8 12  2  2  -7.337890
 8 13  2  2  -3.722400
 8 14  2  2  -0.167000
 8 15  2  2  -0.167000
 8 16  2  2  -0.167000
 8 17  2  2  -0.167000
 8 18  2  2  -0.167000
 9  1  2  2  -0.122600
 9  2  2  2  -0.122600
 9  3  2  2  -0.122600
 9  4  2  2  -1.221200
 9  5  2  2  -7.827370
 9  6  2  2  -8.067400
 9  7  2  2  -5.809530
 9  8  2  2  -4.966740
 9  9  2  2  -4.327250
 9 10  2  2  -4.884730
 9 11  2  2  -7.072410
 9 12  2  2  -8.543900
 9 13  2  2  -5.252450
 9 14  2  2  -1.732000
 9 15  2  2  -0.122600
 9 16  2  2  -0.122600
 9 17  2  2  -0.122600
 9 18  2  2  -0.122600
10  1  2  2  -0.080000
10  2  2  2  -0.080000
10  3  2  2  -1.689400
10  4  2  2  -2.913200
10  5  2  2  -7.579420
10  6  2  2  -6.907620
10  7  2  2  -5.422330
10  8  2  2  -5.161400
10  9  2  2  -4.590850
10 10  2  2  -4.970340
10 11  2  2  -6.331900
10 12  2  2  -8.504850
10 13  2  2  -6.881280
10 14  2  2  -2.644900
10 15  2  2  -0.080000
10 16  2  2  -1.178600
10 17  2  2  -0.080000
10 18  2  2  -0.080000
11  1  2  2  -0.039200
11  2  2  2  -1.137800
11  3  2  2  -2.437100
11  4  2  2  -4.356660
11  5  2  2  -6.159470
11  6  2  2  -6.109910
11  7  2  2  -5.082600
11  8  2  2  -5.203960
11  9  2  2  -5.029610
11 10  2  2  -5.180840
11 11  2  2  -5.633880
11 12  2  2  -7.850740
11 13  2  2  -8.236990
11 14  2  2  -3.258000
11 15  2  2  -2.604100
11 16  2  2  -1.648600
11 17  2  2  -0.039200
11 18  2  2  -0.039200
12  1  2  2  0.000000
12  2  2  2  -2.197200
12  3  2  2  -2.708000
12  4  2  2  -5.093700
12  5  2  2  -5.802070
12  6  2  2  -5.587200
12  7  2  2  -5.198450
12  8  2  2  -5.459540
12  9  2  2  -5.068860
12 10  2  2  -5.272950
12 11  2  2  -5.370590
12 12  2  2  -6.597100
12 13  2  2  -7.631870
12 14  2  2  -5.043380
12 15  2  2  -3.218800
12 16  2  2  -2.833200
12 17  2  2  -2.197200
12 18  2  2  0.000000

// section 21
 1  1  2  1  -0.974100
 1  2  2  1  -0.974100
 1  3  2  1  -0.974100
 1  4  2  1  -0.974100
 1  5  2  1  -0.974100
 1  6  2  1  -0.974100
 1  7  2  1  -0.974100
 1  8  2  1  -2.920000
 1  9  2  1  -3.171400
 1 10  2  1  -0.974100
 1 11  2  1  -2.583600
 1 12  2  1  -0.974100
 1 13  2  1  -0.974100
 1 14  2  1  -0.974100
 1 15  2  1  -0.974100
 1 16  2  1  -0.974100
 1 17  2  1  -0.974100
 1 18  2  1  -0.974100
 2  1  2  1  -0.909600
 2  2  2  1  -0.909600
 2  3  2  1  -0.909600
 2  4  2  1  -0.909600
 2  5  2  1  -0.909600
 2  6  2  1  -0.909600
 2  7  2  1  -0.909600
 2  8  2  1  -4.343580
 2  9  2  1  -6.015540
 2 10  2  1  -4.205430
 2 11  2  1  -2.008200
 2 12  2  1  -2.519000
 2 13  2  1  -0.909600
 2 14  2  1  -0.909600
 2 15  2  1  -0.909600
 2 16  2  1  -0.909600
 2 17  2  1  -0.909600
 2 18  2  1  -0.909600
 3  1  2  1  -0.849000
 3  2  2  1  -0.849000
 3  3  2  1  -0.849000
 3  4  2  1  -0.849000
 3  5  2  1  -0.849000
 3  6  2  1  -0.849000
 3  7  2  1  -3.046200
 3  8  2  1  -5.990630
 3  9  2  1  -7.627760
 3 10  2  1  -6.013760
 3 11  2  1  -2.794900
 3 12  2  1  -2.458400
 3 13  2  1  -0.849000
 3 14  2  1  -0.849000
 3 15  2  1  -0.849000
 3 16  2  1  -0.849000
 3 17  2  1  -0.849000
 3 18  2  1  -0.849000
 4  1  2  1  -0.791800
 4  2  2  1  -0.791800
 4  3  2  1  -0.791800
 4  4  2  1  -0.791800
 4  5  2  1  -0.791800
 4  6  2  1  -2.401300
 4  7  2  1  -3.736250
 4  8  2  1  -6.512120
 4  9  2  1  -8.856760
 4 10  2  1  -7.235940
 4 11  2  1  -4.010690
 4 12  2  1  -2.401300
 4 13  2  1  -1.890400
 4 14  2  1  -0.791800
 4 15  2  1  -0.791800
 4 16  2  1  -0.791800
 4 17  2  1  -0.791800
 4 18  2  1  -0.791800
 5  1  2  1  -0.737700
 5  2  2  1  -0.737700
 5  3  2  1  -0.737700
 5  4  2  1  -0.737700
 5  5  2  1  -0.737700
 5  6  2  1  -2.683700
 5  7  2  1  -4.171730
 5  8  2  1  -7.436010
 5  9  2  1  -9.773380
 5 10  2  1  -8.510500
 5 11  2  1  -4.669570
 5 12  2  1  -3.445800
 5 13  2  1  -1.836400
 5 14  2  1  -0.737700
 5 15  2  1  -0.737700
 5 16  2  1  -0.737700
 5 17  2  1  -0.737700
 5 18  2  1  -0.737700
 6  1  2  1  -0.686500
 6  2  2  1  -0.686500
 6  3  2  1  -0.686500
 6  4  2  1  -0.686500
 6  5  2  1  -0.686500
 6  6  2  1  -0.686500
 6  7  2  1  -4.297370
 6  8  2  1  -7.670240
 6  9  2  1  -9.274480
 6 10  2  1  -8.780530
 6 11  2  1  -5.395980
 6 12  2  1  -2.632400
 6 13  2  1  -3.084300
 6 14  2  1  -0.686500
 6 15  2  1  -0.686500
 6 16  2  1  -0.686500
 6 17  2  1  -0.686500
 6 18  2  1  -0.686500
 7  1  2  1  -0.637700
 7  2  2  1  -0.637700
 7  3  2  1  -0.637700
 7  4  2  1  -0.637700
 7  5  2  1  -1.736300
 7  6  2  1  -3.682200
 7  7  2  1  -4.645000
 7  8  2  1  -6.967380
 7  9  2  1  -7.766160
 7 10  2  1  -7.608390
 7 11  2  1  -5.416790
 7 12  2  1  -3.773160
 7 13  2  1  -3.345700
 7 14  2  1  -2.834900
 7 15  2  1  -2.247100
 7 16  2  1  -0.637700
 7 17  2  1  -0.637700
 7 18  2  1  -0.637700
 8  1  2  1  -0.591100
 8  2  2  1  -0.591100
 8  3  2  1  -0.591100
 8  4  2  1  -0.591100
 8  5  2  1  -2.788400
 8  6  2  1  -4.087650
 8  7  2  1  -4.702020
 8  8  2  1  -6.084200
 8  9  2  1  -6.877140
 8 10  2  1  -6.827510
 8 11  2  1  -5.980210
 8 12  2  1  -4.087650
 8 13  2  1  -3.635700
 8 14  2  1  -4.202060
 8 15  2  1  -2.537100
 8 16  2  1  -0.591100
 8 17  2  1  -0.591100
 8 18  2  1  -0.591100
 9  1  2  1  -0.546700
 9  2  2  1  -0.546700
 9  3  2  1  -0.546700
 9  4  2  1  -0.546700
 9  5  2  1  -3.254700
 9  6  2  1  -4.102040
 9  7  2  1  -4.916140
 9  8  2  1  -5.788440
 9  9  2  1  -5.777800
 9 10  2  1  -6.126420
 9 11  2  1  -5.997730
 9 12  2  1  -4.721080
 9 13  2  1  -4.102040
 9 14  2  1  -4.157610
 9 15  2  1  -3.111600
 9 16  2  1  -1.645300
 9 17  2  1  -0.546700
 9 18  2  1  -0.546700
10  1  2  1  -0.504100
10  2  2  1  -0.504100
10  3  2  1  -0.504100
10  4  2  1  -0.504100
10  5  2  1  -3.548700
10  6  2  1  -4.873580
10  7  2  1  -5.176960
10  8  2  1  -5.756400
10  9  2  1  -5.573030
10 10  2  1  -5.702630
10 11  2  1  -5.668920
10 12  2  1  -5.078840
10 13  2  1  -4.678520
10 14  2  1  -4.310790
10 15  2  1  -4.217700
10 16  2  1  -2.113600
10 17  2  1  -0.504100
10 18  2  1  -0.504100
11  1  2  1  -0.463300
11  2  2  1  -0.463300
11  3  2  1  -0.463300
11  4  2  1  -2.409200
11  5  2  1  -4.313460
11  6  2  1  -5.225480
11  7  2  1  -5.493750
11  8  2  1  -5.353660
11  9  2  1  -5.154660
11 10  2  1  -5.397780
11 11  2  1  -5.726000
11 12  2  1  -5.480590
11 13  2  1  -4.018660
11 14  2  1  -4.313460
11 15  2  1  -4.574180
11 16  2  1  -2.861200
11 17  2  1  -0.463300
11 18  2  1  -1.561900
12  1  2  1  -0.424100
12  2  2  1  -0.424100
12  3  2  1  -2.822000
12  4  2  1  -3.132100
12  5  2  1  -5.115440
12  6  2  1  -5.697090
12  7  2  1  -5.747100
12  8  2  1  -5.386930
12  9  2  1  -5.019210
12 10  2  1  -5.186260
12 11  2  1  -5.775950
12 12  2  1  -5.600240
12 13  2  1  -4.394380
12 14  2  1  -3.257300
12 15  2  1  -3.920600
12 16  2  1  -3.643000
12 17  2  1  -1.522700
12 18  2  1  -0.424100