# Full atom score for positive charge repulsion
# This score was generated by Yifan Song in 2009.

# Units: angstroms squared
@minimum	0
@maximum	16
@step	0.05
@periodic	false
@bins	left
@interpolator spline

1.500000
1.500000
1.500000
1.500000
1.500000
1.500000
1.500000
1.500000
1.500000
1.500000
1.500000
1.500000
1.500000
1.500000
1.500000
1.500000
1.500000
1.500000
1.500000
1.500000
1.500000
1.500000
1.500000
1.500000
1.500000
1.500000
1.500000
1.500000
1.500000
1.500000
1.500000
1.500000
1.500000
1.500000
1.500000
1.500000
1.500000
1.500000
1.500000
1.500000
1.500000
1.500000
1.500000
1.500000
1.500000
1.500000
1.500000
1.500000
1.500000
1.500000
1.500000
1.500000
1.500000
1.500000
1.500000
1.500000
1.500000
1.500000
1.500000
1.500000
1.500000
1.500000
1.500000
1.500000
1.500000
1.500000
1.500000
1.500000
1.500000
1.500000
1.500000
1.500000
1.500000
1.500000
1.500000
1.500000
1.500000
1.500000
1.500000
1.500000
1.500000
1.500000
1.500000
1.500000
1.500000
1.494713
1.488865
1.482474
1.475558
1.468134
1.460220
1.451833
1.442988
1.433703
1.423992
1.413871
1.403356
1.392460
1.381199
1.369586
1.357637
1.345363
1.332779
1.319897
1.306730
1.293291
1.279592
1.265646
1.251464
1.237057
1.222437
1.207616
1.192603
1.177410
1.162047
1.146526
1.130855
1.115044
1.099104
1.083044
1.066874
1.050603
1.034239
1.017792
1.001271
0.984683
0.968039
0.951344
0.934609
0.917840
0.901047
0.884236
0.867415
0.850591
0.833773
0.816966
0.800179
0.783417
0.766689
0.750000
0.733358
0.716768
0.700238
0.683773
0.667379
0.651064
0.634832
0.618689
0.602643
0.586697
0.570858
0.555131
0.539522
0.524036
0.508679
0.493454
0.478368
0.463426
0.448632
0.433991
0.419509
0.405190
0.391037
0.377057
0.363254
0.349631
0.336194
0.322946
0.309892
0.297035
0.284381
0.271934
0.259696
0.247672
0.235866
0.224282
0.212923
0.201793
0.190895
0.180235
0.169814
0.159636
0.149705
0.140024
0.130597
0.121426
0.112515
0.103868
0.095486
0.087374
0.079535
0.071971
0.064685
0.057681
0.050961
0.044528
0.038385
0.032535
0.026980
0.021723
0.016766
0.012113
0.007766
0.003728
0.000000
0.000000
0.000000
0.000000
0.000000
0.000000
0.000000
0.000000
0.000000
0.000000
0.000000
0.000000
0.000000
0.000000
0.000000
0.000000
0.000000
0.000000
0.000000
0.000000
0.000000
0.000000
0.000000
0.000000
0.000000
0.000000
0.000000
0.000000
0.000000
0.000000
0.000000
0.000000
0.000000
0.000000
0.000000
0.000000
0.000000
0.000000
0.000000
0.000000
0.000000
0.000000
0.000000
0.000000
0.000000
0.000000
0.000000
0.000000
0.000000
0.000000
0.000000
0.000000
0.000000
0.000000
0.000000
0.000000
0.000000
0.000000
0.000000
0.000000
0.000000
0.000000
0.000000
0.000000
0.000000
0.000000
0.000000
0.000000
0.000000
0.000000
0.000000
0.000000
0.000000
0.000000
0.000000
0.000000
0.000000
0.000000
0.000000
0.000000
0.000000
0.000000
0.000000
0.000000
0.000000
0.000000
0.000000
0.000000
0.000000
0.000000
0.000000
0.000000
0.000000
0.000000
0.000000
0.000000
0.000000
0.000000
0.000000
0.000000
0.000000
0.000000
0.000000
0.000000
0.000000
0.000000
0.000000
0.000000
0.000000
0.000000
0.000000
0.000000
0.000000
0.000000
0.000000
0.000000
