0 0 5 5 14.2411783118595 179.966384867667 5.99296316497331
0 1 5 15 14.0193680339719 179.9670527091 5.99417736509113
0 2 5 25 11.6084854817376 180.012199200665 5.9644586418898
0 3 5 35 7.37956759498141 180.227606915576 5.91587895209319
0 4 5 45 4.42708615522181 180.565090403968 5.8635907309733
0 5 5 55 3.33321680566409 180.587944784895 5.76305900232409
0 6 5 65 3.27503985646012 180.19484548947 5.81118649457479
0 7 5 75 3.94852741161254 179.741336680548 6.12037105015145
0 8 5 85 5.75779125228509 179.53242650008 6.18994733737721
0 9 5 95 9.25050414196593 179.725478418756 6.06557104960593
0 10 5 105 12.7364819267782 179.922790496117 6.00490360971141
0 11 5 115 14.2788038252859 179.964486761161 5.99856630071922
0 12 5 125 14.5224197840077 179.9640018 5.99880006
0 13 5 135 14.5224197840077 179.9640018 5.99880006
0 14 5 145 14.5224197840077 179.9640018 5.99880006
0 15 5 155 14.5224197840077 179.9640018 5.99880006
0 16 5 165 14.4116635233448 179.964170558608 5.99793592100266
0 17 5 175 13.4751194413031 180.014361911601 5.99054795498154
0 18 5 185 10.5341118112388 180.270243492929 5.94075031514077
0 19 5 195 6.29254281450697 180.628448401321 5.77875632956036
0 20 5 205 3.27191124302857 180.584870088289 5.59585493150448
0 21 5 215 1.72425803568869 180.216478627944 5.60879253934722
0 22 5 225 0.711235301845923 180.04798070784 5.68527782168751
0 23 5 235 0.0329976286272048 180.251488399676 5.68025855596616
0 24 5 245 -0.26458250267155 180.507054186953 5.60450702078605
0 25 5 255 -0.321057465921459 180.495628491032 5.46768108759486
0 26 5 265 -0.312588569100041 180.259026419377 5.35681628352455
0 27 5 275 -0.343773698722019 180.092909635088 5.27068229751942
0 28 5 285 -0.400191041939149 180.089163504165 5.13334555431633
0 29 5 295 -0.335287727650956 180.179795873536 5.08293516415525
0 30 5 305 0.211727242298898 180.306541061192 5.14380016877606
0 31 5 315 1.79354571626381 180.308458277349 5.30408396573564
0 32 5 325 4.58353003746608 180.134257454726 5.60906180284638
0 33 5 335 7.62703412559708 180.013900934521 5.83684383600233
0 34 5 345 10.222781134349 179.989509069249 5.91504672614712
0 35 5 355 12.8283000104509 179.976256840898 5.96282274721484
1 0 15 5 14.4049771490162 179.964997792792 5.9958691475181
1 1 15 15 14.1246932207275 179.973508354121 5.9946616264489
1 2 15 25 11.8895700227225 180.061950218615 5.97423716898553
1 3 15 35 7.72446179516549 180.327263948169 5.9630629220823
1 4 15 45 4.6879608135886 180.539385980619 6.01165119187465
1 5 15 55 3.61252171297643 180.246722890221 5.99473856728831
1 6 15 65 3.59725916851174 179.719790181338 5.87249174194886
1 7 15 75 4.0919231380932 179.455271900639 5.91375287986798
1 8 15 85 5.36654913516953 179.434970469731 5.99027614376273
1 9 15 95 8.49191081991304 179.697173848111 6.00114473525169
1 10 15 105 12.3055323527707 179.91552322434 5.9987932120665
1 11 15 115 14.2011294799666 179.963637697832 5.99882830827014
1 12 15 125 14.5224197840077 179.9640018 5.99880006
1 13 15 135 14.5055760843702 179.962875815887 5.99982709273269
1 14 15 145 14.4161465482324 179.957485966507 6.00476442432612
1 15 15 155 14.2844164065496 179.951291808674 6.01050808284453
1 16 15 165 14.1812342415841 179.95398434452 6.00723018564365
1 17 15 175 13.413471214302 179.9789806437 5.99577653653241
1 18 15 185 10.7515035994867 180.056143130825 5.96105423333282
1 19 15 195 6.79858114764799 180.058228943648 5.84256695638283
1 20 15 205 3.79545157183193 179.773889442477 5.64153527185936
1 21 15 215 2.14468769951141 179.389713283017 5.51471061705816
1 22 15 225 1.07965256251418 179.152168640889 5.4985764921831
1 23 15 235 0.365396912578857 179.164728370357 5.46435123800363
1 24 15 245 0.0531168868749336 179.332991376374 5.38230347819046
1 25 15 255 0.0151666829332945 179.335724882353 5.32490638214632
1 26 15 265 0.0377203376572187 179.052514999111 5.35985792976922
1 27 15 275 -0.0121569748416987 178.969574897609 5.35037127786973
1 28 15 285 -0.12006313977796 179.196370889146 5.23466666979593
1 29 15 295 -0.140291158775448 179.544466779874 5.18673523897219
1 30 15 305 0.295903874825279 179.940181311135 5.19157131418353
1 31 15 315 1.94745563363327 180.109226719031 5.26475382844615
1 32 15 325 5.49618139613489 179.99149818188 5.54737699250729
1 33 15 335 9.73642676670865 179.938405002109 5.83130905772924
1 34 15 345 12.3695503064342 179.965402979681 5.94667812962987
1 35 15 355 13.7764754419606 179.969894276983 5.98147630858457
2 0 25 5 14.4867217553047 179.962421740804 6.00038196372201
2 1 25 15 14.2292270432156 179.974528875006 5.99538782102089
2 2 25 25 12.4865679272217 180.065799210046 5.97661704743694
2 3 25 35 8.8854113782413 180.323592340809 5.96899328427973
2 4 25 45 5.6785263703956 180.497582122215 6.06992028936196
2 5 25 55 4.22772619673129 180.135850122818 6.19720077622388
2 6 25 65 4.00768628666018 179.544603182106 6.10658953096333
2 7 25 75 4.4685656644248 179.322888171979 5.94541778534543
2 8 25 85 6.05312458541624 179.428571974422 5.92188186647957
2 9 25 95 9.32998963040446 179.719310325467 5.97221052285871
2 10 25 105 12.7284617658931 179.917524111557 5.99719047730649
2 11 25 115 14.2735118689989 179.962438439013 5.99928233257159
2 12 25 125 14.5224197840077 179.9640018 5.99880006
2 13 25 135 14.4119624527413 179.955022054967 6.0066795739395
2 14 25 145 13.8253460627229 179.912002883636 6.04465891128067
2 15 25 155 12.9606035669602 179.862432758619 6.08918144829366
2 16 25 165 12.7735295925935 179.883501791937 6.0687595366143
2 17 25 175 12.1637294438919 179.922746869965 6.0089326583287
2 18 25 185 9.45464138468863 179.883291611888 5.9315251488149
2 19 25 195 6.18123748763021 179.668922451535 5.79902314619026
2 20 25 205 3.89306739926644 179.256992897935 5.61179834710105
2 21 25 215 2.44095904879607 178.834229424311 5.42034868692326
2 22 25 225 1.38742531545419 178.479409454324 5.26295495540305
2 23 25 235 0.657724876927395 178.251460201752 5.1234293136835
2 24 25 245 0.3189608520399 178.339316360474 5.0053535610712
2 25 25 255 0.253154182198306 178.417607252236 4.99337543535977
2 26 25 265 0.23877908160141 178.169440486321 5.11259568778114
2 27 25 275 0.16878459147162 178.144610742339 5.17854772041393
2 28 25 285 0.0725552112600527 178.536167696106 5.20985646554753
2 29 25 295 0.059134256237348 179.078198165528 5.28869230341897
2 30 25 305 0.497783591486958 179.645335681186 5.3087008377938
2 31 25 315 2.28569675006246 179.930585753372 5.34653907324758
2 32 25 325 6.28049228627899 179.89786257853 5.60722483625811
2 33 25 335 11.0275170964365 179.886056497917 5.89634990005918
2 34 25 345 13.5640147785878 179.928582735772 6.00726507191869
2 35 25 355 14.2943241649305 179.953886158284 6.00909128245959
3 0 35 5 14.4110280385572 179.952601884343 6.01229170077296
3 1 35 15 14.4032364812507 179.968581309531 5.99716091056352
3 2 35 25 13.5433329146546 180.019297190234 5.98851402153527
3 3 35 35 11.1285870821513 180.190220486191 5.98570314420624
3 4 35 45 7.70311236597783 180.334298256826 6.04570489844262
3 5 35 55 5.06382468241074 180.068623968899 6.16339041539541
3 6 35 65 4.19048778013948 179.559934768886 6.17905968200253
3 7 35 75 4.91470035413702 179.39350377846 6.05452793518501
3 8 35 85 7.41722194983229 179.574247739425 5.98018810828917
3 9 35 95 11.07563400451 179.816301685368 5.98749258602888
3 10 35 105 13.6138542880028 179.938325416943 5.99855732582227
3 11 35 115 14.425472725954 179.962955496506 5.99914890579331
3 12 35 125 14.5224197840077 179.9640018 5.99880006
3 13 35 135 14.2616601455492 179.937891202925 6.02092410813598
3 14 35 145 12.8761728198348 179.812713555832 6.12782719934308
3 15 35 155 10.8316071399156 179.668140787528 6.25404406351046
3 16 35 165 10.6177000511233 179.726746435569 6.20112467291429
3 17 35 175 10.7424716501928 179.831057326371 6.06091370924043
3 18 35 185 8.31753811363603 179.768577665919 5.94889089130219
3 19 35 195 5.52721983454635 179.531799292941 5.80301738596049
3 20 35 205 3.76036545062655 179.162498232626 5.59467574891374
3 21 35 215 2.48773576672131 178.749070251854 5.35894883216824
3 22 35 225 1.45245308745974 178.271394971268 5.10012601619044
3 23 35 235 0.709833597207127 177.86845044811 4.80794478821045
3 24 35 245 0.338712358222511 177.873390739435 4.6089079372669
3 25 35 255 0.213020216874602 178.010705278975 4.6203359141837
3 26 35 265 0.156943214540481 177.940047749811 4.77324179178768
3 27 35 275 0.116871964659569 178.031511324363 4.90118133199001
3 28 35 285 0.0967425228052079 178.504440541234 5.072167672621
3 29 35 295 0.172232040464329 179.060932297937 5.3062422302858
3 30 35 305 0.771591032198326 179.522518364336 5.43778109185443
3 31 35 315 2.76559275913509 179.762851078605 5.54854251909629
3 32 35 325 6.46627077738885 179.778497794981 5.83592843625607
3 33 35 335 10.2467207554647 179.748546532469 6.12616080435662
3 34 35 345 12.4989533044286 179.790302527125 6.18746219822167
3 35 35 355 13.8064730036022 179.891552422168 6.08467376176124
4 0 45 5 14.2652118852496 179.937238821107 6.03039495991116
4 1 45 15 14.5038689808277 179.96470577799 5.99851742138572
4 2 45 25 14.2090501826896 179.97949195957 5.99737617372311
4 3 45 35 12.7277805783578 180.044328595694 5.98805899703511
4 4 45 45 9.4220923519166 180.107850160087 5.95651026320427
4 5 45 55 5.94678220611115 179.956742930312 5.94998837915119
4 6 45 65 4.53123891372651 179.62361082829 6.01829846773151
4 7 45 75 5.37720023176296 179.511982688808 6.04782589328665
4 8 45 85 8.30847027630612 179.695524602626 6.02360374902399
4 9 45 95 12.074356152978 179.88515496407 6.00462223650197
4 10 45 105 14.1012617092453 179.954151284872 5.99963225026851
4 11 45 115 14.5080034180979 179.963799360424 5.99886940717499
4 12 45 125 14.5224197840077 179.9640018 5.99880006
4 13 45 135 14.2537281967964 179.931047626478 6.02593551268165
4 14 45 145 12.8251241266457 179.772963715352 6.15733559165858
4 15 45 155 10.7140366005306 179.590046724786 6.31340748774296
4 16 45 165 10.494781705588 179.660391718259 6.25189951675166
4 17 45 175 10.6506364350363 179.781702723742 6.09634743604348
4 18 45 185 8.19022889501521 179.741350354803 6.00799332119623
4 19 45 195 5.35317510283818 179.679597886154 5.88764449392076
4 20 45 205 3.60443107493111 179.615633615053 5.64639699299796
4 21 45 215 2.3464655457681 179.30705746106 5.34718949406111
4 22 45 225 1.28963639646526 178.673890747771 5.0165440775621
4 23 45 235 0.543252833513532 178.168487449676 4.61181954740631
4 24 45 245 0.198721127071197 178.112201428795 4.38098844221076
4 25 45 255 0.0955458172460175 178.28223871473 4.44448015328572
4 26 45 265 0.072048562399114 178.465011202346 4.61528584716031
4 27 45 275 0.0789732958856377 178.792376100102 4.76633118642787
4 28 45 285 0.0907054567014599 179.333707101638 5.0190818593356
4 29 45 295 0.232117334309367 179.800689822456 5.41446790482853
4 30 45 305 0.992777116038324 180.023234245522 5.66921673881815
4 31 45 315 3.01691453872498 180.029004446743 5.7606237446875
4 32 45 325 5.92628143065662 179.821359863254 6.04437118396111
4 33 45 335 8.27687477131231 179.574816609876 6.41338260774343
4 34 45 345 10.3743612824963 179.574953184483 6.45311698240531
4 35 45 355 12.8694130789401 179.793929652343 6.19988922369203
5 0 55 5 14.2644789306672 179.936608372259 6.03104175413857
5 1 55 15 14.5224197840077 179.9640018 5.99880006
5 2 55 25 14.2986475650671 179.965767468474 5.99813802073175
5 3 55 35 12.871457628495 179.976396331328 5.98049808753507
5 4 55 45 9.61443563850755 179.994955471163 5.91369087924086
5 5 55 55 6.3746570105418 179.970385171921 5.87345814904141
5 6 55 65 5.05658270581673 179.82767745529 5.98786024898888
5 7 55 75 5.69517533994068 179.675092951577 6.10073609437036
5 8 55 85 8.41368248937466 179.736666510434 6.0769658031046
5 9 55 95 12.1698209712592 179.886569570546 6.02064687720265
5 10 55 105 14.1690622221692 179.954360644859 6.00086609929086
5 11 55 115 14.5224197840077 179.9640018 5.99880006
5 12 55 125 14.5224197840077 179.9640018 5.99880006
5 13 55 135 14.4030631381038 179.947343848521 6.01230216016858
5 14 55 145 13.7680602925356 179.867395500164 6.07777321466651
5 15 55 155 12.8286524389247 179.77478443791 6.15580730038738
5 16 55 165 12.6207653604417 179.807871530173 6.12573847663488
5 17 55 175 11.9514659854477 179.87858199686 6.05987958260238
5 18 55 185 9.0128362917617 179.983706411777 6.07245379995687
5 19 55 195 5.60880289505541 180.299708158504 6.08134402725682
5 20 55 205 3.47086328478984 180.62743123943 5.88982347740142
5 21 55 215 2.130915432509 180.477278239116 5.49043732322605
5 22 55 225 1.07795142499372 179.812655151708 5.03547622173389
5 23 55 235 0.421621843312403 179.229318057844 4.67194683038285
5 24 55 245 0.236939149918787 179.073498289053 4.58510735319747
5 25 55 255 0.284494655439306 179.305736331524 4.71197866694586
5 26 55 265 0.344709622824657 179.759778570152 4.81301531851974
5 27 55 275 0.352652711705735 180.295918039744 4.89803989839868
5 28 55 285 0.307356959754345 180.836534652089 5.1712582779704
5 29 55 295 0.417476376722751 181.191820124034 5.63100210827747
5 30 55 305 1.1470111456486 181.189881892255 5.86085546811221
5 31 55 315 2.93558653959442 180.793788549177 5.80057599268686
5 32 55 325 5.51332353725381 180.157052361545 6.01606818538929
5 33 55 335 7.90075923475187 179.654035215756 6.4064841454408
5 34 55 345 10.234670397257 179.576200350502 6.46024860112794
5 35 55 355 12.8486006392827 179.790070146098 6.20388474226597
6 0 65 5 14.4102056941817 179.951894547113 6.01301737683502
6 1 65 15 14.5224197840077 179.9640018 5.99880006
6 2 65 25 14.2935781698123 179.964173007164 5.99749585081896
6 3 65 35 12.8851384797779 179.964658699043 5.98007290231816
6 4 65 45 9.81252774803607 179.98929951819 5.93895416083307
6 5 65 55 6.85574755471359 180.103696770205 5.99808187607897
6 6 65 65 5.47833052347748 180.212040618654 6.24829549667418
6 7 65 75 5.7640429037608 180.081397004099 6.36571877392228
6 8 65 85 8.23064015939381 179.908171555712 6.1928438690651
6 9 65 95 12.0413191314561 179.90757966202 6.03667604918784
6 10 65 105 14.1445644785056 179.95281028099 6.00016728677564
6 11 65 115 14.5224197840077 179.9640018 5.99880006
6 12 65 125 14.5224197840077 179.9640018 5.99880006
6 13 65 135 14.5035711710374 179.961146004199 6.00109379680537
6 14 65 145 14.383783499635 179.946288655744 6.01182956267655
6 15 65 155 14.1333238604039 179.925123502462 6.02330928150929
6 16 65 165 13.7768516415604 179.922115678851 6.01412386817057
6 17 65 175 12.5098085006939 179.973338183546 6.01466401651533
6 18 65 185 9.32688353726347 180.284032224156 6.10204070429773
6 19 65 195 5.61638526855516 180.976911901122 6.1826888576313
6 20 65 205 3.2280766656266 181.572389675041 5.96930056588607
6 21 65 215 1.87733783466452 181.643289746023 5.52453593871871
6 22 65 225 0.937688121660082 181.265461737138 5.12288833488086
6 23 65 235 0.479671896286987 180.815173850935 4.98972304328745
6 24 65 245 0.51196753000666 180.635628212815 5.12354386610758
6 25 65 255 0.714077577237399 180.902929352965 5.27549381079132
6 26 65 265 0.837354558361445 181.467673517627 5.25787386675095
6 27 65 275 0.825977627558006 182.046206658337 5.28329624156839
6 28 65 285 0.703609547644778 182.516785365044 5.51561088621473
6 29 65 295 0.727654973604868 182.717094206337 5.81792482354212
6 30 65 305 1.32386817462756 182.493582269725 5.8671358700896
6 31 65 315 2.88646141104178 181.724408275791 5.7279013150447
6 32 65 325 5.63067171063962 180.709127892002 5.87745666582087
6 33 65 335 9.02053292891428 180.011213263218 6.14277557729644
6 34 65 345 11.8755324679286 179.817266251748 6.19693592404267
6 35 65 355 13.6983067927975 179.887965841768 6.08850993599941
7 0 75 5 14.402806611578 179.963982439847 6.00018359723371
7 1 75 15 14.507264108466 179.964137907504 5.99874295006827
7 2 75 25 14.314381521652 179.96552796018 5.99591391890565
7 3 75 35 13.0202700031587 179.971048864033 5.97289773195195
7 4 75 45 10.1226119665386 180.000798252931 5.93875933476744
7 5 75 55 7.13432603143011 180.158760981276 6.05450628141276
7 6 75 65 5.48071587011625 180.439464410052 6.39183345211567
7 7 75 75 5.54518710736227 180.453106049911 6.51489245118054
7 8 75 85 8.00479711559935 180.144044600983 6.23824661832296
7 9 75 95 11.9427609061902 179.967366446201 6.0287098588964
7 10 75 105 14.1289359340951 179.957434146257 5.99611066517245
7 11 75 115 14.5224197840077 179.9640018 5.99880006
7 12 75 125 14.5224197840077 179.9640018 5.99880006
7 13 75 135 14.5224197840077 179.9640018 5.99880006
7 14 75 145 14.4005331432563 179.957532574453 5.99656874302018
7 15 75 155 13.7628946189321 179.927781715893 5.9863524961506
7 16 75 165 12.5323797034279 179.897617559399 5.97302767203104
7 17 75 175 10.7513189477967 179.987745868622 5.98430608783802
7 18 75 185 7.82161970635741 180.424294330822 6.03843327223021
7 19 75 195 4.86096772654969 181.252193984472 5.99724887840663
7 20 75 205 2.91485974742677 181.951679056459 5.69277584527385
7 21 75 215 1.70972662207503 182.26878101604 5.38247046054938
7 22 75 225 0.921853247315128 182.315652670731 5.22141861395898
7 23 75 235 0.636157178759982 182.160318479854 5.25289801583143
7 24 75 245 0.803706541921507 182.045548929431 5.43416342229159
7 25 75 255 1.06979946947464 182.249979032982 5.56370174961752
7 26 75 265 1.20249901577294 182.784276934868 5.56514485587204
7 27 75 275 1.16223316426245 183.403133464791 5.64843747880974
7 28 75 285 0.984148319779211 183.831738223057 5.76776178271767
7 29 75 295 0.947337045235495 183.840886420601 5.80468988339052
7 30 75 305 1.45619298772862 183.415995158333 5.75028196098501
7 31 75 315 2.80454594781592 182.485858028181 5.74367243535984
7 32 75 325 5.26094925002992 181.242713829275 5.89310267633236
7 33 75 335 8.81057937272052 180.332964093224 6.00219089473336
7 34 75 345 12.1862578792171 180.004411713417 6.01875789209478
7 35 75 355 13.9098818419212 179.961615504866 6.00779660062558
8 0 85 5 13.8845081472401 179.974044772299 5.99464563391903
8 1 85 15 14.334779631103 179.962529489509 6.00986886385733
8 2 85 25 13.9795228822552 179.966582044585 6.04434170038363
8 3 85 35 12.1970995622033 180.002319076064 6.03737611102247
8 4 85 45 8.89237100640269 180.063491656743 5.92922111833473
8 5 85 55 6.20145610408538 180.163650835475 5.92894000661854
8 6 85 65 5.05485028277361 180.368848453993 6.14309390223826
8 7 85 75 5.35370274649644 180.443550039765 6.23847659028289
8 8 85 85 7.87107270938345 180.202403701014 6.07942754025301
8 9 85 95 11.8081343947997 180.003847471146 5.98489981928581
8 10 85 105 14.0556984512999 179.963701292924 5.99139713420124
8 11 85 115 14.5088364685291 179.963983439184 5.9987541140828
8 12 85 125 14.5224197840077 179.9640018 5.99880006
8 13 85 135 14.5224197840077 179.9640018 5.99880006
8 14 85 145 14.2521978106564 179.951937641537 5.99467512063124
8 15 85 155 12.8408871046357 179.896476331205 5.97579079544781
8 16 85 165 10.4541576313594 179.85110558811 5.95795636167423
8 17 85 175 8.55310996277422 180.011383184207 5.99203995199781
8 18 85 185 6.53264585103061 180.534107192783 6.04770369499998
8 19 85 195 4.48628594079231 181.344548895128 5.91628718741215
8 20 85 205 2.92353021201781 182.025298538207 5.54496958418619
8 21 85 215 1.81492532861758 182.490754481496 5.34019705324696
8 22 85 225 1.08373135340878 182.822089707045 5.30669916416152
8 23 85 235 0.814575408834997 182.852377967393 5.30750126130709
8 24 85 245 0.962321098875527 182.737443074145 5.34963389762236
8 25 85 255 1.20173959448012 182.835232518463 5.41042808363325
8 26 85 265 1.30949970848865 183.316669583327 5.5203359954258
8 27 85 275 1.23613178774617 183.99080869698 5.6889501950833
8 28 85 285 1.02327230535843 184.41591544371 5.69699179930276
8 29 85 295 0.971675491601461 184.344525762597 5.61103023640947
8 30 85 305 1.48775593242023 183.806260200362 5.63152863411538
8 31 85 315 2.73490324861638 182.844794351016 5.8383006081709
8 32 85 325 4.75197096418146 181.541690633027 6.00999264671447
8 33 85 335 7.61445381669738 180.510493488087 6.00435765426464
8 34 85 345 10.6109505818413 180.106430271752 5.96723796881806
8 35 85 355 12.6603715895737 180.008724553404 5.97782143605141
9 0 95 5 13.1012782956865 179.980252085811 5.99381073584715
9 1 95 15 13.7146010900235 179.9522411232 6.07108103569429
9 2 95 25 12.5911671673573 179.961034349718 6.33138110656151
9 3 95 35 10.2113124649005 180.084945206572 6.54531792708398
9 4 95 45 7.13137084058812 180.296807480678 6.30414786750114
9 5 95 55 5.25740885739196 180.442579198669 6.05393456393835
9 6 95 65 4.79435555290492 180.560840441085 6.11192514323456
9 7 95 75 5.29371095255221 180.54431063097 6.17252589360734
9 8 95 85 7.55704977696488 180.240440006456 6.03818816521413
9 9 95 95 11.1909666275926 180.010404787614 5.96968499483443
9 10 95 105 13.6839590301393 179.963591997953 5.98835742098466
9 11 95 115 14.4392478424475 179.963899755049 5.99854471437648
9 12 95 125 14.5224197840077 179.9640018 5.99880006
9 13 95 135 14.5224197840077 179.9640018 5.99880006
9 14 95 145 14.2655541561847 179.955521455703 5.99595683159895
9 15 95 155 12.9268369448545 179.916551444219 5.98293826194335
9 16 95 165 10.731259905004 179.889186994153 5.97282806913366
9 17 95 175 9.19393956661614 180.035076055872 6.01637374953651
9 18 95 185 7.44011633691418 180.513157162865 6.1096665675902
9 19 95 195 5.1183101076135 181.300914021541 6.0475351200996
9 20 95 205 3.25728563448033 182.030115218564 5.71033108693556
9 21 95 215 2.07317296133756 182.524916499651 5.44610620399811
9 22 95 225 1.27228205505883 182.879298887518 5.3092432499694
9 23 95 235 0.884448239480703 182.993013234527 5.20264609716609
9 24 95 245 0.894924704122132 182.962310898133 5.17665586539719
9 25 95 255 1.03168394962483 183.038863735143 5.22465067382789
9 26 95 265 1.10005703885153 183.430997956504 5.33268124530696
9 27 95 275 1.03261540326411 184.084135860752 5.45691824579892
9 28 95 285 0.841705350612535 184.489257485378 5.42732667593559
9 29 95 295 0.814955569115963 184.352660946824 5.36383031139303
9 30 95 305 1.39794866608486 183.690784308577 5.47882585176435
9 31 95 315 2.75039990464145 182.649578511667 5.78842472324392
9 32 95 325 4.69447204079052 181.406758600394 5.98660551208779
9 33 95 335 6.83345295618496 180.492988140191 5.98151991232619
9 34 95 345 8.75694906521053 180.151708360314 5.94410670452995
9 35 95 355 10.9178367468823 180.041527032501 5.96357706907286
10 0 105 5 13.0064034460386 179.979104706769 6.00696986920241
10 1 105 15 12.6673508118324 179.958785653243 6.17871561569215
10 2 105 25 10.2401507513912 179.985429760472 6.79483850286319
10 3 105 35 7.6483933463654 180.21750285904 7.38835511421194
10 4 105 45 5.80852953284569 180.596281227181 7.01373304394784
10 5 105 55 4.97049542998463 180.814203284714 6.4524475061769
10 6 105 65 4.76856519459871 180.925828608515 6.38978520033844
10 7 105 75 5.08469792314507 180.865279868489 6.4403291280367
10 8 105 85 6.83304696009977 180.395342936813 6.18086569322644
10 9 105 95 10.1358349361683 180.038199964355 5.9966725095006
10 10 105 105 13.1075973133813 179.963678607616 5.98807750842547
10 11 105 115 14.3359264939327 179.9638280937 5.99834338388136
10 12 105 125 14.5224197840077 179.9640018 5.99880006
10 13 105 135 14.5224197840077 179.9640018 5.99880006
10 14 105 145 14.4155184041255 179.961553464005 5.9980067691007
10 15 105 155 13.8593457245793 179.950310245804 5.99437347598134
10 16 105 165 12.8550604553052 179.943729199372 5.99072705778517
10 17 105 175 11.5430077012815 180.023205665133 6.01519307021811
10 18 105 185 8.99815521772837 180.397378399377 6.11050821207511
10 19 105 195 5.723721637336 181.213377801033 6.14609967655295
10 20 105 205 3.39388324166849 182.017725157994 5.87456438299332
10 21 105 215 2.11188886048484 182.318207747444 5.46505033385016
10 22 105 225 1.23439382978428 182.418651605357 5.17356768891867
10 23 105 235 0.725671455007753 182.521974042697 5.06613348624228
10 24 105 245 0.586858460066107 182.65351502289 5.11153165494538
10 25 105 255 0.598383932193595 182.824600814028 5.16338704355914
10 26 105 265 0.622555883759477 183.184947851641 5.14622754605951
10 27 105 275 0.58632347260098 183.803851295862 5.16336235545982
10 28 105 285 0.46783600680624 184.202262917569 5.18008559728527
10 29 105 295 0.499853902047636 184.067666299444 5.18646241451638
10 30 105 305 1.15139722678039 183.371910856444 5.3046120830641
10 31 105 315 2.7255754894777 182.270285989459 5.56449162661734
10 32 105 325 5.21757272217565 181.098284329433 5.80686395365087
10 33 105 335 7.86230245709309 180.341687322894 5.92630088873089
10 34 105 345 9.57741489197341 180.085981505156 5.95697526259537
10 35 105 355 11.3007500578893 180.014316675691 5.97783842271345
11 0 115 5 13.1230898269896 180.014141846631 6.04136238882854
11 1 115 15 11.2820062335212 180.068339909439 6.2481021982472
11 2 115 25 8.33184742940299 180.128700446632 6.85825359244109
11 3 115 35 6.13654816239589 180.341743324417 7.40379886031082
11 4 115 45 5.13708753510079 180.685841995982 7.00767395962778
11 5 115 55 4.76710624169818 180.920493656351 6.48295422500869
11 6 115 65 4.53991931248256 181.135499055297 6.51596924482798
11 7 115 75 4.70250213353245 181.139181114654 6.64361001180805
11 8 115 85 6.33478500369198 180.599070682051 6.35935859750687
11 9 115 95 9.55492865218255 180.112384241113 6.08029926384549
11 10 115 105 12.6084860625391 179.957262756506 6.01237083607384
11 11 115 115 13.9415453105059 179.938517239041 6.00829770731013
11 12 115 125 14.1540111659124 179.936241350262 6.00775979424616
11 13 115 135 14.2423541198448 179.944578306368 6.00516857038103
11 14 115 145 14.3935758285849 179.957203956054 6.0009769011263
11 15 115 155 14.4056133406118 179.961851086323 5.99868746709229
11 16 115 165 14.0345794379769 179.961999087246 5.99417415627604
11 17 115 175 12.4007853349963 179.993528757888 5.98898783214969
11 18 115 185 8.93027306658994 180.242122271704 6.02081576951269
11 19 115 195 5.37965301446353 180.951959743347 6.03038975360132
11 20 115 205 3.13550309916055 181.697426605345 5.81205511734985
11 21 115 215 1.84874308648023 181.758528351598 5.44215110400801
11 22 115 225 0.92773088960216 181.551607140484 5.16915643133585
11 23 115 235 0.360050219161415 181.532094983525 5.08414959306417
11 24 115 245 0.142520956069864 181.686149176716 5.07447358364357
11 25 115 255 0.0987991137483308 181.926938327699 5.02326551543044
11 26 115 265 0.120776049675529 182.28344066402 4.95348321451686
11 27 115 275 0.123880367119063 182.762804530473 4.95062402241666
11 28 115 285 0.0744170013757662 183.144616200635 4.98683245206262
11 29 115 295 0.157867440591154 183.255968820659 5.04180610392456
11 30 115 305 0.812689665668033 182.86306734252 5.17266210983172
11 31 115 315 2.53474218704438 181.944800701819 5.39974303392088
11 32 115 325 5.84049555632337 180.894239599136 5.67735153359308
11 33 115 335 9.8617512019354 180.228519039359 5.89192559248817
11 34 115 345 12.1881088757549 180.012600779122 5.97679468002868
11 35 115 355 13.1199552119519 179.983546602223 5.9992698470702
12 0 125 5 12.7186744220354 180.074588478338 6.08094549723019
12 1 125 15 9.81808708814119 180.233365434256 6.25185584884484
12 2 125 25 7.18673139441559 180.337335296408 6.49260735467621
12 3 125 35 5.59285656529827 180.445387029744 6.5682664639415
12 4 125 45 4.73502498576349 180.628311926837 6.28427027024812
12 5 125 55 4.33250493719872 180.925341622376 6.2284481157727
12 6 125 65 4.02994389165773 181.424252937318 6.68971353516896
12 7 125 75 4.14309956435958 181.510949550862 6.98219472022437
12 8 125 85 5.67058700466013 180.844987637562 6.6343281657189
12 9 125 95 8.45168013252836 180.183023920862 6.22759864512269
12 10 125 105 10.9364829260444 179.880869113498 6.0861739340584
12 11 125 115 12.0379123142117 179.819213356382 6.05448459426678
12 12 125 125 12.2393819735527 179.809648235737 6.04890710013523
12 13 125 135 12.7952374754137 179.856531921432 6.03416089352781
12 14 125 145 13.8282808463188 179.927734817123 6.01127188628842
12 15 125 155 14.4167118668344 179.959509856437 6.00042931534013
12 16 125 165 14.2627870139834 179.963723071201 5.99386585225719
12 17 125 175 12.6493250278115 179.949989767148 5.98791381561238
12 18 125 185 9.04048642213642 179.975087014814 6.02231614078357
12 19 125 195 5.28854377043054 180.321981761429 6.01829151867482
12 20 125 205 2.93747459050003 180.854279425448 5.83095909823393
12 21 125 215 1.57450835423498 180.785181927744 5.63457927442127
12 22 125 225 0.564798192943832 180.410826183786 5.46218847947263
12 23 125 235 -0.0832769656591715 180.230115544185 5.30414115430303
12 24 125 245 -0.330703092152984 180.272030415582 5.12521955626657
12 25 125 255 -0.345761901462268 180.497257478333 4.95905581516784
12 26 125 265 -0.280807729535767 180.802198698814 4.94637958792266
12 27 125 275 -0.242403786473764 181.104376715811 5.00990077765475
12 28 125 285 -0.247631656041598 181.404843832633 5.03872543811121
12 29 125 295 -0.130873766342259 181.731101192985 5.10053229502422
12 30 125 305 0.48087098237962 181.773734418195 5.22056487724062
12 31 125 315 2.14627561809649 181.273307256412 5.40237482716257
12 32 125 325 5.60407572764395 180.517838341583 5.64651379582662
12 33 125 335 10.2028850837142 180.075396462312 5.87209183010107
12 34 125 345 13.243300706053 179.970654268453 5.97765652914009
12 35 125 355 13.9822270801092 179.981338524339 6.00991665401216
13 0 135 5 12.8654527242676 180.065909538323 6.07191374622403
13 1 135 15 10.2549775117739 180.234670321081 6.17864095997279
13 2 135 25 7.7983259036968 180.417763958132 6.20514445311576
13 3 135 35 5.70114054840559 180.595365747273 6.084928334165
13 4 135 45 4.40735120324646 180.67923966917 5.95391171701154
13 5 135 55 3.94577405798241 180.864557251376 6.17134366687351
13 6 135 65 3.67639345855391 181.351625790184 6.78664954888272
13 7 135 75 3.7288795977026 181.36774126381 7.0686471327207
13 8 135 85 4.76612013351391 180.681655335125 6.69201984117355
13 9 135 95 6.51433550116489 180.062945153875 6.28476635519221
13 10 135 105 8.16850625681153 179.748500769709 6.14594553258311
13 11 135 115 9.17534322092715 179.689003256261 6.10250892553976
13 12 135 125 9.52452232841551 179.68484426375 6.09032935921098
13 13 135 135 10.7810358306124 179.771494258696 6.06259325124205
13 14 135 145 13.0231347535013 179.899120808443 6.02122503245288
13 15 135 155 14.2943814924112 179.955971802917 6.00172177156491
13 16 135 165 14.4076797126516 179.963864867719 5.99637305603606
13 17 135 175 13.4235684839967 179.909035416533 6.02228211919156
13 18 135 185 10.3289583929623 179.697053886822 6.15589713914871
13 19 135 195 5.95261238012119 179.588207630857 6.22527140404899
13 20 135 205 2.98667481055003 179.776973836517 6.00762961990906
13 21 135 215 1.4501522731206 179.6062069608 5.85447306626015
13 22 135 225 0.329434246636229 179.205729523143 5.73830782222555
13 23 135 235 -0.418416052477881 178.912068507366 5.57546486362001
13 24 135 245 -0.691853433341933 178.858484446325 5.37320533320696
13 25 135 255 -0.672532195488734 179.034402364944 5.18876452807055
13 26 135 265 -0.576138797732385 179.249984860339 5.20199775225568
13 27 135 275 -0.528605382034394 179.446435467521 5.28834168635376
13 28 135 285 -0.531506414375983 179.634860928502 5.29427008187109
13 29 135 295 -0.429280563836838 179.894087247165 5.32268822989522
13 30 135 305 0.116299209604174 180.080931276823 5.37885351713161
13 31 135 315 1.58620475453207 179.978771938483 5.48282576804867
13 32 135 325 4.51521162754357 179.762927463711 5.66214182896957
13 33 135 335 8.75911205706142 179.800985774551 5.85824406328011
13 34 135 345 12.5069562461799 179.921729531129 5.96796925147454
13 35 135 355 13.9349629582345 179.976416286103 6.0072139726679
14 0 145 5 13.6415396932849 180.003302611033 6.02817289563444
14 1 145 15 12.2587443672063 180.095386106917 6.07287763536182
14 2 145 25 9.79602064793582 180.316829716107 6.09735567604179
14 3 145 35 6.46544567791203 180.64945416504 6.09351815290833
14 4 145 45 4.37665358574918 180.75766891542 6.08774000026767
14 5 145 55 3.84021652629562 180.66775201862 6.21396306657677
14 6 145 65 3.71866106989013 180.679902303738 6.54600517892016
14 7 145 75 3.77843952436272 180.445114381675 6.66556770034212
14 8 145 85 4.37781372547708 179.995397096039 6.38836044737495
14 9 145 95 5.46606615231044 179.783167620072 6.11189013627097
14 10 145 105 7.11986041766996 179.736532677794 6.05750308958597
14 11 145 115 8.88402497979947 179.764465035588 6.06174910008016
14 12 145 125 9.78454631106441 179.781773535561 6.05937640007723
14 13 145 135 11.0803001159632 179.840952282511 6.04031057191727
14 14 145 145 13.1489953810172 179.922673644978 6.01326838124341
14 15 145 155 14.3139351438406 179.958897928892 6.00067203622122
14 16 145 165 14.5043662947182 179.963978712981 5.99839056497684
14 17 145 175 13.9505377837728 179.913527629335 6.02451035079695
14 18 145 185 11.2519622657977 179.683861098798 6.11966813454298
14 19 145 195 6.53663249768286 179.398865910771 6.10101636531565
14 20 145 205 3.17711266365449 179.257955741291 5.82030097544798
14 21 145 215 1.50747430382098 178.938699877654 5.66150615868511
14 22 145 225 0.319942484500015 178.538475927441 5.64195018534853
14 23 145 235 -0.475395098456274 178.172001818801 5.6780426686791
14 24 145 245 -0.761170197946985 178.017507876619 5.69234351846072
14 25 145 255 -0.741954746407747 178.079352774908 5.64051838299934
14 26 145 265 -0.665631525796323 178.168319042017 5.65875856830161
14 27 145 275 -0.655959056413777 178.24867965987 5.68426098543594
14 28 145 285 -0.706118365121766 178.315093458268 5.59681085801843
14 29 145 295 -0.67726695814837 178.381159168243 5.55071964043142
14 30 145 305 -0.231931794971189 178.433208206595 5.56274767896381
14 31 145 315 1.08178942103001 178.50769941906 5.62503180937827
14 32 145 325 3.53516463147276 178.844006153119 5.74027668280064
14 33 145 335 7.14895335081629 179.454661695806 5.86723367987353
14 34 145 345 11.1087779194063 179.851589408004 5.95650599310365
14 35 145 355 13.5071000382716 179.959556186896 5.99645287584509
15 0 155 5 13.6133521818955 179.959506321262 6.00576123555015
15 1 155 15 12.5062271950834 179.964775361978 6.02308416176992
15 2 155 25 10.1315937462919 180.097135489317 6.03785432205554
15 3 155 35 6.85870187937506 180.430932269064 6.04423054900827
15 4 155 45 4.62686852154589 180.614486443555 6.02095460424124
15 5 155 55 4.02439453952708 180.406135216727 5.98731368336637
15 6 155 65 4.03517402770508 180.060862119664 6.07168745079024
15 7 155 75 4.08205945715462 179.681160588758 6.1481913270701
15 8 155 85 4.37945769306878 179.518569827058 6.02549263854555
15 9 155 95 5.29720396427744 179.69406658277 5.86356386928187
15 10 155 105 7.65046098469132 179.86251087973 5.9007953456961
15 11 155 115 10.7368590287595 179.913191122489 5.98651022543031
15 12 155 125 12.3724803051339 179.919911311923 6.012261245335
15 13 155 135 13.1311028017718 179.934483084657 6.009153407821
15 14 155 145 13.969518992605 179.954164272666 6.00234336472901
15 15 155 155 14.4386502456369 179.962792847355 5.99925155620418
15 16 155 165 14.5224197840077 179.9640018 5.99880006
15 17 155 175 14.0653113566013 179.94379658888 5.99648400880964
15 18 155 185 11.5204585268083 179.840842770356 5.9496211847392
15 19 155 195 6.84836186621496 179.658057757309 5.76127604710893
15 20 155 205 3.43455601145802 179.43603876247 5.52671825664425
15 21 155 215 1.73614913699601 179.068457875773 5.49087673712517
15 22 155 225 0.544027176789279 178.578791256822 5.55604973536932
15 23 155 235 -0.255139033448402 178.038064437918 5.71168295595795
15 24 155 245 -0.535505865939552 177.677143394229 5.92653931124256
15 25 155 255 -0.52740661025178 177.586315796535 6.05864694278694
15 26 155 265 -0.497533296364334 177.637621452105 6.10450136880319
15 27 155 275 -0.547013222935506 177.700958266744 6.02114599021059
15 28 155 285 -0.658485105610837 177.747311372799 5.81395106807291
15 29 155 295 -0.718809985681074 177.736800572197 5.71468780626982
15 30 155 305 -0.383336441238051 177.630169482846 5.70467249729728
15 31 155 315 0.837902098276264 177.64813198731 5.73817038336488
15 32 155 325 3.00087733179727 178.251402646443 5.81984212548702
15 33 155 335 5.86253043980103 179.238911444219 5.88234437584966
15 34 155 345 9.46744913507747 179.818237471306 5.94163939655753
15 35 155 355 12.6837541060218 179.952122857085 5.98577603592579
16 0 165 5 12.8526907043234 179.93180568336 6.0093563739689
16 1 165 15 10.9533244583071 179.849832822311 6.04187463823424
16 2 165 25 9.02326113982594 179.862459911972 6.04996776162578
16 3 165 35 7.36853767872792 180.140618225329 5.97566395184335
16 4 165 45 5.56457008509101 180.370975772545 5.84914037127086
16 5 165 55 4.56971119663497 180.252776270089 5.76190245163139
16 6 165 65 4.37054082313895 179.936721105502 5.82050080907339
16 7 165 75 4.371328349463 179.570029860301 5.9306635914049
16 8 165 85 4.77444193578326 179.500399830966 5.90558614932799
16 9 165 95 5.96279476439739 179.790769090464 5.80241850529521
16 10 165 105 8.65516142885611 179.974819111076 5.85768965874871
16 11 165 115 12.1148371353402 179.979252358202 5.96120160989013
16 12 165 125 13.9288516391946 179.963452651183 5.99671753137678
16 13 165 135 14.3180457847138 179.962145184744 5.99953291205644
16 14 165 145 14.4414803806962 179.963398778334 5.99903793598083
16 15 165 155 14.5101771841832 179.963928908164 5.99882897252542
16 16 165 165 14.5224197840077 179.9640018 5.99880006
16 17 165 175 14.0877659593016 179.963584922809 5.98529857779068
16 18 165 185 11.657609942891 179.953624592681 5.89879225163806
16 19 165 195 7.15684615393468 179.917616776927 5.72223090529047
16 20 165 205 3.80605428380225 179.856839420788 5.63457681260512
16 21 165 215 2.13171708157977 179.648362032231 5.7089914732776
16 22 165 225 0.993035240278629 179.046016328684 5.76797098342339
16 23 165 235 0.220230518955689 178.22042751703 5.89599850143078
16 24 165 245 -0.061366842403014 177.609375992739 6.14944085625456
16 25 165 255 -0.0685596883418631 177.493742972733 6.3404882236038
16 26 165 265 -0.0767787689959137 177.706596728462 6.37314200545111
16 27 165 275 -0.166850844828455 177.907456237782 6.15516090996562
16 28 165 285 -0.324206393177747 178.051384048912 5.87439405781127
16 29 165 295 -0.461362151865866 178.137208772069 5.78664308331536
16 30 165 305 -0.204175446980252 178.047105761606 5.78703505923876
16 31 165 315 0.940107026792048 177.983343549737 5.81116950747739
16 32 165 325 2.87584218069464 178.535538525983 5.85955755211532
16 33 165 335 5.24281913598757 179.440426767774 5.88784439594113
16 34 165 345 8.60824516350066 179.903147961422 5.93356851659133
16 35 165 355 12.1354249640396 179.967515288509 5.98092021021332
17 0 175 5 12.8351991118614 179.919456552289 6.01422593095895
17 1 175 15 10.9383420817792 179.794246713701 6.05943686614983
17 2 175 25 9.90096873208554 179.742059723601 6.07703572728977
17 3 175 35 9.63756957908183 179.961518524735 5.99346565015528
17 4 175 45 7.91549007971967 180.209954103966 5.88090143026974
17 5 175 55 5.90597585798161 180.287007156853 5.84207944979706
17 6 175 65 5.04488549532129 180.195372299046 5.87172282388914
17 7 175 75 5.21662860009534 179.904263838111 5.90743806800073
17 8 175 85 6.34723318774237 179.743989587648 5.91633698385445
17 9 175 95 8.23911950736615 179.881109203715 5.89471792784379
17 10 175 105 10.6250978261149 179.984262505147 5.92870531434471
17 11 175 115 13.0750183427957 179.978120659228 5.97932464774824
17 12 175 125 14.3062153252946 179.96553930507 5.99708836972991
17 13 175 135 14.5224197840077 179.9640018 5.99880006
17 14 175 145 14.5224197840077 179.9640018 5.99880006
17 15 175 155 14.5224197840077 179.9640018 5.99880006
17 16 175 165 14.5224197840077 179.9640018 5.99880006
17 17 175 175 14.1063336927852 179.974846105105 5.99530786092979
17 18 175 185 11.7883071184884 180.033722619269 5.97270032181086
17 19 175 195 7.51578627656518 180.179375616804 5.9505167413272
17 20 175 205 4.34503972880469 180.410189062539 6.03242862317901
17 21 175 215 2.7473889358462 180.424681396204 6.13833596613355
17 22 175 225 1.68579560542437 179.750247321574 6.09323549343169
17 23 175 235 0.955877908201941 178.782085313484 6.20610594621918
17 24 175 245 0.666884475234378 178.159586065648 6.4756657277506
17 25 175 255 0.645458861998764 178.196249842806 6.59776113649978
17 26 175 265 0.63460395916197 178.519328883142 6.55143228918188
17 27 175 275 0.528467607373214 178.750700109198 6.21687710895934
17 28 175 285 0.31149992620739 179.00361511897 5.86902330783993
17 29 175 295 0.0853875712116611 179.303664918428 5.77129832181246
17 30 175 305 0.29620687833672 179.381785887594 5.80570964915426
17 31 175 315 1.37229311839675 179.224778526434 5.9113463781511
17 32 175 325 3.14684011896506 179.355635497339 6.01379485774919
17 33 175 335 5.55067731137695 179.720846818015 6.06189156669004
17 34 175 345 9.14112853647713 179.934793885439 6.02679643095296
17 35 175 355 12.4556911081933 179.967935300713 5.99858998019706
18 0 185 5 13.6569792652595 179.94422433217 6.00729268391628
18 1 185 15 12.6728635676376 179.883475993516 6.03133321727417
18 2 185 25 12.3666683656372 179.850364258709 6.04225788294381
18 3 185 35 12.4407599281507 179.949570216171 6.00870302279767
18 4 185 45 10.7584175376385 180.123798688501 5.98200036624072
18 5 185 55 7.99555645015866 180.304468891378 5.99386490741121
18 6 185 65 6.81210475091865 180.337751442146 5.98262693689917
18 7 185 75 7.65026834102943 180.116649014584 5.94693256138032
18 8 185 85 9.44210256231563 179.933151605938 5.95089278458795
18 9 185 95 11.4683483015788 179.935229758092 5.96967290657038
18 10 185 105 12.9935687676322 179.966376013637 5.98493661274042
18 11 185 115 13.9983046138618 179.967158024347 5.99518496372353
18 12 185 125 14.4442313863777 179.964317578333 5.99847537485528
18 13 185 135 14.5224197840077 179.9640018 5.99880006
18 14 185 145 14.5224197840077 179.9640018 5.99880006
18 15 185 155 14.5224197840077 179.9640018 5.99880006
18 16 185 165 14.5224197840077 179.9640018 5.99880006
18 17 185 175 14.1265488104579 179.990174513308 6.01215185387688
18 18 185 185 11.9428100172588 180.134042315006 6.07981817578377
18 19 185 195 7.97626524102692 180.444626019079 6.21952224816541
18 20 185 205 5.06737499199163 180.834553939869 6.40360511268355
18 21 185 215 3.53327551912669 180.975274080848 6.44263436036893
18 22 185 225 2.51339764650278 180.431019337194 6.22549118143352
18 23 185 235 1.81460171498407 179.73006817633 6.37532570258843
18 24 185 245 1.51790285563122 179.446671571024 6.73438203809448
18 25 185 255 1.51855575865116 179.623823029276 6.7567532834572
18 26 185 265 1.58442274888894 179.796875980369 6.61605538459545
18 27 185 275 1.50626207733318 179.880527061728 6.31198220753356
18 28 185 285 1.20665892811748 180.19576891355 5.92943937935315
18 29 185 295 0.873085880683343 180.726825118967 5.70192197607944
18 30 185 305 1.06236722443906 180.953891871224 5.70260810260693
18 31 185 315 2.12979034756505 180.560849615824 5.94223770843228
18 32 185 325 3.92892134148805 179.988266510862 6.22413715900459
18 33 185 335 6.77879184560606 179.690102523847 6.37002920064636
18 34 185 345 10.716282709242 179.795828967787 6.20309530362331
18 35 185 355 13.4014729920533 179.935341465615 6.03387102015037
19 0 195 5 13.6997002801528 179.983124853055 6.0013054718737
19 1 195 15 12.6197289818953 180.012686320209 6.00687101604196
19 2 195 25 12.5280812074328 180.020065048975 6.00885321953438
19 3 195 35 13.1436855060169 180.015896097872 6.00693158525584
19 4 195 45 11.9781320817093 180.107921280223 6.0270963807293
19 5 195 55 9.36240775112736 180.263745401242 6.05854528140083
19 6 195 65 8.75771840172594 180.251293703675 6.03680207607696
19 7 195 75 10.4869469418832 180.082402776202 5.98758767374005
19 8 195 85 12.2993349251765 179.973855095025 5.97709910575281
19 9 195 95 13.5754846729162 179.958538262543 5.99020260353044
19 10 195 105 14.2265032018882 179.963260335476 5.9974371354857
19 11 195 115 14.4474277615506 179.964138886516 5.99868752853785
19 12 195 125 14.5112527794243 179.964015447769 5.99878887819803
19 13 195 135 14.5224197840077 179.9640018 5.99880006
19 14 195 145 14.5224197840077 179.9640018 5.99880006
19 15 195 155 14.5224197840077 179.9640018 5.99880006
19 16 195 165 14.5224197840077 179.9640018 5.99880006
19 17 195 175 14.1919160174613 179.994626868447 6.0178563889305
19 18 195 185 12.3417250351877 180.15341746227 6.11303334228841
19 19 195 195 8.85128464102277 180.448871678597 6.27888527332656
19 20 195 205 6.00317334430239 180.769594070829 6.41588299453732
19 21 195 215 4.31151935693868 180.981109244239 6.35605727881701
19 22 195 225 3.2974455496972 180.812584395131 6.05159823275079
19 23 195 235 2.65965960237628 180.637974820999 6.15689326724182
19 24 195 245 2.38595260377233 180.705280707634 6.5738302130862
19 25 195 255 2.44273953171868 180.783547293629 6.67666227486213
19 26 195 265 2.62445950327029 180.715800990602 6.64314522022658
19 27 195 275 2.61753864900532 180.700948485411 6.58930716298239
19 28 195 285 2.27011196892464 180.967546738295 6.26996249589498
19 29 195 295 1.88531230593018 181.570731751786 5.84538556138788
19 30 195 305 2.11320620756581 181.85384562829 5.69223842074518
19 31 195 315 3.3795736316842 181.281514359015 5.92032035496089
19 32 195 325 5.60310339055802 180.307728779568 6.22915270827131
19 33 195 335 8.77777020157565 179.715848741741 6.38420441193608
19 34 195 345 12.2604737143753 179.762993268033 6.21442546803264
19 35 195 355 13.9961741583387 179.92864032036 6.03797586485181
20 0 205 5 12.9374449356565 180.01105482594 6.00097213564289
20 1 205 15 10.7944647829574 180.095148880808 6.00406518334518
20 2 205 25 10.6047598371212 180.124117205407 6.00394135669049
20 3 205 35 11.9539171597786 180.07287591809 6.0035552378794
20 4 205 45 11.0824077007728 180.14159371985 6.02307862857225
20 5 205 55 8.84973343868461 180.274790960872 6.05164173573021
20 6 205 65 8.89139650886197 180.190142977124 6.02849851326038
20 7 205 75 10.6806935340067 180.02436010064 5.9718736288431
20 8 205 85 12.3350606171141 179.959440003291 5.95656989545378
20 9 205 95 13.7022548767116 179.958499260478 5.97974433447052
20 10 205 105 14.3956324984047 179.963157851918 5.99589039767504
20 11 205 115 14.5224197840077 179.9640018 5.99880006
20 12 205 125 14.5224197840077 179.9640018 5.99880006
20 13 205 135 14.5224197840077 179.9640018 5.99880006
20 14 205 145 14.5224197840077 179.9640018 5.99880006
20 15 205 155 14.5224197840077 179.9640018 5.99880006
20 16 205 165 14.5224197840077 179.9640018 5.99880006
20 17 205 175 14.2862297034888 179.979057406159 6.00798299525699
20 18 205 185 12.8777636089076 180.061481703475 6.05429465868651
20 19 205 195 9.9067013710725 180.250973534956 6.15116033655273
20 20 205 205 7.01699581545885 180.554830761543 6.28233630212122
20 21 205 215 5.24283460531206 180.851799748434 6.28586370183941
20 22 205 225 4.30841319582876 180.893701850603 6.00887738349344
20 23 205 235 3.7220527482355 180.918375616008 5.94843023143357
20 24 205 245 3.42927915243822 180.958180761432 6.24329123811746
20 25 205 255 3.4115003166672 180.875933611882 6.49529113859462
20 26 205 265 3.54946049152829 180.864568179206 6.65728037629918
20 27 205 275 3.53749244881777 180.969340763176 6.80092330156349
20 28 205 285 3.19183957891952 181.121880199184 6.63889615315886
20 29 205 295 2.87938213322092 181.56978218127 6.17911338254399
20 30 205 305 3.25450623674911 181.775966295551 5.88691696688911
20 31 205 315 5.07906364482202 181.222995974415 5.95818322976312
20 32 205 325 8.26365498297073 180.370633315683 6.10423547367501
20 33 205 335 11.4424185437654 179.898237383946 6.16198309600263
20 34 205 345 13.5772602801942 179.877490438778 6.0879168031464
20 35 205 355 14.1544603239162 179.953206828301 6.01531306724941
21 0 215 5 12.9785987516966 180.002650267468 6.00072144649361
21 1 215 15 10.8892560620658 180.071909775023 6.00360428975643
21 2 215 25 10.5870971673057 180.096210037428 6.0032166116923
21 3 215 35 11.3655147003956 180.051194876157 5.99388184020162
21 4 215 45 10.0310651577951 180.087446119507 5.97801950118556
21 5 215 55 8.48503203543249 180.164066938565 5.97182726691448
21 6 215 65 8.88148199057657 180.091260013946 5.96408455948566
21 7 215 75 9.54807149492956 179.979342555265 5.92832134037717
21 8 215 85 10.7791207148684 179.945112986545 5.92510225290118
21 9 215 95 12.9806821785986 179.95437646847 5.96638380191072
21 10 215 105 14.2830692311534 179.962513646264 5.99378883660715
21 11 215 115 14.5224197840077 179.9640018 5.99880006
21 12 215 125 14.5224197840077 179.9640018 5.99880006
21 13 215 135 14.5224197840077 179.9640018 5.99880006
21 14 215 145 14.5224197840077 179.9640018 5.99880006
21 15 215 155 14.5224197840077 179.9640018 5.99880006
21 16 215 165 14.5224197840077 179.9640018 5.99880006
21 17 215 175 14.348117973544 179.966778085207 5.99982422626554
21 18 215 185 13.2862303378889 179.992170422694 6.00476134991487
21 19 215 195 11.0042492919755 180.107685403499 6.04225164943513
21 20 215 205 8.76402561600602 180.369392148352 6.17792504306376
21 21 215 215 7.2207925711776 180.579813451957 6.28059423801042
21 22 215 225 5.91199604240523 180.52761611814 6.12180563173818
21 23 215 235 4.94490846148474 180.450430226082 5.99931794447736
21 24 215 245 4.4346512531709 180.385982982842 6.11389068008173
21 25 215 255 4.15112106482443 180.411611992632 6.36340020445717
21 26 215 265 4.006836024821 180.705593787168 6.57153045712031
21 27 215 275 3.86316581901058 181.036387242515 6.61015334919869
21 28 215 285 3.57663034765064 181.196094959129 6.51520322249373
21 29 215 295 3.44903568834305 181.364271044548 6.24035218358925
21 30 215 305 4.09944744957963 181.302201743789 5.96815441226829
21 31 215 315 6.61901401417474 180.830527324992 5.94663775918021
21 32 215 325 10.6134906031195 180.268639679581 6.00841017686462
21 33 215 335 13.3742163698124 179.991631274139 6.02487086238367
21 34 215 345 14.3204464109668 179.951795484062 6.01202826327564
21 35 215 355 14.2670424251521 179.966527363411 6.00142768059526
22 0 225 5 13.8664071092659 179.977887463007 5.99954787812088
22 1 225 15 12.9777972645813 180.002850438466 6.00072707906913
22 2 225 25 12.7410034049261 180.011860362421 6.00034873524052
22 3 225 35 12.4683555631899 179.995739772134 5.99161768140045
22 4 225 45 10.9136075859914 180.005855744463 5.96739708973345
22 5 225 55 10.0693392091453 180.027290631335 5.94905370610465
22 6 225 65 10.6106920810357 179.998927556801 5.95491611193435
22 7 225 75 10.6105854335754 179.960687378473 5.94965997497964
22 8 225 85 11.1739923176427 179.952558734185 5.95307944670229
22 9 225 95 12.9113069592024 179.961371685282 5.97790777209796
22 10 225 105 14.0701197840007 179.966398088458 5.9944390581209
22 11 225 115 14.4182707135055 179.965467546792 5.9982080322333
22 12 225 125 14.5062069634035 179.96423339954 5.99870647478956
22 13 225 135 14.5224197840077 179.9640018 5.99880006
22 14 225 145 14.5224197840077 179.9640018 5.99880006
22 15 225 155 14.5224197840077 179.9640018 5.99880006
22 16 225 165 14.5224197840077 179.9640018 5.99880006
22 17 225 175 14.4411732896927 179.964163706073 5.99847113246688
22 18 225 185 13.955593472497 179.971174745443 5.99614910049899
22 19 225 195 12.955271395507 180.019270799337 6.00583342536833
22 20 225 205 11.8690007174225 180.12221062514 6.07371894437172
22 21 225 215 10.213017228139 180.135982152087 6.15754347944229
22 22 225 225 7.63391915794105 179.972507718195 6.13039106373668
22 23 225 235 5.69472823681634 179.827538454346 6.06685226967581
22 24 225 245 4.80029326885902 179.797037669693 6.06524753151235
22 25 225 255 4.28854699063893 180.033693902295 6.2229131892226
22 26 225 265 3.91620966236857 180.55042249704 6.42263065262881
22 27 225 275 3.71618939100904 181.020665752928 6.28031856338402
22 28 225 285 3.59019424600396 181.173589051061 6.07066539845191
22 29 225 295 3.68914469628239 181.109428386534 5.97156626910655
22 30 225 305 4.65153086858991 180.831070523467 5.87216850397486
22 31 225 315 7.60630806821791 180.431242196955 5.89467858903864
22 32 225 325 11.7482028723635 180.113980221269 5.96972131945076
22 33 225 335 14.048253924241 179.984868742198 5.99678059161533
22 34 225 345 14.5083174296619 179.964187224843 5.99887534345422
22 35 225 355 14.4221762761236 179.96581863055 5.99890609216522
23 0 235 5 14.4221365571973 179.965828550331 5.99890637129616
23 1 235 15 14.2861936532861 179.969123626908 5.9990813003413
23 2 235 25 14.1987421890663 179.970385802386 5.99892970540305
23 3 235 35 13.7954098620477 179.969007091365 5.99583403039435
23 4 235 45 12.6749124660105 179.973259883296 5.98501488705975
23 5 235 55 11.7806136835541 179.980312234629 5.97320015591276
23 6 235 65 11.9287263878022 179.976698087175 5.97436494964787
23 7 235 75 12.2396255715246 179.968564347344 5.97942893563484
23 8 235 85 12.2759878427618 179.973219016642 5.98186776654019
23 9 235 95 12.3223124608902 179.988346769994 5.9835331219862
23 10 235 105 12.8554067411633 179.9899640093 5.98737898390185
23 11 235 115 13.839556563536 179.975611025536 5.99405069929548
23 12 235 125 14.4161080640133 179.965835980715 5.9980492355721
23 13 235 135 14.5224197840077 179.9640018 5.99880006
23 14 235 145 14.5224197840077 179.9640018 5.99880006
23 15 235 155 14.5224197840077 179.9640018 5.99880006
23 16 235 165 14.5224197840077 179.9640018 5.99880006
23 17 235 175 14.5082267976902 179.964031537614 5.99873964502306
23 18 235 185 14.425021924864 179.965239392005 5.9982358097663
23 19 235 195 14.2601462158988 179.973183644296 5.99940931852203
23 20 235 205 13.8558344894018 179.973595849537 6.01529669012566
23 21 235 215 12.1979354469012 179.894005856309 6.05320040529588
23 22 235 225 8.93116670565534 179.745397939035 6.07837576813211
23 23 235 235 6.12076934240043 179.672317302924 6.04398945719042
23 24 235 245 4.72422933025224 179.685370097834 5.94458855449537
23 25 235 255 4.05085517891946 179.892010931582 5.9299347891883
23 26 235 265 3.66762611315927 180.342846418983 6.04405845068249
23 27 235 275 3.56466780385563 180.696310806322 5.88611626629369
23 28 235 285 3.60278095394368 180.68762062649 5.66794066661068
23 29 235 295 3.81544708290617 180.51652403129 5.67365468727902
23 30 235 305 4.90516091576492 180.309099152362 5.74006562932079
23 31 235 315 8.00468077824005 180.123362436007 5.85457408306711
23 32 235 325 12.0581503278647 180.010064219095 5.95891165871279
23 33 235 335 14.157197720044 179.969920037935 5.99488180771489
23 34 235 345 14.5224197840077 179.9640018 5.99880006
23 35 235 355 14.5071020142563 179.964240264743 5.99881477192298
24 0 245 5 14.5224197840077 179.9640018 5.99880006
24 1 245 15 14.5224197840077 179.9640018 5.99880006
24 2 245 25 14.5102638320205 179.96401384871 5.99877837959645
24 3 245 35 14.2577433483071 179.965188520296 5.99727783168268
24 4 245 45 13.108530198233 179.973505846778 5.98691303767017
24 5 245 55 11.2736125549013 179.99299138324 5.96174807416205
24 6 245 65 10.5904235330609 180.003910193963 5.94278659361703
24 7 245 75 11.1256217747149 179.993612773153 5.9522544994018
24 8 245 85 10.9878387873907 180.003228253192 5.96411971499745
24 9 245 95 10.1012807785816 180.039063596106 5.96197493001647
24 10 245 105 10.7082478206899 180.039752984513 5.96670454615791
24 11 245 115 12.910589952629 179.997555707972 5.98491947926965
24 12 245 125 14.2714727920398 179.96930261322 5.99660553126034
24 13 245 135 14.5224197840077 179.9640018 5.99880006
24 14 245 145 14.5224197840077 179.9640018 5.99880006
24 15 245 155 14.5224197840077 179.9640018 5.99880006
24 16 245 165 14.5224197840077 179.9640018 5.99880006
24 17 245 175 14.5224197840077 179.9640018 5.99880006
24 18 245 185 14.5063967453994 179.963999045986 5.99864539536425
24 19 245 195 14.4198736504277 179.963984785074 5.9978446990701
24 20 245 205 14.0481984075942 179.949592690576 5.99705970405367
24 21 245 215 12.5685053533208 179.886364572926 5.99673712713951
24 22 245 225 9.43949315141656 179.835588252227 5.99087247315766
24 23 245 235 6.30907438118985 179.898764199205 5.95823194002905
24 24 245 245 4.6307188557748 179.953100393473 5.84748301984169
24 25 245 255 3.98673338270461 180.075389598121 5.71592953303759
24 26 245 265 3.7051167994364 180.381675465877 5.68593271626075
24 27 245 275 3.69452226670766 180.46026449252 5.59110639118782
24 28 245 285 3.81721515764781 180.228735283366 5.52115798387639
24 29 245 295 3.96912612442177 180.036858035871 5.59574437870887
24 30 245 305 4.91419448842866 179.969561688082 5.70380382858883
24 31 245 315 7.96759675466289 179.981967368636 5.84214600759264
24 32 245 325 12.0429954136309 179.98247016526 5.95444162288816
24 33 245 335 14.1554578775792 179.968333990806 5.99398490037816
24 34 245 345 14.5224197840077 179.9640018 5.99880006
24 35 245 355 14.5224197840077 179.9640018 5.99880006
25 0 255 5 14.5224197840077 179.9640018 5.99880006
25 1 255 15 14.5224197840077 179.9640018 5.99880006
25 2 255 25 14.5224197840077 179.9640018 5.99880006
25 3 255 35 14.295586025381 179.965531753236 5.99670126735492
25 4 255 45 13.0226810769663 179.977533920002 5.9804370761724
25 5 255 55 10.6855048537122 180.008104808093 5.93638908871737
25 6 255 65 9.145343520774 180.02954753836 5.8929283762816
25 7 255 75 8.87481701874504 180.016765488431 5.89673159672604
25 8 255 85 8.97605163093608 180.02249431458 5.92542151015441
25 9 255 95 9.1724922983097 180.061345508612 5.94195387010321
25 10 255 105 10.4705940995353 180.059581776118 5.95675221524041
25 11 255 115 12.8616662584372 180.00614926325 5.98121002831551
25 12 255 125 14.263871337528 179.970659484245 5.99601900696038
25 13 255 135 14.5224197840077 179.9640018 5.99880006
25 14 255 145 14.5224197840077 179.9640018 5.99880006
25 15 255 155 14.5224197840077 179.9640018 5.99880006
25 16 255 165 14.5224197840077 179.9640018 5.99880006
25 17 255 175 14.5224197840077 179.9640018 5.99880006
25 18 255 185 14.4164494733116 179.963738466047 5.99751075771694
25 19 255 195 13.8442671530659 179.962400787929 5.99082763014864
25 20 255 205 12.6490190634285 179.946887232081 5.97475467142155
25 21 255 215 10.8070264452446 179.889073765961 5.94053977025822
25 22 255 225 8.06219063663151 179.851361671479 5.90230201666971
25 23 255 235 5.68562252797367 179.920901140788 5.9129241321324
25 24 255 245 4.49488819543455 179.987307871375 5.89434087082118
25 25 255 255 4.12699540192963 180.166364359603 5.77044606961984
25 26 255 265 4.0079975640846 180.491203284912 5.660580112506
25 27 255 275 4.01615490383793 180.481246085129 5.56704440021366
25 28 255 285 4.10982635205203 180.226469322087 5.56313799233762
25 29 255 295 4.1610150272665 180.145045185138 5.66969276195879
25 30 255 305 4.90498169972079 180.156984180861 5.7719653631295
25 31 255 315 7.80494665905009 180.131875881324 5.86924846631024
25 32 255 325 11.9362398888013 180.041263387864 5.95569408267024
25 33 255 335 14.1352457162314 179.97714029988 5.99306612070975
25 34 255 345 14.5224197840077 179.9640018 5.99880006
25 35 255 355 14.5224197840077 179.9640018 5.99880006
26 0 265 5 14.5224197840077 179.9640018 5.99880006
26 1 265 15 14.5224197840077 179.9640018 5.99880006
26 2 265 25 14.5224197840077 179.9640018 5.99880006
26 3 265 35 14.3179994984984 179.963802420865 5.99697722193714
26 4 265 45 13.1814421817497 179.963906528639 5.98373811574937
26 5 265 55 11.0895249906157 179.969229742616 5.94757146495815
26 6 265 65 9.56770484391824 179.982468141118 5.90419376216823
26 7 265 75 9.13279570540589 179.993219824755 5.89335753449436
26 8 265 85 9.81988661204504 180.002424011993 5.92281999697354
26 9 265 95 11.2376121600875 180.01701949013 5.95624712753255
26 10 265 105 12.5830187938334 180.0127384354 5.97563164960944
26 11 265 115 13.7846554229879 179.98525456329 5.98988801700294
26 12 265 125 14.4075795500867 179.967358333235 5.99739117984702
26 13 265 135 14.5224197840077 179.9640018 5.99880006
26 14 265 145 14.5224197840077 179.9640018 5.99880006
26 15 265 155 14.5224197840077 179.9640018 5.99880006
26 16 265 165 14.5224197840077 179.9640018 5.99880006
26 17 265 175 14.5048607637322 179.964025662151 5.99847595848586
26 18 265 185 14.1533500146893 179.961581012587 5.99248766641491
26 19 265 195 12.6058472416717 179.948311169818 5.96719336072904
26 20 265 205 10.0057065896918 179.921426444304 5.92243427171598
26 21 265 215 7.85880258452223 179.882366032159 5.87415610263694
26 22 265 225 6.17434640338602 179.837683379822 5.86353314357252
26 23 265 235 5.07246401969204 179.836193918043 5.95725978399041
26 24 265 245 4.44311083406769 179.899798674402 6.00087261545987
26 25 265 255 4.20803795054227 180.093358859001 5.85541462100994
26 26 265 265 4.16515713775711 180.39772288769 5.69566042105553
26 27 265 275 4.07182139843695 180.512935582452 5.58583172300379
26 28 265 285 4.01147475902426 180.509591495831 5.61150884102922
26 29 265 295 3.98823766850536 180.634038680697 5.74431113580016
26 30 265 305 4.59711602723472 180.658708641426 5.8218759436524
26 31 265 315 7.36729136138577 180.448071331659 5.87537176643242
26 32 265 325 11.6892246155476 180.148260045576 5.94969544204314
26 33 265 335 14.0899157263344 179.991624882089 5.99140173271231
26 34 265 345 14.5224197840077 179.9640018 5.99880006
26 35 265 355 14.5224197840077 179.9640018 5.99880006
27 0 275 5 14.5224197840077 179.9640018 5.99880006
27 1 275 15 14.5224197840077 179.9640018 5.99880006
27 2 275 25 14.508389918904 179.964064557338 5.9987570020425
27 3 275 35 14.1693508728617 179.962033861362 5.99606641526161
27 4 275 45 12.606105502202 179.946816387042 5.98067775311274
27 5 275 55 10.2087772324795 179.915140619446 5.9495905594363
27 6 275 65 9.62852193237718 179.907630865389 5.92818391685043
27 7 275 75 11.0101784145272 179.944369034384 5.93631909319682
27 8 275 85 12.4658700666676 179.971058618785 5.96181378795435
27 9 275 95 13.5467306545387 179.975257975408 5.98383736161435
27 10 275 105 14.1460131230752 179.972643470962 5.99378448436155
27 11 275 115 14.4058994978648 179.967640592627 5.99727002562355
27 12 275 125 14.5042855872103 179.964576368071 5.99855822239591
27 13 275 135 14.5224197840077 179.9640018 5.99880006
27 14 275 145 14.5224197840077 179.9640018 5.99880006
27 15 275 155 14.5224197840077 179.9640018 5.99880006
27 16 275 165 14.5224197840077 179.9640018 5.99880006
27 17 275 175 14.4089073430995 179.965626552239 5.99799565201379
27 18 275 185 13.5104083429507 179.964837267063 5.98607306472358
27 19 275 195 10.9220604323147 179.92701245726 5.93623248295969
27 20 275 205 7.6423918015801 179.85510538451 5.84805310210767
27 21 275 215 5.76391323133743 179.845837275019 5.78087298256713
27 22 275 225 5.03745227529246 179.855835486372 5.82536382210342
27 23 275 235 4.68908809596934 179.875148174016 5.99985488668315
27 24 275 245 4.32072625741705 180.04135605073 6.05071088965303
27 25 275 255 4.06169420630554 180.148719086432 5.87634424508054
27 26 275 265 3.9236325818421 180.242628906805 5.68644836322805
27 27 275 275 3.7188086078936 180.497666184504 5.62332269509747
27 28 275 285 3.5774234739027 180.93236824923 5.79439383905323
27 29 275 295 3.55094719047261 181.244419841467 5.94823947613349
27 30 275 305 4.14472803917791 181.018879099354 5.88049789665304
27 31 275 315 6.895012469384 180.540398349433 5.87034268836016
27 32 275 325 11.3402973555211 180.155442075434 5.95075769155228
27 33 275 335 13.9017330826877 179.991511056291 5.99291517863072
27 34 275 345 14.4555313794847 179.964140020588 5.99881258960909
27 35 275 355 14.5121052706461 179.964022411431 5.99880192930727
28 0 285 5 14.5224197840077 179.9640018 5.99880006
28 1 285 15 14.5224197840077 179.9640018 5.99880006
28 2 285 25 14.4331028512461 179.964381124871 5.99853986162745
28 3 285 35 13.6678130894713 179.965488649798 5.99222945195741
28 4 285 45 11.3943983642417 179.957705711515 5.96505265598208
28 5 285 55 8.99872419216993 179.924961314141 5.93178950104965
28 6 285 65 9.56723671023991 179.902967766294 5.94279782133318
28 7 285 75 12.2033457518902 179.935598788568 5.98003409527131
28 8 285 85 13.8943428365309 179.962822560837 5.99625906539601
28 9 285 95 14.3952793684226 179.965306787072 5.99793452254415
28 10 285 105 14.5052506214431 179.964078475847 5.99853076830807
28 11 285 115 14.5224197840077 179.9640018 5.99880006
28 12 285 125 14.5224197840077 179.9640018 5.99880006
28 13 285 135 14.5224197840077 179.9640018 5.99880006
28 14 285 145 14.5081624456307 179.963907485972 5.99876785907859
28 15 285 155 14.4308849758114 179.963492250451 5.99863579103752
28 16 285 165 14.293087628162 179.963047847825 5.99831668940118
28 17 285 175 13.9275409468949 179.972779672685 6.00050004679113
28 18 285 185 12.2907925915863 180.00890347207 6.00606236994209
28 19 285 195 8.97226613766306 179.9979254434 5.97191315889971
28 20 285 205 6.0501711851576 179.854650046492 5.84545224525512
28 21 285 215 4.76390081670189 179.759189670844 5.71855070102401
28 22 285 225 4.33442235749416 179.779506969107 5.75292901311479
28 23 285 235 4.07398288260395 179.875449959139 5.92255713949901
28 24 285 245 3.84679218865619 180.110378735538 5.96404444542101
28 25 285 255 3.6756326496528 180.117476119077 5.85243369003894
28 26 285 265 3.48006820631126 180.062371472037 5.72301566248889
28 27 285 275 3.26064310612378 180.430952090803 5.76666260082643
28 28 285 285 3.12318049805103 181.236303634645 6.12206454437179
28 29 285 295 3.11146515601148 181.694904274639 6.33642428843193
28 30 285 305 3.74199310037503 181.203575783487 6.14249672103053
28 31 285 315 6.32094709943346 180.510857628646 5.99260459884524
28 32 285 325 10.3350847653012 180.132140349896 5.98973463175886
28 33 285 335 12.9336565906695 180.002182912707 5.99906324041204
28 34 285 345 14.0395926137381 179.971722740973 5.99913251890358
28 35 285 355 14.4479368771142 179.965160561258 5.99886066188192
29 0 295 5 14.5224197840077 179.9640018 5.99880006
29 1 295 15 14.5068541438254 179.964075524266 5.99868668350862
29 2 295 25 14.2159935885119 179.965601581318 5.99699897756126
29 3 295 35 12.7578386285191 179.972450014986 5.98312374586311
29 4 295 45 9.87852569069097 179.981432493515 5.94815162087225
29 5 295 55 8.05534259766792 179.984696834772 5.95603927934775
29 6 295 65 9.31187649258074 180.004680801937 6.06220705797615
29 7 295 75 11.8863846766223 180.032063909956 6.11941491249123
29 8 295 85 13.7368664866842 180.004728681952 6.06150522294479
29 9 295 95 14.4209121677787 179.971665557368 6.00931621112217
29 10 295 105 14.5224197840077 179.9640018 5.99880006
29 11 295 115 14.5224197840077 179.9640018 5.99880006
29 12 295 125 14.5224197840077 179.9640018 5.99880006
29 13 295 135 14.5224197840077 179.9640018 5.99880006
29 14 295 145 14.4259397164798 179.96261554112 5.99829452375817
29 15 295 155 13.9032855857911 179.95627688083 5.99609293480834
29 16 295 165 12.9772192590348 179.951593095271 5.99369844296074
29 17 295 175 12.0470946284303 179.986852938763 6.00643329983425
29 18 295 185 10.2237190093416 180.114192214505 6.0627939298592
29 19 295 195 7.33872397896845 180.228934747144 6.09610375337761
29 20 295 205 5.25451217737563 180.072992449232 5.96343885855698
29 21 295 215 4.30013128203251 179.791117873565 5.7832668317995
29 22 295 225 3.7171986588511 179.703425251953 5.74033181800026
29 23 295 235 3.2698219659122 179.78821223134 5.79101544767048
29 24 295 245 3.06787270186872 179.936148976784 5.79828026633869
29 25 295 255 2.99653718000831 180.011328533205 5.8155334092382
29 26 295 265 2.85040753018116 180.154528896443 5.838849603029
29 27 295 275 2.66883698224569 180.593093588413 5.91604936601806
29 28 295 285 2.515992260099 181.389142808968 6.17801603286468
29 29 295 295 2.51569530231971 181.839936071271 6.35720424237591
29 30 295 305 3.17380588797928 181.382319280628 6.25950726203188
29 31 295 315 5.25008415186654 180.684208636305 6.10050496278608
29 32 295 325 8.27828356959612 180.262188213936 6.02098232515348
29 33 295 335 10.9896178093082 180.083814798485 6.00175382085133
29 34 295 345 13.227575645155 180.002920520358 5.99985701780322
29 35 295 355 14.3255243653375 179.969887973788 5.99909192664224
30 0 305 5 14.5224197840077 179.9640018 5.99880006
30 1 305 15 14.4244347158135 179.964427382708 5.99814574844054
30 2 305 25 13.669731648663 179.969347056309 5.99106913870046
30 3 305 35 11.4376777362068 179.980197377644 5.96177910588177
30 4 305 45 8.35939629532192 179.982122942597 5.93641068955131
30 5 305 55 6.71661419407699 180.027138241351 6.06928795150967
30 6 305 65 7.47516291219718 180.199471791006 6.37660333115662
30 7 305 75 9.80473357988429 180.287047189207 6.45881884434794
30 8 305 85 12.6187154548982 180.131093681631 6.21595497282827
30 9 305 95 14.1744679071467 179.993018879348 6.03385777221148
30 10 305 105 14.5074239710366 179.964067105147 5.99871743336594
30 11 305 115 14.5081066083952 179.964269769877 5.99899004596461
30 12 305 125 14.4246889286388 179.969097987073 6.00177119574869
30 13 305 135 14.2797976138829 179.986309723261 6.01112446159148
30 14 305 145 14.0208074093471 179.9940096611 6.01593994371623
30 15 305 155 12.8801512611587 179.952335190984 5.99812338570624
30 16 305 165 10.711185357611 179.919498433754 5.98260712360813
30 17 305 175 8.97461921624422 180.013937774501 6.01377611789615
30 18 305 185 7.44074332127339 180.268477350809 6.106030900162
30 19 305 195 5.79815996850506 180.533832926414 6.15119723822583
30 20 305 205 4.5468938192197 180.498294752997 6.00587733408504
30 21 305 215 3.60622697899445 180.140181401937 5.82842248161246
30 22 305 225 2.7701218529882 179.848734467883 5.76750685750879
30 23 305 235 2.22342364663421 179.789402530472 5.80277742477608
30 24 305 245 2.0462337371399 179.892314417334 5.8844848594796
30 25 305 255 2.03689053944295 180.161817842668 6.05877113138993
30 26 305 265 1.96908495959928 180.651346044178 6.20669694396536
30 27 305 275 1.82797284166862 181.266166918664 6.1832981443401
30 28 305 285 1.67947423916857 181.941229054185 6.0894496629347
30 29 305 295 1.73788589959008 182.180789396842 6.04004502345647
30 30 305 305 2.44871495843311 181.672095701076 6.03961842612114
30 31 305 315 4.16189477412328 180.878523109707 5.99995377580628
30 32 305 325 6.73146516664161 180.361763963739 5.96845405978657
30 33 305 335 9.94023423972563 180.145431009083 5.98392280050925
30 34 305 345 12.9186203503416 180.02883931825 5.99817018708318
30 35 305 355 14.2935961783269 179.973947286836 5.99928406563496
31 0 315 5 14.5035201294415 179.966587787084 6.00054517471569
31 1 315 15 14.1821992231928 179.980652484584 6.00805321714146
31 2 315 25 12.6742274745605 180.011178787989 6.00613068351303
31 3 315 35 9.70328550689706 180.049544809708 5.96027334016805
31 4 315 45 6.93497223515145 180.083036462271 5.94730212197937
31 5 315 55 5.59726502122929 180.189742142204 6.19794406760398
31 6 315 65 5.6857681852835 180.482720764953 6.65323150197508
31 7 315 75 7.55944078991879 180.598401717647 6.7338219602525
31 8 315 85 10.9561122068772 180.285806014496 6.33224671211635
31 9 315 95 13.4977836779815 180.021798080895 6.04810088609818
31 10 315 105 14.3761821699664 179.964810254277 5.99754366950429
31 11 315 115 14.4288881693564 179.96547025103 5.99983673760883
31 12 315 125 13.9376501266067 179.991901068322 6.01509049220567
31 13 315 135 13.0630469452352 180.086128342074 6.06640730572396
31 14 315 145 12.665891126618 180.150412387602 6.10108211687869
31 15 315 155 12.1407936776367 180.024524017249 6.03975380851863
31 16 315 165 10.2516558658909 179.911406389574 5.98271779644202
31 17 315 175 8.19444926836165 180.048188372374 6.01583424681346
31 18 315 185 6.29302781582375 180.43083559889 6.0816936878703
31 19 315 195 4.7586453430955 180.894528066931 6.02668640160952
31 20 315 205 3.59368224642673 181.135054709891 5.81226856431005
31 21 315 215 2.53260693983246 180.906334192938 5.6646527699923
31 22 315 225 1.59297222374886 180.468608921549 5.68138047842035
31 23 315 235 1.0681462056092 180.238723384953 5.83909045697088
31 24 315 245 0.954696509454967 180.353904251274 6.08962142959073
31 25 315 255 0.998344888114549 180.726077985695 6.32765562329842
31 26 315 265 1.00509678782151 181.344422461455 6.40980179437649
31 27 315 275 0.930437283412924 182.027979159049 6.25607759393614
31 28 315 285 0.836612813820382 182.532816189845 5.91897511974882
31 29 315 295 0.976357281235035 182.478193747806 5.70386873986221
31 30 315 305 1.76296832025825 181.788252740079 5.73025704342442
31 31 315 315 3.56638118210324 180.856513722419 5.78017963895066
31 32 315 325 6.71192120771806 180.267087747217 5.84801118294977
31 33 315 335 10.7392750834609 180.069249260413 5.94442199683468
31 34 315 345 13.5099211031181 180.000128773303 5.9922660813667
31 35 315 355 14.4121147871253 179.96971494066 5.99907623379288
32 0 325 5 14.405187925934 179.978377265064 6.00854288641979
32 1 325 15 13.5544335906796 180.052996759742 6.05612001948943
32 2 325 25 11.2031392228752 180.188283786152 6.10732934023626
32 3 325 35 8.05687413460884 180.338940577479 6.06025221845115
32 4 325 45 5.83913512064906 180.525608022507 6.03514490868262
32 5 325 55 4.90735119725002 180.70451177649 6.30180231363395
32 6 325 65 4.73880174233456 180.882747223794 6.72117689273737
32 7 325 75 5.82028843801602 180.819740081894 6.71258835386781
32 8 325 85 8.76650432114837 180.374744566565 6.27467165260354
32 9 325 95 12.0934400004744 180.044197666357 6.019027258111
32 10 325 105 13.9571676040097 179.967338117341 5.99277964033087
32 11 325 115 14.2929444346504 179.966584198622 6.00059749238268
32 12 325 125 13.3145112101428 180.012876722845 6.02743033592174
32 13 325 135 11.4818186124991 180.178002811773 6.11777051217915
32 14 325 145 11.0387885749478 180.301109292616 6.18283345168485
32 15 325 155 12.1972854726596 180.129035253217 6.09248008792385
32 16 325 165 12.1735329843432 179.95969381291 6.00180225659134
32 17 325 175 10.3299443711141 180.049397670612 5.99486804676177
32 18 325 185 7.2194996078374 180.474510299356 5.96087760548028
32 19 325 195 4.51441379385348 181.19724535759 5.75544124163425
32 20 325 205 2.84097682696229 181.721870032065 5.45501949916456
32 21 325 215 1.655754246859 181.556849745247 5.37046189177793
32 22 325 225 0.704061818886014 181.036694785984 5.55032677802422
32 23 325 235 0.205819474328355 180.780866192907 5.85229540520132
32 24 325 245 0.137578998209519 180.96191829412 6.13541136396162
32 25 325 255 0.224355395468024 181.35120448781 6.22109175846745
32 26 325 265 0.288910112648932 181.858570181609 6.10341985361383
32 27 325 275 0.266317407526576 182.300957597262 5.91269518551569
32 28 325 285 0.219520327674173 182.548870098697 5.61318365672451
32 29 325 295 0.411129304778019 182.443380434889 5.37721975508312
32 30 325 305 1.22954647768016 181.876099680028 5.37172193135829
32 31 325 315 3.18424545449004 181.011732295169 5.49965863440109
32 32 325 325 6.92059750150626 180.317947512704 5.71696838734108
32 33 325 335 11.5067333049711 180.031791165955 5.91078626182702
32 34 325 345 13.9972673817616 179.972849707254 5.98795754662363
32 35 325 355 14.5040349653751 179.96504846078 5.99885049518184
33 0 335 5 14.2490897376169 179.990082939802 6.0162873705734
33 1 335 15 12.744039845267 180.12497060982 6.10258169370098
33 2 335 25 9.5520111806712 180.381755791263 6.20381306895792
33 3 335 35 6.49207109810821 180.723554682791 6.1667045479286
33 4 335 45 4.7381373031538 181.17416590989 6.14584749211473
33 5 335 55 4.12415370984133 181.419093530865 6.40678457456853
33 6 335 65 4.06486631219262 181.303924504854 6.76137351789974
33 7 335 75 4.68383912919546 180.872195120633 6.64791737412856
33 8 335 85 7.00904807016204 180.338115692399 6.18280229159645
33 9 335 95 10.6703027483953 180.039886789648 5.9770663251376
33 10 335 105 13.4195532774168 179.969360954788 5.98616024666136
33 11 335 115 14.244494463423 179.965589136175 5.9998329546552
33 12 335 125 13.4901310488952 179.993445509119 6.01620112465044
33 13 335 135 11.8868914800059 180.093057396262 6.07138134718664
33 14 335 145 11.5429073584786 180.169439204623 6.11205266364922
33 15 335 155 13.0039417884072 180.075189251763 6.06040066731194
33 16 335 165 13.6993338941202 179.978739707648 6.0060644491657
33 17 335 175 12.0503022315681 180.033401447098 5.97976923332669
33 18 335 185 8.2703015808968 180.448371590612 5.87638938581616
33 19 335 195 4.66801009998209 181.350887713551 5.57368559135631
33 20 335 205 2.52170037131428 182.053163710831 5.22493276099557
33 21 335 215 1.24761797641591 181.824783225142 5.22950663620175
33 22 335 225 0.29295118687973 181.215642784358 5.56403161727619
33 23 335 235 -0.227310854729573 181.045453519722 5.8964697947287
33 24 335 245 -0.314742695091827 181.350024599436 6.01050766144934
33 25 335 255 -0.231512794537765 181.689548589248 5.86507143585686
33 26 335 265 -0.15929191996359 181.934632797168 5.64577581996893
33 27 335 275 -0.170905011305907 182.024790245297 5.50377836205676
33 28 335 285 -0.185114220047013 182.069620147062 5.32800484835642
33 29 335 295 0.0349437964189965 182.11542064236 5.20835306274006
33 30 335 305 0.824800735356693 181.909396657131 5.23401402862319
33 31 335 315 2.74441244564278 181.291079957492 5.3733589785749
33 32 335 325 6.58216097445413 180.546514578696 5.66350241817511
33 33 335 335 11.3072900315662 180.104749915484 5.9040945638788
33 34 335 345 13.8307752519552 179.978862950298 5.98580947223927
33 35 335 355 14.4130855502038 179.964561660531 5.99716815915057
34 0 345 5 14.1718442836169 179.981668476659 6.00866390810836
34 1 345 15 12.8087489044509 180.069191124429 6.06285737944389
34 2 345 25 9.5242271193233 180.265842575894 6.10861505017248
34 3 345 35 6.13445191056936 180.654745405471 6.07041407437737
34 4 345 45 4.17266624617079 181.252578563101 6.08014801041258
34 5 345 55 3.5478683532073 181.528856739512 6.24999276326554
34 6 345 65 3.58120322578408 181.170761144459 6.48502156300069
34 7 345 75 4.2139662439524 180.492252390716 6.45905792723207
34 8 345 85 6.46959683255929 180.064744259473 6.13879124611453
34 9 345 95 10.2779706842626 179.963180230298 5.97953158985324
34 10 345 105 13.2814392366889 179.96242855003 5.98766804938319
34 11 345 115 14.3191093008781 179.964416155491 5.99893754045595
34 12 345 125 14.1347269747957 179.970098601628 6.00249075415432
34 13 345 135 13.5176660226312 179.990799489147 6.01434745322236
34 14 345 145 13.3767913377239 180.006891808422 6.02323759929008
34 15 345 155 13.9766404073814 179.988154231204 6.01246564243685
34 16 345 165 14.1576672356711 179.968919365339 5.99984849845281
34 17 345 175 12.5476720102409 180.021579686603 5.97540024741373
34 18 345 185 8.764202598104 180.394748912049 5.84875743301131
34 19 345 195 4.87312022716963 181.255885072071 5.53294537090415
34 20 345 205 2.50052165971492 181.928031414894 5.25374959718962
34 21 345 215 1.19173080203249 181.701484375545 5.37694833662082
34 22 345 225 0.23802369940573 181.188851703728 5.71383186232315
34 23 345 235 -0.335334045816553 181.155034961693 5.8894569753157
34 24 345 245 -0.50450711518539 181.487029791494 5.79611195894013
34 25 345 255 -0.487838695625257 181.67730206007 5.53275917820621
34 26 345 265 -0.454653903768492 181.675269574515 5.31837162675587
34 27 345 275 -0.477450269580445 181.569125746969 5.20891530839583
34 28 345 285 -0.47457700826229 181.512809663995 5.11448700389092
34 29 345 295 -0.252616757669766 181.58389421936 5.14662816284545
34 30 345 305 0.487955513486278 181.583663565859 5.26040307064608
34 31 345 315 2.26926058605692 181.255877178937 5.39524847534855
34 32 345 325 5.70209650427487 180.66414386794 5.68958055073091
34 33 345 335 9.84946416828082 180.183462736474 5.91134246944393
34 34 345 345 12.4498330116504 179.998932774608 5.97056171036922
34 35 345 355 13.8108108974811 179.968026839186 5.98704049103179
35 0 355 5 14.1629313532366 179.970070229031 5.99666273233489
35 1 355 15 13.56566943086 179.987999691379 6.00882664177397
35 2 355 25 10.8040987367491 180.053282303669 5.98460894881673
35 3 355 35 6.84338426459378 180.305324573413 5.91309612073324
35 4 355 45 4.24300029571793 180.796239239131 5.8649514464883
35 5 355 55 3.33023543499729 181.051780814554 5.87664850453453
35 6 355 65 3.30240124324902 180.709790077158 6.06261825579088
35 7 355 75 4.04694128146485 180.083695557901 6.30995387066346
35 8 355 85 6.37564281515141 179.761688605607 6.21649705295261
35 9 355 95 10.2351427612481 179.835479933911 6.04435286675047
35 10 355 105 13.2747339072434 179.942437294009 5.9991862171086
35 11 355 115 14.3667828864575 179.964316705909 5.99866000329754
35 12 355 125 14.4690974713214 179.964185788325 5.99893236909192
35 13 355 135 14.3822530688142 179.964827492365 5.99939278575897
35 14 355 145 14.3603935551419 179.965334580431 5.99975612443661
35 15 355 155 14.4445720115569 179.964754719919 5.99934001988658
35 16 355 165 14.2925940637878 179.964541270906 5.99743856220376
35 17 355 175 12.8654940332291 180.021290566821 5.97689319260796
35 18 355 185 9.34058599683727 180.355265472053 5.86421934648471
35 19 355 195 5.29049537568306 181.004960711028 5.60128746630097
35 20 355 205 2.72180392236898 181.351366387827 5.41658023224151
35 21 355 215 1.37297992937409 181.085571507722 5.56792880800899
35 22 355 225 0.411453654600063 180.823715019133 5.77103553203121
35 23 355 235 -0.218253706042273 180.99044663181 5.80058312993003
35 24 355 245 -0.473771611092276 181.299737381519 5.67100441640572
35 25 355 255 -0.523650466639599 181.347521412283 5.43741849096616
35 26 355 265 -0.526071137394295 181.187740056511 5.24411787848945
35 27 355 275 -0.558176546450887 181.002179284192 5.13386726002994
35 28 355 285 -0.568832446942666 180.903047690516 5.04490405228402
35 29 355 295 -0.401163974548298 180.90923819924 5.07922454068532
35 30 355 305 0.263636225827952 180.92487284894 5.19723219656195
35 31 355 315 1.89063436135583 180.779384981168 5.36474600045399
35 32 355 325 4.65215262503907 180.439816458424 5.6749563439637
35 33 355 335 7.69790245786811 180.131839054393 5.88020449490444
35 34 355 345 10.2916502598005 180.004948188057 5.93175002181036
35 35 355 355 12.8588971401553 179.974592751347 5.96778103540085
