0 0 5 5 14.963321481563 179.92294173172 5.9994680138961
0 1 5 15 15.0263921574942 179.92405046054 5.99904354368685
0 2 5 25 14.9916290107345 179.918909304875 6.00016853358978
0 3 5 35 14.646912195473 179.892269550301 6.0070949849749
0 4 5 45 13.8772125387303 179.843918162415 6.0196055123513
0 5 5 55 13.1162871497734 179.815076434149 6.02623115921733
0 6 5 65 13.0163598058807 179.841959856612 6.01690070295171
0 7 5 75 13.4858495142355 179.894742612107 5.9998531224599
0 8 5 85 13.9633493576703 179.927661567067 5.98923060876418
0 9 5 95 14.3266776838252 179.934733279899 5.98866762660139
0 10 5 105 14.6870108880552 179.931806943575 5.99277423380858
0 11 5 115 14.9644384582941 179.929088431932 5.99607918085742
0 12 5 125 15.0864498923725 179.928170915132 5.99733738872328
0 13 5 135 15.1140474504285 179.92802036242 5.99758115661756
0 14 5 145 15.1046140244786 179.92858911578 5.99760841226533
0 15 5 155 14.9746326182219 179.93425075247 5.99771594230353
0 16 5 165 14.3937404504927 179.95574254085 5.99829952583815
0 17 5 175 13.0043352799142 179.9956854543 5.99964977146995
0 18 5 185 10.9970441402544 180.039068784975 5.99811220459441
0 19 5 195 8.91066821959831 180.092397938676 5.97683531139612
0 20 5 205 6.79739852422895 180.174029205833 5.90653921020912
0 21 5 215 4.57052596295409 180.226776842082 5.78444462978079
0 22 5 225 2.67784539699586 180.206953073519 5.67101548740177
0 23 5 235 1.60824766938843 180.231217696073 5.62791525996567
0 24 5 245 1.28024903173325 180.405433223637 5.6313338120553
0 25 5 255 1.29857783720643 180.623334643077 5.61719905964891
0 26 5 265 1.37776248741336 180.750079767971 5.57371639073506
0 27 5 275 1.38516807432885 180.833124058873 5.54553378887682
0 28 5 285 1.3411606758365 180.926388497504 5.55208747951256
0 29 5 295 1.48695251851685 180.917143147665 5.5643935859253
0 30 5 305 2.26906190826783 180.724818350955 5.59847846413579
0 31 5 315 4.25844026027233 180.437171893125 5.69956614891012
0 32 5 325 7.6105924863629 180.180490234926 5.83570406966244
0 33 5 335 11.2897552483541 180.018586196309 5.93695930343451
0 34 5 345 13.771565220758 179.946958530537 5.98352973810698
0 35 5 355 14.7419154129773 179.92586456166 5.99730714420662
1 0 15 5 15.0853694202743 179.927885971201 5.99757682830826
1 1 15 15 15.0951908127966 179.926731337818 5.99790015217703
1 2 15 25 14.9448263073481 179.916854236917 5.99974879841639
1 3 15 35 14.2874850313625 179.878296850321 6.00689709541051
1 4 15 45 12.9069501951089 179.809962864911 6.01897329882933
1 5 15 55 11.6069464997563 179.768049117296 6.02503645819239
1 6 15 65 11.6737206956965 179.802155903983 6.01700397279249
1 7 15 75 12.9852947775521 179.871297212941 6.00411725155791
1 8 15 85 14.2447220070549 179.915111933741 5.99714650407293
1 9 15 95 14.8366740361279 179.927884552668 5.99599681920717
1 10 15 105 15.0226280898172 179.9288514042 5.99671199729311
1 11 15 115 15.0869009735925 179.928293861861 5.99732298726873
1 12 15 125 15.1106814152117 179.928058057841 5.99755210344185
1 13 15 135 15.1160713840217 179.92801410785 5.99759681610117
1 14 15 145 15.1091945423549 179.928375927383 5.99760503369092
1 15 15 155 15.0299608128738 179.931982134937 5.99766003534774
1 16 15 165 14.6804439779498 179.945831460428 5.99792193327089
1 17 15 175 13.8502341158736 179.971731835996 5.99840937727128
1 18 15 185 12.6079124515273 179.997363378435 5.9970718203966
1 19 15 195 11.0756352053487 180.014832281377 5.98464164526976
1 20 15 205 9.00873908676547 180.016505989489 5.94350324300477
1 21 15 215 6.38114101677853 179.970490461231 5.87174231218126
1 22 15 225 3.95436840519868 179.914553375614 5.8168910474767
1 23 15 235 2.53402052867894 179.999317524353 5.83508327375852
1 24 15 245 2.12875158780098 180.26100606613 5.89657351166949
1 25 15 255 2.26281332970939 180.517947383561 5.91806142480046
1 26 15 265 2.52362703862656 180.639610602384 5.88744610811861
1 27 15 275 2.59272736164977 180.704391366022 5.84861292587913
1 28 15 285 2.38391837620017 180.7841330869 5.80064469777216
1 29 15 295 2.26176533282763 180.785965983871 5.7272101572293
1 30 15 305 2.81114814946635 180.639325479457 5.6866841658502
1 31 15 315 4.60052823541297 180.410355909869 5.74107917041852
1 32 15 325 7.77866699444841 180.190128961174 5.8506989544013
1 33 15 335 11.3654683328837 180.034000311352 5.93930405783212
1 34 15 345 13.8531982620362 179.956529035921 5.98206228059426
1 35 15 355 14.8638666556341 179.932128112371 5.99520410749797
2 0 25 5 15.0989896448904 179.928380382139 5.99744237517959
2 1 25 15 15.0993266984411 179.927160516757 5.99764535576521
2 2 25 25 14.9145510753894 179.918676521502 5.99804457289803
2 3 25 35 14.1247367126769 179.885948401452 5.99928521762425
2 4 25 45 12.4640821631779 179.827689806776 6.00050289949147
2 5 25 55 10.8950631525907 179.79114734354 5.99921195633203
2 6 25 65 10.9895354867089 179.818888356817 5.99590718063991
2 7 25 75 12.6289325950331 179.877122078982 5.99457818982357
2 8 25 85 14.2129830577563 179.914709446955 5.99576470626845
2 9 25 95 14.9295740365247 179.92636900944 5.99702847866021
2 10 25 105 15.0951648708524 179.928010263192 5.99748751283082
2 11 25 115 15.1140874314067 179.928038778511 5.99757869682217
2 12 25 125 15.116071108983 179.92801572319 5.99759656445302
2 13 25 135 15.1165214582655 179.928011164978 5.99760007945211
2 14 25 145 15.1138522285754 179.928147866277 5.997601984725
2 15 25 155 15.0843740844786 179.929508189991 5.99761196887336
2 16 25 165 14.9475389185005 179.934745040855 5.99759283543148
2 17 25 175 14.5718106138447 179.944363309886 5.99718386668543
2 18 25 185 13.8055188464308 179.951523543298 5.99504869503328
2 19 25 195 12.4138113912445 179.942484259918 5.98796003100564
2 20 25 205 10.1694450718171 179.892800914422 5.97195994965502
2 21 25 215 7.3183837413217 179.799387439445 5.95576007173074
2 22 25 225 4.7291915779407 179.77645071041 5.98147337960126
2 23 25 235 3.2155876172716 179.978313512579 6.08421424253947
2 24 25 245 2.83227563974284 180.319819356715 6.19381417953489
2 25 25 255 3.14748213478935 180.534464902221 6.19408802543446
2 26 25 265 3.69321990937705 180.542728569568 6.09782316235324
2 27 25 275 3.91497257991346 180.488772481696 5.98720732359209
2 28 25 285 3.55357016590155 180.479662938065 5.87931810578912
2 29 25 295 3.16019353022762 180.462737350325 5.78048211313453
2 30 25 305 3.57297274969074 180.375822741491 5.74489933854297
2 31 25 315 5.33165592723419 180.24913016953 5.79658435775905
2 32 25 325 8.3922441587464 180.12207232135 5.88490269720742
2 33 25 335 11.7311046151581 180.017291476928 5.95265090411157
2 34 25 345 13.994756204667 179.955428541755 5.98529191465679
2 35 25 355 14.9027741472536 179.932860334313 5.99553440237359
3 0 35 5 15.1043344566463 179.92827697261 5.99751547338288
3 1 35 15 15.1024702277333 179.927558838173 5.99750858438077
3 2 35 25 14.9510894313611 179.923032334238 5.99654651133267
3 3 35 35 14.3023125230358 179.905469550594 5.99255605997885
3 4 35 45 12.9331512238602 179.873872524775 5.98452914832304
3 5 35 55 11.6310077494546 179.853360503548 5.97758244431666
3 6 35 65 11.698924095565 179.867480069725 5.97888464945442
3 7 35 75 13.0540394173836 179.899004378388 5.98684726772632
3 8 35 85 14.37237641487 179.920035031746 5.99389981360183
3 9 35 95 14.9695522288788 179.926870428156 5.99690068325127
3 10 35 105 15.1043398939562 179.927947496585 5.99754445870144
3 11 35 115 15.1165624861391 179.92801079928 5.997600359976
3 12 35 125 15.1165624861391 179.92801079928 5.997600359976
3 13 35 135 15.1165624861391 179.92801079928 5.997600359976
3 14 35 145 15.1160180728366 179.9280388045 5.99760067015648
3 15 35 155 15.107574560636 179.928322239481 5.99756085449561
3 16 35 165 15.0445831968766 179.929413481513 5.99706510696371
3 17 35 175 14.7559434101038 179.931193002186 5.9945679249582
3 18 35 185 13.8839821586128 179.930223666119 5.98787912265035
3 19 35 195 12.088859867736 179.914870027052 5.9776128789168
3 20 35 205 9.48196685652147 179.865743213257 5.96945028068715
3 21 35 215 6.69646314062112 179.804649386616 5.97896587383772
3 22 35 225 4.47501123261028 179.862574833919 6.04901452082671
3 23 35 235 3.2680312514956 180.146708420753 6.21227696616216
3 24 35 245 3.03338737694393 180.495120373026 6.37533036710835
3 25 35 255 3.46746283836221 180.635086761754 6.38215242432558
3 26 35 265 4.18418254553882 180.534965202205 6.23723783202962
3 27 35 275 4.54304405075284 180.354119219624 6.05227092626125
3 28 35 285 4.1797643802128 180.218906344477 5.89378455577766
3 29 35 295 3.76105652802247 180.133023624238 5.80360591381213
3 30 35 305 4.33444728759011 180.064731881896 5.80679892780638
3 31 35 315 6.37518473212299 180.02555003785 5.86851359565019
3 32 35 325 9.46891220374801 180.003539362907 5.93227502516868
3 33 35 335 12.4444198842359 179.973167518765 5.97253592608175
3 34 35 345 14.2766044921548 179.94459081712 5.99077999900003
3 35 35 355 14.962989931759 179.931282544459 5.99646409296464
4 0 45 5 15.1100656187944 179.9281233571 5.99757018338083
4 1 45 15 15.1088182941907 179.927851511114 5.99750349298492
4 2 45 25 15.0255167075672 179.926246850161 5.99650956339398
4 3 45 35 14.6678842343253 179.919964904236 5.99251041633003
4 4 45 45 13.9112988628794 179.908479840752 5.98484609526188
4 5 45 55 13.1885406612146 179.900649501702 5.97890941637604
4 6 45 65 13.2218644920738 179.905289209687 5.98106929547316
4 7 45 75 13.9706130560492 179.916738020302 5.98869066191977
4 8 45 85 14.702260586203 179.924750871652 5.99473870221887
4 9 45 95 15.0345751097428 179.927507928319 5.99709676938406
4 10 45 105 15.1097355812378 179.927979206027 5.99756295990836
4 11 45 115 15.1165624861391 179.92801079928 5.997600359976
4 12 45 125 15.1165624861391 179.92801079928 5.997600359976
4 13 45 135 15.1165624861391 179.92801079928 5.997600359976
4 14 45 145 15.1165165733798 179.928013194702 5.99760038498299
4 15 45 155 15.1084560581893 179.928062495417 5.9974719906631
4 16 45 165 15.0142147987174 179.928415595356 5.99596524367636
4 17 45 175 14.5330480972675 179.92971613056 5.98863604366632
4 18 45 185 13.1518608567162 179.932351678329 5.96974706355718
4 19 45 195 10.6781303702586 179.934130474072 5.94251953703283
4 20 45 205 7.71639838589255 179.932569837215 5.92213912054715
4 21 45 215 5.17525591377055 179.952549051307 5.9263721188937
4 22 45 225 3.5256156309682 180.072790074499 5.99055982368553
4 23 45 235 2.76899133557036 180.333112424477 6.15646176767002
4 24 45 245 2.698221012991 180.601329913106 6.35743008658838
4 25 45 255 3.09372248933242 180.696150826314 6.42701978620553
4 26 45 265 3.70305743048154 180.588105626355 6.31134953689899
4 27 45 275 4.03878886630425 180.366038510195 6.09807924426435
4 28 45 285 3.82347440332541 180.15359931805 5.90034118470698
4 29 45 295 3.69263543647483 180.015483372664 5.80912251143595
4 30 45 305 4.69991063544467 179.939579090588 5.83826781657763
4 31 45 315 7.23004480626708 179.920597557644 5.91049596418158
4 32 45 325 10.5004916750217 179.933889559358 5.96143459937289
4 33 45 335 13.1705859079533 179.939679400002 5.98527070492847
4 34 45 345 14.5717372471554 179.934015302458 5.99446557808354
4 35 45 355 15.0269937043654 179.929350604522 5.99712397874096
5 0 55 5 15.1056528025123 179.928054181962 5.99751808788555
5 1 55 15 15.1029117104859 179.927995895648 5.99744596845114
5 2 55 25 15.0739014337347 179.927602553629 5.99701435517105
5 3 55 35 14.9535072014077 179.926036568963 5.99533826819781
5 4 55 45 14.6938193939452 179.923129163262 5.99212707741758
5 5 55 55 14.4430559021137 179.921045090743 5.98970111463819
5 6 55 65 14.4543730680529 179.922078160491 5.99072219960784
5 7 55 75 14.7156325338903 179.924964147307 5.99396207683401
5 8 55 85 14.9714652611196 179.92708818194 5.99645721975608
5 9 55 95 15.0878236117999 179.927859414382 5.99740418198869
5 10 55 105 15.1141676769961 179.928000448132 5.99758619592521
5 11 55 115 15.1165624861391 179.92801079928 5.997600359976
5 12 55 125 15.1165624861391 179.92801079928 5.997600359976
5 13 55 135 15.1165624861391 179.92801079928 5.997600359976
5 14 55 145 15.1165624861391 179.92801079928 5.997600359976
5 15 55 155 15.1029459716711 179.92807737111 5.99736738289278
5 16 55 165 14.9475144768537 179.92891850388 5.99460174613295
5 17 55 175 14.2055993074752 179.933637283644 5.98085195233767
5 18 55 185 12.2699955055281 179.949814690561 5.94393261735554
5 19 55 195 9.20781244119904 179.989819839196 5.88656523582095
5 20 55 205 6.05653249570296 180.068380018405 5.83599190197864
5 21 55 215 3.77443801652532 180.195082741558 5.81959009835041
5 22 55 225 2.53462570214795 180.36417410454 5.86038834727039
5 23 55 235 2.07329111743219 180.547270714674 5.99656767991353
5 24 55 245 2.09554466011056 180.69087019613 6.20813339607281
5 25 55 255 2.38910135479571 180.741277811672 6.35266158761316
5 26 55 265 2.76869668811141 180.672398465572 6.3095210398428
5 27 55 275 2.9668633163408 180.506069087598 6.11376162067882
5 28 55 285 2.89807237885533 180.346751374784 5.90199700155796
5 29 55 295 3.09553375440552 180.256299281161 5.79890470067291
5 30 55 305 4.46212737954708 180.168281541502 5.82364936095926
5 31 55 315 7.33107572783003 180.059224016341 5.89574574189293
5 32 55 325 10.7940339658141 179.978626581438 5.95157509905431
5 33 55 335 13.4222474047384 179.942456307043 5.98168547929098
5 34 55 345 14.6824160266708 179.931128501893 5.99397985756299
5 35 55 355 15.0497271017823 179.928460682322 5.997155108849
6 0 65 5 15.0299002122693 179.928204108719 5.9967224441569
6 1 65 15 14.985367510674 179.928303693968 5.99618535773195
6 2 65 25 14.9795089599983 179.928243096438 5.99607758668034
6 3 65 35 15.0052584204675 179.927873206946 5.9962527738347
6 4 65 45 15.0042448956551 179.927273598851 5.99612521187487
6 5 65 55 14.9780890674054 179.92686144685 5.9958774657349
6 6 65 65 14.9856064076757 179.927005459141 5.99615851080279
6 7 65 75 15.0375384513733 179.927483128515 5.99684536958265
6 8 65 85 15.0879532290184 179.92784681313 5.99736494606535
6 9 65 95 15.1108942697993 179.927983019574 5.99756032145239
6 10 65 105 15.1160900411191 179.928008823771 5.99759749930588
6 11 65 115 15.1165624861391 179.92801079928 5.997600359976
6 12 65 125 15.1165624861391 179.92801079928 5.997600359976
6 13 65 135 15.1165624861391 179.92801079928 5.997600359976
6 14 65 145 15.1165624861391 179.92801079928 5.997600359976
6 15 65 155 15.1002992655659 179.928109706361 5.9973356969577
6 16 65 165 14.917174288405 179.929512185786 5.99410022130109
6 17 65 175 14.0593700746944 179.938122610966 5.97724592777086
6 18 65 185 11.8800162233995 179.969615853824 5.92852317152438
6 19 65 195 8.55910639663207 180.050799646466 5.84367433096677
6 20 65 205 5.310049024651 180.211287143759 5.75480032130319
6 21 65 215 3.09536250113402 180.448290531254 5.70836684990945
6 22 65 225 1.97141970884326 180.685192228372 5.73097798461523
6 23 65 235 1.59595120096881 180.827927347642 5.84415084742335
6 24 65 245 1.6439179910069 180.869097140393 6.04520360031377
6 25 65 255 1.87737163358961 180.856144880877 6.22761599908983
6 26 65 265 2.11362875877974 180.811252546739 6.25178510202085
6 27 65 275 2.20708048182755 180.751240928824 6.11280982348163
6 28 65 285 2.19756604847445 180.735829845149 5.9311768669087
6 29 65 295 2.51417469216167 180.741271356466 5.82225476915269
6 30 65 305 3.88592072010623 180.611773921591 5.81043113971227
6 31 65 315 6.69262687104839 180.33591293911 5.85393272176066
6 32 65 325 10.2224702453673 180.088339114189 5.91499917908507
6 33 65 335 13.0778386225725 179.967517546897 5.96541506313294
6 34 65 345 14.5500049492522 179.933703221266 5.9901285852053
6 35 65 355 14.9969312160998 179.928491990682 5.99647184661695
7 0 75 5 14.7044035868522 179.928986712253 5.9930396411677
7 1 75 15 14.4615993391888 179.929592616343 5.99015698587401
7 2 75 25 14.4603476735457 179.929606030854 5.99006075314444
7 3 75 35 14.710241132178 179.928979851986 5.99287759195136
7 4 75 45 14.9612759983935 179.928314086314 5.99576757607352
7 5 75 55 15.0756471144029 179.927990583285 5.99710943825146
7 6 75 65 15.103077858769 179.927934897795 5.9974493241637
7 7 75 75 15.1099132980011 179.927967544436 5.99753668652081
7 8 75 85 15.1141552824868 179.927997299979 5.99758053746154
7 9 75 95 15.1160855731026 179.928008500935 5.99759699499505
7 10 75 105 15.1165227374987 179.928010634863 5.99760012008943
7 11 75 115 15.1165624861391 179.92801079928 5.997600359976
7 12 75 125 15.1165624861391 179.92801079928 5.997600359976
7 13 75 135 15.1165624861391 179.92801079928 5.997600359976
7 14 75 145 15.1165624861391 179.92801079928 5.997600359976
7 15 75 155 15.1033618678314 179.928097928622 5.99741056395238
7 16 75 165 14.9505231451566 179.92948108549 5.99495840546652
7 17 75 175 14.2079431110591 179.938706448758 5.98110784431667
7 18 75 185 12.2284009430014 179.974762428622 5.93637098478799
7 19 75 195 9.02171209824594 180.072904633196 5.8466825709702
7 20 75 205 5.66262332003263 180.274248409575 5.73593328152597
7 21 75 215 3.2490755730205 180.574093216657 5.66402004842757
7 22 75 225 2.01217630532229 180.861067693284 5.67177166735615
7 23 75 235 1.60715214298695 181.001898444413 5.76016402575787
7 24 75 245 1.64047834132605 180.998130193963 5.91369434192439
7 25 75 255 1.84667607205905 180.94634453119 6.07179884389747
7 26 75 265 2.04504777081235 180.925020076678 6.14169828607541
7 27 75 275 2.11831303894446 180.965008905655 6.09541932509507
7 28 75 285 2.12233675247273 181.055672042964 5.98698633088411
7 29 75 295 2.39725797385555 181.086833553004 5.88776940114028
7 30 75 305 3.55165088710536 180.888451941282 5.83226766566791
7 31 75 315 6.06123250237835 180.497021213823 5.83289101886348
7 32 75 325 9.51604093587661 180.152390658333 5.8873142647368
7 33 75 335 12.6035718681777 179.98350038636 5.95162951885901
7 34 75 345 14.341607266797 179.935977515129 5.98644253080141
7 35 75 355 14.8399037381911 179.928912085648 5.99475033147178
8 0 85 5 14.0038632067707 179.930820424902 5.98440262918295
8 1 85 15 13.3218862609347 179.932608627017 5.97595536316935
8 2 85 25 13.3197833295124 179.932662529489 5.97569857300273
8 3 85 35 14.0102029360754 179.930903302047 5.98397981352351
8 4 85 45 14.7100890522062 179.929082648708 5.9925525521836
8 5 85 55 15.0349930977822 179.928227463989 5.99657989562677
8 6 85 65 15.1096886174128 179.928029169558 5.9975138314545
8 7 85 75 15.1165624861391 179.92801079928 5.997600359976
8 8 85 85 15.1165624861391 179.92801079928 5.997600359976
8 9 85 95 15.1165624861391 179.92801079928 5.997600359976
8 10 85 105 15.1165624861391 179.92801079928 5.997600359976
8 11 85 115 15.1165624861391 179.92801079928 5.997600359976
8 12 85 125 15.1165624861391 179.92801079928 5.997600359976
8 13 85 135 15.1165624861391 179.92801079928 5.997600359976
8 14 85 145 15.1165624861391 179.92801079928 5.997600359976
8 15 85 155 15.1093637181816 179.928059269692 5.99751590140774
8 16 85 165 15.0164871745381 179.928915051326 5.99626130833877
8 17 85 175 14.5062995715455 179.935142228347 5.98787051779374
8 18 85 185 12.9476657818964 179.961952669741 5.95538413753687
8 19 85 195 10.0350312558562 180.042984631708 5.87779112578846
8 20 85 205 6.56035253836409 180.223487421399 5.76546562927828
8 21 85 215 3.84758730048761 180.503405369123 5.67852732312433
8 22 85 225 2.44219821448717 180.773080971618 5.66578554556179
8 23 85 235 1.99540472060868 180.902302123784 5.71274014824235
8 24 85 245 2.0067938227618 180.893406785631 5.79147125682651
8 25 85 255 2.19931888202634 180.84612064481 5.89052523867315
8 26 85 265 2.41299525536175 180.856113945609 5.98372265579247
8 27 85 275 2.51804622932254 180.948596018385 6.02876954810717
8 28 85 285 2.53473119867933 181.055668956126 6.0042048581808
8 29 85 295 2.75654050373169 181.047077579665 5.93732351532303
8 30 85 305 3.76801985873598 180.818681576377 5.873182104664
8 31 85 315 6.10992433528414 180.44447970641 5.85401131233332
8 32 85 325 9.47449695629359 180.131098789754 5.89497244290357
8 33 85 335 12.5563621686667 179.978751702859 5.95357131731645
8 34 85 345 14.2727503883304 179.935570177599 5.98616334840182
8 35 85 355 14.5796376022673 179.929553879319 5.99164227562599
9 0 95 5 13.304046531473 179.932890076801 5.97463697265597
9 1 95 15 12.1792519264893 179.936018507979 5.95989941170103
9 2 95 25 12.1741303584463 179.936147736273 5.95947607704514
9 3 95 35 13.3000876294685 179.933202413766 5.97397494927502
9 4 95 45 14.4409670984558 179.930218108948 5.98902165799499
9 5 95 55 14.9706398710399 179.928830507792 5.99609292943499
9 6 95 65 15.0929721322231 179.928409144977 5.99765420555638
9 7 95 75 15.1044822943412 179.928249194413 5.99769977149457
9 8 95 85 15.1062039278657 179.9281698633 5.9976395775535
9 9 95 95 15.11031361436 179.928106932244 5.99761714576789
9 10 95 105 15.1142372095261 179.928049542562 5.99760663462589
9 11 95 115 15.1160880762077 179.928019329913 5.99760174233238
9 12 95 125 15.1165219555196 179.928011571956 5.99760048523589
9 13 95 135 15.1165624861391 179.92801079928 5.997600359976
9 14 95 145 15.1165624861391 179.92801079928 5.997600359976
9 15 95 155 15.1135460207908 179.928050629815 5.99758155927399
9 16 95 165 15.0622324727487 179.928655145788 5.99709517419506
9 17 95 175 14.7119101405456 179.932715776239 5.99236066838192
9 18 95 185 13.4395525451163 179.949898653833 5.96850121246475
9 19 95 195 10.7237687757066 180.00353262873 5.8991562620169
9 20 95 205 7.17778899949228 180.128497176051 5.78013509823285
9 21 95 215 4.29355910020742 180.328006582975 5.66553669001048
9 22 95 225 2.81424256809226 180.520471987714 5.61771132685394
9 23 95 235 2.36164856160985 180.604951002913 5.62983590691902
9 24 95 245 2.36324656309012 180.5852004126 5.66603590297755
9 25 95 255 2.55612254713388 180.551445812001 5.72808690322114
9 26 95 265 2.80335313843629 180.58935012424 5.82217187379007
9 27 95 275 2.94941798644707 180.708836361255 5.91231971418225
9 28 95 285 2.97232873221358 180.828356777847 5.95451979574189
9 29 95 295 3.16219711571653 180.833770240978 5.95028697332398
9 30 95 305 4.15411934627265 180.655887659361 5.92522025547455
9 31 95 315 6.51823026635496 180.357819251146 5.91102066339169
9 32 95 325 9.86272630387802 180.101618562234 5.93137527046319
9 33 95 335 12.8086023050687 179.972855804917 5.96740861495291
9 34 95 345 14.3241281194256 179.935104345237 5.98837987738615
9 35 95 355 14.3446297517998 179.930276654504 5.98835816289891
10 0 105 5 13.2897856843075 179.933250757295 5.97298286399589
10 1 105 15 12.152458730215 179.936656646196 5.95726165813742
10 2 105 25 12.1256963158207 179.937232148067 5.95703120360066
10 3 105 35 13.2146017782792 179.935420749966 5.97335511525133
10 4 105 45 14.3142327148846 179.93426495479 5.99076223655805
10 5 105 55 14.8250937842313 179.933830877857 5.99895505016149
10 6 105 65 14.948665561449 179.932534882981 5.99978820244195
10 7 105 75 14.9640314637186 179.931077914022 5.99858166690132
10 8 105 85 14.9857796260159 179.930148600312 5.99798057045504
10 9 105 95 15.0333321399801 179.9291054554 5.99802536153699
10 10 105 105 15.0773605758311 179.92805457441 5.99815606496836
10 11 105 115 15.0999394354452 179.927620723035 5.99809484778191
10 12 105 125 15.1094201676079 179.927719429141 5.9978825038474
10 13 105 135 15.1141333563024 179.927905282514 5.99769844741189
10 14 105 145 15.1160776018225 179.927990648806 5.99761917140495
10 15 105 155 15.1131430605969 179.928130610217 5.99760537468166
10 16 105 165 15.0577832741172 179.929720070579 5.99743554819767
10 17 105 175 14.6889216783713 179.938465557056 5.99450141005928
10 18 105 185 13.3748438802156 179.965401610325 5.97519657326842
10 19 105 195 10.6168179620667 180.019429996862 5.90733732831842
10 20 105 205 7.07517559498362 180.102564707874 5.76794430330041
10 21 105 215 4.24512044630829 180.21036229502 5.60195099457531
10 22 105 225 2.81546938932789 180.30709647151 5.5040366795118
10 23 105 235 2.37182139258086 180.328080866977 5.5060107549433
10 24 105 245 2.35530432745428 180.271458173806 5.55492450666516
10 25 105 255 2.53201192064099 180.228807322505 5.61027464028312
10 26 105 265 2.78279158083594 180.28582576757 5.67756340297946
10 27 105 275 2.94486303820108 180.447147185224 5.76293629095571
10 28 105 285 2.96890050863076 180.640210715204 5.85613822531348
10 29 105 295 3.1330200474631 180.747902456355 5.93729279094921
10 30 105 305 4.08574748081371 180.659740642404 5.97336166318026
10 31 105 315 6.41765358049619 180.397127533245 5.96569432602342
10 32 105 325 9.7565285253711 180.131161463847 5.96080706666586
10 33 105 335 12.7329294927055 179.98421315328 5.97540968484244
10 34 105 345 14.2898027769026 179.937575211389 5.98885514170858
10 35 105 355 14.3316095813096 179.930680467919 5.98757481990318
11 0 115 5 13.9657078388331 179.931583644844 5.98132019031545
11 1 115 15 13.2352609260015 179.934192539022 5.97116933175944
11 2 115 25 13.0934731126854 179.936959419068 5.97188104109736
11 3 115 35 13.532248690078 179.942561627029 5.98637444259469
11 4 115 45 13.9690787091278 179.951622450616 6.00428744389971
11 5 115 55 14.1729981593433 179.956040222515 6.01264125758412
11 6 115 65 14.2472966200558 179.951181820524 6.00832836953461
11 7 115 75 14.2809824230619 179.944834727077 6.00081244335295
11 8 115 85 14.4000696461365 179.940162916946 5.99871644376651
11 9 115 95 14.6326169117903 179.932738167047 6.00131853840353
11 10 115 105 14.8382959198196 179.924882333554 6.00394143462761
11 11 115 115 14.9568953006356 179.922286167374 6.00364671788057
11 12 115 125 15.0346521103124 179.92426842671 6.00111588198245
11 13 115 135 15.0875791703352 179.926682043933 5.99882744754253
11 14 115 145 15.1107765296011 179.927756982171 5.9978358293468
11 15 115 155 15.1076605673867 179.928298157883 5.99759495090405
11 16 115 165 15.0017988857152 179.932395556864 5.99720394409248
11 17 115 175 14.4318828836492 179.954462019125 5.99395861379217
11 18 115 185 12.7423951961779 180.016278120383 5.97519903123641
11 19 115 195 9.70144585891552 180.10854450675 5.90565124893202
11 20 115 205 6.23920165757884 180.173438174856 5.74466862824489
11 21 115 215 3.67465254375304 180.184498227708 5.52122117652919
11 22 115 225 2.38836428291263 180.175421348116 5.35971377485233
11 23 115 235 1.93892978610598 180.136593548524 5.34500504412163
11 24 115 245 1.87607540171452 180.04830823168 5.41551772740522
11 25 115 255 2.00101977394746 179.988312811107 5.47273788372476
11 26 115 265 2.200544868762 180.047966374803 5.51057429768993
11 27 115 275 2.34069400971468 180.237389313926 5.5852814007607
11 28 115 285 2.38270009184326 180.492694701279 5.72585698787455
11 29 115 295 2.55826244837266 180.692541792814 5.88499132206741
11 30 115 305 3.4245242417098 180.685123268878 5.96900821732075
11 31 115 315 5.57543495037136 180.449841810264 5.96356825244379
11 32 115 325 8.86604795100924 180.168090345029 5.94838926266537
11 33 115 335 12.1001742898261 179.99926855502 5.96362470391555
11 34 115 345 14.058350991578 179.941419511817 5.9842085406276
11 35 115 355 14.5125385072634 179.930736490781 5.98945465929706
12 0 125 5 14.622658317085 179.929976761683 5.99067364553424
12 1 125 15 14.2400217646716 179.932404913572 5.9865809104983
12 2 125 25 13.7600140875901 179.940946165277 5.98831003962879
12 3 125 35 13.1897609763321 179.962395847012 6.0038706724846
12 4 125 45 12.6359146103203 179.991842287119 6.02918283275663
12 5 125 55 12.3743594601932 180.00450518065 6.04016126312394
12 6 125 65 12.3746891477041 179.992167403918 6.02191276549557
12 7 125 75 12.4752385762275 179.978262931486 5.99807044992404
12 8 125 85 12.8528515730943 179.965097954098 5.99642047851785
12 9 125 95 13.4925826770117 179.935833086229 6.01393828316238
12 10 125 105 14.0201736343279 179.904240204987 6.02980870686313
12 11 125 115 14.376935550586 179.89596438293 6.02924653613923
12 12 125 125 14.7110147736612 179.907950265922 6.01614744344817
12 13 125 135 14.9712065958964 179.92093797118 6.00408697973885
12 14 125 145 15.0875425895435 179.926659409903 5.9988458381882
12 15 125 155 15.0985583182281 179.928423439604 5.99759172346729
12 16 125 165 14.9223808964251 179.9353814576 5.99608711188468
12 17 125 175 14.0674980431071 179.971758807383 5.9877303155644
12 18 125 185 11.8453402292078 180.069070490531 5.95559954880192
12 19 125 195 8.39645578200333 180.194193114015 5.86495151394458
12 20 125 205 5.02267296791722 180.221342450379 5.67661611286804
12 21 125 215 2.79456981069606 180.100383448065 5.40994806907768
12 22 125 225 1.67642413162996 179.951681771013 5.1887122650907
12 23 125 235 1.20362938193539 179.856783690764 5.12978242632924
12 24 125 245 1.07906158818408 179.784756667081 5.19258143714003
12 25 125 255 1.14236156877413 179.746005644477 5.25917801368387
12 26 125 265 1.26580446318862 179.790679027331 5.31043361104814
12 27 125 275 1.35248204352806 179.931905362325 5.4154027103404
12 28 125 285 1.41084678091531 180.141063236891 5.60613624192983
12 29 125 295 1.63399627442736 180.347560426407 5.80781872301355
12 30 125 305 2.44757418894 180.417099229749 5.90294175540346
12 31 125 315 4.40631780110571 180.292039301222 5.8956631276033
12 32 125 325 7.61487185002156 180.10280980403 5.89375399417925
12 33 125 335 11.1367465151239 179.983798729691 5.93408920184568
12 34 125 345 13.6199155142453 179.941059463036 5.97452544060641
12 35 125 355 14.6177009534624 179.930998831488 5.99075204104835
13 0 135 5 14.8412460008516 179.929856462476 5.99452732024243
13 1 135 15 14.4905814626324 179.933598747942 5.99230825856063
13 2 135 25 13.4541271506588 179.94982636366 5.99268567762695
13 3 135 35 11.8427737585699 179.98697065017 6.01071100687223
13 4 135 45 10.3332170029834 180.031656577585 6.04685257740198
13 5 135 55 9.57409528706972 180.045487829214 6.05969148153649
13 6 135 65 9.43998113806476 180.025710865271 6.0189426284449
13 7 135 75 9.65572710739568 180.011533367887 5.97219374760034
13 8 135 85 10.4491583456866 179.989362408708 5.98089576338282
13 9 135 95 11.6005202873625 179.920795595626 6.03820471464587
13 10 135 105 12.4609782826013 179.846146315591 6.08837723452869
13 11 135 115 13.1603874147383 179.831565430066 6.08882689082891
13 12 135 125 14.0107201108317 179.869097872957 6.05138063949902
13 13 135 135 14.7179817711744 179.907323296173 6.0164390462387
13 14 135 145 15.0369812828702 179.924057104855 6.00121969774242
13 15 135 155 15.0890415520493 179.928434501855 5.99776037175984
13 16 135 165 14.8636720454351 179.937829862385 5.99529599988716
13 17 135 175 13.796839505357 179.982432320757 5.98056653610448
13 18 135 185 11.1724924844584 180.089901503645 5.9245819436776
13 19 135 195 7.39603279043957 180.196854639285 5.78849353568841
13 20 135 205 4.04135323291102 180.135260596972 5.55789237616041
13 21 135 215 2.01041056488151 179.854335434877 5.27577585684119
13 22 135 225 0.975854488142563 179.541860944442 5.0464271274128
13 23 135 235 0.456486492802535 179.370827725922 4.96645890645302
13 24 135 245 0.266461782095961 179.328783879831 5.0140604267024
13 25 135 255 0.273977840025987 179.336688844477 5.09305061361212
13 26 135 265 0.328232815755858 179.350275625467 5.18273645210245
13 27 135 275 0.347525490045129 179.373766897458 5.3365807600396
13 28 135 285 0.383138327897238 179.448797795102 5.56084822562446
13 29 135 295 0.623563356690334 179.597829002713 5.75766213444511
13 30 135 305 1.41254291143156 179.743337638249 5.82460953825742
13 31 135 315 3.23687498581 179.816852419954 5.80873747897671
13 32 135 325 6.33038968040626 179.86175446034 5.82991831981983
13 33 135 335 10.0231687790846 179.906088997464 5.90176148428247
13 34 135 345 12.9788003935411 179.928854555164 5.96327679905502
13 35 135 355 14.4820355254574 179.931129960768 5.98956748154908
14 0 145 5 14.7013488314158 179.930444267093 5.99353382919279
14 1 145 15 14.2899100131651 179.935538028283 5.99061018265583
14 2 145 25 12.8531071347593 179.954507626571 5.98674638291779
14 3 145 35 10.6085080150989 179.98961103692 5.99973177553565
14 4 145 45 8.49500928566811 180.019494300167 6.03312103799792
14 5 145 55 7.25583219171038 180.012922204356 6.03829638855716
14 6 145 65 6.81931901240272 179.987836092002 5.97785463951019
14 7 145 75 7.08628086697548 179.985640674088 5.9171244425965
14 8 145 85 8.29965457135294 179.965900235382 5.94636395509798
14 9 145 95 9.88856106619546 179.871760352975 6.05578688131552
14 10 145 105 10.9728848313289 179.767265591634 6.15053142751877
14 11 145 115 11.9561012885748 179.755345845907 6.15509479342826
14 12 145 125 13.3094192033427 179.824493540425 6.09100691154045
14 13 145 135 14.463846278198 179.891771921898 6.03037089387947
14 14 145 145 14.9862331099373 179.921083435823 6.00389996103782
14 15 145 155 15.0828660703474 179.928500250364 5.99815414709742
14 16 145 165 14.8423985916196 179.940780808386 5.99689446478289
14 17 145 175 13.698875401285 179.992564717991 5.98530909312104
14 18 145 185 10.9277354818641 180.099455675717 5.92576604309205
14 19 145 195 7.02351136962854 180.163920550199 5.76519937638531
14 20 145 205 3.64913357205718 179.999258972707 5.50474593467133
14 21 145 215 1.64818342471548 179.574597451685 5.23468538973107
14 22 145 225 0.599605499575622 179.106158648342 5.06458998628884
14 23 145 235 0.0180662059571325 178.810975656472 5.03821101628036
14 24 145 245 -0.241732990585447 178.716398588421 5.10080616810592
14 25 145 255 -0.295248378989223 178.70607441639 5.17114408865938
14 26 145 265 -0.301448771455914 178.662001749928 5.2505676750949
14 27 145 275 -0.345232865586438 178.574395855655 5.3991766158994
14 28 145 285 -0.369189454353793 178.534946999172 5.6062372911876
14 29 145 295 -0.179706397006481 178.622496080728 5.75673346963169
14 30 145 305 0.555501785463234 178.818509547607 5.77734414035087
14 31 145 315 2.29121912786003 179.105492737119 5.75236548179953
14 32 145 325 5.30069895927863 179.464538380986 5.79189614680061
14 33 145 335 9.07769945006013 179.761335381609 5.88290034471457
14 34 145 345 12.3371283550581 179.89907816161 5.95540059646702
14 35 145 355 14.1645603398044 179.929029917747 5.98665971249741
15 0 155 5 14.1827248441148 179.930595542993 5.98765935039106
15 1 155 15 14.0014761649314 179.935191013286 5.98642541357559
15 2 155 25 12.8449454418501 179.948100272418 5.98111376152937
15 3 155 35 10.7975958701796 179.961658030869 5.98358552174138
15 4 155 45 8.64116992642027 179.951998381616 5.99814001966042
15 5 155 55 7.01461017848385 179.909920692301 5.98827282973596
15 6 155 65 6.09606652729599 179.874433280702 5.92538550294788
15 7 155 75 6.19046890797294 179.880472013288 5.8704204242471
15 8 155 85 7.61317298407251 179.880716407526 5.91235980704161
15 9 155 95 9.53492085017353 179.815428182211 6.04189111254418
15 10 155 105 10.8428499842427 179.735630779836 6.15411251548775
15 11 155 115 11.9144781861644 179.738268641822 6.16437387486497
15 12 155 125 13.2944032971245 179.816309770688 6.09727462449775
15 13 155 135 14.4589106497967 179.889022524941 6.0326319959883
15 14 155 145 14.9852433926663 179.920556476894 6.00433807855576
15 15 155 155 15.0830090458194 179.928651144432 5.99841951612616
15 16 155 165 14.8454145688195 179.942838868624 5.99989255989604
15 17 155 175 13.71596691448 180.001143293532 6.0017993899346
15 18 155 185 10.9816857386854 180.115943591767 5.97551087894597
15 19 155 195 7.12892809485571 180.17150226926 5.85665086132536
15 20 155 205 3.7865388448357 179.962540306528 5.62105832460662
15 21 155 215 1.7803901801423 179.45229889576 5.37579506583119
15 22 155 225 0.705248934868251 178.848444500323 5.27960249132473
15 23 155 235 0.0863385274183229 178.378655919022 5.36005720571293
15 24 155 245 -0.222841850159089 178.127554478354 5.4812468674962
15 25 155 255 -0.333490331513934 178.019293317013 5.5179706636053
15 26 155 265 -0.396898728244448 177.916164786855 5.50871934804004
15 27 155 275 -0.500512021304004 177.785605479373 5.57757668081213
15 28 155 285 -0.603172110450131 177.718303293349 5.72704669955828
15 29 155 295 -0.510880179835812 177.784571524279 5.82221130657608
15 30 155 305 0.147087769220619 178.002181619124 5.79972323567502
15 31 155 315 1.87373592249262 178.440341300019 5.7582659972019
15 32 155 325 4.94331982614332 179.064871099611 5.79497704496371
15 33 155 335 8.75690941597767 179.598845131287 5.88332740872716
15 34 155 345 11.9272104542887 179.857725683048 5.95217021283978
15 35 155 355 13.6180147969065 179.923513716177 5.9807943305538
16 0 165 5 13.1241643267009 179.930599215371 5.97432931315384
16 1 165 15 13.5776810946423 179.933066658865 5.97998553156767
16 2 165 25 13.4004485061016 179.936793994363 5.98134235027671
16 3 165 35 12.2855736196676 179.930676363594 5.9796835968956
16 4 165 45 10.6517158727476 179.89518308015 5.97809040500208
16 5 165 55 8.98681722662318 179.834021450842 5.96035426924129
16 6 165 65 7.7002946741848 179.787150415099 5.91399428159494
16 7 165 75 7.44296737026261 179.786482586341 5.87805481792494
16 8 165 85 8.70036694608373 179.808663034217 5.9114928000455
16 9 165 95 10.6835438629077 179.80531575838 6.00826115501047
16 10 165 105 12.1326250141808 179.784848444437 6.09281723021175
16 11 165 115 13.0680182865094 179.800252064112 6.10494563692945
16 12 165 125 13.9825196965657 179.854459500767 6.06250247954319
16 13 165 135 14.7091968539903 179.902429662821 6.02046356955585
16 14 165 145 15.0352197557521 179.92311921 6.00199947075489
16 15 165 155 15.0886499622667 179.928627146259 5.99824932059682
16 16 165 165 14.8627412065236 179.940667321055 6.00111946928404
16 17 165 175 13.8042563280288 179.993886566534 6.01411457828834
16 18 165 185 11.2343561559333 180.108820880843 6.03060334420322
16 19 165 195 7.58693070018131 180.187897926698 5.99295093566903
16 20 165 205 4.36770719029976 180.018304922498 5.8293755312452
16 21 165 215 2.37276137184157 179.511898827101 5.6095771175872
16 22 165 225 1.28108289685311 178.82598682515 5.55346430388385
16 23 165 235 0.67286123553736 178.192024438579 5.74426363656293
16 24 165 245 0.378303136879503 177.776694428832 5.96767705541581
16 25 165 255 0.252673540277817 177.594444931163 5.98392313837681
16 26 165 265 0.144953896282062 177.501958904601 5.8528664155106
16 27 165 275 -0.0223745602468164 177.408218301227 5.81273703146331
16 28 165 285 -0.21509315230827 177.372139341487 5.91101640739504
16 29 165 295 -0.22743561281084 177.445134075689 5.98022163915687
16 30 165 305 0.361874848875819 177.65932505058 5.92437995501094
16 31 165 315 2.10411523435033 178.137804742473 5.83691236495237
16 32 165 325 5.22752029587421 178.859909647081 5.83118250948347
16 33 165 335 8.88913421189711 179.499024557723 5.89331197939758
16 34 165 345 11.5123109552937 179.824921779381 5.94767543970683
16 35 165 355 12.6052392463311 179.917554221895 5.96794532760529
17 0 175 5 12.0425767046429 179.930996505195 5.95889105401673
17 1 175 15 13.1456026544405 179.931463578264 5.9727798067457
17 2 175 25 13.947200297234 179.930019022752 5.98413758621891
17 3 175 35 13.8270266681216 179.920041792741 5.98639621317505
17 4 175 45 12.9856226754477 179.890012333183 5.98200114259624
17 5 175 55 11.7867476520662 179.842677968561 5.96901217060668
17 6 175 65 10.6154850911695 179.801712384845 5.94567445195367
17 7 175 75 10.1384305306728 179.793302548649 5.92890668435995
17 8 175 85 10.9197299413528 179.81846670866 5.944409573645
17 9 175 95 12.451389934702 179.847166899435 5.9896281441077
17 10 175 105 13.6565112324818 179.861673340865 6.0297840526278
17 11 175 115 14.290544478013 179.876540682535 6.03805170903747
17 12 175 125 14.6920189302317 179.899367968491 6.02254676885131
17 13 175 135 14.9661153331754 179.918101898721 6.00641936776375
17 14 175 145 15.0865217665473 179.926115891801 5.99929772364727
17 15 175 155 15.0959961925353 179.928389678594 5.99787093007199
17 16 175 165 14.8993006710293 179.935480557086 5.99996088420662
17 17 175 175 13.9912707838618 179.97147056338 6.01312261443131
17 18 175 185 11.7706627426323 180.06159283726 6.04564719374347
17 19 175 195 8.55522527226313 180.148450470667 6.05844030243739
17 20 175 205 5.57439357405101 180.053252652067 5.9580888758404
17 21 175 215 3.55761626744286 179.649278495253 5.76554670889691
17 22 175 225 2.39564397171179 179.01612369261 5.72073569410187
17 23 175 235 1.82378635685664 178.355396349032 5.9772856977076
17 24 175 245 1.62385916968614 177.888723402607 6.29893988073211
17 25 175 255 1.55240905822654 177.714337309985 6.33977462828783
17 26 175 265 1.43332003804786 177.695377533246 6.14002688283397
17 27 175 275 1.20354531267884 177.674688090754 6.02155833134502
17 28 175 285 0.902388743690461 177.668889291417 6.08747903161182
17 29 175 295 0.793205900639656 177.735794246812 6.15575853800732
17 30 175 305 1.35062364932765 177.91649696034 6.08430751064621
17 31 175 315 3.01515497718719 178.32200770105 5.9450464368235
17 32 175 325 5.8605510209797 178.94593715715 5.87994084617756
17 33 175 335 9.0173091617173 179.515648898741 5.90498484451168
17 34 175 345 10.971082805907 179.820985883119 5.94147640500289
17 35 175 355 11.5146713432961 179.915664100504 5.95270446373168
18 0 185 5 12.0326860177899 179.930975374259 5.95632767494556
18 1 185 15 13.256418911612 179.930595634589 5.97234572390566
18 2 185 25 14.3341827308788 179.928478836283 5.98729034304531
18 3 185 35 14.6776837145414 179.923229464756 5.99293664667402
18 4 185 45 14.4379778849297 179.910181040668 5.99176138915996
18 5 185 55 13.8762259899875 179.88892239111 5.9868249362092
18 6 185 65 13.2009939838716 179.867657244556 5.97944697281038
18 7 185 75 12.8188126905809 179.86058093058 5.97429622632831
18 8 185 85 13.1351550259303 179.874210702624 5.9783084403154
18 9 185 95 13.9330656448785 179.895384157204 5.99091665409835
18 10 185 105 14.5966267114363 179.909222527451 6.00242609002841
18 11 185 115 14.9063733814836 179.916381084009 6.00565231525875
18 12 185 125 15.0274028111225 179.921947676032 6.00277468473914
18 13 185 135 15.0862376391379 179.925934752195 5.99944202161182
18 14 185 145 15.1105075666056 179.927613778369 5.99795489027975
18 15 185 155 15.1032298899494 179.92816107151 5.99763569721053
18 16 185 165 14.9622337899932 179.931105405145 5.99838417500092
18 17 185 175 14.3140007109674 179.948705157638 6.00517434530625
18 18 185 185 12.6979767607253 179.999152767283 6.02584336878142
18 19 185 195 10.2316148737519 180.058626545487 6.03724569142045
18 20 185 205 7.66778632668377 180.019941969294 5.96627424243216
18 21 185 215 5.62910205683804 179.780101324483 5.81361353006798
18 22 185 225 4.37274427466046 179.354421747995 5.77301753780254
18 23 185 235 3.88045951528091 178.864082776323 6.00497950231287
18 24 185 245 3.84808844286094 178.49293843698 6.32660681440551
18 25 185 255 3.89158136974777 178.360141161019 6.40795094129574
18 26 185 265 3.79997627645245 178.38103169734 6.24479484682969
18 27 185 275 3.50296140826333 178.403331213715 6.11691894388956
18 28 185 285 3.02813553464091 178.404035282974 6.14646386594695
18 29 185 295 2.77530629571926 178.442686785379 6.19870754027596
18 30 185 305 3.34344892541111 178.569149361554 6.13837910674996
18 31 185 315 4.88522862881361 178.842444192417 6.00470096231108
18 32 185 325 7.14125143874786 179.252831899596 5.92325387995519
18 33 185 335 9.53077320436762 179.634220457675 5.92487160729268
18 34 185 345 11.0319292123018 179.847640001118 5.94597903174971
18 35 185 355 11.4696889597062 179.918466222626 5.95098272755099
19 0 195 5 13.1762040424229 179.929926674825 5.97049278938397
19 1 195 15 13.9786515065922 179.929583787333 5.98119937960463
19 2 195 25 14.6899341780653 179.928400639319 5.9914808905712
19 3 195 35 14.9876447151124 179.926887714308 5.99597419345354
19 4 195 45 14.9806137680294 179.923815287172 5.99646589324269
19 5 195 55 14.8209822764148 179.918386809129 5.99558597103944
19 6 195 65 14.5847207517005 179.912108639575 5.99435060209819
19 7 195 75 14.4205290187431 179.909449303133 5.99347604593151
19 8 195 85 14.4973785420157 179.913386712631 5.99395070033349
19 9 195 95 14.7570786907353 179.920251751966 5.99577731273614
19 10 195 105 14.9819268833859 179.924904658867 5.99754181622871
19 11 195 115 15.0812711113639 179.926755513672 5.9982001641287
19 12 195 125 15.107589185892 179.927465091725 5.99804182776568
19 13 195 135 15.1139975137735 179.92782961274 5.99776067846306
19 14 195 145 15.1160503691631 179.927976149397 5.99763122635678
19 15 195 155 15.1098306522908 179.928051185204 5.9975824084156
19 16 195 165 15.0361415201296 179.928923704016 5.99765540037046
19 17 195 175 14.6928998218532 179.934844569818 5.99937228533906
19 18 195 185 13.7881160690659 179.953123862622 6.00484081916899
19 19 195 195 12.2157736695259 179.975841460957 6.00127906266924
19 20 195 205 10.2035020036796 179.960226348092 5.95088240331075
19 21 195 215 8.28936182659036 179.858780162955 5.85403666901576
19 22 195 225 7.14572199241428 179.666604531241 5.82175614142683
19 23 195 235 6.94569855902252 179.426559549023 5.95861218693051
19 24 195 245 7.20454658303784 179.224321083726 6.17034544501968
19 25 195 255 7.40769805944102 179.134550629433 6.25532601003538
19 26 195 265 7.36598903159912 179.139072007987 6.18243442248027
19 27 195 275 6.99965364864966 179.157312570221 6.09866428178951
19 28 195 285 6.29984919824275 179.151167143902 6.09179661942517
19 29 195 295 5.81851958580598 179.159984507914 6.10754253282547
19 30 195 305 6.34205319768923 179.232912362887 6.07285431107954
19 31 195 315 7.76661078603398 179.384155655857 6.00025307353833
19 32 195 325 9.43155043570492 179.590383613243 5.95423069941876
19 33 195 335 11.0290847162987 179.777636234505 5.95385959585718
19 34 195 345 12.1827122051271 179.885154914025 5.96492191150668
19 35 195 355 12.6999489915156 179.922809542438 5.96711231573985
20 0 205 5 14.3765228419334 179.928724963148 5.9870599058412
20 1 205 15 14.6953771311704 179.928615994294 5.99124612910915
20 2 205 25 14.9633932747214 179.928213935674 5.99527540423351
20 3 205 35 15.082761796243 179.927934090002 5.99711187954375
20 4 205 45 15.1008250046692 179.927576070725 5.99749093378633
20 5 205 55 15.0765696371188 179.926869675576 5.99747023478779
20 6 205 65 15.0309185187132 179.925908051011 5.99741417362451
20 7 205 75 14.9942705338135 179.925425006002 5.99736846992916
20 8 205 85 15.0040496521922 179.92599219338 5.99736840540752
20 9 205 95 15.0514643651169 179.927039671471 5.99744298436038
20 10 205 105 15.0937925679934 179.927734475229 5.99753588941922
20 11 205 115 15.1121729992693 179.92796854712 5.99758612416009
20 12 205 125 15.1162047660651 179.928008156896 5.9975990619234
20 13 205 135 15.1165624861391 179.92801079928 5.997600359976
20 14 205 145 15.1165624861391 179.92801079928 5.997600359976
20 15 205 155 15.1142846023031 179.928018596931 5.99759106636434
20 16 205 165 15.0891993187938 179.928194176381 5.99755052123059
20 17 205 175 14.9641738747358 179.929344300566 5.99759214016147
20 18 205 185 14.5650453707138 179.932125137037 5.99725885033629
20 19 205 195 13.6234743321459 179.931479112721 5.99061492284259
20 20 205 205 12.0215510394301 179.913954047896 5.96397482095751
20 21 205 215 10.3334642865075 179.872296975594 5.91904666713201
20 22 205 225 9.60158622894255 179.815700901973 5.89998600128554
20 23 205 235 10.0169013964315 179.753739402463 5.9507865356773
20 24 205 245 10.7485839169212 179.693472489764 6.04083942872875
20 25 205 255 11.1531852997527 179.651934170887 6.09260214683556
20 26 205 265 11.1729810049773 179.641104795137 6.07979272787118
20 27 205 275 10.8103461538574 179.643782534449 6.04404246998979
20 28 205 285 10.0464726156599 179.634560026368 6.02402148213059
20 29 205 295 9.43104743653575 179.630028641548 6.01564062314026
20 30 205 305 9.77405308312112 179.663213996537 6.00168389840659
20 31 205 315 10.9206192677911 179.731205638986 5.98359570295026
20 32 205 325 12.0725682263499 179.809970368464 5.97516592790407
20 33 205 335 12.9938317205746 179.875174555546 5.97910129087859
20 34 205 345 13.7008916410615 179.912383748973 5.98447842595168
20 35 205 355 14.105596828379 179.9259794981 5.98564264137654
21 0 215 5 14.9575470798158 179.928143032937 5.99537760442337
21 1 215 15 15.030854126033 179.928137355237 5.99626643638239
21 2 215 25 15.0857945218797 179.928058039538 5.99711348934449
21 3 215 35 15.1103549411513 179.928019362748 5.99750321708529
21 4 215 45 15.115566796889 179.928002062216 5.99759329932208
21 5 215 55 15.1142600734377 179.927968175586 5.99760528932124
21 6 215 65 15.1105278273082 179.927910268918 5.99761200139659
21 7 215 75 15.1071898309822 179.927876036805 5.99761599793137
21 8 215 85 15.1076539378224 179.927906342005 5.99761252286231
21 9 215 95 15.1113538191732 179.927964204448 5.99760581665954
21 10 215 105 15.1147387089365 179.927999429476 5.99760170546669
21 11 215 115 15.1162119411908 179.928009504133 5.99760051685425
21 12 215 125 15.1165340476093 179.928010760421 5.99760036513616
21 13 215 135 15.1165624861391 179.92801079928 5.997600359976
21 14 215 145 15.1165624861391 179.92801079928 5.997600359976
21 15 215 155 15.116120155229 179.928011853945 5.99759864195618
21 16 215 165 15.1112526262506 179.92803234418 5.9975838626685
21 17 215 175 15.0763858817683 179.927982373072 5.99749222957122
21 18 215 185 14.8826645312926 179.92619982217 5.9968026364875
21 19 215 195 14.1878067466362 179.916196980115 5.9932161791679
21 20 215 205 12.7484804800508 179.890295879697 5.98280459546694
21 21 215 215 11.2380354170851 179.85723678993 5.96707817217153
21 22 215 225 10.9344901967725 179.843203439559 5.95941023186169
21 23 215 235 11.9503624198479 179.854470297784 5.97204438012989
21 24 215 245 13.1162868025985 179.865925522719 5.99770920416444
21 25 215 255 13.68739871252 179.863115095564 6.01722345924922
21 26 215 265 13.7706649764829 179.857358531676 6.01977384573075
21 27 215 275 13.5332738581068 179.855486857784 6.00949561876205
21 28 215 285 13.0025688917392 179.850137476111 5.9965043481283
21 29 215 295 12.5343045247946 179.846051264556 5.98689070438709
21 30 215 305 12.6724853541523 179.85672586889 5.98300277005687
21 31 215 315 13.3376675263104 179.879012116364 5.98452151989115
21 32 215 325 13.9757780247705 179.900754147219 5.98852392620293
21 33 215 335 14.394499249217 179.916057241235 5.99233965013725
21 34 215 345 14.684805665519 179.924341313753 5.99447403048387
21 35 215 355 14.8623639949345 179.927464194524 5.99500859666013
22 0 225 5 15.1005858857098 179.928017109455 5.99740313333617
22 1 225 15 15.1091056865443 179.928021658026 5.99748367514714
22 2 225 25 15.1139597385954 179.928014926207 5.99755781300884
22 3 225 35 15.1160408950004 179.928011623549 5.99759186258344
22 4 225 45 15.1165185853603 179.928010868459 5.99759964684647
22 5 225 55 15.1165624861391 179.92801079928 5.997600359976
22 6 225 65 15.1165624861391 179.92801079928 5.997600359976
22 7 225 75 15.1165624861391 179.92801079928 5.997600359976
22 8 225 85 15.1165624861391 179.92801079928 5.997600359976
22 9 225 95 15.1165624861391 179.92801079928 5.997600359976
22 10 225 105 15.1165624861391 179.92801079928 5.997600359976
22 11 225 115 15.1165624861391 179.92801079928 5.997600359976
22 12 225 125 15.1165624861391 179.92801079928 5.997600359976
22 13 225 135 15.1165624861391 179.92801079928 5.997600359976
22 14 225 145 15.1165624861391 179.92801079928 5.997600359976
22 15 225 155 15.1165256792778 179.928010872835 5.99760024040143
22 16 225 165 15.1161208606243 179.928011814673 5.99759870698652
22 17 225 175 15.1030392965084 179.927833244517 5.99756667861465
22 18 225 185 14.9754989520859 179.925688216866 5.99724551501507
22 19 225 195 14.4283843673668 179.91540907888 5.99568689109442
22 20 225 205 13.2392267110564 179.890555510004 5.9916575212481
22 21 225 215 12.0253817657705 179.861373314834 5.98628375731979
22 22 225 225 11.9405869473947 179.855030265502 5.98408129640026
22 23 225 235 13.0353247190141 179.878308176881 5.98767738834833
22 24 225 245 14.1878667282041 179.905037699776 5.99412370234278
22 25 225 255 14.7323561676116 179.916238168264 5.9992312178467
22 26 225 265 14.8376508318733 179.917248326261 6.00087567223731
22 27 225 275 14.7482113875854 179.916617312699 5.99881763899207
22 28 225 285 14.5308790676132 179.915180112358 5.99458336927796
22 29 225 295 14.3284129387355 179.913996978055 5.99088012536873
22 30 225 305 14.3587379974007 179.91605424048 5.99021076132474
22 31 225 315 14.6024588734529 179.920488107231 5.99245398788736
22 32 225 325 14.8376528877404 179.924274004344 5.99510947242502
22 33 225 335 14.9694468425467 179.926456457396 5.99663543257857
22 34 225 345 15.0411324298214 179.927514429854 5.99720479355525
22 35 225 355 15.0820212324097 179.927920669509 5.99734931682372
23 0 235 5 15.1161950186994 179.928009992207 5.99759990816065
23 1 235 15 15.1165325312119 179.928010770457 5.99760034406175
23 2 235 25 15.1165624861391 179.92801079928 5.997600359976
23 3 235 35 15.1165624861391 179.92801079928 5.997600359976
23 4 235 45 15.1165624861391 179.92801079928 5.997600359976
23 5 235 55 15.1165624861391 179.92801079928 5.997600359976
23 6 235 65 15.1165624861391 179.92801079928 5.997600359976
23 7 235 75 15.1165624861391 179.92801079928 5.997600359976
23 8 235 85 15.1165624861391 179.92801079928 5.997600359976
23 9 235 95 15.1165624861391 179.92801079928 5.997600359976
23 10 235 105 15.1165624861391 179.92801079928 5.997600359976
23 11 235 115 15.1165624861391 179.92801079928 5.997600359976
23 12 235 125 15.1165624861391 179.92801079928 5.997600359976
23 13 235 135 15.1165624861391 179.92801079928 5.997600359976
23 14 235 145 15.1165624861391 179.92801079928 5.997600359976
23 15 235 155 15.1165624861391 179.92801079928 5.997600359976
23 16 235 165 15.1165624861391 179.92801079928 5.997600359976
23 17 235 175 15.1099066721946 179.927903252192 5.99758863322445
23 18 235 185 15.0370807801958 179.926637900544 5.99744726101375
23 19 235 195 14.7175024244578 179.92059988529 5.99675453935054
23 20 235 205 14.0205983147764 179.906027763908 5.99502964102378
23 21 235 215 13.3175975774137 179.888980961284 5.99291264110167
23 22 235 225 13.2964925751806 179.885515759367 5.99232745294778
23 23 235 235 13.9784348063341 179.899839165307 5.99394570907609
23 24 235 245 14.6826106638595 179.916868757391 5.99610772643548
23 25 235 255 15.0125266553561 179.92525008345 5.99739299929325
23 26 235 265 15.084098522261 179.927104896355 5.99776234696533
23 27 235 275 15.0690572967945 179.9271895713 5.99748763488369
23 28 235 285 15.0214002064827 179.927041263922 5.99677799386047
23 29 235 295 14.9754368710056 179.926917597345 5.99610843063701
23 30 235 305 14.9782313280988 179.927091485358 5.99605921039182
23 31 235 315 15.0278749356443 179.927477924029 5.99661493732806
23 32 235 325 15.0768331638585 179.927780214316 5.9972026720242
23 33 235 335 15.1013536572785 179.927923271518 5.99749463755855
23 34 235 345 15.1106546997758 179.927981589777 5.99757897108419
23 35 235 355 15.1146607065603 179.928004036537 5.99759655855553
24 0 245 5 15.1165624861391 179.92801079928 5.997600359976
24 1 245 15 15.1165624861391 179.92801079928 5.997600359976
24 2 245 25 15.1165624861391 179.92801079928 5.997600359976
24 3 245 35 15.1165624861391 179.92801079928 5.997600359976
24 4 245 45 15.1165624861391 179.92801079928 5.997600359976
24 5 245 55 15.1165624861391 179.92801079928 5.997600359976
24 6 245 65 15.1165624861391 179.92801079928 5.997600359976
24 7 245 75 15.1165624861391 179.92801079928 5.997600359976
24 8 245 85 15.1165624861391 179.92801079928 5.997600359976
24 9 245 95 15.1165624861391 179.92801079928 5.997600359976
24 10 245 105 15.1165624861391 179.92801079928 5.997600359976
24 11 245 115 15.1165624861391 179.92801079928 5.997600359976
24 12 245 125 15.1165624861391 179.92801079928 5.997600359976
24 13 245 135 15.1165624861391 179.92801079928 5.997600359976
24 14 245 145 15.1165624861391 179.92801079928 5.997600359976
24 15 245 155 15.1165624861391 179.92801079928 5.997600359976
24 16 245 165 15.1165233289089 179.928011376458 5.99760047754743
24 17 245 175 15.1136740186673 179.927982192257 5.99759809985612
24 18 245 185 15.0853095496079 179.927588129419 5.99755917825658
24 19 245 195 14.9650303472565 179.925614960561 5.99735138913245
24 20 245 205 14.7077629400634 179.920711749131 5.99681271559073
24 21 245 215 14.4530472190281 179.914819298659 5.99613790148749
24 22 245 225 14.4514164393087 179.913462756439 5.99595438149635
24 23 245 235 14.7057758040582 179.918283764483 5.99648332251672
24 24 245 245 14.9651227549634 179.924189510226 5.99715675784316
24 25 245 255 15.0860292530224 179.927201661515 5.9975051946742
24 26 245 265 15.113483441946 179.92793962244 5.99758624559009
24 27 245 275 15.1140603759037 179.92801087056 5.99757190595047
24 28 245 285 15.1097487684659 179.928010992333 5.99752330027071
24 29 245 295 15.1054913773209 179.928011111016 5.99747593468814
24 30 245 305 15.1054995375269 179.928011108735 5.99747685426804
24 31 245 315 15.1097632915524 179.928010988273 5.99752493688851
24 32 245 325 15.1140687915614 179.928010868207 5.99757285431741
24 33 245 335 15.1160628339439 179.928010813024 5.99759487571175
24 34 245 345 15.1165204379388 179.928010800432 5.99759990037029
24 35 245 355 15.1165624861391 179.92801079928 5.997600359976
25 0 255 5 15.1165624861391 179.92801079928 5.997600359976
25 1 255 15 15.1165624861391 179.92801079928 5.997600359976
25 2 255 25 15.1165624861391 179.92801079928 5.997600359976
25 3 255 35 15.1165624861391 179.92801079928 5.997600359976
25 4 255 45 15.1165234459459 179.928012113035 5.99760194120601
25 5 255 55 15.11609635003 179.928027445859 5.99762028503344
25 6 255 65 15.114222952635 179.928099975272 5.99770648773405
25 7 255 75 15.1101419375734 179.928273317468 5.99791097141375
25 8 255 85 15.1060390711583 179.928473528646 5.99814478254992
25 9 255 95 15.1059505117222 179.928511426267 5.99818637168298
25 10 255 105 15.1099843243528 179.928340765572 5.99798498946866
25 11 255 115 15.114131620885 179.928139059261 5.99774937879644
25 12 255 125 15.1160722884483 179.928037742635 5.99763158479288
25 13 255 135 15.1165210099481 179.928013155482 5.99760308519519
25 14 255 145 15.1165624861391 179.92801079928 5.997600359976
25 15 255 155 15.1165624861391 179.92801079928 5.997600359976
25 16 255 165 15.1160989533092 179.928017473406 5.99760172102539
25 17 255 175 15.1104964544203 179.928107573962 5.99761943185207
25 18 255 185 15.0824883719879 179.928582928691 5.99771101710092
25 19 255 195 15.0090204977849 179.929786100972 5.99794334363454
25 20 255 205 14.9066151391926 179.931080325526 5.99820926269559
25 21 255 215 14.8528877427406 179.9308321834 5.99821075026384
25 22 255 225 14.9008860053046 179.929025467058 5.99789725535997
25 23 255 235 15.0010685210073 179.927710716322 5.9975795782374
25 24 255 245 15.07282298226 179.927625157755 5.99742239440627
25 25 255 255 15.0984852988545 179.927888449549 5.997383078349
25 26 255 265 15.1049296753019 179.927991326377 5.99743433771107
25 27 255 275 15.1099204179815 179.928002572231 5.99752241663437
25 28 255 285 15.1141884784165 179.928006266587 5.99757928318202
25 29 255 295 15.1160974808708 179.928009630652 5.99759742759838
25 30 255 305 15.1165241146363 179.928010682353 5.99760020529198
25 31 255 315 15.1165624861391 179.92801079928 5.997600359976
25 32 255 325 15.1165624861391 179.92801079928 5.997600359976
25 33 255 335 15.1165624861391 179.92801079928 5.997600359976
25 34 255 345 15.1165624861391 179.92801079928 5.997600359976
25 35 255 355 15.1165624861391 179.92801079928 5.997600359976
26 0 265 5 15.1165624861391 179.92801079928 5.997600359976
26 1 265 15 15.1165624861391 179.92801079928 5.997600359976
26 2 265 25 15.1165624861391 179.92801079928 5.997600359976
26 3 265 35 15.1165624861391 179.92801079928 5.997600359976
26 4 265 45 15.1160947179205 179.928028552881 5.99762140714942
26 5 265 55 15.1109781053712 179.928235589185 5.99786508823942
26 6 265 65 15.0885379944359 179.929214101658 5.99900771073872
26 7 265 75 15.0396616138725 179.931550488038 6.00171141940646
26 8 265 85 14.9905325415377 179.934245702988 6.0047925535358
26 9 265 95 14.9894810049264 179.934752244952 6.00532897120021
26 10 265 105 15.0377900589237 179.932452041195 6.00266614735597
26 11 265 115 15.0874534091856 179.929736556646 5.99956098212358
26 12 265 125 15.1106923425125 179.928373242457 5.99801086125748
26 13 265 135 15.1160657842651 179.928042490194 5.99763616663124
26 14 265 145 15.1165624861391 179.92801079928 5.997600359976
26 15 265 155 15.1165624861391 179.92801079928 5.997600359976
26 16 265 165 15.1142594565688 179.92804302345 5.99760694066763
26 17 265 175 15.0887814312569 179.928512517269 5.99769636288057
26 18 265 185 14.9754211072815 179.931212924704 5.99818417222699
26 19 265 195 14.7235835983075 179.93895496451 5.99952423796796
26 20 265 205 14.4614273727819 179.949866175675 6.00133832713649
26 21 265 215 14.4419957763201 179.954122113822 6.00195992276347
26 22 265 225 14.6811102602901 179.946523340542 6.00047533976661
26 23 265 235 14.9173374750239 179.935643779897 5.99803695941118
26 24 265 245 14.9895158559873 179.929835508331 5.99598959662591
26 25 265 255 14.9695709702861 179.928419755676 5.99507700913603
26 26 265 265 14.9748113131135 179.928295002672 5.99554481937796
26 27 265 275 15.0252728854301 179.92830508354 5.99657875564448
26 28 265 285 15.0766054553486 179.928262538554 5.99725591275931
26 29 265 295 15.1039020578003 179.928153457408 5.99749931316939
26 30 265 305 15.1135007043878 179.928058888989 5.99757080608854
26 31 265 315 15.1160415025376 179.92801950851 5.99759419671176
26 32 265 325 15.116518691949 179.928011451415 5.99759979835941
26 33 265 335 15.1165624861391 179.92801079928 5.997600359976
26 34 265 345 15.1165624861391 179.92801079928 5.997600359976
26 35 265 355 15.1165624861391 179.92801079928 5.997600359976
27 0 275 5 15.1165624861391 179.92801079928 5.997600359976
27 1 275 15 15.1165624861391 179.92801079928 5.997600359976
27 2 275 25 15.1165624861391 179.92801079928 5.997600359976
27 3 275 35 15.1165624861391 179.92801079928 5.997600359976
27 4 275 45 15.1142051993546 179.928112016906 5.99771869355682
27 5 275 55 15.0884238479989 179.929291524511 5.99908618925945
27 6 275 65 14.9753694343111 179.934861874918 6.0054852404903
27 7 275 75 14.7291648288117 179.948150683322 6.02059139882065
27 8 275 85 14.4817364480116 179.963463198151 6.03775166461767
27 9 275 95 14.4764925219148 179.966322202031 6.04067749601826
27 10 275 105 14.7198311730484 179.953239381602 6.0257990527274
27 11 275 115 14.9699601523983 179.937810974396 6.00850328878613
27 12 275 125 15.0869985197775 179.930068591284 5.99988142662705
27 13 275 135 15.1140608715966 179.928190700855 5.99779921776871
27 14 275 145 15.1165624861391 179.92801079928 5.997600359976
27 15 275 155 15.1165624861391 179.92801079928 5.997600359976
27 16 275 165 15.1102684615198 179.928095601056 5.99761595297839
27 17 275 175 15.0407545790569 179.929332602443 5.99783245115363
27 18 275 185 14.7321545577283 179.936456828894 5.99903228439282
27 19 275 195 14.0488185578606 179.956914298622 6.00236652689761
27 20 275 205 13.3414168322154 179.985804194967 6.00691540108805
27 21 275 215 13.2898621130612 179.997103374951 6.00842014762411
27 22 275 225 13.9098757273742 179.976907871414 6.0041479600905
27 23 275 235 14.4578899020035 179.948124782856 5.99615385994791
27 24 275 245 14.5026086274089 179.933457521515 5.9879532900926
27 25 275 255 14.3227625991004 179.931129604862 5.98390842266402
27 26 275 265 14.3290919220521 179.932241000479 5.98642008475413
27 27 275 275 14.563976599715 179.932858374131 5.9914510045124
27 28 275 285 14.8234042702043 179.931998122915 5.99445956453818
27 29 275 295 14.9873054946458 179.930306162385 5.99553624577887
27 30 275 305 15.0648508088465 179.928991902325 5.99621437775785
27 31 275 315 15.0960024542007 179.928359097476 5.99688381309027
27 32 275 325 15.1084850826052 179.928113051242 5.99734681353922
27 33 275 335 15.1140331497939 179.928030965561 5.99754493970183
27 34 275 345 15.1160806346672 179.928012679273 5.997594067309
27 35 275 355 15.1165229658151 179.928010819534 5.99760012070573
28 0 285 5 15.1052317109782 179.927527664909 5.99778518166736
28 1 285 15 15.1095926222594 179.92771314642 5.99771420462273
28 2 285 25 15.1140042256978 179.927901396393 5.9976421967911
28 3 285 35 15.1160123392539 179.927988979483 5.99760864443764
28 4 285 45 15.1095701114915 179.928326211235 5.99796419689116
28 5 285 55 15.0366565861716 179.932009970557 6.00216328033986
28 6 285 65 14.7205096981794 179.949369049588 6.02179442476918
28 7 285 75 14.0360861735902 179.990729563034 6.06805916029882
28 8 285 85 13.3512423782533 180.038324540046 6.12048257171681
28 9 285 95 13.3394321004355 180.047144311163 6.12926744810683
28 10 285 105 14.0159347500767 180.006424913638 6.08369835066542
28 11 285 115 14.7100130365022 179.958461062735 6.03086196591153
28 12 285 125 15.0345917187689 179.934403132386 6.00455477751007
28 13 285 135 15.1096267439899 179.928569559987 5.99820633570017
28 14 285 145 15.1165624861391 179.92801079928 5.997600359976
28 15 285 155 15.1165624861391 179.92801079928 5.997600359976
28 16 285 165 15.1058912504239 179.928146246193 5.99760662306767
28 17 285 175 14.9880907356671 179.93011393604 5.99774055355337
28 18 285 185 14.46491546492 179.941410932162 5.99866373195907
28 19 285 195 13.3028479539548 179.973710154217 6.00155849373047
28 20 285 205 12.081027099033 180.018712188636 6.00571858549067
28 21 285 215 11.9228380644811 180.034135838548 6.00666791163853
28 22 285 225 12.81893604194 179.997968512148 6.00011993864311
28 23 285 235 13.4737553343352 179.950249417664 5.98501461482471
28 24 285 245 13.1860533295408 179.932000493449 5.96535363734647
28 25 285 255 12.5964239577329 179.939960354648 5.95493040558255
28 26 285 265 12.5689894728306 179.953659038225 5.96187913748519
28 27 285 275 13.1536502586728 179.959712019356 5.97360774616361
28 28 285 285 13.8692435040002 179.954563912848 5.97817354217442
28 29 285 295 14.4076494628876 179.944628027658 5.97929215684487
28 30 285 305 14.7316032080548 179.936910340666 5.98336048245843
28 31 285 315 14.9128097997936 179.932239518456 5.98978884051288
28 32 285 325 15.0227376475176 179.929519700563 5.99479948628259
28 33 285 335 15.0836277991397 179.92824793157 5.99703512649084
28 34 285 345 15.1038034049716 179.927753921148 5.99764687759366
28 35 285 355 15.1047582625745 179.927529912932 5.99778248808878
29 0 295 5 14.9820836663829 179.922318202476 5.99977966641194
29 1 295 15 15.033861623809 179.924503481779 5.99894286700351
29 2 295 25 15.0862058554758 179.926721608394 5.99809374560787
29 3 295 35 15.1100287754942 179.927753971963 5.99769781361732
29 4 295 45 15.0999454126619 179.928595701947 5.99825538644069
29 5 295 55 14.9608101172587 179.935498019497 6.00584380217695
29 6 295 65 14.3934232823602 179.967702367012 6.04148586992295
29 7 295 75 13.2057396927097 180.044116621305 6.12559084328176
29 8 295 85 12.046743071823 180.131738633676 6.22091832626751
29 9 295 95 12.0533104833171 180.147678750388 6.23688358888857
29 10 295 105 13.2278740214527 180.07244341991 6.15404549457712
29 11 295 115 14.4204453316534 179.984057353965 6.05802789637175
29 12 295 125 14.9763467694365 179.939770626612 6.01023267415162
29 13 295 135 15.1047028151828 179.92903837786 5.99870093711849
29 14 295 145 15.1165624861391 179.92801079928 5.997600359976
29 15 295 155 15.1165624861391 179.92801079928 5.997600359976
29 16 295 165 15.1036330421781 179.928155990792 5.99751896842044
29 17 295 175 14.9611618694248 179.930218788068 5.99665242416556
29 18 295 185 14.3274501558295 179.941821496895 5.99285593907253
29 19 295 195 12.9034239128363 179.97394652114 5.98408435403967
29 20 295 205 11.3235506036055 180.014460820076 5.97308902963974
29 21 295 215 10.8507671654879 180.014291260828 5.96713557513167
29 22 295 225 11.4607732667637 179.952458873944 5.96619521086501
29 23 295 235 11.6846907081911 179.889969768515 5.95520006771214
29 24 295 245 10.8079589180883 179.892528864111 5.92814710264749
29 25 295 255 9.75175501319048 179.953353005142 5.91099339846189
29 26 295 265 9.6306125505435 180.021045617736 5.91844912286907
29 27 295 275 10.4700719494793 180.050950156659 5.92454689974343
29 28 295 285 11.6427535411788 180.03481732159 5.91428667891745
29 29 295 295 12.7028998220335 180.00154553335 5.90886514576051
29 30 295 305 13.5113590162829 179.974220737847 5.92705794488454
29 31 295 315 14.1348736508178 179.953148337719 5.95901942903293
29 32 295 325 14.6302079555899 179.937630359657 5.98394962138786
29 33 295 335 14.9252552713773 179.929121831509 5.9951363885127
29 34 295 345 15.0021589455119 179.924826380626 5.99860562555355
29 35 295 355 14.9792777536251 179.922343504223 5.99976256710187
30 0 305 5 14.446261305012 179.899882819344 6.00837836643098
30 1 305 15 14.7044957898078 179.910679425704 6.00424055890804
30 2 305 25 14.9653003108698 179.921639987715 6.00004081758244
30 3 305 35 15.0839739268965 179.926743414639 5.9980809291842
30 4 305 45 15.0758614645808 179.928690833722 5.99824980268181
30 5 305 55 14.8454007079156 179.936889557435 6.00607480450935
30 6 305 65 14.0504250701367 179.973526333898 6.0440042778404
30 7 305 75 12.5603998329874 180.058837955059 6.13487277619745
30 8 305 85 11.236431525825 180.155127657208 6.23920841099573
30 9 305 95 11.3642525152389 180.171191470691 6.25799301791376
30 10 305 105 12.8406605834994 180.087159560018 6.16852658202113
30 11 305 115 14.2845375470876 179.989571911913 6.06380533112023
30 12 305 125 14.9495966993556 179.940898879222 6.01146815780633
30 13 305 135 15.1024600126722 179.929135140375 5.99881036888791
30 14 305 145 15.1165624861391 179.92801079928 5.997600359976
30 15 305 155 15.1165175607466 179.928009598503 5.99760067067077
30 16 305 165 15.1016848235584 179.928122157408 5.99731338932403
30 17 305 175 14.941946103401 179.929718088403 5.99402646147761
30 18 305 185 14.2330692939336 179.938084940018 5.9785127936462
30 19 305 195 12.603961163617 179.957566316639 5.93992901028596
30 20 305 205 10.6061181782598 179.966440459563 5.8887114245523
30 21 305 215 9.45734882148862 179.91155190262 5.86337079905861
30 22 305 225 9.26329994807883 179.788307477239 5.88231336035366
30 23 305 235 8.86070214060303 179.704965028611 5.90461746218628
30 24 305 245 7.7089651774043 179.772287172525 5.89197057164854
30 25 305 255 6.60018618218063 179.966835812565 5.86992400334448
30 26 305 265 6.39664020187418 180.16434562077 5.85332362152971
30 27 305 275 7.09457398956717 180.253247105869 5.80913256065285
30 28 305 285 8.26156654935107 180.221894307412 5.74493263051725
30 29 305 295 9.56629406503141 180.146824059564 5.72538061304299
30 30 305 305 10.8853638848723 180.078389940344 5.78532794045419
30 31 305 315 12.2882302564651 180.014730561773 5.88323169167122
30 32 305 325 13.6291654519784 179.962245273786 5.95723486807684
30 33 305 335 14.4518620070658 179.93075186553 5.99092035737899
30 34 305 345 14.5944380790668 179.912052258279 6.00306522129357
30 35 305 355 14.4346634675356 179.900015607213 6.00829488156189
31 0 315 5 13.2913048284676 179.852213240451 6.02667599989328
31 1 315 15 13.9951220580518 179.88130250425 6.01551573121495
31 2 315 25 14.7048886213544 179.910840797867 6.00418498841745
31 3 315 35 15.0277699078116 179.924600880511 5.99889223845334
31 4 315 45 15.0270749914678 179.928600840261 5.99775079555965
31 5 315 55 14.640501399908 179.935654148594 6.00088822955278
31 6 315 65 13.5419350084998 179.962529873586 6.02022320653286
31 7 315 75 11.8168131919068 180.019895195203 6.07158056400681
31 8 315 85 10.5636061455631 180.079455071762 6.13572647407714
31 9 315 95 10.9693999181048 180.084326518119 6.15240473821025
31 10 315 105 12.6848882307227 180.027694164695 6.10196674646349
31 11 315 115 14.2431723767752 179.965864826456 6.03878511727008
31 12 315 125 14.9427718109696 179.935830145908 6.00634339026184
31 13 315 135 15.1019332137062 179.928686164871 5.99837079709999
31 14 315 145 15.116517489131 179.928012748287 5.99760039814282
31 15 315 155 15.1155443287421 179.928018754795 5.99760425497799
31 16 315 165 15.0912694185159 179.928062778543 5.99712282931065
31 17 315 175 14.8779327686195 179.928878160835 5.99122446749453
31 18 315 185 13.9850741988487 179.932888028737 5.96214101030592
31 19 315 195 11.9385449897354 179.935588640885 5.88656592220897
31 20 315 205 9.24687389151451 179.898957712808 5.78058672996548
31 21 315 215 7.20092577956218 179.761179811688 5.72214889107774
31 22 315 225 6.1976845072945 179.550362693232 5.7642347350736
31 23 315 235 5.50893167043029 179.452880135254 5.84329130999717
31 24 315 245 4.67129088715573 179.630746634269 5.86652532802285
31 25 315 255 3.99049551251837 180.017189965384 5.83034106116317
31 26 315 265 3.80810552066371 180.387150886556 5.74286427774784
31 27 315 275 4.1115311614764 180.553501020721 5.58907352286188
31 28 315 285 4.80332861851743 180.508079959722 5.43840961485685
31 29 315 295 5.85787150405597 180.380958544331 5.41577483428862
31 30 315 305 7.40336318710551 180.250901433735 5.55649273415704
31 31 315 315 9.60993289479478 180.118144383391 5.7605869706366
31 32 315 325 12.0187357059603 180.004796376729 5.91113024035532
31 33 315 335 13.550376713783 179.932742437713 5.9826665142079
31 34 315 345 13.7130357412847 179.88504397549 6.01220512361082
31 35 315 355 13.2548643896513 179.852639229458 6.0263799011307
32 0 325 5 12.1498344830965 179.806321062856 6.04434012697036
32 1 325 15 13.2955541793691 179.853009814972 6.02640468229177
32 2 325 25 14.4480696219264 179.900439881577 6.0081873362677
32 3 325 35 14.9721978653125 179.922546239999 5.99966860922209
32 4 325 45 14.9762597440653 179.928604684981 5.99706331144859
32 5 325 55 14.4179644414673 179.93471418898 5.99401865598682
32 6 325 65 12.9576076574914 179.951439529462 5.98889025983505
32 7 325 75 10.8836337998798 179.977706179934 5.98877207243871
32 8 325 85 9.59984485330642 179.994303997843 6.00140967278055
32 9 325 95 10.2956282705633 179.984127568933 6.01645717299657
32 10 325 105 12.3629253973248 179.957932749807 6.01688933842922
32 11 325 115 14.1422736685807 179.937723651925 6.00699857848113
32 12 325 125 14.9242331803932 179.929762331147 5.99986514875436
32 13 325 135 15.1004345626438 179.928145325096 5.99781739045477
32 14 325 145 15.1160271181745 179.928034395036 5.99760080014276
32 15 325 155 15.1080956974831 179.92820756179 5.99762127736222
32 16 325 165 15.0414781866552 179.928591098597 5.99724923451434
32 17 325 175 14.6828062533206 179.928956098734 5.99122933460222
32 18 325 185 13.473734977922 179.929992703905 5.95828107505715
32 19 325 195 10.9437033874802 179.92533694981 5.86519219887943
32 20 325 205 7.65444250430221 179.869734526027 5.72139175988037
32 21 325 215 4.96705618036483 179.694569699849 5.62436036049111
32 22 325 225 3.49205516083867 179.454902469386 5.66446308400722
32 23 325 235 2.80284238985041 179.391832571569 5.77812969298436
32 24 325 245 2.41054130803274 179.676736408385 5.81936887312462
32 25 325 255 2.17908870389847 180.186672228328 5.73905111168459
32 26 325 265 2.07737357773388 180.638620722828 5.54831946645413
32 27 325 275 2.09396411593392 180.828778130815 5.27791568538006
32 28 325 285 2.32235893531747 180.765420123763 5.06674134881761
32 29 325 295 2.97162069222342 180.597533490906 5.07510093099712
32 30 325 305 4.43639997755536 180.411289923522 5.31156611338723
32 31 325 315 7.043948062022 180.215796263379 5.62142824292749
32 32 325 325 10.2199494308334 180.048513685075 5.85091667756121
32 33 325 335 12.4282016619008 179.937811237768 5.96748431042408
32 34 325 345 12.7316940320661 179.860339347759 6.01923006473175
32 35 325 355 12.0648967272084 179.807257785085 6.04363647156237
33 0 335 5 12.1480623265836 179.807969145023 6.04377045664848
33 1 335 15 13.2979147482871 179.853995916467 6.02606534947395
33 2 335 25 14.4483925892108 179.900738701803 6.00808473453987
33 3 335 35 14.9694743953372 179.92233507943 5.99973733021219
33 4 335 45 14.9661227007567 179.927997334953 5.99696173264987
33 5 335 55 14.3860958668485 179.933714978948 5.99094809882915
33 6 335 65 12.8690111294459 179.947915196451 5.97310537000933
33 7 335 75 10.7014747826768 179.964545083512 5.94589163440324
33 8 335 85 9.35023119061821 179.965517520656 5.93141634002909
33 9 335 95 10.0758788330783 179.947919861825 5.94567772037551
33 10 335 105 12.2410768876487 179.931508996691 5.97274480792441
33 11 335 115 14.1012662370245 179.926708808977 5.99057061421546
33 12 335 125 14.916592152975 179.927331034158 5.99652977899592
33 13 335 135 15.0998300442754 179.927924853831 5.9975334376386
33 14 335 145 15.1138865624172 179.928131129054 5.99760247812044
33 15 335 155 15.0800587699036 179.92917699014 5.99766349654885
33 16 335 165 14.8847627080995 179.932413124353 5.99779185492323
33 17 335 175 14.1923842225185 179.936861374926 5.99479954794664
33 18 335 185 12.5150309522621 179.942917904763 5.97112193082439
33 19 335 195 9.66394705010588 179.957029395002 5.89066057168986
33 20 335 205 6.2995388429307 179.951975684467 5.74452246772257
33 21 335 215 3.5641575703095 179.85317215306 5.6162856032228
33 22 335 225 1.99180986365836 179.69607454085 5.61503570518901
33 23 335 235 1.32727257840319 179.703711965562 5.69872416988329
33 24 335 245 1.12374256439707 180.01146701563 5.70223442704979
33 25 335 255 1.07594470941184 180.467888472235 5.55444450491613
33 26 335 265 1.0291564896533 180.819653415298 5.29271859716295
33 27 335 275 0.969081897624145 180.93435772516 4.99364260684476
33 28 335 285 1.0168778879429 180.853456823131 4.81248245191047
33 29 335 295 1.43875122511585 180.68964702217 4.8819995047003
33 30 335 305 2.71025366642231 180.490435636744 5.17512489876733
33 31 335 315 5.27862669789847 180.269804458763 5.53117880869436
33 32 335 325 8.75518137747029 180.079093093958 5.80244998873964
33 33 335 335 11.5695526207983 179.951296591562 5.94945229754168
33 34 335 345 12.4159257035251 179.865031103614 6.01490937607784
33 35 335 355 12.0032883517366 179.809448017225 6.04263958107236
34 0 345 5 13.2839519948092 179.855167646746 6.02564041547598
34 1 345 15 13.9988395329821 179.883002172115 6.01493000429324
34 2 345 25 14.6998274562267 179.910765067539 6.00420238078729
34 3 345 35 14.9954868677203 179.921500961458 5.99991237394705
34 4 345 45 14.9385292381652 179.92089687783 5.99945839697767
34 5 345 55 14.494917495979 179.922938054549 5.99531576604756
34 6 345 65 13.4018310696747 179.937295393353 5.97873969689393
34 7 345 75 11.7800725851694 179.957197713231 5.95123046216209
34 8 345 85 10.6792087036938 179.962982941352 5.93369907548981
34 9 345 95 11.1669828157085 179.949387705142 5.94404972200507
34 10 345 105 12.8384516368272 179.933899972973 5.96997187706768
34 11 345 115 14.3082178003691 179.927973441857 5.98904716439135
34 12 345 125 14.9571811336408 179.927643037443 5.99614389573993
34 13 345 135 15.1032396975233 179.927954941506 5.99749549732904
34 14 345 145 15.1092537930249 179.928347043587 5.99760588515433
34 15 345 155 15.0241273587731 179.93147694648 5.99771874294241
34 16 345 165 14.6003940297763 179.942449859173 5.99838108751366
34 17 345 175 13.3996749698398 179.961018372962 5.99883449232834
34 18 345 185 11.1872915855465 179.984896613414 5.98790412694695
34 19 345 195 8.26653486468646 180.036763636215 5.9331935364782
34 20 345 205 5.30827711676974 180.122603415741 5.80880500927939
34 21 345 215 2.95528150362215 180.160168744381 5.66421816368573
34 22 345 225 1.49431555691735 180.122013536778 5.60001271897501
34 23 345 235 0.818358206702264 180.167140262867 5.60728451984807
34 24 345 245 0.615973762307843 180.402877506335 5.55306341777391
34 25 345 255 0.586850983613763 180.6959897234 5.37724934508944
34 26 345 265 0.566233709512381 180.867653169151 5.13648691204131
34 27 345 275 0.530628304077194 180.890417763362 4.9226146003877
34 28 345 285 0.571911434658524 180.835052816649 4.84718249525124
34 29 345 295 0.924675869302609 180.729207448615 4.96711716402515
34 30 345 305 2.03290037179002 180.546030540401 5.23624853433279
34 31 345 315 4.41113314039884 180.310302994021 5.54698785606442
34 32 345 325 7.93844903999947 180.103530564859 5.79619873327902
34 33 345 335 11.2561210696969 179.971391696304 5.9397265703091
34 34 345 345 12.8909746274907 179.896596230285 6.00188818857389
34 35 345 355 13.0947707237461 179.856938488432 6.02424287392664
35 0 355 5 14.4319943228111 179.901657977847 6.00770837335821
35 1 355 15 14.7041108477173 179.911402934541 6.00398080140662
35 2 355 25 14.9327731177716 179.91873401282 6.00092224780394
35 3 355 35 14.9209840345091 179.912110092176 6.00257474005759
35 4 355 45 14.6475272164012 179.893448908404 6.00797990598073
35 5 355 55 14.2246482531669 179.883719845674 6.00923704950132
35 6 355 65 13.7204273553637 179.901031651556 5.99799947460528
35 7 355 75 13.1111626144254 179.931727459167 5.97808493716907
35 8 355 85 12.6916443027627 179.948883554405 5.96504540320463
35 9 355 95 12.9857934797302 179.945618271475 5.96910628879037
35 10 355 105 13.880875028273 179.935508924169 5.98265497405004
35 11 355 115 14.6758327295872 179.929663559629 5.99292141900934
35 12 355 125 15.0294909429362 179.92815925875 5.99679533016382
35 13 355 135 15.1092879531364 179.928010580717 5.99754180102165
35 14 355 145 15.1046473161396 179.928572886604 5.99760889068408
35 15 355 155 14.971921116432 179.933982677435 5.99774449004016
35 16 355 165 14.3568737462501 179.954006774788 5.99855776712025
35 17 355 175 12.801509725891 179.99032253587 6.00036467169315
35 18 355 185 10.376322038137 180.033170371061 5.99677988114283
35 19 355 195 7.72569828411131 180.104743430183 5.96279624557693
35 20 355 205 5.29450704562586 180.231630770108 5.8656376480362
35 21 355 215 3.22759684064166 180.336330072438 5.72096120489354
35 22 355 225 1.7361919067686 180.348433719531 5.60762953341672
35 23 355 235 0.953177712555652 180.379533742141 5.55809743513834
35 24 355 245 0.702603066642775 180.540506126583 5.5033819779716
35 25 355 255 0.677679663603149 180.73317395582 5.39104403810418
35 26 355 265 0.68669007827073 180.825241855887 5.25064464238368
35 27 355 275 0.67923176907308 180.851415577519 5.15522323389347
35 28 355 285 0.717637011783508 180.878609881797 5.16293994315269
35 29 355 295 1.01205621870017 180.837400952734 5.26464573295442
35 30 355 305 1.9807094683926 180.649200891124 5.42859108824879
35 31 355 315 4.17597962875064 180.375808260547 5.63089693545523
35 32 355 325 7.65708246574349 180.137619851822 5.81849769551204
35 33 355 335 11.2651416753738 179.993554027935 5.93815566930946
35 34 355 345 13.4923418747304 179.927866278064 5.99006829061802
35 35 355 355 14.2211982362298 179.903681177252 6.00601350825934
