0 0 5 5 15.2390634533087 179.92803300936 5.99790794698553
0 1 5 15 15.1656079382615 179.931230799335 5.99931860982462
0 2 5 25 14.685156771575 179.947583316976 6.00496425143103
0 3 5 35 13.1850267667098 180.003826567182 6.01086760004496
0 4 5 45 10.3242628747796 180.138228537438 5.99570116765546
0 5 5 55 6.84349836012722 180.359925139807 5.94334267551331
0 6 5 65 4.04505053785798 180.590634198414 5.88733858654857
0 7 5 75 2.47946003522509 180.70359285507 5.8832258160236
0 8 5 85 1.87490399474957 180.657513906102 5.93269209733594
0 9 5 95 1.87460286682083 180.534989473839 5.99584595298373
0 10 5 105 2.28128711461008 180.438913705962 6.05501056446432
0 11 5 115 2.91167652939615 180.333968097392 6.10098342211527
0 12 5 125 3.52378252854662 180.121845622252 6.0903499534015
0 13 5 135 3.96837120699182 179.917708593596 5.99134704711161
0 14 5 145 4.31550555664586 179.88493718225 5.84226082871411
0 15 5 155 4.65301703994163 179.964881545655 5.71332544791164
0 16 5 165 4.89331751233478 180.023361388528 5.63642652828932
0 17 5 175 4.89927828650687 180.000232578592 5.61135706046912
0 18 5 185 4.68771489653925 179.902030906999 5.64498720077355
0 19 5 195 4.53626485246318 179.802174660125 5.72620527014969
0 20 5 205 4.76789100049399 179.795883817127 5.79712996878288
0 21 5 215 5.22546815122803 179.909517475258 5.82053080116185
0 22 5 225 5.4100971296592 180.098149456791 5.84246545551326
0 23 5 235 5.28301661349136 180.276323282714 5.89689311189682
0 24 5 245 5.14331196980026 180.32976950445 5.89941776831185
0 25 5 255 4.80152819526173 180.249412082862 5.77106300986737
0 26 5 265 3.95457116181157 180.220139403049 5.61759669130102
0 27 5 275 2.95778167862648 180.391427205919 5.6446995195468
0 28 5 285 2.36704426094995 180.66071612848 5.90618224839459
0 29 5 295 2.44253629177354 180.779823738589 6.18248049013121
0 30 5 305 3.45740954709259 180.62192027548 6.23909075182071
0 31 5 315 5.79460846253899 180.30200979848 6.13709183685323
0 32 5 325 9.20460228920395 180.041953829826 6.04969748741206
0 33 5 335 12.4423602487747 179.935274928312 6.01616427022697
0 34 5 345 14.3918344495048 179.92084090112 6.00428731170741
0 35 5 355 15.1028709178951 179.925703089614 5.99916905578669
1 0 15 5 15.2486846970615 179.928037826107 5.99768981470548
1 1 15 15 15.2131959085326 179.928899581666 5.99814495971254
1 2 15 25 14.9158956881413 179.932751253864 5.99953010377036
1 3 15 35 13.7998479349587 179.948210020407 5.99880114527441
1 4 15 45 11.3279156530364 180.000864274391 5.98698624803546
1 5 15 55 7.93816896020454 180.121604580778 5.96415050704765
1 6 15 65 4.95826263502778 180.282771249224 5.95859627627985
1 7 15 75 3.19275110832955 180.38376184539 6.00034906792882
1 8 15 85 2.48529405053389 180.361043127841 6.07772115728351
1 9 15 95 2.4675794385783 180.260898179564 6.15414035956266
1 10 15 105 2.92312526659726 180.177667584543 6.19884477631966
1 11 15 115 3.63041244780983 180.110956610827 6.19044087421552
1 12 15 125 4.35867962826626 179.976408226957 6.12887625773696
1 13 15 135 5.08242772861778 179.826206628571 6.03083030015001
1 14 15 145 5.93288456100559 179.778149308212 5.92829391556559
1 15 15 155 6.83047015803774 179.820968126515 5.85473858134711
1 16 15 165 7.44279817405564 179.875929852549 5.81606464705008
1 17 15 175 7.47729291098776 179.883464114445 5.8059156221474
1 18 15 185 6.92540221512192 179.824518662824 5.82602046897268
1 19 15 195 6.316015469383 179.751767296668 5.86456885847195
1 20 15 205 6.34970409492658 179.753208057466 5.89054852874582
1 21 15 215 6.85623024400629 179.84949394848 5.88899604749707
1 22 15 225 7.1263267879375 179.981207784782 5.88241528828654
1 23 15 235 7.25520925565718 180.074738704138 5.89161372727404
1 24 15 245 7.60117891578501 180.078951377931 5.88889511972054
1 25 15 255 7.5340672725337 180.026959779875 5.83701110098731
1 26 15 265 6.40349933405234 180.053959165361 5.7719055156979
1 27 15 275 4.767670636944 180.243078627414 5.80315931568149
1 28 15 285 3.57174019509894 180.498613162487 5.98770513490524
1 29 15 295 3.28073965142313 180.627220748821 6.1915520954981
1 30 15 305 4.22384252956866 180.521734963997 6.22715941311338
1 31 15 315 6.71063442453773 180.264268611512 6.12520701114613
1 32 15 325 10.1657389013607 180.043597868246 6.03519725925947
1 33 15 335 13.1103376378475 179.946893330558 6.00371147718945
1 34 15 345 14.6669145586367 179.927490212609 5.99860551925464
1 35 15 355 15.1634816775864 179.92739807872 5.99787702731871
2 0 25 5 15.2544329822808 179.92802541635 5.99761003657286
2 1 25 15 15.239091154336 179.928000981925 5.99766086248253
2 2 25 25 15.0663025934687 179.927195740808 5.99733907694045
2 3 25 35 14.2838439688386 179.926000627723 5.99391400760378
2 4 25 45 12.2798429853993 179.936435027095 5.98243616969771
2 5 25 55 9.15414566129952 179.982199609204 5.96671258331358
2 6 25 65 6.06960953970741 180.058790279369 5.96959996179691
2 7 25 75 4.09412872021013 180.114678124965 6.01063662912126
2 8 25 85 3.31793267503797 180.104652643573 6.07923550312928
2 9 25 95 3.34413062436776 180.030817106118 6.14957382666306
2 10 25 105 3.82602142973934 179.945038979286 6.18734967756039
2 11 25 115 4.5326105515142 179.882459432158 6.16587957185528
2 12 25 125 5.42940594919363 179.810141826116 6.1081404809645
2 13 25 135 6.61642192451138 179.744523160161 6.04453152567031
2 14 25 145 8.03641791866641 179.741468752603 5.98697680638065
2 15 25 155 9.35361570264357 179.789942941809 5.94863269500384
2 16 25 165 10.1684695060002 179.842934455811 5.93157769341366
2 17 25 175 10.1361088165596 179.861071885116 5.92730434154407
2 18 25 185 9.23099900245859 179.828021112557 5.93169483300618
2 19 25 195 8.26019659265914 179.779977268829 5.93866147427236
2 20 25 205 8.16595018259983 179.781183978679 5.93857031048455
2 21 25 215 8.60820720741103 179.843966456687 5.92727641592996
2 22 25 225 8.8208742207077 179.920493208585 5.91347499348061
2 23 25 235 9.19463732612839 179.966579564164 5.91136116079012
2 24 25 245 10.0071408564049 179.967830107043 5.91476560207499
2 25 25 255 10.1465944201235 179.949923361197 5.89711285505478
2 26 25 265 8.77802234299152 179.976316886381 5.8534076020322
2 27 25 275 6.63599269961396 180.081901473121 5.83691103707451
2 28 25 285 4.91566075424023 180.22079011787 5.91501310919245
2 29 25 295 4.25560153789419 180.298510263975 6.04847600987879
2 30 25 305 5.02681722672878 180.247905746532 6.11157606743847
2 31 25 315 7.48927626909646 180.103730317903 6.07839910166596
2 32 25 325 10.8844536016907 179.981257077168 6.02703330036115
2 33 25 335 13.5866967980201 179.933431481472 6.00308992572919
2 34 25 345 14.8602865198285 179.926946680558 5.99799799537661
2 35 25 355 15.2059508768828 179.927772537019 5.99759455518668
3 0 35 5 15.2548313025318 179.92803281019 5.99758934767599
3 1 35 15 15.2502059960138 179.927920657913 5.99757810284868
3 2 35 25 15.1580003334574 179.927001518142 5.99704024908806
3 3 35 35 14.6548725135294 179.923535620881 5.99334194124693
3 4 35 45 13.1298820161933 179.916093593583 5.98188010266766
3 5 35 55 10.3370034993063 179.901466151831 5.9669270567381
3 6 35 65 7.15891757662144 179.872745382167 5.96985613382904
3 7 35 75 4.93485304710808 179.840556520774 6.00192686554745
3 8 35 85 4.12088136622676 179.83462414468 6.0423728056612
3 9 35 95 4.29114632354469 179.846447578597 6.07191697448719
3 10 35 105 4.85914458274096 179.840503815968 6.08351258176723
3 11 35 115 5.59638220920156 179.81255127288 6.07364785299074
3 12 35 125 6.72830817279646 179.773778421651 6.05756454281416
3 13 35 135 8.26976772030277 179.755481463065 6.03706732884714
3 14 35 145 9.71941511649938 179.780257794002 6.00406426394471
3 15 35 155 10.7192906205847 179.826956222749 5.97568377046679
3 16 35 165 11.2853269453079 179.865226718827 5.96705496643734
3 17 35 175 11.1595692246057 179.873429566174 5.96804276572768
3 18 35 185 10.2257081329116 179.847547500538 5.96679478233901
3 19 35 195 9.44855050784673 179.819379366511 5.96305032884434
3 20 35 205 9.67248616406983 179.827995975565 5.95844970128246
3 21 35 215 10.1821348297023 179.869790768867 5.94970020976795
3 22 35 225 10.2872837419481 179.911309941424 5.93901653902163
3 23 35 235 10.6975762169607 179.934486478028 5.93802849132387
3 24 35 245 11.5642945513328 179.941639314942 5.94360546370182
3 25 35 255 11.5312559539401 179.944025338605 5.93065286305239
3 26 35 265 9.90333772207372 179.956226506849 5.88589241232658
3 27 35 275 7.62558188329664 179.983941626235 5.84017804548396
3 28 35 285 5.8630036339985 180.017899889302 5.8509092429948
3 29 35 295 5.09974067611373 180.037107664458 5.92314876654943
3 30 35 305 5.6146567592621 180.018645585272 5.98772205701619
3 31 35 315 7.76943522854595 179.969760740392 6.00476318929511
3 32 35 325 10.9652573498219 179.933046094096 5.99918132056264
3 33 35 335 13.5972513048899 179.924594318415 5.99609612835429
3 34 35 345 14.8596230645174 179.926798100276 5.99675580730599
3 35 35 355 15.2055756793712 179.927975700222 5.99743431194679
4 0 45 5 15.2513005129942 179.928066204552 5.99757022168291
4 1 45 15 15.2552473369115 179.927983406703 5.99758897909985
4 2 45 25 15.2112867042754 179.927583382226 5.9972875385135
4 3 45 35 14.8960016324254 179.924009376796 5.99551318145303
4 4 45 45 13.7206853049233 179.903557687613 5.99343161647489
4 5 45 55 11.1925691307809 179.833607066535 6.00631760995393
4 6 45 65 7.94356243997218 179.69710352197 6.05670437198681
4 7 45 75 5.48889820550858 179.565598976427 6.12463010713959
4 8 45 85 4.60842362843293 179.560741493337 6.14529010261417
4 9 45 95 4.89763388122807 179.689407860751 6.10034411757434
4 10 45 105 5.60674081639362 179.829693196579 6.04120033140297
4 11 45 115 6.5110651071509 179.891510332113 6.01669014575844
4 12 45 125 7.87317137017794 179.888617801538 6.02834285880789
4 13 45 135 9.38201833233149 179.873370994745 6.03362965500084
4 14 45 145 10.2028082926497 179.868610994009 6.00516434004104
4 15 45 155 10.306735757001 179.877324932158 5.97159905585426
4 16 45 165 10.3291979171438 179.894492233716 5.96261840515938
4 17 45 175 10.1207171357649 179.894370144569 5.96511352578563
4 18 45 185 9.46650445369216 179.865112620826 5.96072701565184
4 19 45 195 9.34726355180609 179.84020923342 5.95543327575629
4 20 45 205 10.2367081483567 179.852213937735 5.95738533304373
4 21 45 215 10.9608522393358 179.88724795898 5.957923624313
4 22 45 225 10.9666692256573 179.918472328109 5.9529960034238
4 23 45 235 11.2508436037151 179.940151315844 5.95430308851714
4 24 45 245 11.8785549750593 179.957275472956 5.95789726676233
4 25 45 255 11.4067053657756 179.972232953278 5.93706234131893
4 26 45 265 9.44121029653644 179.980489083261 5.88555124705514
4 27 45 275 7.26988228144744 179.979359751212 5.83339725208429
4 28 45 285 5.92029072191188 179.980234039827 5.81592367224624
4 29 45 295 5.40390025315266 179.990453857547 5.83695226739335
4 30 45 305 5.74090197401739 179.995448734128 5.8710548574238
4 31 45 315 7.4876548958277 179.980025163661 5.90794472477485
4 32 45 325 10.4490875555837 179.955606081041 5.94774011715593
4 33 45 335 13.1893193313295 179.938671869123 5.97862734688001
4 34 45 345 14.6850585528477 179.931114054778 5.993132293984
4 35 45 355 15.1665451003653 179.92861620979 5.99702555324797
5 0 55 5 15.2474006054682 179.92810170715 5.99755100423091
5 1 55 15 15.2571511529707 179.928007538024 5.99759805635657
5 2 55 25 15.2333048158855 179.927773659975 5.99756575777437
5 3 55 35 15.002334069802 179.923389209996 5.99867593762139
5 4 55 45 13.9991540454764 179.892050842125 6.0121938221166
5 5 55 55 11.6244352819217 179.781677171357 6.07286549248328
5 6 55 65 8.35597686802597 179.577335716324 6.20763414804239
5 7 55 75 5.74290733514938 179.404199618389 6.35094368848467
5 8 55 85 4.71850600800045 179.43208541758 6.37101599371563
5 9 55 95 4.93316978006003 179.654821522625 6.24422622295695
5 10 55 105 5.66454929746131 179.906277790628 6.09175904991271
5 11 55 115 6.69753329204152 180.048395766376 6.02567068383397
5 12 55 125 8.06946732300528 180.075457269003 6.04225814663079
5 13 55 135 9.20015046003739 180.037834245204 6.05710164255326
5 14 55 145 9.33458600632582 179.971860267794 6.02049538119915
5 15 55 155 8.77202855020156 179.931726045309 5.9713816425743
5 16 55 165 8.37345274087195 179.945624164154 5.95378618022541
5 17 55 175 8.07865703304078 179.963674428841 5.95249491885692
5 18 55 185 7.74428467654909 179.935208792871 5.94038328057194
5 19 55 195 8.21510992635666 179.884783459895 5.92718711261981
5 20 55 205 9.55488967724225 179.864362920629 5.93282001666401
5 21 55 215 10.3954691109326 179.880679414667 5.94716702033519
5 22 55 225 10.3722723486787 179.918955865168 5.95875555654951
5 23 55 235 10.6011263312833 179.969669687431 5.97709264806132
5 24 55 245 11.0635225147761 180.01561040427 5.98941160099515
5 25 55 255 10.3244635743085 180.042722900344 5.95838119405249
5 26 55 265 8.21116333751774 180.052786421508 5.88911661039727
5 27 55 275 6.22298286981851 180.05933036154 5.82484421628243
5 28 55 285 5.27073737281877 180.085966121317 5.78613146626576
5 29 55 295 5.03758664146036 180.131305307113 5.76636144255551
5 30 55 305 5.38225951276087 180.150036369917 5.77144372641764
5 31 55 315 6.95719399440892 180.105706206885 5.82220378327166
5 32 55 325 9.83236343307861 180.026673864494 5.901290482392
5 33 55 335 12.7410727131982 179.965117060692 5.96273420516431
5 34 55 345 14.4957720141096 179.937142726031 5.98980743421448
5 35 55 355 15.1241245293577 179.929356518079 5.99663826543514
6 0 65 5 15.2473874954318 179.928102803187 5.99755039891026
6 1 65 15 15.2575682306093 179.928010691424 5.99760016211012
6 2 65 25 15.2388232237696 179.927848511792 5.99766884916588
6 3 65 35 15.0331358500022 179.92357763796 5.99998885938707
6 4 65 45 14.0931759115509 179.890947034631 6.02058774859568
6 5 65 55 11.7950763946144 179.777786183315 6.10515975109878
6 6 65 65 8.54379966147351 179.585219338157 6.28771646286479
6 7 65 75 5.85620117855375 179.46075351687 6.48161169597688
6 8 65 85 4.69983449531456 179.549015417038 6.51036571415111
6 9 65 95 4.78564951000501 179.79659059632 6.3392229239235
6 10 65 105 5.49303047898616 180.04939050084 6.13356801639628
6 11 65 115 6.53772178547781 180.193649135555 6.04387997775313
6 12 65 125 7.62776996462006 180.214882232846 6.06117764726424
6 13 65 135 8.16613814693466 180.148453153838 6.07681654493516
6 14 65 145 7.81822989507728 180.039808831208 6.02949896112973
6 15 65 155 7.04135506562341 179.981688597545 5.96657290835595
6 16 65 165 6.49535444267699 180.024830956547 5.94494680178628
6 17 65 175 6.21102559937229 180.092470625347 5.95026915602873
6 18 65 185 6.21445421999256 180.078923189918 5.93842576496753
6 19 65 195 6.98339389649608 179.98119488463 5.91070933481706
6 20 65 205 8.26166486316948 179.88609797324 5.90668870659126
6 21 65 215 9.00617633068864 179.857369684891 5.93236611566912
6 22 65 225 9.10611720558043 179.910229039437 5.97377889027049
6 23 65 235 9.38675976976758 180.020491815522 6.02955641638906
6 24 65 245 9.68884691936274 180.119104250984 6.06525059002553
6 25 65 255 8.90992032637877 180.159421085358 6.02733303134785
6 26 65 265 7.03672853159941 180.170139236966 5.93472680988478
6 27 65 275 5.34206286042488 180.200627697647 5.84711695943876
6 28 65 285 4.54927774833898 180.271944404205 5.77916089835449
6 29 65 295 4.42803325215342 180.347856888764 5.72426626655396
6 30 65 305 4.99338143902369 180.347851066799 5.71321384312267
6 31 65 315 6.8258117492389 180.237142195473 5.7783900301883
6 32 65 325 9.83458248304768 180.086368226392 5.88167780385163
6 33 65 335 12.7591580778666 179.98244965693 5.95754340886024
6 34 65 345 14.5013028491501 179.940033980523 5.98905453288627
6 35 65 355 15.1246231205791 179.929570974226 5.9965898172899
7 0 75 5 15.2512742758247 179.928068234221 5.99756898636843
7 1 75 15 15.2576058183765 179.92801079928 5.997600359976
7 2 75 25 15.2403982226081 179.927960745734 5.99759072368039
7 3 75 35 15.0480369203786 179.925384107473 5.99873986944599
7 4 75 45 14.1583950851196 179.903799688389 6.01252173866285
7 5 75 55 11.9546045275492 179.830487358796 6.07706321528635
7 6 75 65 8.78051141832259 179.722172634375 6.22866826232431
7 7 75 75 6.082059648743 179.69498806223 6.40075207582453
7 8 75 85 4.86580566761676 179.81515088058 6.43124609243437
7 9 75 95 4.99081690932813 179.996027635198 6.27913802202296
7 10 75 105 5.92602516887475 180.146137277236 6.09847045311731
7 11 75 115 7.13264847472046 180.221334887613 6.02457676056233
7 12 75 125 7.89049724689461 180.214156013376 6.03910170901868
7 13 75 135 7.69678192474733 180.143522805362 6.04390779786155
7 14 75 145 6.78733887620843 180.047608155609 5.99241244791726
7 15 75 155 5.84121055284682 180.013058465391 5.93342473400814
7 16 75 165 5.2997217924446 180.090049134676 5.92440081704258
7 17 75 175 5.2462801333565 180.197883713078 5.95435180131741
7 18 75 185 5.76640801175776 180.201504545136 5.96285501044388
7 19 75 195 6.78567726367101 180.070999621867 5.93126203220943
7 20 75 205 7.75113447120339 179.915128892826 5.91156322395718
7 21 75 215 8.23318355831198 179.846242604332 5.93568488914348
7 22 75 225 8.44248647635362 179.907893772872 5.99638901073577
7 23 75 235 8.69028952663281 180.066325437207 6.08038633553833
7 24 75 245 8.68460634589786 180.211519594628 6.13701671409325
7 25 75 255 7.88550806781591 180.270135355334 6.10630060710181
7 26 75 265 6.41067231396506 180.289713874356 6.00973831297236
7 27 75 275 5.05614202820614 180.339674192431 5.90405482804718
7 28 75 285 4.30621572184482 180.429194640899 5.80237586306267
7 29 75 295 4.22860594882668 180.495532141856 5.71531738744967
7 30 75 305 5.1635095358419 180.450068142084 5.69700709764486
7 31 75 315 7.49536872182323 180.282703280006 5.77446837859883
7 32 75 325 10.6586623824729 180.095410419855 5.88674201794224
7 33 75 335 13.3133417634066 179.980418679535 5.9620499779888
7 34 75 345 14.7158652509967 179.938320376406 5.990649302572
7 35 75 355 15.1693539884071 179.929167607354 5.99686274864907
8 0 85 5 15.2548315994015 179.92803436988 5.9975855677585
8 1 85 15 15.257564858437 179.928010368636 5.99759997486506
8 2 85 25 15.2418775706295 179.928034836896 5.99747576106951
8 3 85 35 15.0679130294601 179.927326774361 5.99681260407785
8 4 85 45 14.2574165174639 179.919993997197 5.99884020039773
8 5 85 55 12.2162744260164 179.897604443584 6.02327194260621
8 6 85 65 9.19264209741146 179.882629820735 6.09821775329364
8 7 85 75 6.50664578971454 179.931246268391 6.19417173982943
8 8 85 85 5.24667716743104 180.032865799856 6.20954830927613
8 9 85 95 5.51574127998252 180.105981927677 6.11338120013762
8 10 85 105 6.82327888746132 180.133680900234 6.00701304601994
8 11 85 115 8.26159016048494 180.137116616112 5.97039799712823
8 12 85 125 8.73706708883195 180.118508228428 5.97819957899537
8 13 85 135 7.90484762457791 180.080079878408 5.96869924932959
8 14 85 145 6.49896532988068 180.036807359406 5.92486215989458
8 15 85 155 5.40613812599957 180.03535114334 5.88631505999361
8 16 85 165 4.94371993560713 180.111116376758 5.89386196907
8 17 85 175 5.24259618063133 180.208175627446 5.94193874239093
8 18 85 185 6.40016835159203 180.212323583111 5.97571216008509
8 19 85 195 7.84299434861965 180.092516285266 5.96332958056118
8 20 85 205 8.68643486595942 179.947080395941 5.94420536236042
8 21 85 215 8.96331588406939 179.879011386041 5.95795351969376
8 22 85 225 9.19460972542957 179.927435086902 6.00743549017218
8 23 85 235 9.35570446367403 180.067994095704 6.08049998353065
8 24 85 245 9.09177097615241 180.211487884165 6.13827295189504
8 25 85 255 8.22906533322329 180.294679922113 6.13528172620552
8 26 85 265 6.94272837869474 180.344795108825 6.0718894409685
8 27 85 275 5.73872204575637 180.398485778873 5.96794161918929
8 28 85 285 4.9604837211865 180.457772438038 5.83838094153827
8 29 85 295 4.88982766597425 180.47871766952 5.72870593309852
8 30 85 305 6.10380461102906 180.39764211049 5.71176943746814
8 31 85 315 8.74048031666131 180.224653107898 5.79711121923372
8 32 85 325 11.7874396178751 180.057438704058 5.90562104736716
8 33 85 335 13.9620970616529 179.964902685869 5.97079786936859
8 34 85 345 14.9419876695497 179.934428682451 5.99293082429253
8 35 85 355 15.2129201534634 179.928616937844 5.99717254143417
9 0 95 5 15.254791941919 179.928025960846 5.99758140749198
9 1 95 15 15.256607180256 179.928004727642 5.99757491021184
9 2 95 25 15.2355065779789 179.927927054456 5.9972435020939
9 3 95 35 15.050045086689 179.927307228046 5.99481139214126
9 4 95 45 14.24413094814 179.925034426752 5.98593099534506
9 5 95 55 12.2604537522733 179.924907130546 5.96979190982918
9 6 95 65 9.31780348869714 179.947466158354 5.95660706365622
9 7 95 75 6.65093628099148 180.010565697518 5.94822685287559
9 8 95 85 5.37636426580135 180.077892711474 5.9214848981423
9 9 95 95 5.7084573511213 180.096495639007 5.87570305779105
9 10 95 105 7.07346904407606 180.083575193085 5.85119968624768
9 11 95 115 8.35770134898934 180.074244717739 5.86222873587007
9 12 95 125 8.54728596976814 180.065589070858 5.88274784327004
9 13 95 135 7.58208919385799 180.05355207434 5.8856937376312
9 14 95 145 6.28883603734708 180.04524751681 5.86885128604078
9 15 95 155 5.38447218986658 180.057724730736 5.85422863131094
9 16 95 165 5.06366974686213 180.108733281074 5.86461095024517
9 17 95 175 5.60551257593514 180.164360700808 5.90544105666664
9 18 95 185 7.20653947089943 180.153373672555 5.94949046713709
9 19 95 195 9.01312815665889 180.069903007478 5.96697778867669
9 20 95 205 9.92574957430499 179.98632451504 5.96760166513834
9 21 95 215 10.2687334292566 179.950063935046 5.97578903100879
9 22 95 225 10.7612177827641 179.965609561282 6.00107757509922
9 23 95 235 11.1251327729599 180.032114593457 6.04147823791009
9 24 95 245 10.8613724952292 180.127133701685 6.08447304834526
9 25 95 255 9.91226013454897 180.2243591053 6.11130167555933
9 26 95 265 8.57800225620479 180.310742127015 6.10079537276324
9 27 95 275 7.3789077782069 180.363089307143 6.02751280338481
9 28 95 285 6.55238952603572 180.377871576527 5.89906905794494
9 29 95 295 6.33425071159803 180.355047274107 5.78486830911743
9 30 95 305 7.38564432756568 180.268931421271 5.76482509994363
9 31 95 315 9.77914109488478 180.132072523567 5.83749666582575
9 32 95 325 12.4156717244915 180.012531975146 5.92620335591825
9 33 95 335 14.2031465612825 179.950899738015 5.97716770469581
9 34 95 345 14.9931123506313 179.931824574821 5.99398132668208
9 35 95 355 15.2174831767526 179.928367249857 5.99723255745538
10 0 105 5 15.2505591525939 179.928040175336 5.99754393994705
10 1 105 15 15.2490575885499 179.927977203474 5.99732974769096
10 2 105 25 15.1858925303069 179.927383397287 5.9956666757877
10 3 105 35 14.8627118497212 179.923536854786 5.98799439913588
10 4 105 45 13.792494521726 179.911319303218 5.96060131083148
10 5 105 55 11.521703353494 179.892491935544 5.88808596923632
10 6 105 65 8.4433039414467 179.886412594447 5.75472633729164
10 7 105 75 5.81253723867624 179.912150959849 5.59268572145201
10 8 105 85 4.59780659384376 179.961888715149 5.47532189814321
10 9 105 95 4.85255218451756 180.021644235809 5.45425817615582
10 10 105 105 5.88572966597546 180.09104705917 5.51646878684857
10 11 105 115 6.72501169036965 180.145786542432 5.61211442011515
10 12 105 125 6.83615732947864 180.145322642782 5.70887268886228
10 13 105 135 6.37453522242855 180.104921043152 5.7844379173713
10 14 105 145 5.78514158838182 180.074465746955 5.81827269164376
10 15 105 155 5.32261404409551 180.077773748205 5.81895899484846
10 16 105 165 5.13774502893125 180.110643909235 5.81919264463565
10 17 105 175 5.73794759831661 180.134923458186 5.84576260856192
10 18 105 185 7.41150112303995 180.108457835616 5.89356431197398
10 19 105 195 9.18780093236384 180.053955229538 5.93503856038804
10 20 105 205 10.0151632946565 180.026039860782 5.95471369202736
10 21 105 215 10.5597819549259 180.020099644204 5.96220433191044
10 22 105 225 11.6107649848804 180.006349836295 5.97284509218127
10 23 105 235 12.4703833039644 180.004525643377 5.99075619549498
10 24 105 245 12.3143720188094 180.046730073519 6.01690216418206
10 25 105 255 11.1894776944332 180.136251006561 6.05571442160504
10 26 105 265 9.73760730191766 180.241571427616 6.09359561800443
10 27 105 275 8.65048018133674 180.305905523871 6.08579758956515
10 28 105 285 7.96015754141032 180.307861868996 6.00718708508734
10 29 105 295 7.54463529637282 180.264315519768 5.90438205926513
10 30 105 305 7.99295717025889 180.180514634501 5.85538663378427
10 31 105 315 9.68490641196943 180.074430793194 5.88212482391371
10 32 105 325 11.9380277179377 179.989302300399 5.93807249321275
10 33 105 335 13.7887738837409 179.94594625107 5.97739624002953
10 34 105 345 14.8117497742554 179.931595729395 5.99313337541743
10 35 105 355 15.1767012131755 179.928469471685 5.99700142339462
11 0 115 5 15.243135705535 179.928073206135 5.9974457594499
11 1 115 15 15.2196759574018 179.92792222244 5.99628264517671
11 2 115 25 15.0177054679836 179.926243098341 5.98925799403527
11 3 115 35 14.3097947659119 179.915839753496 5.96397012159581
11 4 115 45 12.6218176626168 179.882860251518 5.89329291308585
11 5 115 55 9.80100807728519 179.823592182369 5.72791095299633
11 6 115 65 6.53850053997809 179.764206658475 5.43062638648949
11 7 115 75 4.014611285355 179.748050452015 5.06989367413507
11 8 115 85 2.87529675239624 179.816059748829 4.81966356971768
11 9 115 95 2.95476622408965 179.990903653325 4.7917566185346
11 10 115 105 3.61711029706168 180.223295364279 4.94476433048565
11 11 115 115 4.23164081100804 180.378999242338 5.18310657758533
11 12 115 125 4.62331021996185 180.359376658184 5.44173949391192
11 13 115 135 4.88604446732558 180.229359880875 5.64648724209705
11 14 115 145 4.9983106330661 180.12615389165 5.73055887064962
11 15 115 155 4.8912714896752 180.100904220119 5.71816903121797
11 16 115 165 4.79721649826959 180.119039221044 5.6973075596753
11 17 115 175 5.36208491243312 180.124671582188 5.72381679721303
11 18 115 185 6.84487865141313 180.089584285741 5.78983598180966
11 19 115 195 8.28060832079629 180.047442370395 5.8550766816768
11 20 115 205 8.84597451173859 180.041353182606 5.88644807934615
11 21 115 215 9.46695993833879 180.04814334387 5.88898776013387
11 22 115 225 10.8705874549446 180.027812027911 5.88981501341226
11 23 115 235 11.9915320799698 180.003014956188 5.89941773482111
11 24 115 245 11.7485751436024 180.017474698846 5.91834371012211
11 25 115 255 10.3444160224369 180.08308349015 5.95921124747749
11 26 115 265 8.7928494514198 180.177666175355 6.03197814467006
11 27 115 275 7.91861616132462 180.252343606451 6.1042325383417
11 28 115 285 7.54947193878546 180.266309858598 6.10928399464318
11 29 115 295 7.17406887190288 180.215045749832 6.03176415775014
11 30 115 305 7.18985557783892 180.120857010349 5.94339124407167
11 31 115 315 8.36511552608516 180.027451663075 5.91692133503465
11 32 115 325 10.6097721482292 179.9683662766 5.94374142231152
11 33 115 335 12.968791592472 179.941757933664 5.97593108470152
11 34 115 345 14.5091026580012 179.931820901973 5.99207357978762
11 35 115 355 15.1155578528339 179.928712892944 5.99675265086658
12 0 125 5 15.2339661494597 179.928146703493 5.99724387453942
12 1 125 15 15.1557323744879 179.927913778362 5.993900067925
12 2 125 25 14.6829500931488 179.924977489707 5.97493196248315
12 3 125 35 13.3257925086259 179.907508685115 5.91251033724378
12 4 125 45 10.8038388402864 179.855634045825 5.76521580940384
12 5 125 55 7.50708809451602 179.76614453368 5.48159924305642
12 6 125 65 4.32617342107401 179.675091893598 5.03691703125424
12 7 125 75 2.06751678702021 179.648602417118 4.53223477203915
12 8 125 85 0.998233279655533 179.767819355635 4.18693586938816
12 9 125 95 0.9087751922115 180.071448363247 4.14264346666919
12 10 125 105 1.38820076556362 180.446832976482 4.37017794222466
12 11 125 115 2.07903430553676 180.657050635764 4.7677700370647
12 12 125 125 2.83750682242293 180.571009443507 5.21124661990323
12 13 125 135 3.5474530101101 180.325893877471 5.52676640380044
12 14 125 145 3.96974628706189 180.149177922003 5.60285753670774
12 15 125 155 4.00081445301294 180.105498817499 5.52400668726201
12 16 125 165 3.95885148099508 180.118224664568 5.46314187169721
12 17 125 175 4.43395522676772 180.114539647218 5.49843988196013
12 18 125 185 5.58038259849822 180.076253195514 5.59784203394763
12 19 125 195 6.6081188619922 180.032451748072 5.69579184515861
12 20 125 205 6.94736122599061 180.016346587656 5.74111171129066
12 21 125 215 7.42913676226971 180.017191029149 5.73251332080239
12 22 125 225 8.59808020708562 180.006608542169 5.71322649249108
12 23 125 235 9.44759864824303 179.987419055582 5.71721838493831
12 24 125 245 9.00888055338408 179.976207080758 5.74976313043642
12 25 125 255 7.56583887629862 179.978830367711 5.806280098326
12 26 125 265 6.15160116383093 179.996695626365 5.89499317204324
12 27 125 275 5.47956140770781 180.02075314884 6.01435807257169
12 28 125 285 5.34028610143281 180.020184981803 6.09281790890499
12 29 125 295 5.22238202388912 179.972383097895 6.06062746505282
12 30 125 305 5.39473624004341 179.908921165775 5.97199626843117
12 31 125 315 6.68785309886842 179.886981999528 5.93127660335973
12 32 125 325 9.30034721812832 179.9071779093 5.94902626399875
12 33 125 335 12.2507571760374 179.927125871849 5.97695037573096
12 34 125 345 14.2608621259395 179.930968401854 5.99180623050625
12 35 125 355 15.0674906809851 179.92907409046 5.99656904418351
13 0 135 5 15.2245215858965 179.928242338419 5.99695502044788
13 1 135 15 15.0748084988853 179.928001600985 5.99087917566756
13 2 135 25 14.2817941279109 179.923624248446 5.95716817672519
13 3 135 35 12.2294571676212 179.897581003895 5.85083511436163
13 4 135 45 8.96882752560294 179.824486109694 5.62335381452469
13 5 135 55 5.47771960377137 179.705575778314 5.25151571501036
13 6 135 65 2.65312442864836 179.587797418192 4.75977569254624
13 7 135 75 0.770797753190817 179.551452140169 4.26129336300771
13 8 135 85 -0.201824371945819 179.696167340025 3.93817108541121
13 9 135 95 -0.378433531926194 180.050759282841 3.91451283201933
13 10 135 105 0.047281182829725 180.453051523267 4.19133853414947
13 11 135 115 0.829952800384409 180.626543293051 4.67916529713783
13 12 135 125 1.72857332467776 180.459157852092 5.19774923801457
13 13 135 135 2.49788636872489 180.155725702474 5.49970356528314
13 14 135 145 2.91546632523474 179.990539685711 5.47623401002092
13 15 135 155 2.96182982643836 180.003241574876 5.29402139696296
13 16 135 165 2.9387637425975 180.066293895528 5.18851055524039
13 17 135 175 3.25331583961253 180.08914734773 5.23069498160339
13 18 135 185 3.9713220683467 180.055182398534 5.35506310195152
13 19 135 195 4.60203221732712 179.990890428516 5.47675035212385
13 20 135 205 4.80073784725623 179.939154709784 5.53582018841094
13 21 135 215 5.0361669861032 179.918713023655 5.51826323793439
13 22 135 225 5.62001243826073 179.911932060768 5.47528599597382
13 23 135 235 5.96671187308822 179.88482089684 5.47942844741586
13 24 135 245 5.51637767974482 179.80780829043 5.55516003517475
13 25 135 255 4.48431282865724 179.677908564177 5.66069059700816
13 26 135 265 3.52237419167112 179.535518364397 5.76084857023401
13 27 135 275 3.03739625211418 179.432190909336 5.87418981902819
13 28 135 285 2.93612430320602 179.377382740143 5.96914509797027
13 29 135 295 3.02656584889999 179.365999636286 5.97331001810769
13 30 135 305 3.59097469372158 179.439129061327 5.92277249432136
13 31 135 315 5.30128187664048 179.611815590784 5.90998077425742
13 32 135 325 8.35986570461464 179.796094700371 5.94030047849972
13 33 135 335 11.7679047131577 179.900139085227 5.97218029192046
13 34 135 345 14.0980882652939 179.928330838409 5.98954360533862
13 35 135 355 15.0362360980307 179.929340213627 5.99597941589411
14 0 145 5 15.2172678388444 179.928199992956 5.99672444735999
14 1 145 15 15.0160700514552 179.927856339436 5.98893662006289
14 2 145 25 14.0003444067091 179.919797999746 5.94665651338599
14 3 145 35 11.4961305356539 179.873809636752 5.81865856207952
14 4 145 45 7.82610202620203 179.7463595456 5.56446775532469
14 5 145 55 4.35399508867389 179.53932369727 5.19704766343084
14 6 145 65 1.9038052740771 179.326003945212 4.77889548150326
14 7 145 75 0.362504816689909 179.207385361483 4.40618963090188
14 8 145 85 -0.479682355633648 179.276522305797 4.19567130149415
14 9 145 95 -0.665223722425544 179.540951273977 4.236990870821
14 10 145 105 -0.286868467583072 179.841537255276 4.5354549910312
14 11 145 115 0.432128849860733 179.947692035229 4.98785776892222
14 12 145 125 1.20888205049858 179.79685531811 5.39361550862917
14 13 145 135 1.81333182980388 179.60365070462 5.53403613308766
14 14 145 145 2.13117687028355 179.600532047879 5.37172730941071
14 15 145 155 2.19417313049036 179.765091905286 5.12364950174133
14 16 145 165 2.19472739898256 179.939994209699 5.01298258909466
14 17 145 175 2.34919298639976 180.02743084953 5.06447957126046
14 18 145 185 2.68236352719636 179.995804240965 5.18521604496955
14 19 145 195 2.97787934986872 179.878578576573 5.29689415352864
14 20 145 205 3.0802585146395 179.768608489597 5.35556665066606
14 21 145 215 3.14921438304987 179.729686501281 5.34000844070428
14 22 145 225 3.29878870771282 179.73403416302 5.29566195932502
14 23 145 235 3.31989857483842 179.691889844118 5.32030551196446
14 24 145 245 3.01739229792116 179.522467465558 5.45568951447814
14 25 145 255 2.48361152534204 179.221375811885 5.6327209037535
14 26 145 265 1.95801427746475 178.889190282357 5.76821589038289
14 27 145 275 1.59966183991735 178.654144593402 5.86192172177958
14 28 145 285 1.44740348101107 178.566835110436 5.91362528718624
14 29 145 295 1.58275348823503 178.637964905528 5.89893702721915
14 30 145 305 2.3464169145986 178.900765177984 5.86447232951258
14 31 145 315 4.31326852794429 179.300841091296 5.87360899475411
14 32 145 325 7.6699951926117 179.661181351308 5.91715153707053
14 33 145 335 11.4018014411595 179.85785561604 5.95939050713907
14 34 145 345 13.9704232735904 179.919332753081 5.98491470276865
14 35 145 355 15.0109500503361 179.928186411811 5.99506434306014
15 0 155 5 15.2145012745786 179.927918450951 5.99671870224629
15 1 155 15 14.9979024300474 179.927023907088 5.988942022678
15 2 155 25 13.9160523741092 179.911971125864 5.94829573338022
15 3 155 35 11.2884771978965 179.834420252054 5.83200304268314
15 4 155 45 7.53903256811025 179.623487896286 5.61947754274681
15 5 155 55 4.15780312672162 179.277397020276 5.34346462426429
15 6 155 65 1.93685485825986 178.902346618121 5.06175106026036
15 7 155 75 0.622730695607021 178.617223759167 4.83646713032133
15 8 155 85 -0.0850457428236899 178.497131844719 4.74493281809553
15 9 155 95 -0.248395545683587 178.557193707252 4.85137203991719
15 10 155 105 0.0451883765561555 178.709894911992 5.13345173412716
15 11 155 115 0.586561744562849 178.824018697153 5.45043922917183
15 12 155 125 1.13423674043063 178.868784066006 5.62235434012615
15 13 155 135 1.55059050472914 178.971196238034 5.54773130618862
15 14 155 145 1.81956889734425 179.229061120061 5.29680372109853
15 15 155 155 1.96299625086729 179.556254949049 5.07466492307013
15 16 155 165 2.03622557232568 179.821628818692 5.01646786916409
15 17 155 175 2.12003392761094 179.950415152649 5.08259771840759
15 18 155 185 2.23304346011258 179.891591884687 5.17599364870329
15 19 155 195 2.31843535295626 179.692268073913 5.25202972073152
15 20 155 205 2.35095144172733 179.522431264154 5.2974074411004
15 21 155 215 2.3743035550785 179.503879012287 5.29451911484017
15 22 155 225 2.38907045034745 179.577815602251 5.27683273271011
15 23 155 235 2.323489902351 179.572669091821 5.3314830973195
15 24 155 245 2.13263612880574 179.356794822038 5.49610973570003
15 25 155 255 1.83388262174015 178.935577118496 5.71281917301362
15 26 155 265 1.47436309129765 178.463683822595 5.89490809268381
15 27 155 275 1.12795606969503 178.141874656196 5.99437419331395
15 28 155 285 0.905974994371812 178.060384980285 5.99480856194951
15 29 155 295 0.999846613263225 178.216404391316 5.92888954548289
15 30 155 305 1.78492963827454 178.598709409483 5.8777553417844
15 31 155 315 3.82410478192081 179.108834363215 5.88148486335982
15 32 155 325 7.31068807558689 179.552864364787 5.91841774402601
15 33 155 335 11.2073078502064 179.808257771086 5.95831331245364
15 34 155 345 13.9021025463588 179.903423160813 5.98448648017486
15 35 155 355 14.9973696864269 179.925173075036 5.99505232031207
16 0 165 5 15.2168637625202 179.927623740014 5.99693250229111
16 1 165 15 15.0194254298173 179.925963084664 5.99051935660134
16 2 165 25 14.021413101236 179.905361642034 5.95862711783265
16 3 165 35 11.5768779375658 179.808626283146 5.87295427544919
16 4 165 45 8.04196519409518 179.553533515749 5.7300111446342
16 5 165 55 4.79151074529206 179.135983557513 5.56259657218695
16 6 165 65 2.61772076698468 178.663954594351 5.40458047427567
16 7 165 75 1.34191109586255 178.234477273888 5.2907633082267
16 8 165 85 0.67569680527157 177.904716854272 5.27744776822214
16 9 165 95 0.50289646674283 177.74693599589 5.40698376054908
16 10 165 105 0.694677215496138 177.786875245515 5.63721917044455
16 11 165 115 1.06030695847731 177.98415268361 5.81198696174793
16 12 165 125 1.43463200260591 178.29284733538 5.78276473931703
16 13 165 135 1.78221409281262 178.698927289753 5.55862479333828
16 14 165 145 2.14180288262435 179.156293759144 5.29854125394827
16 15 165 155 2.47113025371997 179.556195832198 5.16144509025939
16 16 165 165 2.68893236210842 179.829904906286 5.17399409421862
16 17 165 175 2.8064356260557 179.939080650401 5.24998943303114
16 18 165 185 2.86176618516827 179.828493934235 5.31439822619401
16 19 165 195 2.85426867023927 179.566706192691 5.35908578172983
16 20 165 205 2.82527200462839 179.380566657145 5.39249396822523
16 21 165 215 2.8276580892625 179.427864889531 5.40770032861485
16 22 165 225 2.8227271085287 179.618296238002 5.4269033176323
16 23 165 235 2.72909710062501 179.709212182883 5.49492046318177
16 24 165 245 2.50798159957098 179.538325465649 5.62688662807822
16 25 165 255 2.16008334236331 179.125858726248 5.80902827215803
16 26 165 265 1.73002926665076 178.627520727502 5.99529625366087
16 27 165 275 1.30812076101833 178.261108495211 6.10175263089785
16 28 165 285 1.02023122767993 178.16219498231 6.07728320111422
16 29 165 295 1.0780319736474 178.329638206065 5.98534180858069
16 30 165 305 1.86480545930618 178.699410865049 5.92897016865016
16 31 165 315 3.9216105708968 179.15574183779 5.92923711113663
16 32 165 325 7.4070535510712 179.549406391024 5.95264075504127
16 33 165 335 11.2710717376842 179.79087856615 5.97585604392011
16 34 165 345 13.9276819100662 179.893938883056 5.99049131554815
16 35 165 355 15.00294000888 179.922886063857 5.99625353946154
17 0 175 5 15.2236694159004 179.927574649719 5.99719566543768
17 1 175 15 15.0797080417547 179.925787525745 5.99292496632142
17 2 175 25 14.3173424025864 179.907158323495 5.97249147390629
17 3 175 35 12.3858001649107 179.825160997243 5.91984869823634
17 4 175 45 9.42740719026163 179.615567120998 5.83663648828051
17 5 175 55 6.42332352906066 179.275615277992 5.74426435202785
17 6 175 65 4.10262325795127 178.874008085593 5.66212896166383
17 7 175 75 2.56076785354517 178.445601032431 5.61453953610958
17 8 175 85 1.73098234711419 178.023875050326 5.6339791585594
17 9 175 95 1.49500936880474 177.739263485083 5.73882452317413
17 10 175 105 1.61949505263702 177.711152540864 5.90168704556825
17 11 175 115 1.87207516001604 177.95028801504 5.99959355633751
17 12 175 125 2.16886045438051 178.376796598119 5.9022641570399
17 13 175 135 2.61546269938468 178.879469754545 5.65049199760156
17 14 175 145 3.29228271649056 179.351575258767 5.43452703558514
17 15 175 155 4.007786591285 179.709128931178 5.37291850065617
17 16 175 165 4.49229617436471 179.930456801959 5.423789475239
17 17 175 175 4.73225136184444 179.996322256606 5.49367048048922
17 18 175 185 4.82609078557963 179.865584178053 5.53902657523717
17 19 175 195 4.79096743120309 179.623015601393 5.56655577267492
17 20 175 205 4.69975241912764 179.486018556055 5.59037515006301
17 21 175 215 4.6508382573036 179.591971091481 5.62065256058436
17 22 175 225 4.59697987760298 179.847975006809 5.67391242332685
17 23 175 235 4.38661162348779 180.018470262595 5.74742304801452
17 24 175 245 3.91089841227667 179.955996830654 5.82923006623605
17 25 175 255 3.21434444987936 179.681671155208 5.93642837702137
17 26 175 265 2.50639572841826 179.289551579469 6.0571795229815
17 27 175 275 1.94989783748595 178.94193615873 6.113908646407
17 28 175 285 1.60897268414918 178.80029350231 6.06032672029515
17 29 175 295 1.66237059332391 178.894247050676 5.96658814405201
17 30 175 305 2.48312216378044 179.138305629871 5.92582580400717
17 31 175 315 4.53476650864892 179.423715386634 5.94222433022878
17 32 175 325 7.89194276731211 179.666849173828 5.97079174731183
17 33 175 335 11.5408884011591 179.824854372801 5.98819725218381
17 34 175 345 14.0232689232918 179.899658980193 5.99519461178495
17 35 175 355 15.0219948511368 179.923297065779 5.99720636604661
18 0 185 5 15.2330960965958 179.927715359911 5.99738972706434
18 1 185 15 15.1598183963224 179.926607191681 5.99529700654181
18 2 185 25 14.719654704922 179.915859031733 5.98533519863989
18 3 185 35 13.5165803988173 179.870535289254 5.9595259737902
18 4 185 45 11.4223649222434 179.758239621933 5.91675348289231
18 5 185 55 8.81729022392121 179.579538915438 5.86428568022259
18 6 185 65 6.24077344032571 179.357876574636 5.81528182522495
18 7 185 75 4.19641917941878 179.074371558849 5.7917174614124
18 8 185 85 3.0779705246274 178.730871625789 5.80660725609786
18 9 185 95 2.85258195534527 178.451048169573 5.86282576951729
18 10 185 105 3.05270637499916 178.378001712455 5.96308137467255
18 11 185 115 3.24280122366633 178.550065934006 6.04189816612398
18 12 185 125 3.46085848464826 178.888278418737 5.9843770239037
18 13 185 135 4.11973977314776 179.268749255338 5.80332577689065
18 14 185 145 5.36040812068802 179.60165867215 5.65895400623493
18 15 185 155 6.6924291668173 179.84273356817 5.6387937257561
18 16 185 165 7.5612871385987 179.987341600292 5.6874051754026
18 17 185 175 7.95741594909554 180.022757333989 5.7353270564382
18 18 185 185 8.10344342938217 179.929306328634 5.76421856311384
18 19 185 195 8.07067702448435 179.778947568802 5.77943532269533
18 20 185 205 7.94945445926378 179.716055854413 5.79257534640384
18 21 185 215 7.85786159971064 179.821673763243 5.82620725635168
18 22 185 225 7.73163446125122 180.037522461975 5.89690189158659
18 23 185 235 7.30206352383765 180.219500257358 5.98290916455449
18 24 185 245 6.32686163333229 180.278646893694 6.05778394490697
18 25 185 255 4.97563476739545 180.207189253634 6.12155704063363
18 26 185 265 3.80247795794174 179.997913226258 6.15069806294305
18 27 185 275 3.06712151194431 179.731823823355 6.10779440621171
18 28 185 285 2.66384706799799 179.570858386852 6.0027562580028
18 29 185 295 2.71524894487968 179.56764237198 5.9050812402277
18 30 185 305 3.6208071892401 179.645118246364 5.87680457698389
18 31 185 315 5.69123563913877 179.733047364797 5.910588755311
18 32 185 325 8.8044035740792 179.812708101174 5.95675905530989
18 33 185 335 12.0351874759732 179.875627776988 5.98462462983291
18 34 185 345 14.1919897265114 179.911873325323 5.99483064328392
18 35 185 355 15.0543729249986 179.925095649114 5.99723049992736
19 0 195 5 15.2427512069187 179.927866394398 5.99750639995116
19 1 195 15 15.2218342352695 179.927492760975 5.99684073191013
19 2 195 25 15.0424456081787 179.923717879811 5.993479674824
19 3 195 35 14.4592358219305 179.908400710937 5.98384449097372
19 4 195 45 13.1474378144765 179.872536249718 5.9636744100709
19 5 195 55 10.9484152382542 179.820123334437 5.92986313252726
19 6 195 65 8.18824117883494 179.755326235626 5.88917883977635
19 7 195 75 5.75743681660829 179.647492787965 5.86101718238729
19 8 195 85 4.53090352439149 179.471124535295 5.85441735594064
19 9 195 95 4.57497296991731 179.283489669842 5.87049241128645
19 10 195 105 5.06187614069768 179.190031064734 5.92464382658245
19 11 195 115 5.19383782133818 179.249119428813 5.99138003929981
19 12 195 125 5.23998585442935 179.421756664254 5.98847334938359
19 13 195 135 6.11552362820285 179.618501862996 5.90647316998477
19 14 195 145 7.95928235301329 179.783423209376 5.8422675284062
19 15 195 155 9.83833686429147 179.900470089632 5.84556920841963
19 16 195 165 10.9612991302232 179.970418900207 5.87705882125124
19 17 195 175 11.4242299378191 179.987756115828 5.90090254366006
19 18 195 185 11.6022317885465 179.947801599559 5.91396686726731
19 19 195 195 11.619796618114 179.888573262826 5.91937959802171
19 20 195 205 11.5448210305215 179.873222156407 5.92421128553372
19 21 195 215 11.466838344198 179.934817750246 5.94783555576461
19 22 195 225 11.302425321053 180.056992523529 6.00623187335982
19 23 195 235 10.6893325381266 180.199470192543 6.09209460090491
19 24 195 245 9.2719399639933 180.340134150823 6.1872957940915
19 25 195 255 7.36037631699794 180.434083933606 6.25388837856565
19 26 195 265 5.8239738425607 180.384021287581 6.23161343512787
19 27 195 275 4.94776182385972 180.210821666927 6.11916204819295
19 28 195 285 4.4199637495287 180.066013773347 5.98280608501759
19 29 195 295 4.38881929042063 180.004915744236 5.88752281666128
19 30 195 305 5.40596978058484 179.966533307635 5.86383635305
19 31 195 315 7.5618613591236 179.924743771347 5.89867563307583
19 32 195 325 10.330262446931 179.904084775326 5.94844054947274
19 33 195 335 12.8787401113078 179.909392230645 5.98101653428634
19 34 195 345 14.4825872609849 179.920841939566 5.99389756635899
19 35 195 355 15.1102795224753 179.926579223513 5.99709717505704
20 0 205 5 15.250612938265 179.927956565438 5.99756717540812
20 1 205 15 15.2497623841226 179.927907012318 5.99745447410826
20 2 205 25 15.1961662415779 179.927197144487 5.99669985908082
20 3 205 35 14.9340170894986 179.924650873742 5.99351228182796
20 4 205 45 14.0706135085431 179.920430987534 5.98279968225383
20 5 205 55 12.1902658052793 179.919998012797 5.95744390780451
20 6 205 65 9.51055520374519 179.92725081328 5.91919593769803
20 7 205 75 7.09280870445595 179.924506222901 5.88405250864634
20 8 205 85 6.02013058359669 179.878846017894 5.86484268045477
20 9 205 95 6.4137700284531 179.790819751984 5.86531413210145
20 10 205 105 7.16453170883683 179.715671363553 5.89171100055174
20 11 205 115 7.19938336643898 179.709604229172 5.93088599567252
20 12 205 125 7.10000118292956 179.765715518791 5.94553127115878
20 13 205 135 8.16308139416983 179.833373931969 5.9324683454008
20 14 205 145 10.2896689003367 179.883735247796 5.9294606803515
20 15 205 155 12.15456279465 179.915564939007 5.94759036246669
20 16 205 165 13.0651577519597 179.9337104174 5.96631197869574
20 17 205 175 13.4418909702971 179.939690844217 5.97544585064043
20 18 205 185 13.7368003970379 179.933002817983 5.97874719011806
20 19 205 195 13.9394323876931 179.922317072649 5.97923678357793
20 20 205 205 13.9965696092462 179.92298411229 5.98016633161079
20 21 205 215 13.9761635161241 179.945064656072 5.9903464580636
20 22 205 225 13.8373785460842 179.993177374579 6.02087061165577
20 23 205 235 13.2615462558553 180.079438798343 6.08092278515926
20 24 205 245 11.9154843286118 180.218066979599 6.16792233969512
20 25 205 255 10.1227718284021 180.358153550975 6.23394706140713
20 26 205 265 8.71381542398381 180.384423700258 6.21006709991329
20 27 205 275 7.85578678013406 180.291049199316 6.10515971596705
20 28 205 285 7.15363457287209 180.195176769182 5.99271673287601
20 29 205 295 6.89808228574369 180.136227160677 5.92295354522949
20 30 205 305 7.86089525896145 180.06769084387 5.90665439492624
20 31 205 315 9.94980771338962 179.988849127892 5.9300126079802
20 32 205 325 12.2147374719262 179.938576356099 5.96374765378376
20 33 205 335 13.9125268892365 179.924335060556 5.98612523118744
20 34 205 345 14.8396942979354 179.925445194043 5.995045365394
20 35 205 355 15.1794151297253 179.927431275393 5.99725764593595
21 0 215 5 15.2553352724022 179.92799604189 5.99759195911039
21 1 215 15 15.2567364597559 179.928002035583 5.99758804409209
21 2 215 25 15.2402730386163 179.927974818395 5.99742978585746
21 3 215 35 15.1003798545718 179.928163241153 5.99602114568442
21 4 215 45 14.5049771732668 179.930099319851 5.98933428966237
21 5 215 55 13.0553802830061 179.937942974017 5.9711568870253
21 6 215 65 10.8861414519583 179.955783725379 5.94128561494577
21 7 215 75 8.86064217792519 179.977034136974 5.91082647006851
21 8 215 85 7.93764813184082 179.979971895578 5.89248185421571
21 9 215 95 8.32693868975536 179.952483304235 5.89098224985914
21 10 215 105 8.98941490776767 179.91757187135 5.90237354154875
21 11 215 115 8.92363214442163 179.906222562828 5.91578831649474
21 12 215 125 8.89417167915777 179.916031987974 5.92594831593521
21 13 215 135 10.0686952418691 179.92368930461 5.93996158238947
21 14 215 145 11.9124045192148 179.91932280676 5.96211657946839
21 15 215 155 13.0316675059421 179.906382448692 5.983615953517
21 16 215 165 13.2395681432405 179.894495372191 5.9957067792555
21 17 215 175 13.4605298048876 179.89534627154 5.99887282975007
21 18 215 185 14.0877038728261 179.907936609602 5.9977907685463
21 19 215 195 14.6837487960376 179.920289766491 5.99600745870618
21 20 215 205 14.9513973272227 179.927236911344 5.99533293914117
21 21 215 215 15.000901945454 179.933218916811 5.99772955817952
21 22 215 225 14.9276210868119 179.946905380027 6.00795985990803
21 23 215 235 14.5846881559048 179.98518996389 6.03564500909582
21 24 215 245 13.7790360710075 180.06432680449 6.08407709871419
21 25 215 255 12.7102090669017 180.155319963726 6.1245099713166
21 26 215 265 11.8526979489137 180.18797187872 6.11456914121347
21 27 215 275 11.2042799564835 180.154547492491 6.05907906671573
21 28 215 285 10.4473240617764 180.118535870941 6.00152790898791
21 29 215 295 9.95324773641696 180.094881638724 5.96930463539648
21 30 215 305 10.5460346899469 180.049980800738 5.96330196551449
21 31 215 315 12.1344712960938 179.988735033065 5.9729446142775
21 32 215 325 13.7217951191882 179.945499701159 5.98551988029161
21 33 215 335 14.6875704738305 179.929700208583 5.99353878069478
21 34 215 345 15.1021515446114 179.927500996608 5.9966964423467
21 35 215 355 15.2303029572367 179.927843939186 5.99747938860519
22 0 225 5 15.2571709717923 179.928008324802 5.99759902183824
22 1 225 15 15.2575750218749 179.928010787662 5.99760032009925
22 2 225 25 15.2508102458768 179.928032133093 5.99754205710001
22 3 225 35 15.1784307872101 179.928287723867 5.99684515588816
22 4 225 45 14.8481506160832 179.929658175511 5.99332898658492
22 5 225 55 14.0106780374904 179.9340599154 5.98354288519821
22 6 225 65 12.6818151317811 179.943232250277 5.96684634236029
22 7 225 75 11.2953058402738 179.954844522495 5.94847730602662
22 8 225 85 10.495870071741 179.960753272496 5.9361943769409
22 9 225 95 10.5871896777267 179.956393993896 5.93408955029431
22 10 225 105 10.9160421128946 179.949989010602 5.93753263710674
22 11 225 115 10.8245628922218 179.949637491192 5.93962696383331
22 12 225 125 10.9574905391229 179.949459442638 5.94496895771242
22 13 225 135 11.9633529429748 179.939926052776 5.96045717864584
22 14 225 145 13.0407762593737 179.916926707841 5.98103500286204
22 15 225 155 13.1039144194224 179.880712485716 5.99753694766553
22 16 225 165 12.5318932971136 179.848340414794 6.00628466469099
22 17 225 175 12.6287630713589 179.848029626501 6.00735933883307
22 18 225 185 13.6402171089018 179.878762491106 6.00361928589838
22 19 225 195 14.6520932657339 179.909943381366 5.99970112505519
22 20 225 205 15.1203941703004 179.924528411937 5.99789803034755
22 21 225 215 15.2250084598233 179.928367851548 5.99784167824309
22 22 225 225 15.2072046043386 179.931459562089 6.00005115842732
22 23 225 235 15.0836283565212 179.94275850328 6.00810725175008
22 24 225 245 14.7926693163869 179.96937671226 6.02396351398032
22 25 225 255 14.4054511050283 180.002281753236 6.03817748193381
22 26 225 265 14.0707935294294 180.017792086162 6.03622148736128
22 27 225 275 13.7014062782432 180.015003809521 6.02011232864884
22 28 225 285 13.079606039113 180.019302323324 6.00693441984091
22 29 225 295 12.4492699646783 180.031174711188 6.00605655563492
22 30 225 305 12.4835550735295 180.021994606468 6.00992044423797
22 31 225 315 13.334658809293 179.985930719955 6.0082588454134
22 32 225 325 14.3518154826728 179.950183250338 6.00257125314799
22 33 225 335 14.9726638117812 179.932765211681 5.99876784415944
22 34 225 345 15.1992521031277 179.928438684621 5.99769138883882
22 35 225 355 15.2503343005596 179.928000997662 5.9975907829507
23 0 235 5 15.2575695260229 179.928010614142 5.99760026011165
23 1 235 15 15.2576058183765 179.92801079928 5.997600359976
23 2 235 25 15.2552594432389 179.928018448513 5.99758018831924
23 3 235 35 15.2295233525469 179.928108659435 5.99733967619483
23 4 235 45 15.1096869963846 179.92857058087 5.99612678726573
23 5 235 55 14.7898724374435 179.929932454827 5.99269655176178
23 6 235 65 14.2227045018833 179.932469623459 5.98652406231144
23 7 235 75 13.5181064562204 179.935386719824 5.97895065195031
23 8 235 85 12.9932681189684 179.937092021302 5.97293541984946
23 9 235 95 12.905094865154 179.937638085696 5.97088254731614
23 10 235 105 12.9867738590789 179.939434814289 5.97106149133375
23 11 235 115 12.9334529360238 179.942312441017 5.97086483859979
23 12 235 125 13.0906900907789 179.941580375709 5.97361591906836
23 13 235 135 13.6547937216224 179.932521391597 5.98220126437099
23 14 235 145 13.9623088617702 179.908743811226 5.99335127726432
23 15 235 155 13.3907639353481 179.866051057939 6.00339468472934
23 16 235 165 12.5144063193212 179.825701664137 6.00994419181943
23 17 235 175 12.5455482592716 179.825414779647 6.01025168674972
23 18 235 185 13.5908710273931 179.864806768036 6.00540303215177
23 19 235 195 14.6457609882444 179.90478093897 6.00046669690948
23 20 235 205 15.1349071812233 179.923347549725 5.9981754996195
23 21 235 215 15.2467791214467 179.927650195388 5.99767848393934
23 22 235 225 15.2516782502188 179.928436615714 5.99794634512907
23 23 235 235 15.2271891122414 179.930374563672 5.99929174340113
23 24 235 245 15.1694623439867 179.935263817962 6.00211008127584
23 25 235 255 15.0916485503839 179.941662610479 6.00477147213608
23 26 235 265 15.0073757288919 179.946002277792 6.00496361767773
23 27 235 275 14.8139926074222 179.953247316354 6.00567261422931
23 28 235 285 14.2859927164827 179.979567798257 6.01662697201456
23 29 235 295 13.4403950434147 180.023739232691 6.0399387309036
23 30 235 305 12.8843357800089 180.045594111329 6.05517027885923
23 31 235 315 13.2181054963873 180.016370473998 6.04354600242604
23 32 235 325 14.1365112050098 179.967528183009 6.0190593392003
23 33 235 335 14.879299141364 179.938016043848 6.00326000053693
23 34 235 345 15.1860420239646 179.929270836202 5.99835245989252
23 35 235 355 15.2516681610396 179.928064045072 5.99763589334803
24 0 245 5 15.2576058183765 179.92801079928 5.997600359976
24 1 245 15 15.2576058183765 179.92801079928 5.997600359976
24 2 245 25 15.2571369674381 179.928012280933 5.99759645406433
24 3 245 35 15.2520030280014 179.928029785144 5.99755005708844
24 4 245 45 15.2272475733956 179.928116868346 5.99731368941012
24 5 245 55 15.1537973402091 179.928354582758 5.9966157910583
24 6 245 65 14.9972937889488 179.928741132573 5.99522957142529
24 7 245 75 14.7590853386765 179.929120152015 5.99324770333734
24 8 245 85 14.5424776474716 179.929403263833 5.99134975664263
24 9 245 95 14.4681461643821 179.929941368224 5.9903728801458
24 10 245 105 14.47228258627 179.931190913942 5.99004009850155
24 11 245 115 14.45970612059 179.932501331097 5.98981889720638
24 12 245 125 14.5391667475423 179.93209084186 5.99079883186862
24 13 245 135 14.720811382689 179.927321682879 5.99373328873425
24 14 245 145 14.6732235653774 179.911971279753 5.99795480996359
24 15 245 155 14.1428088083406 179.881583184665 6.00289735627237
24 16 245 165 13.5196627464051 179.85204141662 6.0068653656455
24 17 245 175 13.5262568551246 179.851891620621 6.00692931825871
24 18 245 185 14.1928179309059 179.881120713875 6.00334544340355
24 19 245 195 14.8666980407827 179.910777186045 5.99971065304375
24 20 245 205 15.1788286187229 179.92455119513 5.99802286648928
24 21 245 215 15.248967385253 179.927720620762 5.99763249089756
24 22 245 225 15.2515709273505 179.928038682885 5.99760658205882
24 23 245 235 15.2458705883082 179.928180837281 5.99768721929333
24 24 245 245 15.2408478411685 179.928558522795 5.99789103658661
24 25 245 255 15.2375617577923 179.929087139416 5.99811099581012
24 26 245 265 15.2201486812447 179.930531596488 5.99872698967105
24 27 245 275 15.0752942735357 179.941192659604 6.00444111697123
24 28 245 285 14.5068750261991 179.981262046443 6.02695873358929
24 29 245 295 13.3789090957288 180.051345056496 6.06723953487986
24 30 245 305 12.3847439583054 180.093712570066 6.09249691269082
24 31 245 315 12.5327267999533 180.058513463337 6.07325843404748
24 32 245 325 13.6575141141459 179.988129385277 6.03295170546219
24 33 245 335 14.6933160071595 179.943587949145 6.00694746041477
24 34 245 345 15.1482538553925 179.930024565272 5.99885153973484
24 35 245 355 15.2486605805747 179.928101459446 5.99766129922189
25 0 255 5 15.2576058183765 179.92801079928 5.997600359976
25 1 255 15 15.2576058183765 179.92801079928 5.997600359976
25 2 255 25 15.2575664538244 179.92801092033 5.99760004096394
25 3 255 35 15.2571353880536 179.928012355084 5.99759625513053
25 4 255 45 15.2548167770988 179.928019347059 5.99757614143437
25 5 255 55 15.245552552937 179.928048551956 5.99751152007238
25 6 255 65 15.2158321252549 179.928189097287 5.99737352038829
25 7 255 75 15.1487759579304 179.928669380447 5.99718546853748
25 8 255 85 15.056634315799 179.929568523405 5.99704618077628
25 9 255 95 14.9934702260834 179.930335527855 5.99697159588914
25 10 255 105 14.9932415460937 179.930323266185 5.99679308891407
25 11 255 115 15.0358131662281 179.929718792046 5.99653507337145
25 12 255 125 15.0968093194985 179.928920392703 5.99657455854677
25 13 255 135 15.1409999425552 179.927061732019 5.99712380272943
25 14 255 145 15.0770522731934 179.920952144046 5.99823283021724
25 15 255 155 14.8467138340205 179.90832384006 5.99995418332943
25 16 255 165 14.6005808902407 179.895900141469 6.00151492652607
25 17 255 175 14.6013113545901 179.895845362933 6.00152447202209
25 18 255 185 14.8539081162158 179.908197287109 6.00001617969409
25 19 255 195 15.1090211253144 179.920728795619 5.99848662111254
25 20 255 205 15.2231223888727 179.926546766915 5.99776225864361
25 21 255 215 15.230940813127 179.927873377124 5.99751735342537
25 22 255 225 15.1905614324944 179.927964057408 5.99727764356947
25 23 255 235 15.1463772329387 179.927920099805 5.9969733376796
25 24 255 245 15.1440326566962 179.927904575145 5.99686529372251
25 25 255 255 15.1863471388827 179.927937689912 5.99708554532007
25 26 255 265 15.2188792546624 179.929019426248 5.99798280158112
25 27 255 275 15.1140291419855 179.939304255106 6.00403868493048
25 28 255 285 14.5893361810885 179.978705134568 6.02679527404407
25 29 255 295 13.4955597221349 180.048443395943 6.06722659424047
25 30 255 305 12.4915674709506 180.091523668431 6.09259499633931
25 31 255 315 12.592853110367 180.057516873576 6.07338409277627
25 32 255 325 13.6768123266146 179.987882521268 6.03302696227245
25 33 255 335 14.6961616513032 179.943565325784 6.00697139395465
25 34 255 345 15.1482424321446 179.930026837993 5.99885538139826
25 35 255 355 15.2486246393363 179.928101921452 5.99766153881443
26 0 265 5 15.2576058183765 179.92801079928 5.997600359976
26 1 265 15 15.2575706133203 179.928010629525 5.99760030179391
26 2 265 25 15.2571777432252 179.928007183656 5.99759905417941
26 3 265 35 15.2553697873045 179.927982954059 5.99758964178516
26 4 265 45 15.250912676319 179.927901719924 5.99755466370456
26 5 265 55 15.2420300093893 179.927839578967 5.99750022583272
26 6 265 65 15.2104476349246 179.928506148176 5.99758821346935
26 7 265 75 15.097424157094 179.931563671695 5.99820857369586
26 8 265 85 14.8663579605203 179.937362978081 5.99946452881288
26 9 265 95 14.649476883137 179.941690461714 6.00044618226964
26 10 265 105 14.6637765952524 179.939933570321 6.00011350776618
26 11 265 115 14.8943749764554 179.934324819638 5.99890569530813
26 12 265 125 15.1197019513041 179.929991251601 5.99797134333881
26 13 265 135 15.2200803622977 179.928052687433 5.99767208425556
26 14 265 145 15.2227024923397 179.926433538047 5.99778628269121
26 15 265 155 15.1740240074234 179.923613433007 5.99813287922477
26 16 265 165 15.122403121511 179.920846759862 5.99847189838484
26 17 265 175 15.1224199745687 179.920835125724 5.99847297261636
26 18 265 185 15.1744483440127 179.923590804163 5.99813752287478
26 19 265 195 15.2250607989181 179.926385337747 5.99779003863184
26 20 265 205 15.2271151958291 179.92766973524 5.99752827678468
26 21 265 215 15.1333364608152 179.927901772053 5.99692658014581
26 22 265 225 14.9131488517799 179.927791910362 5.99539813365685
26 23 265 235 14.6831317976148 179.927751152005 5.99344976526332
26 24 265 245 14.6648124712693 179.928093004416 5.99304728969411
26 25 265 255 14.8756303198178 179.928743516058 5.99485669624593
26 26 265 265 15.0929491289601 179.929909180256 5.99719788591329
26 27 265 275 15.119049705676 179.93650319222 6.00148480622119
26 28 265 285 14.8019895102133 179.961037002594 6.01536221163345
26 29 265 295 14.0955719689974 180.004371528497 6.04018837001405
26 30 265 305 13.4447358137111 180.030991988543 6.05592635718981
26 31 265 315 13.5132725322245 180.009429512886 6.04422453864762
26 32 265 325 14.2227220815793 179.965646474093 6.01942049998685
26 33 265 335 14.8898755339412 179.93779623447 6.00337656071657
26 34 265 345 15.1859362085886 179.929281582871 5.9983744292345
26 35 265 355 15.2517169977681 179.928068527443 5.99763812337518
27 0 275 5 15.2575742197851 179.928010732738 5.99760033355733
27 1 275 15 15.2571897274249 179.928008850046 5.99759969205219
27 2 275 25 15.2525456579703 179.927969541599 5.9975854545117
27 3 275 35 15.2311601909577 179.927697777632 5.99747814910194
27 4 275 45 15.1787586184677 179.926812000528 5.99707972880713
27 5 275 55 15.0991602670091 179.925656725942 5.99634059035208
27 6 275 65 14.9746763698217 179.927482169911 5.99610275684255
27 7 275 75 14.6687404316603 179.938539571015 5.9981493864317
27 8 275 85 14.0737739781759 179.959412956047 6.00284230391429
27 9 275 95 13.5262493523167 179.974898343913 6.00672843059007
27 10 275 105 13.6050542247807 179.969029366679 6.00604994686561
27 11 275 115 14.2665164986455 179.949674411017 6.00222058738918
27 12 275 125 14.8987817410925 179.934792767265 5.99909095486366
27 13 275 135 15.1853233979458 179.929141373665 5.99786576829358
27 14 275 145 15.2487444656189 179.927947352857 5.99763729979144
27 15 275 155 15.249966596058 179.927612273221 5.99764772584631
27 16 275 165 15.2436923031262 179.92737072101 5.99767392889778
27 17 275 175 15.2394099224032 179.927370799468 5.99767335826564
27 18 275 185 15.2381569218137 179.927538995127 5.99767554637452
27 19 275 195 15.2328240343729 179.927579526729 5.99770097971968
27 20 275 205 15.171690071279 179.927469341877 5.99737947063714
27 21 275 215 14.8939201297414 179.927407162174 5.99528053803677
27 22 275 225 14.2637831957132 179.927791635389 5.98976096661941
27 23 275 235 13.5803996639687 179.929939195498 5.98360600205014
27 24 275 245 13.4710189361803 179.935024754387 5.98457833783463
27 25 275 255 14.0134970093678 179.941220678785 5.99320374365106
27 26 275 265 14.614140989274 179.945623471388 5.99927431049711
27 27 275 275 14.8549046720882 179.949910517732 5.99925173554334
27 28 275 285 14.7163484401787 179.959802930495 6.0010293365969
27 29 275 295 14.3048301303402 179.975370156227 6.00920189062733
27 30 275 305 13.943554828961 179.982126671592 6.01616623026244
27 31 275 315 14.0449835282664 179.968192644968 6.01341134652959
27 32 275 325 14.5464603247507 179.946134124774 6.00520439628528
27 33 275 335 15.0041133778334 179.932683417754 5.99963210228361
27 34 275 345 15.207363943431 179.928617637069 5.99787092156186
27 35 275 355 15.2532516336177 179.928038376226 5.9976130079304
28 0 285 5 15.2572352542576 179.92801005474 5.99760006440033
28 1 285 15 15.2555423832184 179.928001470883 5.99759716447332
28 2 285 25 15.2324580940196 179.92781777078 5.99753007030429
28 3 285 35 15.1257604455351 179.926591280597 5.9970248017872
28 4 285 45 14.8626327543606 179.922808475502 5.99513378036076
28 5 285 55 14.4802733239181 179.917897823264 5.99140491381384
28 6 285 65 14.0787644587876 179.92115215375 5.98851252571434
28 7 285 75 13.5383202866689 179.945521552029 5.99180688419178
28 8 285 85 12.6782349251092 179.989228163431 6.00231604106925
28 9 285 95 11.9657136509335 180.021064699044 6.01190990474216
28 10 285 105 12.2635027308077 180.010011448716 6.01215512420498
28 11 285 115 13.472446554218 179.971697473823 6.00565242983271
28 12 285 125 14.5944999820748 179.941888775467 6.00008912741355
28 13 285 135 15.1105861810043 179.930516668412 5.99792897639716
28 14 285 145 15.2302676526938 179.92843903361 5.9974931961404
28 15 285 155 15.2344151458467 179.928575844922 5.9974342468431
28 16 285 165 15.2118572322475 179.92902727177 5.99736696196905
28 17 285 175 15.1638690195562 179.92919065455 5.99722758054102
28 18 285 185 15.1008973265566 179.928053101904 5.99739435675197
28 19 285 195 15.0455738366263 179.925226563847 5.99821100945926
28 20 285 205 14.9351718677572 179.922649456225 5.99832200187567
28 21 285 215 14.4869574485057 179.92306334822 5.9937034009241
28 22 285 225 13.4025116088009 179.928518561838 5.98146115748998
28 23 285 235 12.101118746076 179.943641926493 5.97109496184528
28 24 285 245 11.6687522079858 179.971504282333 5.98140614571918
28 25 285 255 12.3706375089862 180.002420029521 6.0056534361592
28 26 285 265 13.274477844439 180.023214340312 6.01091652906945
28 27 285 275 13.6650469110733 180.033823785337 5.99248617169102
28 28 285 285 13.543380641475 180.036887244664 5.97601161459924
28 29 285 295 13.1323255955298 180.028662164269 5.97547608932593
28 30 285 305 12.8597598300128 180.005735175503 5.9844755460343
28 31 285 315 13.215007327958 179.972830276311 5.99248245243522
28 32 285 325 14.0741782769423 179.945140289 5.99609614778332
28 33 285 335 14.8209833612905 179.931834958016 5.99719270612547
28 34 285 345 15.1627695280479 179.928408175831 5.99750782808063
28 35 285 355 15.2472165164057 179.928016325332 5.99758909912265
29 0 295 5 15.2557853290894 179.928007355175 5.99759899283814
29 1 295 15 15.2519762147232 179.927988644868 5.99759297956065
29 2 295 25 15.1885830784273 179.927572120786 5.99743689210969
29 3 295 35 14.8927801606388 179.925001929832 5.99623418032227
29 4 295 45 14.1525715612621 179.918167142923 5.99156405507546
29 5 295 55 13.0698523284204 179.912203941917 5.98166157562254
29 6 295 65 12.0797229299489 179.921962098558 5.97140438857005
29 7 295 75 11.3528612332394 179.955830553625 5.9716787766191
29 8 295 85 10.7165488605316 180.003307307085 5.98547272566088
29 9 295 95 10.4381146974739 180.035308935482 6.00025739187572
29 10 295 105 11.1833369254572 180.022933102658 6.00384001573632
29 11 295 115 12.7904070580641 179.980428181232 5.99973730068927
29 12 295 125 14.2335642396197 179.945875497719 5.99674102462367
29 13 295 135 14.9231103513746 179.932373679722 5.99622887428509
29 14 295 145 15.065884780782 179.931260463392 5.99600625330442
29 15 295 155 15.0181669176 179.934593009199 5.99571905497556
29 16 295 165 14.8965060064728 179.93905090334 5.99517630197908
29 17 295 175 14.6727824894673 179.940853782377 5.99356667593177
29 18 295 185 14.3883263766129 179.934140797248 5.99298223177275
29 19 295 195 14.1742592893316 179.917762349408 5.9965023677339
29 20 295 205 14.0463996717422 179.902963821437 6.00030889293441
29 21 295 215 13.6842213022044 179.904175572833 5.99413478612001
29 22 295 225 12.568139060735 179.926782835712 5.97480697283369
29 23 295 235 10.8743318173308 179.978019233727 5.96431310513534
29 24 295 245 9.80004399938237 180.062714327866 5.99196664766597
29 25 295 255 9.98245948465352 180.155742611601 6.02811370198033
29 26 295 265 10.6300475440164 180.223914275273 6.00592031843453
29 27 295 275 10.9143765230481 180.262207472479 5.93769921400687
29 28 295 285 10.7447227409797 180.263142052228 5.89298323918995
29 29 295 295 10.3570300287531 180.209236273277 5.89761096081635
29 30 295 305 10.3040456426866 180.11260232537 5.929613340198
29 31 295 315 11.2228576803266 180.014998866395 5.9623279878845
29 32 295 325 12.8867219770871 179.953765148524 5.98364215359133
29 33 295 335 14.3236365524221 179.931569087306 5.99361561070886
29 34 295 345 15.0276320498351 179.927884784648 5.9968727421382
29 35 295 355 15.2260237643619 179.927930747436 5.9975334856423
30 0 305 5 15.2526492748289 179.928001189407 5.99760056898696
30 1 305 15 15.2475970962861 179.928024897551 5.99761225929892
30 2 305 25 15.136988736495 179.927918041501 5.99755387488132
30 3 305 35 14.6159739731916 179.927543189659 5.99650422039684
30 4 305 45 13.282621908622 179.930840184259 5.99099452432587
30 5 305 55 11.2685063601057 179.951045374796 5.97621266974417
30 6 305 65 9.42727539761514 179.99134802966 5.95513010080334
30 7 305 75 8.43294267725465 180.019362853352 5.94295073181615
30 8 305 85 8.24131035228308 180.012828584578 5.94814105516809
30 9 305 95 8.70136923263769 179.997126244066 5.95803535473258
30 10 305 105 9.94168174916352 179.983885652036 5.96240993736283
30 11 305 115 11.7846002150459 179.964099968088 5.96887053343458
30 12 305 125 13.4513357853973 179.944368314435 5.98058951619375
30 13 305 135 14.277726377449 179.937006511558 5.9885045883844
30 14 305 145 14.3361791057289 179.944499831146 5.98882667587677
30 15 305 155 14.082334461786 179.962819856915 5.98686945975349
30 16 305 165 13.7131239878257 179.983811679226 5.98383717341209
30 17 305 175 13.1473561645111 179.99224477718 5.97561859256161
30 18 305 185 12.4641043135136 179.969190251557 5.96900858884979
30 19 305 195 11.9791281625052 179.914225816191 5.97645398119917
30 20 305 205 11.8764374392126 179.864242922568 5.98994545358892
30 21 305 215 11.903600637629 179.862420749488 5.98536950806379
30 22 305 225 11.3291746306575 179.917375606573 5.95821172459636
30 23 305 235 9.77010695632083 180.028099188832 5.94471723357222
30 24 305 245 8.08204928585555 180.194991428069 5.97393362364208
30 25 305 255 7.27860937294694 180.379785219797 5.98239108182992
30 26 305 265 7.16893604378384 180.531753904829 5.88507853456875
30 27 305 275 7.12460596385122 180.628745223585 5.74036067435218
30 28 305 285 6.98147737511259 180.629666959442 5.6722695147263
30 29 305 295 6.90931085391323 180.492049131246 5.70880224125802
30 30 305 305 7.39292122532607 180.26355092098 5.79917495792316
30 31 305 315 9.00674495185027 180.059750112521 5.89092986967105
30 32 305 325 11.4759709615093 179.95361474278 5.95480591074127
30 33 305 335 13.6526519491008 179.926187547748 5.9858007471392
30 34 305 345 14.8152902137653 179.926049066342 5.99563011280498
30 35 305 355 15.1871008215252 179.927690904726 5.99744767432798
31 0 315 5 15.2488456210187 179.927987213038 5.99763593202623
31 1 315 15 15.2405041160353 179.928408545175 5.9978023502147
31 2 315 25 15.0856959853349 179.931208634258 5.99877705791394
31 3 315 35 14.3904478343373 179.945384056521 6.00121854942138
31 4 315 45 12.6132908091445 179.994346240837 6.00211701841815
31 5 315 55 9.8538220156552 180.099650368496 5.99050791334163
31 6 315 65 7.21681540116527 180.215774683336 5.95863286476626
31 7 315 75 5.78267947938985 180.22478134941 5.92175431652458
31 8 315 85 5.66255027634499 180.101147345501 5.89923664064134
31 9 315 95 6.42330023273976 179.977204119404 5.88535504226626
31 10 315 105 7.84921750938739 179.938505170257 5.88157382428745
31 11 315 115 9.82952385589154 179.942290257458 5.90660785855206
31 12 315 125 11.7342271621616 179.942862246386 5.94773444089286
31 13 315 135 12.6584253279993 179.949288073481 5.96981344567513
31 14 315 145 12.4799025666146 179.98146681239 5.96624456858722
31 15 315 155 11.8449234268695 180.037615763535 5.95597057955055
31 16 315 165 11.1464954425349 180.094737501931 5.94372526248802
31 17 315 175 10.2873063101675 180.115370860013 5.91925327341106
31 18 315 185 9.33791147143714 180.062379199743 5.897798045372
31 19 315 195 8.703598038551 179.941876691548 5.90816342621023
31 20 315 205 8.65705563477954 179.832546252618 5.93634659091661
31 21 315 215 9.02959647264463 179.819832248634 5.93629473873351
31 22 315 225 9.06113553457635 179.916446854548 5.89951381463404
31 23 315 235 8.01787040030841 180.098792677193 5.87288370547124
31 24 315 245 6.29689890698298 180.343024115914 5.86760018617254
31 25 315 255 4.92744473957368 180.601564464307 5.7905474468507
31 26 315 265 4.20094140783768 180.82848920399 5.58178516771545
31 27 315 275 3.84915103049584 180.981188850283 5.36366064368288
31 28 315 285 3.77986676728809 180.972934503214 5.29339019710664
31 29 315 295 4.11887685532657 180.743115757656 5.38886183456254
31 30 315 305 5.18481137582785 180.382009887467 5.57549313786224
31 31 315 315 7.36035968070052 180.079583790461 5.77141989074699
31 32 315 325 10.3686970676645 179.939508565424 5.9115517456663
31 33 315 335 13.074438419722 179.91509109661 5.97698650620636
31 34 315 345 14.614699015776 179.922523926052 5.99516210557677
31 35 315 355 15.1474145488067 179.927129402765 5.99759863786513
32 0 325 5 15.245017039054 179.927953176425 5.99778463765646
32 1 325 15 15.2173803119557 179.929819451319 5.99851222458121
32 2 325 25 14.9675008135801 179.941297536051 6.00261064903445
32 3 325 35 14.0381077909985 179.990199823654 6.0132281980441
32 4 325 45 11.8971857036634 180.127731216006 6.02587043378527
32 5 325 55 8.72548946148787 180.371511742532 6.01904294410194
32 6 325 65 5.70145355264256 180.59802517008 5.97176091167124
32 7 325 75 3.96364820998217 180.597099959351 5.89966287627977
32 8 325 85 3.62928558187089 180.350478674985 5.83577512381658
32 9 325 95 4.19304376206715 180.087569230575 5.78880142997097
32 10 325 105 5.39664569162811 179.971311631772 5.78014377231974
32 11 325 115 7.21814635784901 179.953961271323 5.83616136047205
32 12 325 125 9.08757023940201 179.951914597297 5.91268574583679
32 13 325 135 9.95318464289153 179.971492457275 5.93981833044861
32 14 325 145 9.55562695617627 180.046107010828 5.91426023746915
32 15 325 155 8.63794252635616 180.159573378489 5.87771119475926
32 16 325 165 7.77237636222517 180.258471519838 5.8420908599663
32 17 325 175 6.93211464731576 180.284396734353 5.79367607595717
32 18 325 185 6.13913518145204 180.193868991569 5.75876826926968
32 19 325 195 5.67779050251626 180.00779735603 5.77908310831994
32 20 325 205 5.70691551118474 179.84399976581 5.82799712115997
32 21 325 215 6.08293643255663 179.822628869353 5.83699681342307
32 22 325 225 6.27348910534414 179.966458922822 5.80185563454869
32 23 325 235 5.70001141788347 180.231021164346 5.77751131591609
32 24 325 245 4.48502094172332 180.536391778539 5.73337880405359
32 25 325 255 3.27449214328357 180.800025505938 5.54954120443642
32 26 325 265 2.40984953390903 181.004954886301 5.23139583739952
32 27 325 275 1.92139770905389 181.129274702225 4.9681371362056
32 28 325 285 1.89251227547124 181.080717807171 4.9188494469419
32 29 325 295 2.47571646080194 180.803957341265 5.08221511192955
32 30 325 305 3.90692259209904 180.397128229646 5.37093957575123
32 31 325 315 6.44107950847147 180.061933326503 5.67720825940106
32 32 325 325 9.76802499106427 179.91268462637 5.89201620301076
32 33 325 335 12.7626765332936 179.896976308523 5.98201798463552
32 34 325 345 14.505613459974 179.915553647351 5.99946830017692
32 35 325 355 15.1255412890682 179.925670636972 5.99864084474363
33 0 335 5 15.239216082893 179.927907603016 5.99806888707559
33 1 335 15 15.1682430512486 179.932444609161 5.99985262726571
33 2 335 25 14.723667002098 179.957914427503 6.00895630701911
33 3 335 35 13.3666523643445 180.053381657839 6.02875034550132
33 4 335 45 10.7477421250281 180.287744440168 6.04512997735642
33 5 335 55 7.38229486112051 180.656380976644 6.02369247500504
33 6 335 65 4.45834179601881 180.974201236986 5.94585423650934
33 7 335 75 2.81364993640932 180.994411317317 5.84068828329247
33 8 335 85 2.38261915368636 180.70492683884 5.75028652164669
33 9 335 95 2.68527067292808 180.349819446343 5.6941092859609
33 10 335 105 3.4976352323974 180.133082663439 5.70634185090692
33 11 335 115 4.8157996942227 180.042042918279 5.80322268491327
33 12 335 125 6.22505252804518 179.988125194367 5.90230712629731
33 13 335 135 6.8875867933939 179.992977159005 5.90907607059274
33 14 335 145 6.53348992710046 180.107534785239 5.83363793920891
33 15 335 155 5.73269423004312 180.27400996136 5.74567279010804
33 16 335 165 5.0125971175192 180.391708967866 5.67162507595479
33 17 335 175 4.43686066232749 180.399535065131 5.60296472695214
33 18 335 185 4.02125012125195 180.275516284527 5.57474789579436
33 19 335 195 3.88288158923174 180.062611597417 5.62679948815555
33 20 335 205 3.9993352081154 179.891553923451 5.7083820697034
33 21 335 215 4.20231560618198 179.885174744562 5.73688211617168
33 22 335 225 4.23657972786691 180.078494806996 5.73354467886899
33 23 335 235 3.87577450015777 180.421420505705 5.76039436725483
33 24 335 245 3.16137320415086 180.759855627851 5.71998473738523
33 25 335 255 2.33572825016451 180.944882588241 5.4589030436983
33 26 335 265 1.59297278867922 181.005369512757 5.06623484103097
33 27 335 275 1.10709973574748 181.010199176823 4.80363947982971
33 28 335 285 1.08934860123211 180.920783168369 4.8148409282126
33 29 335 295 1.72608192765306 180.681277747904 5.04909335024501
33 30 335 305 3.2420965271604 180.333129816653 5.38849714279198
33 31 335 315 5.87678413639078 180.025196516847 5.72214426580209
33 32 335 325 9.34309769122109 179.879090065878 5.93906713094064
33 33 335 335 12.521108564363 179.87170981783 6.0111448773802
33 34 335 345 14.4164347416329 179.904474709498 6.01003604560702
33 35 335 355 15.1070544290772 179.923141807105 6.00070771171754
34 0 345 5 15.2325599824709 179.927908360765 5.99828412418853
34 1 345 15 15.1202926046463 179.934552109183 6.00094972010176
34 2 345 25 14.4861523161888 179.969922118959 6.01348084741677
34 3 345 35 12.7207507404793 180.092354372353 6.0359325585246
34 4 345 45 9.68353494583903 180.367642051004 6.04018269834909
34 5 345 55 6.25209942163896 180.769080830834 5.98428509775684
34 6 345 65 3.59689151632253 181.107470441004 5.87258205143108
34 7 345 75 2.1857380907696 181.170947755575 5.76151210804319
34 8 345 85 1.76252981370675 180.947444013957 5.69158707446483
34 9 345 95 1.91213636092916 180.619123922568 5.67012585600841
34 10 345 105 2.42359651240382 180.370274037114 5.72008130568862
34 11 345 115 3.23813420596205 180.210238027814 5.84118667220855
34 12 345 125 4.11187767870173 180.059623434146 5.93462094375282
34 13 345 135 4.57492254569555 179.992838139842 5.90270245154108
34 14 345 145 4.45015160015705 180.104886312404 5.76841471847767
34 15 345 155 4.03590645249446 180.289514399156 5.62363186010189
34 16 345 165 3.64097730710761 180.394408894729 5.51500539009558
34 17 345 175 3.34161954886183 180.368981714078 5.44403195019171
34 18 345 185 3.19072371947341 180.228735524612 5.4432709543122
34 19 345 195 3.26151001207382 180.041059123909 5.53641999454489
34 20 345 205 3.47088685857167 179.921632786468 5.64918904483634
34 21 345 215 3.62007599762509 179.96010284142 5.69932193536662
34 22 345 225 3.55619402782396 180.186714844469 5.74093530742081
34 23 345 235 3.24924864257321 180.547657945057 5.83620267406738
34 24 345 245 2.76426705231018 180.842995536607 5.83058444183561
34 25 345 255 2.16282618599878 180.897956101352 5.5518821750938
34 26 345 265 1.52804851606979 180.808625738146 5.15605694593855
34 27 345 275 1.06615365462863 180.747817122869 4.96083841832881
34 28 345 285 1.02150960720078 180.715347329694 5.08393160930191
34 29 345 295 1.57087541449365 180.598596261651 5.38310594670724
34 30 345 305 2.93171292235682 180.344554685517 5.67714868711549
34 31 345 315 5.40308706680444 180.05515618162 5.90000894649485
34 32 345 325 8.84343746734528 179.885634588723 6.02170759697726
34 33 345 335 12.1859694335789 179.863693095835 6.04134031078933
34 34 345 345 14.2825372101756 179.898486942039 6.01831877988602
34 35 345 355 15.0781683059621 179.921527652412 6.00215625497333
35 0 355 5 15.231723525737 179.927975392154 5.99819481693887
35 1 355 15 15.1198307899235 179.933941878503 6.00066995591544
35 2 355 25 14.4755646364475 179.9650092665 6.01151030723866
35 3 355 35 12.6675924708771 180.069345989735 6.02735366859198
35 4 355 45 9.55906436641862 180.298702284399 6.01626546399111
35 5 355 55 6.09939880677762 180.631969030477 5.94303750212829
35 6 355 65 3.48952648644532 180.927248009849 5.83484117941113
35 7 355 75 2.09923601699235 181.02712509451 5.76311850604172
35 8 355 85 1.61407224351295 180.912225961751 5.75323439977316
35 9 355 95 1.66918003929812 180.699406460959 5.78328159751279
35 10 355 105 2.05910767860738 180.520566039184 5.85233368609294
35 11 355 115 2.65644865937665 180.359905316854 5.95458823365636
35 12 355 125 3.26583714559088 180.13323694553 6.0085976987309
35 13 355 135 3.64271454640821 179.96815753324 5.93756147255912
35 14 355 145 3.73261530262021 180.014903460603 5.7728827448802
35 15 355 155 3.68658390142376 180.162662061293 5.60878352820498
35 16 355 165 3.60806894564895 180.240427601481 5.49840802116711
35 17 355 175 3.49865071938694 180.198908843966 5.44717593962851
35 18 355 185 3.41555864646771 180.068406582014 5.47376295455941
35 19 355 195 3.49405754031688 179.929939737989 5.58067573903097
35 20 355 205 3.76900833910861 179.881904838396 5.69077897515267
35 21 355 215 4.04662344241329 179.9722897516 5.73963761281312
35 22 355 225 4.06485270460072 180.197285960459 5.79129611004786
35 23 355 235 3.80315146218306 180.485665829569 5.89666732318772
35 24 355 245 3.42433563501146 180.657019179343 5.90811914005105
35 25 355 255 2.92782623741067 180.604816095942 5.68426404185989
35 26 355 265 2.27269147166492 180.495209652194 5.38729798585094
35 27 355 275 1.69182323847577 180.528993011552 5.31616447590497
35 28 355 285 1.49164263498808 180.664077143287 5.55149763103315
35 29 355 295 1.84548008289227 180.693661295969 5.87063568035199
35 30 355 305 2.98432624743599 180.500145213388 6.03850987087206
35 31 355 315 5.28101664202421 180.188867545337 6.0695412367459
35 32 355 325 8.66633554267875 179.962891579792 6.06126721021558
35 33 355 335 12.0622696210953 179.894646477264 6.03937165024184
35 34 355 345 14.2334923759385 179.90681573244 6.01458520890303
35 35 355 355 15.067739410875 179.922885229227 6.00128073356989
