0 0 5 5 7.46576602194736 179.977738792009 7.3147026458441
0 1 5 15 7.98446587794864 179.185882504165 7.21751432793557
0 2 5 25 6.96777816237214 180.032051276988 6.42063854567137
0 3 5 35 4.89337946649074 181.705668572013 6.40924783116161
0 4 5 45 2.40891505578647 182.474111571678 5.50714704253782
0 5 5 55 0.593492265407072 181.770148909038 4.67176631124971
0 6 5 65 0.17667303444796 180.50418415169 4.53944493647481
0 7 5 75 0.981937767111436 179.389064447125 4.84388918205054
0 8 5 85 2.4315057115935 178.77451816557 5.39442031215139
0 9 5 95 4.05727849160741 179.159627068989 6.33325297247774
0 10 5 105 5.55571932978988 179.405164268044 6.99582651296466
0 11 5 115 6.69272436939515 178.883494277977 6.82643135757
0 12 5 125 7.40006264434783 178.872373338621 6.81969199067906
0 13 5 135 7.13949917884213 178.616017939316 7.53781420844139
0 14 5 145 6.72583717704952 177.7224171823 8.59985126992463
0 15 5 155 6.42904602479623 176.199684984483 9.32880744336421
0 16 5 165 6.3631619791123 177.616229516662 8.19758697275756
0 17 5 175 5.4693232387713 179.790409186762 6.61208296495282
0 18 5 185 3.87953693470023 180.88271288496 5.83625890708931
0 19 5 195 2.15549726380221 181.118538138643 5.18894899131051
0 20 5 205 1.02080399337002 180.367937511566 5.14790739816324
0 21 5 215 0.5638604237739 179.986988225858 5.45422830823604
0 22 5 225 0.285869765461141 180.688990786907 5.53250801263339
0 23 5 235 0.0255599538908132 181.436955947908 5.57389936047596
0 24 5 245 -0.115727834095936 181.630105203409 5.66426779351944
0 25 5 255 -0.220636228267866 181.305922420138 5.63959879164626
0 26 5 265 -0.357012443513441 180.835339429634 5.6811515517982
0 27 5 275 -0.514619095468068 180.549347418907 5.65330204948557
0 28 5 285 -0.664626935702722 180.415497885558 5.67059894339233
0 29 5 295 -0.732028866296669 180.458051512311 5.71646816036547
0 30 5 305 -0.411141042515433 180.682590931047 5.60955518688861
0 31 5 315 0.767435845221927 180.851016001636 5.46771825320057
0 32 5 325 2.76563244194129 180.450497121755 5.79459574546527
0 33 5 335 4.74916465134131 179.319865172971 6.8414879243392
0 34 5 345 6.04076114515541 178.938152440506 6.87242701678491
0 35 5 355 6.72709759777227 179.765546938078 6.83400641101405
1 0 15 5 8.05339813538132 180.433909856799 6.91791052533975
1 1 15 15 10.3099357812406 179.933047997264 6.49824148134052
1 2 15 25 7.75262127444784 180.426969335376 6.09020280594155
1 3 15 35 4.78218991828438 181.612296190832 6.12774244662542
1 4 15 45 2.45061812118993 181.877045996411 5.12778543577493
1 5 15 55 0.684044989636976 180.800736948493 4.3809374679927
1 6 15 65 0.211245739999305 179.423554205907 4.37432909363123
1 7 15 75 0.896814627856709 178.18114385037 4.65947545236938
1 8 15 85 2.30398440071325 177.695788623565 5.16720989094029
1 9 15 95 4.13642976459797 178.643048740471 6.02660593582741
1 10 15 105 5.91585096903112 179.70074696183 6.39766305598952
1 11 15 115 7.05139638947366 179.501670006813 6.17976108158955
1 12 15 125 7.54404259029251 179.016413833725 6.49539848681405
1 13 15 135 8.2687231068401 178.766800881161 7.10823995264583
1 14 15 145 8.6431485862964 178.721082342363 7.36302166763647
1 15 15 155 8.13066543573187 178.034593412855 7.57877301369249
1 16 15 165 7.1030581491102 178.651632652321 7.0209781759521
1 17 15 175 5.99220347854965 180.031987012825 6.42046150968539
1 18 15 185 4.4532994628571 180.63336697987 5.87725532075427
1 19 15 195 2.65338361200209 180.400766915664 5.25132307664612
1 20 15 205 1.45872602880517 179.702259015756 5.18522225379659
1 21 15 215 0.929949183197398 179.383442937921 5.52497008384407
1 22 15 225 0.607960835689226 179.840774358341 5.66763408293882
1 23 15 235 0.337245088495545 180.416271621898 5.62948416889395
1 24 15 245 0.229335724554399 180.701307007154 5.63236493102134
1 25 15 255 0.198048629631074 180.730568611694 5.69933992148002
1 26 15 265 0.108462129446367 180.513830298861 5.75412573946746
1 27 15 275 -0.0787615075423699 180.238922776636 5.72282730573613
1 28 15 285 -0.333930300556257 180.038036913207 5.75164830201712
1 29 15 295 -0.537807927043267 180.079075339192 5.76531780708969
1 30 15 305 -0.38294151221176 180.204773209309 5.58279495668667
1 31 15 315 0.649349836281667 180.20268812933 5.31150559861307
1 32 15 325 2.62597239504735 179.932144170676 5.41941260611103
1 33 15 335 4.78595705826223 179.456793786717 6.08958987214888
1 34 15 345 6.11696457064394 179.64727234863 6.25850076006522
1 35 15 355 6.46311488440528 180.308655133675 6.49302109032625
2 0 25 5 8.78231030748709 180.505747858503 6.31719663229451
2 1 25 15 10.9371369025586 180.242160642 6.14278656879872
2 2 25 25 7.98723085525465 180.610928178307 6.20811751966379
2 3 25 35 4.88156153940644 181.21063523109 6.11414724802627
2 4 25 45 2.8957504931867 181.091965396598 5.03790793205903
2 5 25 55 1.29961869536473 179.993534517303 4.50468835823047
2 6 25 65 0.771660309280358 178.55531649226 4.62572893184823
2 7 25 75 1.38811408272409 177.458431986816 4.98521098865626
2 8 25 85 2.86397441590276 177.546986707168 5.61191421534483
2 9 25 95 4.84224026853102 178.811006848058 6.1683140909362
2 10 25 105 6.43497118563502 179.77506899074 6.03922074655852
2 11 25 115 7.54589214442418 179.691056767586 5.90038953989853
2 12 25 125 9.47645528657079 179.563068471675 6.08063875949611
2 13 25 135 12.0160000275961 179.618833460338 6.26665936631743
2 14 25 145 12.6443363919045 179.726213506266 6.26854556798224
2 15 25 155 11.2972921579905 179.626695551106 6.27740601190724
2 16 25 165 8.77123852096125 179.617516487326 6.29939131459127
2 17 25 175 6.51721675953903 179.919444205391 6.47208964708475
2 18 25 185 4.83213884872727 180.284443710282 6.07818950638308
2 19 25 195 3.18519414549449 179.937396222186 5.41857383559795
2 20 25 205 1.94779650319814 179.28154592545 5.31380162271078
2 21 25 215 1.3197382774278 179.071943620021 5.58042554128895
2 22 25 225 0.962396185999441 179.349203394633 5.72845798057379
2 23 25 235 0.688310419224063 179.712773478117 5.66222122699877
2 24 25 245 0.59481517306305 180.032862713501 5.56537853773896
2 25 25 255 0.574238413413632 180.163228233153 5.55368082661029
2 26 25 265 0.453136987490465 179.94731355969 5.51707319017532
2 27 25 275 0.234035323098219 179.589969418035 5.55055827439671
2 28 25 285 -0.0162699458629978 179.400741482107 5.69991090889444
2 29 25 295 -0.236243501776552 179.594253209397 5.78513050034435
2 30 25 305 -0.137579149237496 179.750045810449 5.55571186334818
2 31 25 315 0.824432862750691 179.655266557263 5.24045046131483
2 32 25 325 2.79091588698381 179.781883914347 5.38323455695183
2 33 25 335 5.04007755212384 180.198578516697 5.87251853238414
2 34 25 345 6.44900681096826 180.4966436534 6.12965159686989
2 35 25 355 6.8647911202671 180.676502157942 6.22186105378214
3 0 35 5 9.22121502146694 180.476723589562 6.36768200461957
3 1 35 15 9.53467210106289 180.44512459361 6.43785224497231
3 2 35 25 7.35456663993973 181.02612802449 6.60894220493465
3 3 35 35 5.1781407168477 181.302741693665 5.91972335823457
3 4 35 45 3.51878013427292 180.909674645141 4.89320035494034
3 5 35 55 1.9281674778491 179.757887379471 4.54799269615688
3 6 35 65 1.27417932207316 178.381098723872 4.61828980992964
3 7 35 75 1.85003878438808 177.475742522527 5.06201531962299
3 8 35 85 3.44661898102162 177.714857244434 5.83365015001294
3 9 35 95 5.56963004736841 179.080664772634 6.28723926133449
3 10 35 105 7.42099240491007 180.041955869058 6.03954163330864
3 11 35 115 9.78091104057065 179.986670899857 5.9190500272488
3 12 35 125 12.5447324186668 179.922563112296 5.97487298900192
3 13 35 135 13.7557208545013 179.954267563 5.9966746081749
3 14 35 145 12.5584614050045 179.878994808675 6.00896362444353
3 15 35 155 10.1340729319837 179.732662040143 6.05878476812132
3 16 35 165 8.22993301284883 179.536744377636 6.17895181903569
3 17 35 175 6.42703581239055 179.575097014822 6.23203028099189
3 18 35 185 4.79308303010363 180.376518628908 5.75856760339031
3 19 35 195 3.2836255080681 180.172681143645 5.26167358625801
3 20 35 205 2.14501782869325 179.3414757038 5.22774873514853
3 21 35 215 1.54926953164602 179.163097546689 5.51661920243353
3 22 35 225 1.22644482862862 179.364006953442 5.66223117582463
3 23 35 235 0.935128570039576 179.640728883379 5.61672044224063
3 24 35 245 0.790434245313333 179.907542394689 5.54341633256032
3 25 35 255 0.713845725951381 179.913228692825 5.48325116505499
3 26 35 265 0.57228350390104 179.617811288009 5.40487756589765
3 27 35 275 0.396945295301506 179.304513792153 5.50969650202796
3 28 35 285 0.233432335147654 179.232023251226 5.62287795275426
3 29 35 295 0.0840675023599482 179.553388679278 5.73982571690409
3 30 35 305 0.257874299994981 179.693745675466 5.61418844207683
3 31 35 315 1.27536557972007 179.451942399675 5.48658973662057
3 32 35 325 3.20913632030895 179.741085698952 5.76874461285794
3 33 35 335 5.37976393518645 180.644486000213 6.00860671434647
3 34 35 345 7.19294040770347 180.773989416868 6.16886124562763
3 35 35 355 8.30505738950632 180.689364234332 6.24547050705156
4 0 45 5 9.15757162087897 180.802626809552 7.00264437892145
4 1 45 15 8.31978788667729 180.84685559741 7.02075572838651
4 2 45 25 7.14484300936597 181.401781960588 7.18421272969317
4 3 45 35 5.72843159901612 181.43641248553 6.28046066366504
4 4 45 45 4.07084230012589 180.916648368342 4.99449651748613
4 5 45 55 2.30740486346562 179.739606609012 4.28734298858377
4 6 45 65 1.40028446869043 178.480204669532 4.10079450753754
4 7 45 75 1.73110553081801 177.562347882838 4.46955426642605
4 8 45 85 3.23399919563579 177.275335295413 5.63073574790295
4 9 45 95 5.54222424265753 178.017939491969 6.91384181317713
4 10 45 105 8.55467133699238 179.403171359152 6.64548079774904
4 11 45 115 12.3168332528385 179.947457207715 6.10454241775042
4 12 45 125 13.8185620882398 179.984860276716 5.99196684304789
4 13 45 135 12.5095767367084 179.940907549863 5.97985216672566
4 14 45 145 9.73344836952747 179.732439343302 5.99167558673389
4 15 45 155 7.98292761326904 179.48947574916 6.05606948455375
4 16 45 165 7.1989440248321 179.409408876583 6.09516047538272
4 17 45 175 6.27840956232137 179.775776879307 6.04921280521416
4 18 45 185 4.74446458449162 180.88651226977 5.77474660083358
4 19 45 195 3.13927623814021 180.832717436019 5.31886675071524
4 20 45 205 2.10765294348125 180.110658131266 5.16966121686397
4 21 45 215 1.61319323418134 179.863987084337 5.35539818984917
4 22 45 225 1.2942256684577 179.922786671348 5.44798995359933
4 23 45 235 0.988497362158208 180.118676758884 5.41673502577354
4 24 45 245 0.805978324829555 180.278420189899 5.41158260645761
4 25 45 255 0.723096297619714 180.241232446916 5.44918845857988
4 26 45 265 0.668544624547533 180.202142554032 5.50618610743875
4 27 45 275 0.568581777258389 180.289122809379 5.63209800311233
4 28 45 285 0.448246564622004 180.319091594125 5.62239768704396
4 29 45 295 0.361457294369094 180.424291561658 5.74923328659631
4 30 45 305 0.634727403098384 180.312646471721 5.8058509949285
4 31 45 315 1.71932504383253 179.900146067386 6.0029255526831
4 32 45 325 3.58692277670684 179.915372750151 6.37328174090333
4 33 45 335 5.72745994281927 180.406513662522 6.21833983813616
4 34 45 345 8.55766833241622 180.292598372412 6.04453037431409
4 35 45 355 10.7382606248639 180.399045456841 6.34889892068167
5 0 55 5 9.08304018670895 180.745513743129 6.91657194189695
5 1 55 15 8.67332777874434 180.776195186958 6.97339429790933
5 2 55 25 8.46380699769564 181.181610482944 7.25111007817085
5 3 55 35 6.88066814881121 181.200735450291 6.50715010652422
5 4 55 45 4.62109813013821 180.983252734017 5.11285269475859
5 5 55 55 2.7640812491214 179.933064557696 4.28390811173221
5 6 55 65 1.86002727155987 178.504550675889 3.98308967948459
5 7 55 75 1.97726256951686 177.404241699793 4.1786072981238
5 8 55 85 3.16260252996991 176.578175830913 5.54319861337448
5 9 55 95 5.14742785458384 176.459785104385 7.72630993207292
5 10 55 105 8.36603555631411 178.395717828461 7.54839219284746
5 11 55 115 12.8575987719677 179.750431515283 6.35210682873613
5 12 55 125 13.2436624807277 179.955617691226 5.99713082839501
5 13 55 135 9.95524028286614 179.838457998743 5.98565793412859
5 14 55 145 8.41133877481569 179.705122387377 5.98027615931454
5 15 55 155 8.59083515142448 179.621302786989 6.10725313857369
5 16 55 165 7.30537214570628 179.594068804854 6.33339529253359
5 17 55 175 6.20814113670335 180.300492645553 6.26569302747202
5 18 55 185 4.65514499199524 181.21830182061 6.03080862109524
5 19 55 195 3.08406446398325 181.270619642849 5.51694457940722
5 20 55 205 2.10132468167726 180.949879031032 5.26036944271392
5 21 55 215 1.64075963817401 180.715614515316 5.43059398096844
5 22 55 225 1.35047479988412 180.631451169912 5.56841582676894
5 23 55 235 1.14007168804398 180.668467745809 5.55739622987369
5 24 55 245 1.05779802228554 180.832520808492 5.56173926961829
5 25 55 255 1.04827924990239 181.025804853834 5.64051060298646
5 26 55 265 1.04417587422221 181.449882617339 5.86024332288154
5 27 55 275 0.925402754266689 181.900276868126 5.90260023227588
5 28 55 285 0.753845336645207 181.973011273848 5.9067176416775
5 29 55 295 0.671661463911761 181.83511103552 6.03624455708114
5 30 55 305 0.982950737066369 181.483662566195 6.07689822841379
5 31 55 315 2.10289355723219 181.057256284896 6.24291165127854
5 32 55 325 4.01663576262006 180.605685182512 6.49193510392102
5 33 55 335 6.27221176817301 180.095630615891 6.34171115703406
5 34 55 345 9.37727599088623 179.975807331966 6.03793166263958
5 35 55 355 11.6092744898307 180.238155518754 6.27898759642754
6 0 65 5 10.4284383481577 180.206709873276 6.19981517387492
6 1 65 15 11.2673653292391 180.196202065813 6.25024420904688
6 2 65 25 11.6983446921499 180.313020482585 6.35934923541976
6 3 65 35 8.882850056433 180.512504516588 6.01019813896746
6 4 65 45 5.47297633459804 180.931945354166 5.23872045515293
6 5 65 55 3.51024161331476 180.443570784996 4.85931903743848
6 6 65 65 2.89712361309033 178.952671405014 4.67714464511251
6 7 65 75 3.12034297593597 177.652492413281 4.76995603212105
6 8 65 85 4.00536124833105 177.011830673843 5.66196524869525
6 9 65 95 5.90201339257038 177.440398318022 7.17031827429641
6 10 65 105 9.31219757125001 179.019776227791 7.02919613258056
6 11 65 115 13.1690372283666 179.866911567346 6.22726399436791
6 12 65 125 12.8652475268024 179.883688305092 6.03186063181493
6 13 65 135 8.83701379423944 179.578010343238 6.09975560203389
6 14 65 145 8.27209983830349 179.508028476209 6.05948840883341
6 15 65 155 9.77148896164351 179.616495976429 6.45297180146102
6 16 65 165 7.49157425331549 179.620864241928 7.41299820324515
6 17 65 175 5.58672013890732 180.793597955842 7.03911340848354
6 18 65 185 4.2463386135325 181.767445664044 6.42037245413676
6 19 65 195 2.94204465726164 182.061953124763 5.89161868742807
6 20 65 205 2.05731295781158 181.666752444554 5.46067834914748
6 21 65 215 1.64845352891465 181.176196352937 5.5545888572151
6 22 65 225 1.45718902812227 181.03585699097 5.88710718418104
6 23 65 235 1.43757282885784 181.248091052017 6.0432143798361
6 24 65 245 1.53371034828086 181.87304438765 6.02796277403305
6 25 65 255 1.56877456456021 182.472216821736 5.96362142490137
6 26 65 265 1.52427147872609 183.023031454123 6.19878816137344
6 27 65 275 1.33736449433465 183.446236992964 6.21714544258275
6 28 65 285 1.10495977519471 183.558679355448 6.29393324133567
6 29 65 295 0.991941491902212 183.4030412961 6.28404710329531
6 30 65 305 1.31921594819531 182.918065640934 6.18156893439239
6 31 65 315 2.46978073545387 182.419616359795 6.27159952273717
6 32 65 325 4.49709985790662 181.445966574935 6.60961454794435
6 33 65 335 6.98018553237962 180.06051383024 6.47257902251246
6 34 65 345 9.69269863144476 179.919182059211 6.09222258392824
6 35 65 355 11.3809773326559 180.114512904918 6.05102646250552
7 0 75 5 12.3352156145423 180.041728709781 5.97963940995705
7 1 75 15 13.7103079454671 179.982040056533 5.99351752611113
7 2 75 25 13.436923782302 179.987522224265 5.99605468646512
7 3 75 35 10.4495933593331 180.243409431755 5.9023788042362
7 4 75 45 6.47354360451527 180.949111867739 5.69648652115717
7 5 75 55 4.24997187845603 180.992236453171 5.71824143483852
7 6 75 65 3.88661576127274 179.926474778842 5.85461266598171
7 7 75 75 4.38737787653606 178.823141792715 5.95267283893855
7 8 75 85 5.11987360601894 178.273116436822 6.22832542244781
7 9 75 95 7.12023901000214 178.591321391924 6.77014786058129
7 10 75 105 10.976635932245 179.529717954391 6.39458546921548
7 11 75 115 13.4186728329214 179.95990482736 6.03964023255236
7 12 75 125 12.1351643859141 179.951783039008 6.01381710973133
7 13 75 135 8.95034750151447 179.717823847588 6.07803377578676
7 14 75 145 8.20684533447828 179.689360836529 6.02087139772834
7 15 75 155 8.30634551655777 179.919225525312 6.39917620732871
7 16 75 165 6.57988249889209 180.309939368785 7.48856892178107
7 17 75 175 5.25775425867267 181.333270647289 7.26314052221768
7 18 75 185 4.17803880238252 182.461663930196 6.7181744654739
7 19 75 195 2.87969062353914 183.181820163212 6.18248023677205
7 20 75 205 1.97509067636302 182.705694922425 5.62205295846226
7 21 75 215 1.62602791511479 182.025728403758 5.49434961117819
7 22 75 225 1.51478728593715 181.943381735277 5.84818080415147
7 23 75 235 1.59379926044654 182.47037789308 6.22232624298138
7 24 75 245 1.77263575018925 183.458866616081 6.36287585230321
7 25 75 255 1.79969257750821 184.159687501634 6.33368970130899
7 26 75 265 1.70086117114667 184.524418365432 6.40172493015703
7 27 75 275 1.49540155816308 184.832699032729 6.29483179722443
7 28 75 285 1.27995677528972 184.815709883733 6.32909999402192
7 29 75 295 1.14731779981397 184.697245224512 6.22918412915426
7 30 75 305 1.47468895476791 184.094069620504 5.93200567098099
7 31 75 315 2.63949992309617 183.234347224355 5.80627945125341
7 32 75 325 4.65883067589545 181.933817596035 6.24861303381127
7 33 75 335 6.92785098672414 180.324780522157 6.34481335948284
7 34 75 345 8.37933326769662 180.015112313153 6.097152798124
7 35 75 355 9.78552294536724 180.154450533701 5.98525453858492
8 0 85 5 12.9755663529631 180.020407170954 6.00125246812678
8 1 85 15 14.165847823597 179.980882249905 5.99945199353447
8 2 85 25 13.3048475535288 179.965411153121 5.98391685407236
8 3 85 35 10.800015815635 180.314337421895 5.97523719319121
8 4 85 45 6.61713663920679 181.37336806607 6.08559725716084
8 5 85 55 4.39275730373244 181.509946273122 6.35700564920888
8 6 85 65 4.25953224102701 180.70401408076 6.93523452065917
8 7 85 75 4.763718701034 180.364506412958 7.28995875007076
8 8 85 85 5.43236572291475 179.527886309104 7.3338306481582
8 9 85 95 6.83209423418016 178.461488528534 7.7307241549353
8 10 85 105 9.81438869925169 179.257955137301 6.60223902909817
8 11 85 115 12.2229988999429 179.954575033503 5.99471931616734
8 12 85 125 9.93153883387413 180.074950011673 5.95041789426497
8 13 85 135 7.69743300439884 179.916990323677 5.91209267472776
8 14 85 145 7.32981726756936 179.90008496361 5.80957132808248
8 15 85 155 6.93922836334017 180.218095194585 5.87595182898562
8 16 85 165 5.99519522007641 180.739630616824 6.34712483569364
8 17 85 175 5.3527961594656 181.127743066744 6.79727807339072
8 18 85 185 4.51775608047291 182.174539088475 6.90020098913227
8 19 85 195 3.15144972706565 183.445270164176 6.24546436849291
8 20 85 205 2.12004467818324 183.368144478809 5.74161505784583
8 21 85 215 1.79413533658495 182.825159559418 5.63472818489169
8 22 85 225 1.70755266330354 182.871377872676 5.90083937869322
8 23 85 235 1.7312291132137 183.545145244453 6.16426889103102
8 24 85 245 1.83934162151532 184.507005868065 6.3223211442325
8 25 85 255 1.81400468089353 184.996323187131 6.38590884239363
8 26 85 265 1.6608634013727 185.234309066432 6.38752590805888
8 27 85 275 1.44496370856306 185.471011587973 6.25236743794043
8 28 85 285 1.24877761032923 185.308487615327 6.23984432747609
8 29 85 295 1.12870318990384 185.190392008606 6.16518826200408
8 30 85 305 1.45897201587819 184.766465428756 5.73482902926158
8 31 85 315 2.57085003534183 183.684230331139 5.32310389374403
8 32 85 325 4.40708351589704 182.238732377336 5.67006901813053
8 33 85 335 6.3068755848165 180.686634922556 6.18662453204371
8 34 85 345 7.41513676661665 179.931071970089 6.16968206261778
8 35 85 355 9.19599523735242 180.017005704857 6.03462346395343
9 0 95 5 12.7647733263741 179.997094806842 6.02410598964386
9 1 95 15 12.9314299678407 180.014053518494 6.00245024437602
9 2 95 25 10.9187781933417 179.92646363781 6.00087758557447
9 3 95 35 7.96480113056181 180.295933041412 6.07655775565945
9 4 95 45 5.33413507948644 181.5925019192 6.3042365264269
9 5 95 55 4.07680540851496 181.589319279905 6.43632177214916
9 6 95 65 4.04638962302898 181.028945687393 6.80011933338012
9 7 95 75 4.4798904098807 181.135504424982 7.59770913867055
9 8 95 85 5.32665959421695 180.650627791589 7.68802528527752
9 9 95 95 7.02193953868301 179.403609067952 7.27217894109385
9 10 95 105 9.36802884602426 179.569988742264 6.33579536257708
9 11 95 115 11.0643171621255 179.925442337597 5.95668328221748
9 12 95 125 9.20565653150866 180.055369870322 5.94780887024525
9 13 95 135 7.49394933888059 180.051006525608 5.90848267134915
9 14 95 145 7.26819505467533 180.08727697268 5.8231270539233
9 15 95 155 6.95226686063143 180.337631483418 5.69781393735882
9 16 95 165 6.00487957739986 180.671842258487 5.70039305707813
9 17 95 175 5.55392455897891 180.809603940571 6.36293091785075
9 18 95 185 4.82769572799743 181.744429358878 6.69645148032641
9 19 95 195 3.4084785746305 183.01849900211 6.07157475143501
9 20 95 205 2.32870277671745 183.185063869291 5.69793883963375
9 21 95 215 2.02219358970173 182.930336152906 5.73991397729788
9 22 95 225 1.92033770594627 183.220770271617 5.98910247631838
9 23 95 235 1.8310786891386 183.810795932162 6.05098158470177
9 24 95 245 1.766566046876 184.421924742508 6.19676083786762
9 25 95 255 1.62805958042749 184.61527921865 6.3453075869337
9 26 95 265 1.44730220612269 184.638246513999 6.27518049483486
9 27 95 275 1.22466111154382 184.929367248541 6.16112907771059
9 28 95 285 0.991917728942086 184.982055437355 6.01164140779629
9 29 95 295 0.889226420335782 184.948223994931 5.81981291674141
9 30 95 305 1.28291441801328 184.579386738908 5.60896643215477
9 31 95 315 2.40419439955104 183.563401410488 5.40579012262541
9 32 95 325 4.11776270025526 182.513023645609 5.66606736280462
9 33 95 335 5.7790878029124 181.150671238943 6.17736911289638
9 34 95 345 6.99456071015551 179.974861781838 6.20217149900743
9 35 95 355 9.24689890777223 179.890569294885 6.09681235026034
10 0 105 5 10.9942393067211 179.957491679352 6.14241539144262
10 1 105 15 10.0907581669685 180.188910406096 6.02395732367129
10 2 105 25 8.79025022512535 180.003419104609 6.21615129479147
10 3 105 35 6.37371868164078 180.102868109458 6.53218628001122
10 4 105 45 4.43757731116213 181.189424501466 6.33223123592403
10 5 105 55 3.60093735207027 181.155855088307 6.00536866249262
10 6 105 65 3.58123358260682 180.818633542931 6.04687514711507
10 7 105 75 4.00982288947506 181.061859493054 7.06950431196637
10 8 105 85 4.9846454167105 180.781736388106 7.41906669572857
10 9 105 95 6.9548002670306 179.980162218327 6.54956394275629
10 10 105 105 8.49216217156888 179.84139134766 6.00066844257309
10 11 105 115 8.59314256998513 179.913481992524 5.87690044499793
10 12 105 125 8.62618573630061 180.079463800035 5.93507708504737
10 13 105 135 8.98895050026398 180.153517035126 5.96561753653355
10 14 105 145 9.04138204060116 180.136826682734 5.95378017071809
10 15 105 155 8.09338807424621 180.25878665521 5.92279515301046
10 16 105 165 6.40023790065047 180.599565773357 5.90232279379479
10 17 105 175 5.57304183464179 180.915266423017 6.24080669155057
10 18 105 185 4.66447287136328 181.935205600348 6.57326499896131
10 19 105 195 3.2593739407419 182.682416462707 6.05307964908816
10 20 105 205 2.26185078601556 182.705223402726 5.79716798542934
10 21 105 215 1.98334768610064 182.610496509025 5.84695050323356
10 22 105 225 1.86538670651268 183.006687538191 5.8356735576253
10 23 105 235 1.66665757507737 183.379421998952 5.80589078506587
10 24 105 245 1.4227035659408 183.498082492077 5.99213060134566
10 25 105 255 1.16571254586536 183.684726310116 6.04150072031779
10 26 105 265 0.955336550378359 183.798635708169 5.86364129953226
10 27 105 275 0.763867138376786 184.087135722324 5.76030614031229
10 28 105 285 0.545933849619391 184.246848318481 5.5554077495482
10 29 105 295 0.450836479970264 184.270921721961 5.20731447087306
10 30 105 305 0.881846309945512 183.887337245742 5.14157494727139
10 31 105 315 2.14213146294234 183.123476154622 5.29127284742226
10 32 105 325 4.01260223784111 182.281502637554 5.67074007681021
10 33 105 335 5.55861686596963 180.911435102972 6.24414887540395
10 34 105 345 6.57973336772743 179.891725226167 6.49301357301542
10 35 105 355 8.50362158582048 179.706860228623 6.48304528592764
11 0 115 5 7.93020451169519 179.768002534836 6.23535075394494
11 1 115 15 7.52427405736072 180.526475290582 6.17712936786319
11 2 115 25 7.02181944589308 180.451689384893 6.699931141233
11 3 115 35 5.58584381650961 179.934135427268 6.7589291576859
11 4 115 45 3.89611272989287 180.410830459696 5.84212159690776
11 5 115 55 2.84442628911574 180.695487237413 5.13643506568317
11 6 115 65 2.69623809011016 180.446123093465 5.1009097753691
11 7 115 75 3.20707458534777 180.263243366016 5.84786003694201
11 8 115 85 4.30564027184674 180.256530064748 6.29434599635917
11 9 115 95 6.25493810254527 180.133656583141 5.93776525969111
11 10 115 105 7.74970933990416 180.041971555038 5.93044114805066
11 11 115 115 7.61598511951721 180.151174648264 6.17194568177286
11 12 115 125 8.33795978311862 180.06927971865 6.50263624554012
11 13 115 135 10.6087692125733 179.972682712866 6.31171943621639
11 14 115 145 10.8236331413601 179.993759753707 6.0258972172824
11 15 115 155 8.59077270864226 180.042241507456 5.99868763730858
11 16 115 165 6.43760030048592 180.461771950006 5.99019854257486
11 17 115 175 5.46121589139079 181.150770936754 6.19662712152897
11 18 115 185 4.38319780171738 182.186202232237 6.49169374345149
11 19 115 195 2.93777372923716 182.14037960584 5.88015455640409
11 20 115 205 1.94861038532285 181.869060412744 5.64361508591055
11 21 115 215 1.62619911493834 181.948746775224 5.86357434264262
11 22 115 225 1.45040327679925 182.349204876718 5.82347906568386
11 23 115 235 1.18353249102559 182.691146077032 5.73327352604537
11 24 115 245 0.905156200676191 182.656871709337 5.74251621438029
11 25 115 255 0.653170185346799 182.708638770158 5.60472617691891
11 26 115 265 0.458696631777936 182.835950413541 5.44600936664551
11 27 115 275 0.297770639575675 182.984187056822 5.40293873926993
11 28 115 285 0.131883060428263 183.000110968354 5.25699418449447
11 29 115 295 0.0547440746058802 183.012382775458 4.99393465285723
11 30 115 305 0.461362026910597 182.721025988334 4.87116766369962
11 31 115 315 1.76486140391877 182.249368321654 5.12257186707842
11 32 115 325 3.7493944729494 181.619467701887 5.75624067424875
11 33 115 335 5.37860926741965 180.298402767859 6.65320569667563
11 34 115 345 6.29047815096689 179.220389402065 7.17805666003496
11 35 115 355 7.11269051251107 179.036151106619 7.01849851800388
12 0 125 5 6.50441685843148 180.026293798617 6.23753898659636
12 1 125 15 6.28241746313697 180.798526363785 6.77797296649787
12 2 125 25 5.75007240798305 180.907991627489 7.4710365994819
12 3 125 35 4.80833144007487 180.075827428449 6.55680502512749
12 4 125 45 3.26606314567143 180.015644120187 5.44959326046558
12 5 125 55 1.99067622224811 180.061733084578 4.82656428659474
12 6 125 65 1.58821377565038 179.673872816547 4.65335396423473
12 7 125 75 2.01994529627796 179.221511433053 4.88798442510953
12 8 125 85 3.21760157195914 179.345468931552 5.14751603848761
12 9 125 95 4.99025303614683 179.80842845432 5.52541167227863
12 10 125 105 6.45093424895686 180.045653887615 6.40657656821226
12 11 125 115 6.91293720312285 180.398225687922 7.30836255160102
12 12 125 125 7.0319979931739 179.805722393381 8.0086543584024
12 13 125 135 8.04340476150888 179.526071429929 7.1437160554534
12 14 125 145 8.39824650425005 179.753692989697 6.12468331954914
12 15 125 155 7.35959728619742 179.632509500221 5.85900545476755
12 16 125 165 6.22034137560641 180.082064687774 5.64345879941675
12 17 125 175 5.20980173493606 180.988585108533 5.63756686933834
12 18 125 185 3.97882569429885 181.733332483478 5.78236692804008
12 19 125 195 2.52410822057649 181.306876894946 5.38845735956493
12 20 125 205 1.54488239155028 180.86181343094 5.52607999519094
12 21 125 215 1.1194307118577 180.797606108688 5.9710555046235
12 22 125 225 0.834605013195369 180.900765062026 5.98734171604949
12 23 125 235 0.537294510879498 181.168472228533 5.77998132522855
12 24 125 245 0.309625120411844 181.338594980817 5.6197105466492
12 25 125 255 0.149741914451175 181.386693810453 5.45348395688738
12 26 125 265 0.0220187455882946 181.413686065367 5.35079287795408
12 27 125 275 -0.125228111733271 181.321592292129 5.37271808267317
12 28 125 285 -0.276490455889785 181.099411337152 5.36224704194825
12 29 125 295 -0.327349967669731 181.129465362215 5.28503560501801
12 30 125 305 0.0655104624220084 181.156094566781 5.13023201916866
12 31 125 315 1.29069444475831 180.961496449532 5.3928538983734
12 32 125 325 3.2006557371257 180.663725700602 6.1875027741278
12 33 125 335 4.92743854084373 180.211843298043 7.05345309243722
12 34 125 345 6.0512417083814 179.955771306914 7.17768392579228
12 35 125 355 6.5803495982422 179.585475406505 6.58016116469066
13 0 135 5 6.42539829857317 180.386725671482 6.66013732645345
13 1 135 15 5.9143779418034 180.578230435336 7.40034492723271
13 2 135 25 5.2063374486176 180.472915174887 7.90023492732034
13 3 135 35 4.21674839746828 179.833301061162 6.64603097728385
13 4 135 45 2.7653453388626 179.437172695637 5.52588724155907
13 5 135 55 1.4645674751438 179.123237080879 4.91405165901145
13 6 135 65 0.884805980004925 178.818448656662 4.54488904899291
13 7 135 75 1.1137786991994 178.770369360808 4.34951662177556
13 8 135 85 2.12902745283035 179.223171568657 4.46917720895507
13 9 135 95 3.64209101336711 179.884304948136 5.49403377004914
13 10 135 105 5.1825622285684 180.378872033314 7.35037098963303
13 11 135 115 6.29993499401135 180.806417404915 8.69324429889303
13 12 135 125 6.43207844288274 179.728127916627 8.39311240984921
13 13 135 135 6.6888183139198 179.316863397981 7.10558463841423
13 14 135 145 7.41571843388313 179.591434202511 6.15607153582123
13 15 135 155 6.93655609676461 179.481302212303 5.82158938045215
13 16 135 165 6.38474557126707 179.742265887433 5.7389947190141
13 17 135 175 5.28933587091693 180.377591939717 5.68391457311234
13 18 135 185 3.74483999900385 180.861802003115 5.68027506306826
13 19 135 195 2.18589149102975 180.549475159491 5.2916544682547
13 20 135 205 1.16569801799358 180.005801325282 5.61590734316676
13 21 135 215 0.642181472880017 179.460580046223 6.07120293148244
13 22 135 225 0.270010145523983 179.234857769508 6.08822933665996
13 23 135 235 -0.0264502218775384 179.517247286031 5.84975543492436
13 24 135 245 -0.196121517278622 179.890475856719 5.62769888916105
13 25 135 255 -0.297563034936715 179.917252571722 5.50718664066116
13 26 135 265 -0.407664166573545 179.80041539831 5.45499287743347
13 27 135 275 -0.576309440014404 179.53276454314 5.47211693425932
13 28 135 285 -0.756850215102163 179.196657800351 5.50328416732733
13 29 135 295 -0.805486866288307 179.278093695589 5.50834688761015
13 30 135 305 -0.422235163087166 179.604072611262 5.44243588445539
13 31 135 315 0.756777542687973 179.791960749603 5.75787192151434
13 32 135 325 2.6207512929166 179.942785130331 6.53946055031992
13 33 135 335 4.46276404155129 180.321282172228 7.37132702406454
13 34 135 345 5.92337112898352 180.901007259959 7.52725630854059
13 35 135 355 6.64574116470253 180.304007918124 6.54818455261168
14 0 145 5 6.30026542458209 179.693658568082 6.2810145060734
14 1 145 15 5.97592268061441 180.316153720447 7.05305046818284
14 2 145 25 5.17939331918506 180.949671807383 7.9813779642558
14 3 145 35 4.11421930830084 180.161200479072 7.00991980909512
14 4 145 45 2.67149792286214 179.194393461448 5.73804742251855
14 5 145 55 1.32231343904196 178.321947057694 5.10761316914724
14 6 145 65 0.757915828580195 177.857449961311 4.84469272227541
14 7 145 75 1.01215896591519 178.132286804785 4.7199668256423
14 8 145 85 1.96409620866271 178.948564911005 4.89611076087283
14 9 145 95 3.46952441276775 180.184772044182 5.6954832084396
14 10 145 105 5.15171866391824 180.773099679507 7.14295363636446
14 11 145 115 6.18687717082064 180.273855404398 8.90322336945032
14 12 145 125 6.26533306723719 178.953181765747 8.17786469946138
14 13 145 135 6.55053521486253 179.170803480362 6.67999827628362
14 14 145 145 7.31644738990272 179.601222131076 5.99460556381987
14 15 145 155 7.06105157747507 179.504152778529 5.97712211390345
14 16 145 165 6.67577839901384 179.375607370747 6.34659167862631
14 17 145 175 5.58691605239194 179.901901326499 6.22271431292677
14 18 145 185 3.80681604599739 180.321068834278 5.78064913899777
14 19 145 195 2.11844264119422 179.994466083591 5.26706864244626
14 20 145 205 1.01360889949846 179.384077886322 5.51365186256107
14 21 145 215 0.436102412596867 178.648316938226 5.94889261180983
14 22 145 225 0.044554273043064 178.45385973969 6.00259532936727
14 23 145 235 -0.228689726581357 178.769552659617 5.84208863750612
14 24 145 245 -0.361493748522206 179.012909406284 5.76177899561967
14 25 145 255 -0.466612510661742 178.831932654785 5.7546182411637
14 26 145 265 -0.622428811012302 178.512119534583 5.71942864215869
14 27 145 275 -0.853979889094727 178.169704666592 5.64061201848813
14 28 145 285 -1.09404641149669 177.836998963188 5.63632663741081
14 29 145 295 -1.1833932249111 177.890179186769 5.69149850526625
14 30 145 305 -0.85125450685475 178.227547676023 5.68927714625547
14 31 145 315 0.266297308431207 178.332122218501 5.90569207383314
14 32 145 325 2.16928736907826 178.538555859938 6.3046453961857
14 33 145 335 4.20430694809082 179.449866552667 6.41818153113374
14 34 145 345 5.68090396460422 179.987674620989 6.55190124535603
14 35 145 355 6.22494118159988 179.614060849534 6.16705108458075
15 0 155 5 6.48967432889704 179.610178059293 5.89043180327905
15 1 155 15 6.42630797065308 180.610689073475 6.70237883836123
15 2 155 25 5.67265695231439 181.600748960842 7.72648743654358
15 3 155 35 4.48257799994224 180.464668846541 6.56285628042122
15 4 155 45 2.81327456463633 179.274022715769 5.44200167390936
15 5 155 55 1.39109025250366 178.112638637327 5.10110360217487
15 6 155 65 0.95712545305599 177.104837788448 5.21035138131762
15 7 155 75 1.46240032828021 176.955873271656 5.54806244078909
15 8 155 85 2.56486656102966 177.711961686566 5.9349750635817
15 9 155 95 4.14810315479622 179.440352072367 6.20580182930541
15 10 155 105 5.63085327225899 179.85508355121 6.47504242178036
15 11 155 115 5.95480432798711 178.539136152014 7.75099016705873
15 12 155 125 5.75067366612462 177.414819593483 8.00127167728696
15 13 155 135 5.99939760242598 178.182290919677 6.89682577364212
15 14 155 145 6.50872509780028 179.050979493044 6.00941945983838
15 15 155 155 6.78549743318623 179.104445144668 6.23268814488083
15 16 155 165 6.59077459778282 178.934500541241 6.76006903831518
15 17 155 175 5.78831939275832 179.477016165686 6.60786423839321
15 18 155 185 4.0811077539721 179.904129008798 5.86589600483629
15 19 155 195 2.34907186765826 179.726241768585 5.35236837658798
15 20 155 205 1.16361323030286 179.202147799763 5.37244944986879
15 21 155 215 0.547023226774174 178.653587752323 5.71028592515751
15 22 155 225 0.169852279413179 178.572159725503 5.91938518008166
15 23 155 235 -0.0896818054245962 178.72879583542 5.97379597457281
15 24 155 245 -0.21461655631451 178.722432782413 6.04909182873228
15 25 155 255 -0.329413045116049 178.424954069246 6.08086579402149
15 26 155 265 -0.533590185888489 178.057442102656 5.99201545184686
15 27 155 275 -0.823656487783161 177.758282583602 5.82867711673154
15 28 155 285 -1.10725229765681 177.519371162272 5.77001590507142
15 29 155 295 -1.25777200641459 177.516790205953 5.80256990310597
15 30 155 305 -1.02598183336092 177.650247172566 5.8242212218088
15 31 155 315 0.00232531722736909 177.476512992219 6.00066969387743
15 32 155 325 1.92738438773836 177.680119434562 6.27395345477555
15 33 155 335 4.14355103525403 179.153387339327 6.09157133410534
15 34 155 345 5.75394154404447 179.99217346285 6.07599592232837
15 35 155 355 6.21591773308417 179.659634768228 5.90794134578989
16 0 165 5 8.05126528367884 179.89830360967 5.87779378922342
16 1 165 15 7.62219497107543 180.196243833379 6.20195351306888
16 2 165 25 6.43516944893357 180.442517562378 6.69060832310974
16 3 165 35 4.9580708826 180.06859221021 5.99545781258097
16 4 165 45 3.08483157646477 179.637249201473 5.34416813961013
16 5 165 55 1.61242353262912 178.596225033143 5.14143063879361
16 6 165 65 1.28524631599667 177.229756789386 5.36876129922187
16 7 165 75 1.98845555537508 176.488001084095 5.84207299056438
16 8 165 85 3.18806067803226 176.914959232685 6.3576140302373
16 9 165 95 4.64460251942122 178.543094499993 6.5017092939814
16 10 165 105 5.78327969855411 179.232527954105 6.2735704149022
16 11 165 115 5.97110929569633 178.590658110316 6.44951637424588
16 12 165 125 6.02449900383936 178.072563479741 6.95015787565707
16 13 165 135 6.21730962810462 178.354103718412 6.69850596044821
16 14 165 145 6.21065446410096 178.798512986418 6.10962497438163
16 15 165 155 6.45281441109959 178.737918168807 6.46898304234077
16 16 165 165 6.45361290536906 178.397161499266 7.15283654529681
16 17 165 175 5.94988018213869 178.619857944904 7.11909372808166
16 18 165 185 4.41798925415223 179.484451598163 6.21512413277673
16 19 165 195 2.73657519066866 179.798330181987 5.53431978222589
16 20 165 205 1.5290723997107 179.299162722376 5.33248340179742
16 21 165 215 0.871911427843737 178.8428718382 5.55244935680237
16 22 165 225 0.478036385411968 178.892795411617 5.89768476749964
16 23 165 235 0.235809310613364 178.953125236166 6.13309749595831
16 24 165 245 0.127203268911367 178.875117362717 6.21980084067951
16 25 165 255 0.00967989453462272 178.699359526936 6.24199619022128
16 26 165 265 -0.207228424446381 178.565623710858 6.12433664656731
16 27 165 275 -0.501222049491914 178.409275876322 5.92848441225704
16 28 165 285 -0.798943618270109 178.327197807464 5.81721685965873
16 29 165 295 -1.02802042612282 178.360814401225 5.81078673006082
16 30 165 305 -0.915164320667871 178.313266516425 5.81915095195503
16 31 165 315 0.0586024320027349 177.965993771167 6.01807668762098
16 32 165 325 2.00337702709423 178.065278793963 6.33480412337197
16 33 165 335 4.34098462455501 179.245815691234 6.34324599792407
16 34 165 345 6.15322197605407 179.951856754609 6.39574868183937
16 35 165 355 6.98188432353069 179.941281486051 6.06867257844193
17 0 175 5 10.7592536107829 179.989358886235 6.12850305713894
17 1 175 15 9.35579640591136 179.695525337466 6.38633461254954
17 2 175 25 7.22963366424984 179.026123783756 7.41236983940776
17 3 175 35 5.58512414480623 179.516337613929 6.89373072090542
17 4 175 45 3.71700488196639 180.489032693431 5.83232528543737
17 5 175 55 2.18908402170978 179.79270103924 5.39188515554464
17 6 175 65 1.83660567526186 178.190273662654 5.63212591488414
17 7 175 75 2.56276956869832 177.097175199821 6.09824054458661
17 8 175 85 3.78154601645124 177.50751551013 6.3923948309546
17 9 175 95 4.9984808157811 178.966899239793 6.5103430092621
17 10 175 105 5.84366203151589 179.669193787068 6.41295134035555
17 11 175 115 6.38700191953348 179.33271872683 6.0720653940878
17 12 175 125 7.10959723658801 179.190204204545 6.19735761700387
17 13 175 135 6.92215903850779 178.95810215099 6.40275784987637
17 14 175 145 6.30118271042544 178.651012073951 6.36296092180033
17 15 175 155 6.26575903857318 178.449430480212 6.64767488433572
17 16 175 165 6.60111902121586 178.305090089402 7.28247163891795
17 17 175 175 6.397845642924 178.660209656324 7.31973475680997
17 18 175 185 4.94138984585826 179.864305928135 6.46066812138049
17 19 175 195 3.28187622045879 180.292859109978 5.6881603567942
17 20 175 205 2.06758993062619 179.69607976258 5.42656000026364
17 21 175 215 1.40321607468851 179.295799169219 5.51558523141257
17 22 175 225 1.01574884434027 179.450580444896 5.86817132180042
17 23 175 235 0.798015736045643 179.570832382089 6.25815961486714
17 24 175 245 0.683605547163436 179.600846649163 6.36195464672053
17 25 175 255 0.53363591242088 179.498001049042 6.37300519502648
17 26 175 265 0.311875410697525 179.597813571843 6.19437899841049
17 27 175 275 0.0522954070601117 179.627818945398 6.00155623690299
17 28 175 285 -0.260061951896693 179.786338208224 5.85892565351999
17 29 175 295 -0.604846244489675 180.023685125793 5.78084713229419
17 30 175 305 -0.574696810052486 179.820797694384 5.74685711881684
17 31 175 315 0.4278399267671 179.390314131416 5.88545630952898
17 32 175 325 2.44787377781795 179.169945929437 6.34749432801852
17 33 175 335 4.61764013812255 179.133793410278 7.06766135543113
17 34 175 345 5.98273902423271 179.233821522276 7.2984185638444
17 35 175 355 7.92680781404949 179.785315236787 6.77792547738818
18 0 185 5 11.6520253722012 179.994124261374 6.21015076392441
18 1 185 15 9.92169568161539 179.506295563893 6.56771728666066
18 2 185 25 7.28165157677343 178.237325985838 8.22901132325202
18 3 185 35 6.23462689045213 178.719091757667 8.01955168806002
18 4 185 45 4.66854533328487 180.597275452687 6.39743068801259
18 5 185 55 3.07879344775527 180.807647483951 5.56312727481006
18 6 185 65 2.65311699798241 179.545313040213 5.7451861452275
18 7 185 75 3.35367214503404 178.647931557895 6.1917168005783
18 8 185 85 4.53214766335335 179.304470374929 5.9005767910911
18 9 185 95 5.47156631687877 180.094239896099 5.6397199086928
18 10 185 105 6.30966729941515 179.973368909041 5.68731037865008
18 11 185 115 8.1782359417822 179.689558118588 5.84047218271295
18 12 185 125 9.31438286997122 179.53240330571 6.16590320439309
18 13 185 135 7.78344876904807 178.915095558379 6.64361066186726
18 14 185 145 6.89432419705312 178.73497599418 6.57337924781244
18 15 185 155 7.00118105809041 178.947673065821 6.33418022202734
18 16 185 165 7.2422262523439 179.350529609668 6.28796818646637
18 17 185 175 6.98497223298221 179.926094416194 6.35966657283837
18 18 185 185 5.37444820280613 181.014188019015 6.19805913356329
18 19 185 195 3.7414764105842 181.212446845199 5.61581034954503
18 20 185 205 2.64670707235857 180.634296392113 5.40573363181073
18 21 185 215 2.11805476056228 180.126892472021 5.50076078014656
18 22 185 225 1.85057076266778 180.128859772463 5.85782207372444
18 23 185 235 1.65230117534601 180.370242751047 6.28550227176
18 24 185 245 1.48721598196794 180.655899500885 6.48577569760442
18 25 185 255 1.29121264694736 180.685726032431 6.54773464218536
18 26 185 265 1.04871259023187 180.872449654261 6.17487102754414
18 27 185 275 0.783867361267091 181.063965833087 5.93627769611898
18 28 185 285 0.41190663486505 181.472385921815 5.82509711212613
18 29 185 295 -0.0642942888453745 181.951753684865 5.53513267088592
18 30 185 305 -0.0232545472631682 181.613948181378 5.37465617087921
18 31 185 315 1.07498577121634 180.896173685695 5.67762132948804
18 32 185 325 3.05685011252112 180.099596531751 6.84870930536149
18 33 185 335 4.90158978520183 179.436351341376 8.2446587080197
18 34 185 345 5.76016090835827 179.538002535117 7.66884194529156
18 35 185 355 7.9935989210568 179.886950069576 6.92172617575104
19 0 195 5 11.6390782064474 179.953913061765 6.16159914662885
19 1 195 15 11.9143455830748 179.846353190792 6.13870058865501
19 2 195 25 9.1156912222519 179.380779799801 6.61473542206206
19 3 195 35 7.38017527955106 179.458538583264 6.7037532654024
19 4 195 45 5.52095453158476 180.339055233934 6.24208686063934
19 5 195 55 3.96052926958161 181.127610226299 5.80995011662909
19 6 195 65 3.65588825028137 180.541168787729 5.54061071040015
19 7 195 75 4.34319526563523 179.771121824906 5.87409461106366
19 8 195 85 5.51186161939131 179.824956944958 6.19748115015379
19 9 195 95 6.83423539561992 180.160063216793 5.74154915943299
19 10 195 105 8.61805938759278 180.100681513639 5.51643659246699
19 11 195 115 11.6044696094931 179.946667938613 5.83017549416222
19 12 195 125 11.5840703263342 179.76820322958 6.13284583492728
19 13 195 135 8.79797898167064 179.277038786393 6.47597985884711
19 14 195 145 7.85126022853783 179.196990873383 6.41348582755242
19 15 195 155 8.42098119688769 179.564615665512 6.08743619690456
19 16 195 165 8.23626778519317 179.826139153879 5.88232942866084
19 17 195 175 8.08535464073427 180.329618245788 5.98874668160711
19 18 195 185 6.10393070485929 181.277756118846 6.19494002537014
19 19 195 195 4.25197813386609 181.566404672064 5.83286445835872
19 20 195 205 3.25586307065621 181.343997310816 5.51900671195646
19 21 195 215 2.89106125165473 180.859450313079 5.65612360676623
19 22 195 225 2.74029275254348 181.073889463459 6.1836464293074
19 23 195 235 2.49792227906096 181.364367409787 6.2946376865357
19 24 195 245 2.28974281819764 181.775141104468 6.62752370616322
19 25 195 255 2.19991129965458 182.098615244107 6.77957706006195
19 26 195 265 1.98351058940351 182.238492060394 6.12288078697557
19 27 195 275 1.66613526812191 182.347742522812 5.83650177492967
19 28 195 285 1.22629983979458 182.670712988882 5.72439212675071
19 29 195 295 0.730204395642488 183.23391900277 5.2350820793681
19 30 195 305 0.872342737970534 182.974387760685 4.98430319399149
19 31 195 315 2.02507746974349 182.011343183759 5.41645417188342
19 32 195 325 3.80738845158118 180.559053121449 6.50097146398568
19 33 195 335 5.39308006023726 179.309658459019 7.20287163716839
19 34 195 345 6.31614549509329 179.403786212727 6.79471143719086
19 35 195 355 8.0105449195066 179.682014017246 6.52787888313113
20 0 205 5 10.0063891392897 180.182917225518 6.12109002153051
20 1 205 15 12.9588556707406 180.04600165989 6.00132286978936
20 2 205 25 12.4239539751658 179.988471599453 5.95229537521781
20 3 205 35 9.59373090969768 180.107660731582 6.04471458271198
20 4 205 45 6.52129915901885 180.646836583222 6.20820856720496
20 5 205 55 4.81789694070976 181.233008239565 6.08259035693694
20 6 205 65 4.61990135343448 180.65470256613 5.7270965484289
20 7 205 75 5.35824786259184 179.805321758342 6.09473183746959
20 8 205 85 6.97544839570888 179.622296018599 6.48153879669709
20 9 205 95 9.27209692834356 179.941317925333 6.06892669749385
20 10 205 105 11.1519934865559 180.090011470617 5.83464865423128
20 11 205 115 12.8287372554826 180.027142337038 5.94087707610095
20 12 205 125 12.9458756857169 179.937185525823 6.03293503003057
20 13 205 135 10.7083622503106 179.706058936545 6.16449295398024
20 14 205 145 9.43862374742098 179.523045702035 6.21853829177469
20 15 205 155 9.34896542760889 179.708491848142 6.02947785203526
20 16 205 165 8.93340573773018 179.742241545045 5.89752914560092
20 17 205 175 9.64439099128037 180.053917374013 5.94181598489621
20 18 205 185 7.36031300560795 180.920496991609 6.09001232778795
20 19 205 195 4.84038430129369 181.974672242809 6.01094534277395
20 20 205 205 3.81403997027601 182.035559543334 5.78114731375512
20 21 205 215 3.58279465005842 181.747974581684 6.3073107474037
20 22 205 225 3.43370591970982 182.150043708438 6.89296289625238
20 23 205 235 3.11900755566869 182.103949664729 6.5270931083955
20 24 205 245 2.98292739709769 182.790563938639 6.83641187967092
20 25 205 255 3.05864726319718 183.415217185206 7.15793849661307
20 26 205 265 2.87457591389813 183.272938519727 6.58405472514013
20 27 205 275 2.58307425620416 183.120661270167 6.14687457707655
20 28 205 285 2.20258886230851 183.252142133675 5.79579860111997
20 29 205 295 1.82684008286485 183.559755341456 5.40936916008337
20 30 205 305 2.0563893705781 183.281462612041 5.27990339797486
20 31 205 315 3.1003660995339 182.31107592386 5.59099089519779
20 32 205 325 4.66681663886184 180.941261460945 6.14353693459181
20 33 205 335 6.3356876186564 179.87195771735 6.18891633932203
20 34 205 345 7.5087801428608 179.79042474793 6.13334754436478
20 35 205 355 7.84035301614191 180.072675152758 6.21154722787333
21 0 215 5 10.2408192827971 180.16277348028 6.02562340245854
21 1 215 15 13.3808850132503 180.024268023847 6.01330187399438
21 2 215 25 14.0837143778554 179.987396956841 5.99943706940372
21 3 215 35 12.0643491710043 180.073998523537 6.01092809254942
21 4 215 45 7.84412459437838 180.543163485187 6.03407641928438
21 5 215 55 5.54369664594792 181.010628929811 5.90199410722998
21 6 215 65 5.32990224585255 180.278971766386 5.71624939399868
21 7 215 75 6.33142659202072 179.726546759858 6.01847102737149
21 8 215 85 8.55983177735169 179.786372529144 6.12938520729824
21 9 215 95 10.3508832813606 180.025727133314 5.96019120808582
21 10 215 105 9.73354971641429 180.15833564156 5.88143026608804
21 11 215 115 10.7583242503885 180.072740752328 5.94428147408694
21 12 215 125 13.2306710824102 179.990212281984 5.99446893152882
21 13 215 135 13.4429152700448 179.928977498813 6.02572561143765
21 14 215 145 13.0139532919266 179.862385153936 6.0523921942481
21 15 215 155 12.1062917370546 179.892553688996 5.99868363406817
21 16 215 165 9.62619196353904 179.863063677081 5.91208105233042
21 17 215 175 8.46656466155717 179.931975638516 5.82311385261061
21 18 215 185 6.98900111914172 180.749073576185 5.83936627740671
21 19 215 195 4.98868053698589 182.31308229391 5.82054449495653
21 20 215 205 4.18748600176033 182.442594603065 5.88418860465286
21 21 215 215 4.055194859373 182.184995111149 6.8397635409673
21 22 215 225 3.91386224503626 181.978224845306 7.00507127458612
21 23 215 235 3.72575197576888 181.938784919246 6.66562736191153
21 24 215 245 3.63943096843248 182.849885770078 7.13114832086221
21 25 215 255 3.52564979820878 183.420009092603 7.37124003387693
21 26 215 265 3.25795987717835 183.445354157941 6.88226208069574
21 27 215 275 3.08261143014282 183.521269387901 6.17444155803165
21 28 215 285 2.92185744194182 183.57529293119 5.85928868947833
21 29 215 295 2.73374836904032 183.481333177147 5.86677890070568
21 30 215 305 3.04150401667193 182.962179732984 5.88420459000592
21 31 215 315 4.07288248715244 181.699837000226 6.41338768269803
21 32 215 325 5.58212651536622 180.278562894023 6.72580224579807
21 33 215 335 7.18435317119152 180.028347037229 6.18209387584838
21 34 215 345 8.12042270350302 180.142976980941 6.04309322236625
21 35 215 355 8.1321527398146 180.228823233648 6.01557498184123
22 0 225 5 11.4761193784768 179.971861918262 5.98642938421183
22 1 225 15 13.0771154722622 179.940629423648 6.01419236138258
22 2 225 25 13.7563566138783 180.030810381121 6.05811322350221
22 3 225 35 11.9045770357256 180.184937282667 6.10408006966572
22 4 225 45 7.88289577865228 180.35827345774 5.81636914598504
22 5 225 55 5.94493917171828 180.663531489475 5.53825692572436
22 6 225 65 5.89657302415264 180.270531350054 5.59927219812915
22 7 225 75 6.62533113576177 179.590941000916 6.06935493044306
22 8 225 85 7.7428763831124 179.398601128263 6.36405535749646
22 9 225 95 8.58341741588919 179.918737678938 6.00463287430145
22 10 225 105 9.24482187768817 180.106828950727 5.89953744757539
22 11 225 115 11.1112565186767 180.030291107349 5.9699457547099
22 12 225 125 13.5763918170948 179.988732879546 5.99548453734081
22 13 225 135 14.3368357646593 179.982 5.9994
22 14 225 145 14.3368357646593 179.982 5.9994
22 15 225 155 13.5308360337898 179.978705301402 5.99379871144643
22 16 225 165 10.7231378786252 179.967951823355 5.93862710303159
22 17 225 175 7.96215785454944 180.037774043104 5.75423399121264
22 18 225 185 6.15167483519947 180.676725876287 5.4497751822599
22 19 225 195 4.69957141317787 181.80759810225 5.14141548188585
22 20 225 205 4.37503390362433 181.964697871569 5.38653825651392
22 21 225 215 4.53332608367063 181.853816894345 6.4919743697927
22 22 225 225 4.37281043687647 181.648345624627 6.8477301340724
22 23 225 235 4.08437349791507 181.531619380552 6.93100344815522
22 24 225 245 3.77538705459262 181.468942942578 7.42805566874772
22 25 225 255 3.33325765113401 181.752665349384 7.15783447814304
22 26 225 265 2.97337330862638 182.285338986622 6.23084714727431
22 27 225 275 2.8864544962904 182.776877934863 5.48303071448106
22 28 225 285 2.93962906179497 183.050271509781 5.43041900118686
22 29 225 295 3.08558627427458 183.054124395593 5.82483593473341
22 30 225 305 3.68894579179329 182.350685161984 6.27616537400861
22 31 225 315 5.03550039866992 180.61781890969 6.86957054707922
22 32 225 325 6.67179846000617 179.465944531967 6.88115629181962
22 33 225 335 7.72782756161471 180.061443996996 6.41394296091543
22 34 225 345 8.21241603837861 180.636002676822 6.63289705211289
22 35 225 355 9.34396818585378 180.258541025355 6.17375700226082
23 0 235 5 9.93758033004069 179.774218444568 5.99164576623087
23 1 235 15 10.3887957618153 179.792518690842 6.01783136572836
23 2 235 25 12.1615408519754 180.137502502672 6.19515102021903
23 3 235 35 9.77764009503441 180.600014959318 6.5304570600517
23 4 235 45 7.4717487786395 180.504129732172 6.15905750254107
23 5 235 55 6.37644288297585 180.551571463732 5.70989118304503
23 6 235 65 6.10003499203548 180.3130901983 5.80574351348351
23 7 235 75 6.46677362265577 179.150673630933 6.79165457718448
23 8 235 85 7.2863806822406 178.351607777466 7.53897580603169
23 9 235 95 9.10755784883022 179.503643621814 6.43919769921937
23 10 235 105 11.3803441660021 180.0215706689 5.95836218064333
23 11 235 115 13.2302700185312 179.988676371898 5.99510419943797
23 12 235 125 13.8313178054933 179.935520459299 6.01960580021398
23 13 235 135 13.2243343179327 179.84538134678 6.05981049950999
23 14 235 145 13.3685763267348 179.912988295556 6.03143076767302
23 15 235 155 13.893860335287 179.973394709834 6.00251795658477
23 16 235 165 12.2451255104263 180.038176942502 5.94053128734513
23 17 235 175 8.11239288059854 180.287529021541 5.68844334351421
23 18 235 185 5.71116644570994 180.768547339269 5.28225279408916
23 19 235 195 4.85992777989523 181.299117965612 5.0994237934216
23 20 235 205 4.90614192893325 181.447254151411 5.8178205899898
23 21 235 215 5.16252979533893 181.528501340162 7.12365816557747
23 22 235 225 4.75527186088018 181.490132696049 7.42483663955592
23 23 235 235 4.16931268875188 181.225394015334 7.34897554677814
23 24 235 245 3.59397872844639 180.150089436806 6.96450230155748
23 25 235 255 2.921599911849 180.337032048333 6.01374164312537
23 26 235 265 2.45565943667421 181.54111039318 4.86019551339547
23 27 235 275 2.42984771919831 182.3695418804 4.56995201689422
23 28 235 285 2.65831083660894 182.787466337787 4.85607486626974
23 29 235 295 3.06704620362211 182.564314014259 5.44770201270275
23 30 235 305 3.85253140329804 181.597158837242 6.02532354147541
23 31 235 315 5.45049135707282 180.13011800473 6.37329273192106
23 32 235 325 7.92660700913674 179.661144617781 6.27204699930447
23 33 235 335 9.6676725244354 180.339945193034 6.52135997110782
23 34 235 345 10.0024055735953 181.114516552273 7.23921578467863
23 35 235 355 11.185773594702 180.339787386172 6.42917352025574
24 0 245 5 9.86382896721008 179.769485469449 5.91955092750435
24 1 245 15 10.0886546071811 179.781813178086 5.97223102512285
24 2 245 25 11.8702038965127 180.094681647823 6.15233112728195
24 3 245 35 9.34359965113296 180.488946150733 6.45261160576064
24 4 245 45 7.72858858401277 180.411602338866 6.25735274997818
24 5 245 55 6.600469887609 180.349622389776 5.92146384910211
24 6 245 65 6.17409589319753 180.076005824174 5.80445097751121
24 7 245 75 6.65376710892272 179.415935156629 6.58381469103038
24 8 245 85 8.54415141524618 178.907996958858 7.19180512096089
24 9 245 95 11.9997250209098 179.63105203546 6.38221634772914
24 10 245 105 13.6950819870637 179.988021847668 5.99217134338439
24 11 245 115 14.2085069367481 179.982144592192 5.99922979612795
24 12 245 125 13.1740921749335 179.829711360876 6.06716528482943
24 13 245 135 10.3249420332369 179.542499363622 6.19699466205075
24 14 245 145 10.8608138914859 179.760354335421 6.10353225235314
24 15 245 155 13.4859062137441 179.956486363902 6.01277791908625
24 16 245 165 12.7292387997802 180.10337321256 5.95233159653476
24 17 245 175 8.13622742956586 180.529024901322 5.76642397062039
24 18 245 185 5.78064938997256 180.930649406261 5.4931870875239
24 19 245 195 5.16551195210403 180.969859218953 5.41303483080337
24 20 245 205 5.12729346145575 180.607110810934 6.16419484789464
24 21 245 215 5.28010095403437 180.10740531491 7.33853278242656
24 22 245 225 4.8541519069911 179.90781945327 7.72091860752677
24 23 245 235 4.22803716348053 180.386662594996 7.3109378720214
24 24 245 245 3.579548491651 180.160971283424 6.01860676028591
24 25 245 255 2.86410450983561 180.755021699622 5.10569041677249
24 26 245 265 2.42274264149027 181.9531605373 4.40822729666113
24 27 245 275 2.4313031695593 182.59682066265 4.53743829295391
24 28 245 285 2.67991783369477 182.677154426963 5.05741637600778
24 29 245 295 3.06571239001537 182.215938090517 5.54453338435774
24 30 245 305 3.73355853996082 181.468873863147 5.64119095101954
24 31 245 315 5.24562135378897 180.410024637943 5.67976840352494
24 32 245 325 8.23496264095125 179.946374125064 5.86857385492263
24 33 245 335 11.3055286917667 180.099827403047 6.16841741308454
24 34 245 345 12.3518164582019 180.349125033948 6.43447928168004
24 35 245 355 12.5160294156096 180.056426320149 6.12445610908846
25 0 255 5 13.0745427221154 179.924702178229 5.96506087313755
25 1 255 15 13.1474567834917 179.926490146573 5.98496224790006
25 2 255 25 12.7294450321779 180.013880278919 6.01715616766483
25 3 255 35 9.39468564460191 180.127302930276 6.03153758617133
25 4 255 45 7.39226863936848 180.165195227171 5.94579958070989
25 5 255 55 6.26430059498908 180.19049546678 5.88355189393141
25 6 255 65 6.15904182909745 179.812344340059 6.06817054104577
25 7 255 75 6.92564628354978 179.514902186832 6.63443866289532
25 8 255 85 9.3159677359726 179.714326822835 6.60930812280942
25 9 255 95 12.9056989771139 179.935112294244 6.15428269680464
25 10 255 105 13.9834963589295 179.987295877712 5.99558115741555
25 11 255 115 13.3134547234822 179.997224095577 5.98360680055962
25 12 255 125 11.8714201965983 179.868621657845 6.02036212605983
25 13 255 135 9.37088015070392 179.63186723251 6.10762247744701
25 14 255 145 10.7478746430325 179.809554471719 6.06373921271709
25 15 255 155 13.54339844274 179.963668966939 6.00908638341991
25 16 255 165 12.6948021250577 180.096674074826 5.9281198142287
25 17 255 175 8.14210168860433 180.443799794169 5.71201755500912
25 18 255 185 6.0280298597922 180.671680468317 5.59247037400551
25 19 255 195 5.20133713634257 180.430682704374 5.71550347266987
25 20 255 205 4.76021856508686 179.374226691749 6.10993826349551
25 21 255 215 4.84993110994073 178.502459725055 6.57206000196825
25 22 255 225 4.72465220212644 178.793768708345 7.17421940748886
25 23 255 235 4.2805405549418 180.278774729704 7.24545690705763
25 24 255 245 3.75301364093211 181.186136535258 6.18735730884671
25 25 255 255 3.22380926211313 181.981350884039 5.74579842477243
25 26 255 265 2.94474703673227 182.59408709048 5.31084488682438
25 27 255 275 2.90681647985528 182.658027615352 5.40463377453432
25 28 255 285 2.97932459046649 182.310854123206 6.00135045576732
25 29 255 295 3.16313182304418 181.778525349418 6.12470775095221
25 30 255 305 3.73563075036585 181.277711372232 5.54931800226258
25 31 255 315 5.18296586916999 180.548016924806 5.45277315079399
25 32 255 325 7.56894696484495 180.272811334102 6.15845924801495
25 33 255 335 9.25396486077151 180.276475172984 6.55784646712415
25 34 255 345 10.6621391795786 179.97280664721 6.19072830836244
25 35 255 355 13.0027427947127 179.922247682556 5.98946786672336
26 0 265 5 14.0417739167982 179.940452984784 6.0377406244833
26 1 265 15 13.2699233024516 179.847344874434 6.12503777080861
26 2 265 25 12.2582768460172 179.89379371136 6.07107346744989
26 3 265 35 9.97425293952823 179.976021295213 5.91316269609232
26 4 265 45 8.25771354265383 179.95602387067 5.8954505890224
26 5 265 55 6.58651170303969 179.842670043625 6.21142605812021
26 6 265 65 6.07198536192417 179.396156444825 6.76602703378764
26 7 265 75 6.81786958939767 179.464357623786 7.09669906806305
26 8 265 85 8.65574983842762 180.207372187285 6.77136001232869
26 9 265 95 12.114606740787 180.138059342009 6.18481502594307
26 10 265 105 12.984132036726 180.006394037781 5.98137054558013
26 11 265 115 10.3859633803413 180.061885397096 5.91618173068979
26 12 265 125 8.82040318092396 179.994615821189 5.85966066610705
26 13 265 135 8.85468345554452 179.844248884438 5.87532125605148
26 14 265 145 11.5459698775838 179.919521556266 5.95725387933155
26 15 265 155 13.1171687934945 179.986213518366 5.96867126895317
26 16 265 165 12.5697118915156 180.034221329862 5.91906448295516
26 17 265 175 8.73633666124327 180.214219332753 5.73246343168014
26 18 265 185 6.45776090867109 180.482178045956 5.69225422921165
26 19 265 195 5.26359092056914 180.389350294706 5.80601156193411
26 20 265 205 4.50912205065598 179.386548512335 5.70274811784543
26 21 265 215 4.50054177940719 178.771211297078 5.64114459237187
26 22 265 225 4.54863144317331 178.881576262295 6.12921842979722
26 23 265 235 4.27028067822654 179.959869541714 6.54316980145532
26 24 265 245 3.87686167092062 181.213927893443 6.13136756546783
26 25 265 255 3.601084655312 182.14790489647 6.19251155043866
26 26 265 265 3.51437050582263 182.365162436782 6.04756149382042
26 27 265 275 3.41269114181034 182.09587729074 6.10592006601042
26 28 265 285 3.23715121436002 181.836600145107 6.5804314656688
26 29 265 295 3.21073942573265 181.573364734119 6.47792378714411
26 30 265 305 3.68257166897487 181.170214544651 5.74509899472383
26 31 265 315 5.00353093866204 180.842076446199 5.75444537340921
26 32 265 325 6.71637409030916 180.885180854109 6.95108051388995
26 33 265 335 7.18175505870629 181.022219137385 7.53553113153921
26 34 265 345 8.87197846987585 180.19712502557 6.47936611543186
26 35 265 355 12.9009222530536 179.932437796522 5.99785817255672
27 0 275 5 13.2206866782088 179.829654747609 6.13978381039803
27 1 275 15 10.2585683150765 179.540287246398 6.50318700799945
27 2 275 25 9.83016212006662 179.776345862812 6.48064233349751
27 3 275 35 11.1048989525519 179.997690993093 6.10938935906744
27 4 275 45 10.1258725592584 180.041695053176 6.05128206866003
27 5 275 55 6.92752770646827 179.998854367791 6.64771322498765
27 6 275 65 5.90443762609412 179.614373198458 7.08366209708739
27 7 275 75 6.56238288608744 180.088510419925 6.82539326368459
27 8 275 85 8.08512081155306 180.420840289081 6.63047267583891
27 9 275 95 11.17681441526 180.104140114594 6.18269737159333
27 10 275 105 11.5927056092065 179.951585609774 5.95906884327416
27 11 275 115 8.74958001358101 180.064695360655 5.85663525904392
27 12 275 125 7.57051349777868 180.092440529499 5.7693277277253
27 13 275 135 8.53543967759911 179.981944284027 5.84113723722432
27 14 275 145 10.0451859380978 180.000826787072 5.93904481608383
27 15 275 155 10.4998207138752 180.048397586438 5.91964583595209
27 16 275 165 12.0299594943304 180.058165227241 5.97942161712417
27 17 275 175 9.59234198043964 180.321015767222 6.03008530206283
27 18 275 185 6.7372385040519 180.651764503109 6.11913093733642
27 19 275 195 5.26031371985426 180.337914319449 6.17904481061057
27 20 275 205 4.55494807883299 179.717669042754 5.69044366708726
27 21 275 215 4.39333414081357 179.203398902222 5.4742056336789
27 22 275 225 4.32279696745391 179.103003321383 5.75848756666043
27 23 275 235 4.07554803640408 180.218142153967 5.92385140079761
27 24 275 245 3.81438310047281 181.012527963312 5.78275578437573
27 25 275 255 3.75023846783907 181.555419589027 6.13743640909921
27 26 275 265 3.71440311941434 181.477438713685 6.43259823898412
27 27 275 275 3.51802471883913 181.329218687486 6.72909524591404
27 28 275 285 3.19223123932125 181.245862521118 7.00115956872005
27 29 275 295 3.10034774374664 181.113177819809 6.65613306257831
27 30 275 305 3.47478221077271 180.683555667521 5.82528525515778
27 31 275 315 4.5430279362618 180.606863522977 5.70600947081027
27 32 275 325 5.91162770131799 180.733935979984 6.66480204027031
27 33 275 335 6.59444530624829 181.061206327908 7.03186419760618
27 34 275 345 8.51590931696685 180.504577213421 6.26516276084218
27 35 275 355 12.8040688303629 180.049963936068 5.97920073650799
28 0 285 5 12.1798722761559 179.856131284624 6.12105375690125
28 1 285 15 8.69386812301097 179.726471509739 6.5575631232551
28 2 285 25 7.88858208283891 180.232603702516 6.82102327720472
28 3 285 35 8.83822813956776 180.296134752256 6.33412065617749
28 4 285 45 7.93782520248307 180.029513371641 5.92187246195125
28 5 285 55 6.07766697433446 179.878062280652 6.44740287273653
28 6 285 65 5.50762020886592 179.726782360231 7.00373675242553
28 7 285 75 6.00515464178618 179.870725747293 6.32865817423262
28 8 285 85 7.23739748922198 179.686104373889 6.15093301111548
28 9 285 95 9.17615037850472 179.799604949771 6.02371703557628
28 10 285 105 8.83742478063913 179.836729762972 5.90819789316111
28 11 285 115 8.00513606684187 179.957620242475 5.87332507437938
28 12 285 125 8.37819606672202 180.044057754817 5.87256188448135
28 13 285 135 9.09493206179226 180.047190503431 5.97122034719495
28 14 285 145 9.02687118519233 180.213381374813 6.15308805769168
28 15 285 155 9.22936658354292 180.370249421114 6.21774238681431
28 16 285 165 11.514660302586 180.23004703889 6.13484421154539
28 17 285 175 8.93297641609885 180.571011500644 6.25851745366062
28 18 285 185 5.95909345673776 180.8670255241 6.61997126958301
28 19 285 195 4.81376618520136 180.421178333381 7.01587343429271
28 20 285 205 4.41709633163984 180.126520152571 6.33404390686144
28 21 285 215 4.23871669737161 179.687003952294 6.10829535849551
28 22 285 225 4.02683768704611 179.698670601965 6.06810097335698
28 23 285 235 3.62648223486677 180.84698134155 5.68330186286782
28 24 285 245 3.41879388557381 181.135319486262 5.48515927405737
28 25 285 255 3.45528588673594 181.041996242464 5.73474068657584
28 26 285 265 3.44473579794796 180.9907138545 6.33832493845335
28 27 285 275 3.23276841992582 181.329728950869 6.90219570459403
28 28 285 285 2.97222737762493 181.23819739246 6.82835074493767
28 29 285 295 2.88069577178108 180.847247050654 6.36705648338935
28 30 285 305 3.16081176707107 180.586967146216 5.82929785508499
28 31 285 315 4.07064650646613 180.439293563793 5.58547260728961
28 32 285 325 5.39037599330512 180.463904544242 6.23439750472672
28 33 285 335 6.49463741953319 180.929393857097 6.64214284003168
28 34 285 345 8.23357978598158 180.657204656935 6.2521990869314
28 35 285 355 11.9116941718528 180.147343774829 6.02569336617385
29 0 295 5 9.76957144324428 180.065705330194 5.95864201026508
29 1 295 15 8.00320978657026 180.262076188142 6.23900580549956
29 2 295 25 7.32001612366974 180.708355151996 6.6351662133506
29 3 295 35 7.13632920257949 180.541428407028 6.28100241698918
29 4 295 45 6.37656460510405 180.110775325156 5.82107174372617
29 5 295 55 5.4801378014948 179.962667878118 6.27263925122372
29 6 295 65 5.05394875129627 179.873675212813 6.84981805805822
29 7 295 75 5.27401951462178 179.689095337884 5.97390485827494
29 8 295 85 5.93270286635353 179.464280503943 5.53437588990463
29 9 295 95 7.16982314382175 179.758412969652 5.71051877878007
29 10 295 105 7.39062973472002 179.977191874583 5.81833815560744
29 11 295 115 7.65924785320319 180.133787699832 5.86080834692459
29 12 295 125 8.72843013366099 180.192260358699 5.97095172042744
29 13 295 135 9.16513238052488 180.202939594132 6.05816544391921
29 14 295 145 9.40447331244482 180.467885306518 6.39819537822311
29 15 295 155 9.81994020758875 180.73323303355 6.61776126289635
29 16 295 165 10.9164715481821 180.297072947844 6.17255163852797
29 17 295 175 8.14765229827803 180.274184422527 6.03065916852324
29 18 295 185 5.41966996137315 180.543185396317 6.45833577316255
29 19 295 195 4.22921850032643 180.758168910879 6.76382842730086
29 20 295 205 3.75300710386209 180.943031128795 6.20959581571882
29 21 295 215 3.61003455355856 180.871871301373 6.06501641912806
29 22 295 225 3.45405632972758 180.828299701201 6.04978696587078
29 23 295 235 3.09194356551424 181.05622111353 6.11234651731648
29 24 295 245 2.91295559211218 180.965248701551 6.01785806161401
29 25 295 255 2.871405734631 181.158410335069 5.83267301646385
29 26 295 265 2.81582525536691 181.360932437034 6.31467050052884
29 27 295 275 2.63688910745585 181.756383483547 6.62766964763687
29 28 295 285 2.42152472834359 181.949343271244 6.45617827742162
29 29 295 295 2.35280575575725 181.833688121322 6.4050200542194
29 30 295 305 2.68820161344823 181.586596890566 6.13626060495704
29 31 295 315 3.82318286042744 181.025013230544 5.68088382476626
29 32 295 325 5.54234144947588 180.492041022949 6.01320447980317
29 33 295 335 6.69694471366215 180.491135366562 6.47986733536689
29 34 295 345 7.27801793748638 180.765140599142 6.41317543609282
29 35 295 355 8.98995189102103 180.369651544749 6.02850748214124
30 0 305 5 7.82819712414936 180.345300829462 5.9955425778352
30 1 305 15 7.49070528082623 180.823980690039 6.53932085232022
30 2 305 25 7.03575124176054 180.919605031304 6.57461085280528
30 3 305 35 6.12085004019054 180.582513845205 6.01394164132499
30 4 305 45 5.18832596739398 180.147123747001 5.51241287569854
30 5 305 55 4.52173976984595 179.88170451838 5.68113533714972
30 6 305 65 4.34132044160536 179.70548048883 6.13749860527019
30 7 305 75 4.47165931797153 179.422516192999 5.71094101490596
30 8 305 85 4.8098494976954 179.159852522678 5.32302925778081
30 9 305 95 5.96937515863293 179.524781638645 5.66960605302412
30 10 305 105 7.01415161968657 180.207781052987 6.02155087252662
30 11 305 115 7.32581123556932 180.451519815784 6.15755072757902
30 12 305 125 7.79594952839808 180.539858116562 6.36560112633846
30 13 305 135 9.27669384702322 180.362121237951 6.11092815634512
30 14 305 145 11.0282559796454 180.222595535984 6.09750203535859
30 15 305 155 10.8927215489301 180.289497955832 6.19250022989902
30 16 305 165 9.03662981329075 180.139599202558 5.95733768126934
30 17 305 175 6.90313541874288 180.13258085743 5.77680437495294
30 18 305 185 5.00904574625721 180.614485709034 6.01679832186944
30 19 305 195 3.48670989000461 181.194821553573 6.05612788000646
30 20 305 205 2.76351981737314 181.554714769792 5.85139086878582
30 21 305 215 2.61721159570592 181.527157120692 5.93146835027939
30 22 305 225 2.44421348565831 181.527463096974 6.00548948878178
30 23 305 235 2.1690529410917 181.666312835135 6.39358611624898
30 24 305 245 2.0262012102276 181.851014860676 6.45551261849218
30 25 305 255 1.87157718405846 182.44311879345 6.16773302606971
30 26 305 265 1.6784374995472 182.747594415986 6.16736246088984
30 27 305 275 1.4850420610526 182.731087400632 6.10665636016345
30 28 305 285 1.36778504731836 182.791111776116 5.85768792771362
30 29 305 295 1.43189684576138 182.896918287611 5.80017534135882
30 30 305 305 1.92584648061849 182.465974600514 5.63253913923022
30 31 305 315 3.24292180921998 181.528819714351 5.46817596415071
30 32 305 325 5.00084641183803 180.768683830578 6.0007911600946
30 33 305 335 6.2317803770993 180.256893790598 6.55849419376231
30 34 305 345 6.8325121346075 180.410481164385 6.21261970791514
30 35 305 355 7.17611725544968 180.357661955659 5.7430569809
31 0 315 5 7.40117100634628 180.915077425892 6.66705656151424
31 1 315 15 6.94587672626293 181.45618427519 7.00473734431648
31 2 315 25 6.66009928066604 181.090401784167 6.61460957761153
31 3 315 35 5.57752640943885 180.881811329203 6.14690053894254
31 4 315 45 4.18522471779263 180.894733282844 5.92565279218632
31 5 315 55 3.45328471225863 180.65019948577 5.9919529703156
31 6 315 65 3.42688054071354 180.31373286112 6.06123217578115
31 7 315 75 3.632140729727 179.585454522519 5.73982485876007
31 8 315 85 4.10613873044271 178.74099623764 5.71355326423163
31 9 315 95 5.32540154475813 179.192937369603 6.15682232332277
31 10 315 105 6.65685871453028 180.404703377522 6.61556257335707
31 11 315 115 7.1873924996236 180.474280520198 6.75367227194273
31 12 315 125 7.90356964940754 180.298561461126 6.99848776755991
31 13 315 135 10.165788669877 180.136893221987 6.29137225179645
31 14 315 145 9.61244734333206 180.021295596302 5.89933286754368
31 15 315 155 8.38111135107668 180.062577142428 5.92301067521171
31 16 315 165 6.95905390831346 180.109420630586 5.93977617522529
31 17 315 175 6.00800586959558 180.360838532105 5.93423573586259
31 18 315 185 4.41569085564926 181.305342996553 6.0289869768383
31 19 315 195 2.66352405987713 181.829605638625 5.99031804816471
31 20 315 205 1.78579295261919 181.985917347118 5.88202782765313
31 21 315 215 1.50893089706368 181.934868973869 6.01131294814046
31 22 315 225 1.21817705125315 181.963047602442 6.00682514081785
31 23 315 235 0.954801973193493 182.298174308711 6.11327431039749
31 24 315 245 0.819005612358179 182.833964769682 6.18592688182089
31 25 315 255 0.609787269875515 183.575773868132 5.95537526473174
31 26 315 265 0.371798164716869 183.803579935496 5.61920637358887
31 27 315 275 0.244869364134533 183.480692867467 5.35419109413606
31 28 315 285 0.267566731993579 183.102304945647 5.09124691748456
31 29 315 295 0.450529350398584 182.928029519475 4.9204850206811
31 30 315 305 1.02798052218757 182.424884810689 4.86388293145664
31 31 315 315 2.37189587658248 181.55467057516 5.13476224533434
31 32 315 325 4.26043594711228 180.952092538682 5.939177719619
31 33 315 335 5.97753647578904 180.557997882521 6.21086364261405
31 34 315 345 6.97222366448272 180.304218334026 5.91593107105495
31 35 315 355 7.22468603834776 180.402427491361 5.96380915020235
32 0 325 5 7.031515198947 181.477491213609 7.51659671633428
32 1 325 15 7.06399083027896 181.090571775343 6.80356332774673
32 2 325 25 6.54361092702394 180.89803853922 6.31184671043345
32 3 325 35 5.23514429795878 181.425178120293 6.36804564666823
32 4 325 45 3.64696273835762 182.146021484688 6.4896514697189
32 5 325 55 2.65372799630517 181.981371237843 6.52320863935085
32 6 325 65 2.6141319092085 181.385850156783 6.33928071060894
32 7 325 75 3.18377816491901 180.617831181889 6.00916794202913
32 8 325 85 4.07279799309138 179.988974172266 6.24724993193484
32 9 325 95 5.32127573729799 179.864402112721 6.33063694615868
32 10 325 105 6.55042386903535 180.079180052895 6.46269268438549
32 11 325 115 7.18634847871678 179.872613729796 6.54915989748623
32 12 325 125 7.9321138970292 179.773935136372 6.6148518945674
32 13 325 135 9.11994881837971 179.948352809374 6.15642297410781
32 14 325 145 8.02210846471929 179.898497742101 5.95734104546404
32 15 325 155 7.20303900603887 179.79677687919 5.9886508289427
32 16 325 165 6.70310783457529 180.1567982608 6.06708415860792
32 17 325 175 5.61827219033901 181.257604206003 6.3952417678608
32 18 325 185 3.7121685863657 182.477366640907 6.08331728897565
32 19 325 195 1.94991643835789 182.734618122273 5.71381694126212
32 20 325 205 1.04275640497187 182.411587571216 5.67861179861116
32 21 325 215 0.693110560698341 182.211404358549 5.88550101108905
32 22 325 225 0.372948567362574 182.2730147364 5.91826940406836
32 23 325 235 0.0939493658636184 182.761770117224 5.85680014133738
32 24 325 245 -0.0523865300634237 183.39302902479 5.87396735014479
32 25 325 255 -0.247085143970573 183.948539666408 5.48765903886608
32 26 325 265 -0.470410892509217 183.919528141771 4.94524183872
32 27 325 275 -0.56925204280009 183.372930860288 4.65914752679677
32 28 325 285 -0.495669350820279 182.804019589182 4.48487388990892
32 29 325 295 -0.233544724395152 182.479723343966 4.4298300097763
32 30 325 305 0.418996962663078 182.124576793874 4.55253667353472
32 31 325 315 1.76088147756532 181.661360990336 5.21600042317741
32 32 325 325 3.66051599642336 181.185609589613 6.40019468832573
32 33 325 335 5.49567346517315 180.642258090613 6.28023166839677
32 34 325 345 6.49375974210546 180.586027502299 5.87158656564922
32 35 325 355 6.81730030497977 180.971992699113 6.44759044913631
33 0 335 5 8.16866408216772 181.017575893943 7.21848904283682
33 1 335 15 7.89485965247414 180.5025047454 6.39921873677036
33 2 335 25 6.7850254872882 180.697774511809 5.99262394137037
33 3 335 35 5.07777290771433 181.602315881905 5.97146181782743
33 4 335 45 3.22031447246168 182.35151956326 6.12685194467639
33 5 335 55 1.95809154119798 182.501359942949 6.18615425751232
33 6 335 65 1.80785709538658 182.381074545614 6.11204630146245
33 7 335 75 2.58996345152769 182.201601431729 6.15652588114812
33 8 335 85 3.86503605062516 181.729883576149 6.53160126910256
33 9 335 95 5.30932404694627 180.661511739099 6.28470443063555
33 10 335 105 6.37930251575945 180.085123859587 6.30187337201189
33 11 335 115 6.93443890249161 179.903780109767 6.31684493456109
33 12 335 125 7.44041469727599 179.88410510039 6.19737080827544
33 13 335 135 7.62366907079535 179.872962184964 6.19669380085807
33 14 335 145 7.56372618085809 179.531008016582 6.44707982666943
33 15 335 155 8.42011166693238 179.499017864388 6.27629762555026
33 16 335 165 8.38814376203018 180.224070532737 6.19245877622955
33 17 335 175 5.9463788923889 181.75234171059 6.51912002389851
33 18 335 185 3.42089713918577 182.97160458502 6.04010404123572
33 19 335 195 1.63590371466607 182.955335367765 5.49408137696637
33 20 335 205 0.679447494109853 182.283803286848 5.44529145247416
33 21 335 215 0.311370329459292 182.072427402455 5.68856450186124
33 22 335 225 0.0339916202600807 182.371001950345 5.77622130361279
33 23 335 235 -0.216747407643234 183.019993111599 5.73382660105953
33 24 335 245 -0.370462064676667 183.559979002377 5.69098487277785
33 25 335 255 -0.583086902958246 183.616762858569 5.19359346182484
33 26 335 265 -0.847943853135741 183.1088831208 4.57951215580336
33 27 335 275 -0.992964807356884 182.38523533103 4.29159789531951
33 28 335 285 -0.909252329610984 181.883255445286 4.28025884831886
33 29 335 295 -0.571605863240666 181.71295910758 4.53052368385978
33 30 335 305 0.166072988677145 181.733781547935 4.88844039483849
33 31 335 315 1.4972199387263 181.815221519646 5.53643066439102
33 32 335 325 3.27353713430488 181.490288107344 6.67149687523741
33 33 335 335 4.96296992791585 180.72546649532 6.71699627905498
33 34 335 345 6.17206039921244 180.733285035713 6.06529008625707
33 35 335 355 7.34610811286967 180.833591000808 6.43450759868211
34 0 345 5 10.0652545564619 180.073966838274 6.3466283814675
34 1 345 15 8.26829831380098 179.951482456823 6.19767989112296
34 2 345 25 6.7926038440722 180.58124189448 6.11376777928394
34 3 345 35 5.05233487889672 181.774749786198 6.03626590751014
34 4 345 45 2.88861963159921 182.437461418734 5.81805894420019
34 5 345 55 1.37477119305636 182.598772746633 5.70456996313407
34 6 345 65 1.05753672056296 182.505646863626 5.64677374582846
34 7 345 75 1.82870895433204 182.541659219274 5.80957433906191
34 8 345 85 3.28402771670421 182.086391561531 6.37459827463672
34 9 345 95 4.83024891489242 180.786297967076 6.78585173433114
34 10 345 105 5.89718018274797 179.753783351717 7.16419674472108
34 11 345 115 6.66950295051076 179.262231958322 7.08185213470578
34 12 345 125 7.35625899909201 179.380932109177 6.62207908041675
34 13 345 135 7.31379011872984 179.305181237405 6.8511618676705
34 14 345 145 7.92772967654887 178.778068069743 7.67824517462412
34 15 345 155 10.4421034407749 179.111022212215 7.13694545727792
34 16 345 165 10.3457840494592 179.860818011108 6.43993224267708
34 17 345 175 6.37803798715449 181.029263586758 6.16430177461942
34 18 345 185 3.39235903635233 182.397849132626 5.96212743458905
34 19 345 195 1.63138757462552 182.611497131478 5.49541672219494
34 20 345 205 0.608166448793359 181.861457706916 5.38509039450622
34 21 345 215 0.230971834913889 181.558008079448 5.55782652916183
34 22 345 225 -0.0185016659777367 182.043188009929 5.63453581532521
34 23 345 235 -0.249836900915805 182.768526741683 5.65326486379565
34 24 345 245 -0.419071596393542 183.194956953787 5.58988913164398
34 25 345 255 -0.660313361973436 182.83606606816 5.14291234017143
34 26 345 265 -0.963559873689924 181.988113338415 4.65997307888503
34 27 345 275 -1.14059484878711 181.298604227784 4.47096237794564
34 28 345 285 -1.06242193693759 180.952743527258 4.59474534793353
34 29 345 295 -0.737520761995585 180.951997260596 4.99791494190255
34 30 345 305 -0.0220154010572351 181.389478688882 5.35366672096034
34 31 345 315 1.29163179347335 181.907226790034 5.71582356360313
34 32 345 325 3.11467831510684 181.719565971818 6.45331032379667
34 33 345 335 4.92373582761841 180.705158584819 6.77679766549047
34 34 345 345 6.40771411420052 180.066126839307 6.21691604234513
34 35 345 355 8.49861004406394 179.965054825303 6.13058145537356
35 0 355 5 8.76631679363874 179.64029944764 6.60376755565519
35 1 355 15 7.70256032686426 179.233095070767 6.83840099662115
35 2 355 25 6.75060212345306 180.149515169192 6.42411054717209
35 3 355 35 5.02439487536282 181.837503395068 6.48004167821653
35 4 355 45 2.6407934301731 182.638551481009 5.83415346511759
35 5 355 55 0.934002129558613 182.40820469543 5.22380525198791
35 6 355 65 0.546193926977138 181.65080910555 5.06641293639393
35 7 355 75 1.35039332469976 181.136252014145 5.32164049828057
35 8 355 85 2.81315544281095 180.747756361917 6.0423352207587
35 9 355 95 4.3021010313412 180.218288788998 7.09133804338558
35 10 355 105 5.48376557783947 179.209410982021 7.80552202248208
35 11 355 115 6.44584091949691 178.36481387566 7.75556957207746
35 12 355 125 7.46619520739014 178.882945878141 7.00585471319333
35 13 355 135 7.53554881270879 178.922025608398 7.29018427546804
35 14 355 145 7.41443836832997 177.987673350753 8.64341673564576
35 15 355 155 8.20281237858898 177.446788766715 8.93761804141839
35 16 355 165 8.12937328460504 178.609425825266 7.74032003755572
35 17 355 175 5.73373554501175 180.153480471372 6.52958436958273
35 18 355 185 3.49890235859151 181.45998505979 6.07727193050307
35 19 355 195 1.81806373599009 181.86112543236 5.44563994915984
35 20 355 205 0.731300067145428 181.140537036132 5.28138445600366
35 21 355 215 0.326429545917584 180.796875531979 5.45052838551734
35 22 355 225 0.0717591038838309 181.473881551307 5.51553284323314
35 23 355 235 -0.169221090756183 182.229075583717 5.58049484364672
35 24 355 245 -0.33440304971784 182.518353385955 5.5869372983072
35 25 355 255 -0.533942658199643 182.020436260404 5.32373186924686
35 26 355 265 -0.77404776386377 181.201636676145 5.14693356036188
35 27 355 275 -0.943188901849238 180.718577959282 5.10072155158826
35 28 355 285 -0.954033481804818 180.550165465734 5.22485293118429
35 29 355 295 -0.798205771718697 180.615001632105 5.50053673842592
35 30 355 305 -0.25536177830229 181.043984026407 5.60040675109407
35 31 355 315 1.02872720685424 181.49504137521 5.64350741401364
35 32 355 325 2.96918127175765 181.304827941149 6.09384148373001
35 33 355 335 4.814141893174 180.15158806041 6.86014814696209
35 34 355 345 6.13028027599915 179.061301919109 6.66147062779355
35 35 355 355 7.61609707829068 179.367517656462 6.3735380847436
