0 0 5 5 16.3803241904231 179.928010807529 5.99760034155894
0 1 5 15 16.3803510445281 179.92801079928 5.997600359976
0 2 5 25 16.3803510445281 179.92801079928 5.997600359976
0 3 5 35 16.3803510445281 179.92801079928 5.997600359976
0 4 5 45 16.3803510445281 179.92801079928 5.997600359976
0 5 5 55 16.3803510445281 179.92801079928 5.997600359976
0 6 5 65 16.3803510445281 179.92801079928 5.997600359976
0 7 5 75 16.3803510445281 179.92801079928 5.997600359976
0 8 5 85 16.3803510445281 179.92801079928 5.997600359976
0 9 5 95 16.3803510445281 179.92801079928 5.997600359976
0 10 5 105 16.3803510445281 179.92801079928 5.997600359976
0 11 5 115 16.3803510445281 179.92801079928 5.997600359976
0 12 5 125 16.3803510445281 179.92801079928 5.997600359976
0 13 5 135 16.3803510445281 179.92801079928 5.997600359976
0 14 5 145 16.3803510445281 179.92801079928 5.997600359976
0 15 5 155 16.3803510445281 179.92801079928 5.997600359976
0 16 5 165 16.3803510445281 179.92801079928 5.997600359976
0 17 5 175 16.3803510445281 179.92801079928 5.997600359976
0 18 5 185 16.3803510445281 179.92801079928 5.997600359976
0 19 5 195 16.3803510445281 179.92801079928 5.997600359976
0 20 5 205 16.3803510445281 179.92801079928 5.997600359976
0 21 5 215 16.3803510445281 179.92801079928 5.997600359976
0 22 5 225 16.3798879793033 179.928015282842 5.9975969330183
0 23 5 235 16.3748284351929 179.928066649804 5.99755758998353
0 24 5 245 16.3464666451088 179.928406914135 5.99748981591846
0 25 5 255 16.2293829753371 179.93009886635 5.99845077730525
0 26 5 265 15.8647205731275 179.935542303567 6.00456110082158
0 27 5 275 15.0867731737821 179.944368834301 6.01914888368023
0 28 5 285 14.0343611730976 179.945451928635 6.03095635244678
0 29 5 295 13.2358883294096 179.926979906033 6.01870030559882
0 30 5 305 13.1936877949521 179.902807470669 5.98817477475205
0 31 5 315 13.9801244059439 179.898445789685 5.97206652971408
0 32 5 325 15.1142055478507 179.911360511862 5.97909942420211
0 33 5 335 15.9497336780285 179.922948508859 5.99086433546265
0 34 5 345 16.2966567023226 179.927222355763 5.99634547270972
0 35 5 355 16.3732490301267 179.927962423447 5.99750504647822
1 0 15 5 16.3803510445281 179.92801079928 5.997600359976
1 1 15 15 16.3803510445281 179.92801079928 5.997600359976
1 2 15 25 16.3803510445281 179.92801079928 5.997600359976
1 3 15 35 16.3803510445281 179.92801079928 5.997600359976
1 4 15 45 16.3803510445281 179.92801079928 5.997600359976
1 5 15 55 16.3803510445281 179.92801079928 5.997600359976
1 6 15 65 16.3803510445281 179.92801079928 5.997600359976
1 7 15 75 16.3803510445281 179.92801079928 5.997600359976
1 8 15 85 16.3803510445281 179.92801079928 5.997600359976
1 9 15 95 16.3803510445281 179.92801079928 5.997600359976
1 10 15 105 16.3803510445281 179.92801079928 5.997600359976
1 11 15 115 16.3803510445281 179.92801079928 5.997600359976
1 12 15 125 16.3803510445281 179.92801079928 5.997600359976
1 13 15 135 16.3803510445281 179.92801079928 5.997600359976
1 14 15 145 16.3803510445281 179.92801079928 5.997600359976
1 15 15 155 16.3803510445281 179.92801079928 5.997600359976
1 16 15 165 16.3803510445281 179.92801079928 5.997600359976
1 17 15 175 16.3803510445281 179.92801079928 5.997600359976
1 18 15 185 16.3803510445281 179.92801079928 5.997600359976
1 19 15 195 16.3803510445281 179.92801079928 5.997600359976
1 20 15 205 16.3803510445281 179.92801079928 5.997600359976
1 21 15 215 16.3803510445281 179.92801079928 5.997600359976
1 22 15 225 16.3802774855731 179.928012260055 5.99760209474415
1 23 15 235 16.3794702896787 179.928031054006 5.99762502517771
1 24 15 245 16.373820609227 179.928152911679 5.99777790560885
1 25 15 255 16.3406361295953 179.928685919108 5.9984469825243
1 26 15 265 16.2027390465315 179.930224789995 6.00032036478854
1 27 15 275 15.8375603517005 179.932603047766 6.00302487570066
1 28 15 285 15.2403430497653 179.933000433754 6.00294553467335
1 29 15 295 14.6878609200148 179.92852011417 5.99653731120768
1 30 15 305 14.569097070797 179.922737147481 5.98831126048333
1 31 15 315 14.994054515637 179.921874486502 5.98664938613908
1 32 15 325 15.6524174027454 179.924860350753 5.99112455092686
1 33 15 335 16.1358033619891 179.927212772481 5.99547153293061
1 34 15 345 16.3335982144421 179.927925793143 5.9972297809451
1 35 15 355 16.376509389658 179.928009535209 5.99757370180609
2 0 25 5 16.3798890912192 179.928012852449 5.99759602075826
2 1 25 15 16.3803116535015 179.928010983966 5.99759996959296
2 2 25 25 16.3803510445281 179.92801079928 5.997600359976
2 3 25 35 16.3803510445281 179.92801079928 5.997600359976
2 4 25 45 16.3803510445281 179.92801079928 5.997600359976
2 5 25 55 16.3803510445281 179.92801079928 5.997600359976
2 6 25 65 16.3803510445281 179.92801079928 5.997600359976
2 7 25 75 16.3803510445281 179.92801079928 5.997600359976
2 8 25 85 16.3803510445281 179.92801079928 5.997600359976
2 9 25 95 16.3803510445281 179.92801079928 5.997600359976
2 10 25 105 16.3803510445281 179.92801079928 5.997600359976
2 11 25 115 16.3803510445281 179.92801079928 5.997600359976
2 12 25 125 16.3803510445281 179.92801079928 5.997600359976
2 13 25 135 16.3803510445281 179.92801079928 5.997600359976
2 14 25 145 16.3803510445281 179.92801079928 5.997600359976
2 15 25 155 16.3803510445281 179.92801079928 5.997600359976
2 16 25 165 16.3803510445281 179.92801079928 5.997600359976
2 17 25 175 16.3803510445281 179.92801079928 5.997600359976
2 18 25 185 16.3803510445281 179.92801079928 5.997600359976
2 19 25 195 16.3803510445281 179.92801079928 5.997600359976
2 20 25 205 16.3803510445281 179.92801079928 5.997600359976
2 21 25 215 16.3803510445281 179.92801079928 5.997600359976
2 22 25 225 16.379930645705 179.928028877851 5.99762994049952
2 23 25 235 16.3752977013122 179.928264946309 5.99800583651743
2 24 25 245 16.3538450812597 179.929545603179 5.99995514395701
2 25 25 255 16.29192380847 179.933361167494 6.00504289857357
2 26 25 265 16.1298857521451 179.940641104225 6.01095488636752
2 27 25 275 15.7110815332841 179.951406430034 6.00888383944717
2 28 25 285 14.9089172755076 179.965351657503 5.9930425946696
2 29 25 295 14.0242624662911 179.977459097396 5.97278294042416
2 30 25 305 13.7291166986887 179.977190397592 5.96457334019576
2 31 25 315 14.302195109134 179.962283115612 5.9723431259066
2 32 25 325 15.2755236623604 179.944021649357 5.98540472971081
2 33 25 335 16.002267972354 179.932776192365 5.99390673295776
2 34 25 345 16.3038157096261 179.928835747896 5.99693802635567
2 35 25 355 16.3722855378315 179.928079333818 5.99753546907546
3 0 35 5 16.3747961821154 179.928039243453 5.99753838494879
3 1 35 15 16.3798779514647 179.928013421858 5.99759478527052
3 2 35 25 16.3803510445281 179.92801079928 5.997600359976
3 3 35 35 16.3803510445281 179.92801079928 5.997600359976
3 4 35 45 16.3803510445281 179.92801079928 5.997600359976
3 5 35 55 16.3803510445281 179.92801079928 5.997600359976
3 6 35 65 16.3803510445281 179.92801079928 5.997600359976
3 7 35 75 16.3803510445281 179.92801079928 5.997600359976
3 8 35 85 16.3803510445281 179.92801079928 5.997600359976
3 9 35 95 16.3803510445281 179.92801079928 5.997600359976
3 10 35 105 16.3803510445281 179.92801079928 5.997600359976
3 11 35 115 16.3803510445281 179.92801079928 5.997600359976
3 12 35 125 16.3803510445281 179.92801079928 5.997600359976
3 13 35 135 16.3803510445281 179.92801079928 5.997600359976
3 14 35 145 16.3803510445281 179.92801079928 5.997600359976
3 15 35 155 16.3803510445281 179.92801079928 5.997600359976
3 16 35 165 16.3803510445281 179.92801079928 5.997600359976
3 17 35 175 16.3803510445281 179.92801079928 5.997600359976
3 18 35 185 16.3803510445281 179.92801079928 5.997600359976
3 19 35 195 16.3803510445281 179.92801079928 5.997600359976
3 20 35 205 16.3803510445281 179.92801079928 5.997600359976
3 21 35 215 16.3803510445281 179.92801079928 5.997600359976
3 22 35 225 16.3781697091895 179.928131705662 5.99778250973166
3 23 35 235 16.3541398209372 179.92968963206 6.00005794524977
3 24 35 245 16.2449182212322 179.938057105221 6.01166823558119
3 25 35 255 15.9681397174596 179.962573398372 6.04188226592701
3 26 35 265 15.4688009721166 180.006860599667 6.08006940908793
3 27 35 275 14.6035546652639 180.063449144413 6.08574405549448
3 28 35 285 13.2048564077721 180.122474884631 6.03511447175054
3 29 35 295 11.7298415713428 180.162271497805 5.96378511416116
3 30 35 305 11.2852115245756 180.145220863907 5.9260173250248
3 31 35 315 12.3648570789937 180.070697610335 5.93529538679602
3 32 35 325 14.171918778553 179.990896182218 5.96457017057872
3 33 35 335 15.5549977827313 179.945742244575 5.98632549982451
3 34 35 345 16.1708358166357 179.931039078471 5.99505086295165
3 35 35 355 16.3417628425253 179.928323669962 5.99717223575885
4 0 45 5 16.352116834938 179.928177609796 5.99723183255833
4 1 45 15 16.3779535021451 179.928026407649 5.99756702830833
4 2 45 25 16.3803510445281 179.92801079928 5.997600359976
4 3 45 35 16.3803510445281 179.92801079928 5.997600359976
4 4 45 45 16.3803510445281 179.92801079928 5.997600359976
4 5 45 55 16.3803510445281 179.92801079928 5.997600359976
4 6 45 65 16.3803510445281 179.92801079928 5.997600359976
4 7 45 75 16.3803510445281 179.92801079928 5.997600359976
4 8 45 85 16.3803510445281 179.92801079928 5.997600359976
4 9 45 95 16.3803510445281 179.92801079928 5.997600359976
4 10 45 105 16.3803510445281 179.92801079928 5.997600359976
4 11 45 115 16.3803510445281 179.92801079928 5.997600359976
4 12 45 125 16.3803510445281 179.92801079928 5.997600359976
4 13 45 135 16.3803510445281 179.92801079928 5.997600359976
4 14 45 145 16.3803510445281 179.92801079928 5.997600359976
4 15 45 155 16.3803510445281 179.92801079928 5.997600359976
4 16 45 165 16.3803510445281 179.92801079928 5.997600359976
4 17 45 175 16.3803510445281 179.92801079928 5.997600359976
4 18 45 185 16.3803510445281 179.92801079928 5.997600359976
4 19 45 195 16.3803510445281 179.92801079928 5.997600359976
4 20 45 205 16.3803510445281 179.92801079928 5.997600359976
4 21 45 215 16.3803510445281 179.92801079928 5.997600359976
4 22 45 225 16.3739137756225 179.928447779702 5.99821565912003
4 23 45 235 16.303005180803 179.934031179227 6.00579027372573
4 24 45 245 15.9808248462156 179.963956981563 6.04396033037328
4 25 45 255 15.1855605451319 180.05191875966 6.14292467900887
4 26 45 265 13.9380748147268 180.210303071791 6.27268429455842
4 27 45 275 12.3750700177249 180.40220642383 6.31702589487713
4 28 45 285 10.4972840253753 180.571023130978 6.20760793053179
4 29 45 295 8.79990174811729 180.645524312858 6.02909928286615
4 30 45 305 8.47947610862132 180.548250646616 5.90902936459986
4 31 45 315 10.0843410561789 180.313408261188 5.89041667389763
4 32 45 325 12.6423540211574 180.090869720929 5.93019637791432
4 33 45 335 14.7105389917302 179.973041262763 5.97001262580266
4 34 45 345 15.7988032410649 179.936173233803 5.98932911758902
4 35 45 355 16.2238466202899 179.92916465259 5.99558037850486
5 0 55 5 16.3006608232027 179.928556026112 5.99641148692428
5 1 55 15 16.3736261375748 179.928061550917 5.99749170674498
5 2 55 25 16.3803510445281 179.92801079928 5.997600359976
5 3 55 35 16.3803510445281 179.92801079928 5.997600359976
5 4 55 45 16.3803510445281 179.92801079928 5.997600359976
5 5 55 55 16.3803510445281 179.92801079928 5.997600359976
5 6 55 65 16.3803510445281 179.92801079928 5.997600359976
5 7 55 75 16.3803510445281 179.92801079928 5.997600359976
5 8 55 85 16.3803510445281 179.92801079928 5.997600359976
5 9 55 95 16.3803510445281 179.92801079928 5.997600359976
5 10 55 105 16.3803510445281 179.92801079928 5.997600359976
5 11 55 115 16.3803510445281 179.92801079928 5.997600359976
5 12 55 125 16.3803510445281 179.92801079928 5.997600359976
5 13 55 135 16.3803510445281 179.92801079928 5.997600359976
5 14 55 145 16.3803510445281 179.92801079928 5.997600359976
5 15 55 155 16.3803510445281 179.92801079928 5.997600359976
5 16 55 165 16.3803510445281 179.92801079928 5.997600359976
5 17 55 175 16.3803510445281 179.92801079928 5.997600359976
5 18 55 185 16.3803510445281 179.92801079928 5.997600359976
5 19 55 195 16.3803510445281 179.92801079928 5.997600359976
5 20 55 205 16.3803510445281 179.92801079928 5.997600359976
5 21 55 215 16.3803510445281 179.92801079928 5.997600359976
5 22 55 225 16.3680354881443 179.928971750408 5.99886149849788
5 23 55 235 16.2323053186208 179.941200039903 6.0141784725657
5 24 55 245 15.6150674458999 180.007083665948 6.0904851553559
5 25 55 255 14.1034622642804 180.204123782915 6.28727379049142
5 26 55 265 11.8592325064486 180.568613891492 6.54971226906502
5 27 55 275 9.53278170701848 181.015000585997 6.66299707900678
5 28 55 285 7.48103286047907 181.378718683986 6.49595234043258
5 29 55 295 6.06193530197646 181.48255100551 6.18123743364289
5 30 55 305 6.08753741713359 181.215618047226 5.93329524302784
5 31 55 315 7.92667498531991 180.706266030597 5.84936453936974
5 32 55 325 10.7487539022901 180.255079180233 5.88458697128604
5 33 55 335 13.3125437465259 180.021108980074 5.94274991106727
5 34 55 345 15.0475322104567 179.946763323747 5.97733028421007
5 35 55 355 15.9626652428463 179.931295274348 5.99162500280068
6 0 65 5 16.2398118310974 179.929134993988 5.99530526110267
6 1 65 15 16.3686335016799 179.928110179415 5.99738847955414
6 2 65 25 16.3803510445281 179.92801079928 5.997600359976
6 3 65 35 16.3803510445281 179.92801079928 5.997600359976
6 4 65 45 16.3803510445281 179.92801079928 5.997600359976
6 5 65 55 16.3803510445281 179.92801079928 5.997600359976
6 6 65 65 16.3803510445281 179.92801079928 5.997600359976
6 7 65 75 16.3803510445281 179.92801079928 5.997600359976
6 8 65 85 16.3803510445281 179.92801079928 5.997600359976
6 9 65 95 16.3803510445281 179.92801079928 5.997600359976
6 10 65 105 16.3803510445281 179.92801079928 5.997600359976
6 11 65 115 16.3803510445281 179.92801079928 5.997600359976
6 12 65 125 16.3803510445281 179.92801079928 5.997600359976
6 13 65 135 16.3803510445281 179.92801079928 5.997600359976
6 14 65 145 16.3803510445281 179.92801079928 5.997600359976
6 15 65 155 16.3803510445281 179.92801079928 5.997600359976
6 16 65 165 16.3803510445281 179.92801079928 5.997600359976
6 17 65 175 16.3803510445281 179.92801079928 5.997600359976
6 18 65 185 16.3803510445281 179.92801079928 5.997600359976
6 19 65 195 16.3803510445281 179.92801079928 5.997600359976
6 20 65 205 16.3803510445281 179.92801079928 5.997600359976
6 21 65 215 16.3803510445281 179.92801079928 5.997600359976
6 22 65 225 16.3632486571759 179.929421962591 5.99926026813164
6 23 65 235 16.1745228551488 179.94742519425 6.01915920883235
6 24 65 245 15.3145804197501 180.04588026063 6.11719972589777
6 25 65 255 13.2092347485335 180.349599065751 6.36853642063296
6 26 65 265 10.1371726444139 180.937594869814 6.70685602728896
6 27 65 275 7.20572060362854 181.687317526826 6.8693956775585
6 28 65 285 5.11021487167976 182.289896313896 6.68432354643712
6 29 65 295 4.03492370957323 182.424836871918 6.2875701789203
6 30 65 305 4.2882525867889 181.973544039328 5.93948904417757
6 31 65 315 6.0128830560691 181.179658461065 5.79676027680385
6 32 65 325 8.72899158199042 180.478117090048 5.83005340870412
6 33 65 335 11.6628256697736 180.097784992258 5.90969052264381
6 34 65 345 14.134350228238 179.966064952342 5.96220359372894
6 35 65 355 15.6473060145405 179.935083673874 5.98643488927981
7 0 75 5 16.2045483111216 179.929686986263 5.9947010780433
7 1 75 15 16.3657137374641 179.928138982827 5.99733526712501
7 2 75 25 16.3803131312223 179.928010954161 5.99760009489935
7 3 75 35 16.3803510445281 179.92801079928 5.997600359976
7 4 75 45 16.3803510445281 179.92801079928 5.997600359976
7 5 75 55 16.3803510445281 179.92801079928 5.997600359976
7 6 75 65 16.3803510445281 179.92801079928 5.997600359976
7 7 75 75 16.3803510445281 179.92801079928 5.997600359976
7 8 75 85 16.3803510445281 179.92801079928 5.997600359976
7 9 75 95 16.3803510445281 179.92801079928 5.997600359976
7 10 75 105 16.3803510445281 179.92801079928 5.997600359976
7 11 75 115 16.3803510445281 179.92801079928 5.997600359976
7 12 75 125 16.3803510445281 179.92801079928 5.997600359976
7 13 75 135 16.3803510445281 179.92801079928 5.997600359976
7 14 75 145 16.3803510445281 179.92801079928 5.997600359976
7 15 75 155 16.3803510445281 179.92801079928 5.997600359976
7 16 75 165 16.3803510445281 179.92801079928 5.997600359976
7 17 75 175 16.3803510445281 179.92801079928 5.997600359976
7 18 75 185 16.3803510445281 179.92801079928 5.997600359976
7 19 75 195 16.380307601424 179.928010939636 5.99759930664961
7 20 75 205 16.3798348940148 179.928012471313 5.99758781098446
7 21 75 215 16.3777357219939 179.928018757853 5.99753718254282
7 22 75 225 16.3532401317894 179.929609084921 5.99890149501512
7 23 75 235 16.1301127859854 179.950091134608 6.01634342700159
7 24 75 245 15.1356555339778 180.065071459482 6.10229438545203
7 25 75 255 12.7060605421338 180.432958522704 6.32210508695575
7 26 75 265 9.1756337645045 181.174259361743 6.61925131407825
7 27 75 275 5.90024042810287 182.144542283855 6.76541246517932
7 28 75 285 3.76298079433354 182.91623410403 6.59647986101497
7 29 75 295 2.8247030162584 183.079610800185 6.20847675966325
7 30 75 305 3.07036394342161 182.548043968999 5.84485600323218
7 31 75 315 4.56114410131629 181.612001213512 5.69676047090585
7 32 75 325 7.17614651890823 180.734456389708 5.75687893275477
7 33 75 335 10.4628904495332 180.205990348502 5.87329649489015
7 34 75 345 13.5221094309082 179.996365055044 5.94928620199711
7 35 75 355 15.4526070769567 179.94041252091 5.98304623871225
8 0 85 5 16.1693350677759 179.930416850307 5.99429698757553
8 1 85 15 16.3585156891954 179.928192964229 5.99727008817908
8 2 85 25 16.37942807119 179.928019119462 5.99758689059748
8 3 85 35 16.3803083033538 179.928011324384 5.99759953611273
8 4 85 45 16.3803510445281 179.92801079928 5.997600359976
8 5 85 55 16.3803510445281 179.92801079928 5.997600359976
8 6 85 65 16.3803510445281 179.92801079928 5.997600359976
8 7 85 75 16.3803510445281 179.92801079928 5.997600359976
8 8 85 85 16.3803510445281 179.92801079928 5.997600359976
8 9 85 95 16.3803510445281 179.92801079928 5.997600359976
8 10 85 105 16.3803510445281 179.92801079928 5.997600359976
8 11 85 115 16.3803510445281 179.92801079928 5.997600359976
8 12 85 125 16.3803510445281 179.92801079928 5.997600359976
8 13 85 135 16.3803510445281 179.92801079928 5.997600359976
8 14 85 145 16.3803510445281 179.92801079928 5.997600359976
8 15 85 155 16.3803510445281 179.92801079928 5.997600359976
8 16 85 165 16.3803510445281 179.92801079928 5.997600359976
8 17 85 175 16.3803510445281 179.92801079928 5.997600359976
8 18 85 185 16.3803510445281 179.92801079928 5.997600359976
8 19 85 195 16.3798492049978 179.928012330702 5.99758886786171
8 20 85 205 16.3743891299515 179.928029041181 5.99746345928629
8 21 85 215 16.3501345664688 179.928097455913 5.9969110502116
8 22 85 225 16.2730992540763 179.929810015794 5.99659636309362
8 23 85 235 15.9718017638578 179.951289865884 6.0064069342049
8 24 85 245 14.8776995368059 180.075662950266 6.06203158904717
8 25 85 255 12.3048488540106 180.483507120081 6.20883154231574
8 26 85 265 8.60167772014073 181.309503628274 6.40773820166003
8 27 85 275 5.21419753795725 182.362779118745 6.49017648756026
8 28 85 285 3.07705286683777 183.14642005368 6.32102364880982
8 29 85 295 2.15821513825192 183.284393645653 5.96318336333397
8 30 85 305 2.3021855834976 182.777075473668 5.62647610962236
8 31 85 315 3.61358220115451 181.879449544413 5.50984993744281
8 32 85 325 6.21981673791817 180.959210063271 5.62558762037736
8 33 85 335 9.77589558541919 180.326525780666 5.80795934080134
8 34 85 345 13.1774587281019 180.035853494717 5.92863918064537
8 35 85 355 15.3265864762523 179.947825307766 5.9792991399905
9 0 95 5 16.0048411088929 179.93276213811 5.9910625070173
9 1 95 15 16.3136367748169 179.928667568822 5.99652459995488
9 2 95 25 16.372459153201 179.928096707769 5.99746258558615
9 3 95 35 16.3798430787033 179.928017074169 5.99759051339854
9 4 95 45 16.3803510445281 179.92801079928 5.997600359976
9 5 95 55 16.3803510445281 179.92801079928 5.997600359976
9 6 95 65 16.3803510445281 179.92801079928 5.997600359976
9 7 95 75 16.3803510445281 179.92801079928 5.997600359976
9 8 95 85 16.3803510445281 179.92801079928 5.997600359976
9 9 95 95 16.3803510445281 179.92801079928 5.997600359976
9 10 95 105 16.3803510445281 179.92801079928 5.997600359976
9 11 95 115 16.3803510445281 179.92801079928 5.997600359976
9 12 95 125 16.3803510445281 179.92801079928 5.997600359976
9 13 95 135 16.3803510445281 179.92801079928 5.997600359976
9 14 95 145 16.3803510445281 179.92801079928 5.997600359976
9 15 95 155 16.3803510445281 179.92801079928 5.997600359976
9 16 95 165 16.3803510445281 179.92801079928 5.997600359976
9 17 95 175 16.3803510445281 179.92801079928 5.997600359976
9 18 95 185 16.3803510445281 179.92801079928 5.997600359976
9 19 95 195 16.377931130833 179.928017639452 5.99754903470402
9 20 95 205 16.3516039796418 179.928092271391 5.99698899066934
9 21 95 215 16.2346033016248 179.928396746442 5.99452134069622
9 22 95 225 15.9419417470644 179.930558853412 5.98938033003377
9 23 95 235 15.3642087599892 179.95374837706 5.98846991322717
9 24 95 245 14.0924275038628 180.090474897733 6.01610469250276
9 25 95 255 11.5128497010297 180.541084137364 6.10225065576146
9 26 95 265 7.90842404782911 181.427974763031 6.21590946526234
9 27 95 275 4.63791085121864 182.477023307626 6.22148504332089
9 28 95 285 2.58814193696094 183.144423002705 6.00652351208717
9 29 95 295 1.68443525103634 183.166415770923 5.63698751790011
9 30 95 305 1.74314166354024 182.680133404337 5.31409000109028
9 31 95 315 2.91064978297221 181.906639535088 5.23226842976033
9 32 95 325 5.41322397727112 181.066975352325 5.41495150861301
9 33 95 335 8.98442648141853 180.417329486388 5.68762127614974
9 34 95 345 12.5425378470722 180.076551781032 5.88079200331584
9 35 95 355 14.9398375416989 179.959099595088 5.96578034869183
10 0 105 5 15.52540554781 179.939292394733 5.98021185583285
10 1 105 15 16.1635748302493 179.930490761083 5.99357094353145
10 2 105 25 16.3458815488423 179.928417151449 5.99695169002025
10 3 105 35 16.3778153919841 179.928042323355 5.99755088307637
10 4 105 45 16.3803510445281 179.92801079928 5.997600359976
10 5 105 55 16.3803510445281 179.92801079928 5.997600359976
10 6 105 65 16.3803510445281 179.92801079928 5.997600359976
10 7 105 75 16.3803510445281 179.92801079928 5.997600359976
10 8 105 85 16.3803510445281 179.92801079928 5.997600359976
10 9 105 95 16.3803510445281 179.92801079928 5.997600359976
10 10 105 105 16.3803510445281 179.92801079928 5.997600359976
10 11 105 115 16.3803510445281 179.92801079928 5.997600359976
10 12 105 125 16.3803510445281 179.92801079928 5.997600359976
10 13 105 135 16.3803510445281 179.92801079928 5.997600359976
10 14 105 145 16.3803510445281 179.92801079928 5.997600359976
10 15 105 155 16.3803510445281 179.92801079928 5.997600359976
10 16 105 165 16.3803510445281 179.92801079928 5.997600359976
10 17 105 175 16.3803510445281 179.92801079928 5.997600359976
10 18 105 185 16.3803138816323 179.928010852573 5.99760012296084
10 19 105 195 16.3735736801792 179.928027760144 5.99747571951391
10 20 105 205 16.3028921232519 179.928208187357 5.99613634076063
10 21 105 215 15.9926681681175 179.928934998893 5.9902634835743
10 22 105 225 15.2561567613687 179.932006897053 5.97730725980756
10 23 105 235 14.1237235047179 179.958575298541 5.96511660248869
10 24 105 245 12.5497623050129 180.113203984721 5.97573725151892
10 25 105 255 10.1056955965967 180.613983221273 6.0244201340864
10 26 105 265 6.88816103714827 181.555054294997 6.06512744121529
10 27 105 275 3.94766262434068 182.565244760573 5.97084740990384
10 28 105 285 2.05158105056385 183.060895715134 5.66457535973553
10 29 105 295 1.17685478893144 182.896722237373 5.25148431853436
10 30 105 305 1.19728939737343 182.361151728745 4.94240082622945
10 31 105 315 2.24764017104271 181.69713005832 4.91284388387354
10 32 105 325 4.50181654073223 181.008595077123 5.17280626702275
10 33 105 335 7.77018232407655 180.439900376212 5.53596355922834
10 34 105 345 11.2579057017829 180.10775373901 5.80515006460528
10 35 105 355 13.978030724285 179.976217643423 5.93471201586002
11 0 115 5 14.7303775011129 179.950217305429 5.9616462239763
11 1 115 15 15.8876481132429 179.934049546867 5.98782642714636
11 2 115 25 16.2925547157882 179.929086128069 5.9958894432362
11 3 115 35 16.3734359686155 179.928097409309 5.99746439681006
11 4 115 45 16.3803510445281 179.92801079928 5.997600359976
11 5 115 55 16.3803510445281 179.92801079928 5.997600359976
11 6 115 65 16.3803510445281 179.92801079928 5.997600359976
11 7 115 75 16.3803510445281 179.92801079928 5.997600359976
11 8 115 85 16.3803510445281 179.92801079928 5.997600359976
11 9 115 95 16.3803510445281 179.92801079928 5.997600359976
11 10 115 105 16.3803510445281 179.92801079928 5.997600359976
11 11 115 115 16.3803510445281 179.92801079928 5.997600359976
11 12 115 125 16.3803510445281 179.92801079928 5.997600359976
11 13 115 135 16.3803510445281 179.92801079928 5.997600359976
11 14 115 145 16.3803510445281 179.92801079928 5.997600359976
11 15 115 155 16.3803510445281 179.92801079928 5.997600359976
11 16 115 165 16.3803510445281 179.92801079928 5.997600359976
11 17 115 175 16.3803510445281 179.92801079928 5.997600359976
11 18 115 185 16.3799129491386 179.928011402858 5.99759767593154
11 19 115 195 16.3652598622062 179.928042084739 5.99739523951553
11 20 115 205 16.2370251388656 179.928331087995 5.9953902468942
11 21 115 215 15.7144949135947 179.929434825497 5.98690324172656
11 22 115 225 14.5389988882732 179.933374697855 5.96867271674826
11 23 115 235 12.9022633436528 179.963604532406 5.95121497655027
11 24 115 245 11.0891852242604 180.133717560335 5.95598620080033
11 25 115 255 8.80895169006558 180.665915290855 5.97619620512946
11 26 115 265 5.95891323069033 181.615842406468 5.93108376680508
11 27 115 275 3.29275253525322 182.541597350807 5.7022977717623
11 28 115 285 1.4917976063456 182.853186054542 5.27994582107947
11 29 115 295 0.626204661204264 182.499239110536 4.82615175897929
11 30 115 305 0.642076022974666 181.880870507045 4.55745464768952
11 31 115 315 1.63229723333996 181.293450855949 4.61710776304893
11 32 115 325 3.63297587774527 180.78519345987 4.97191432001023
11 33 115 335 6.44202538982762 180.376340160963 5.40860577183987
11 34 115 345 9.6178324218969 180.1172038833 5.72808824223345
11 35 115 355 12.565391809023 179.995971160622 5.8925635386633
12 0 125 5 14.1036417424158 179.958584560842 5.94784298300018
12 1 125 15 15.6483709467577 179.937207037573 5.98284648067821
12 2 125 25 16.2427247641692 179.929725663705 5.9948795913613
12 3 125 35 16.3690968262181 179.928152930611 5.99737718466768
12 4 125 45 16.3803510445281 179.92801079928 5.997600359976
12 5 125 55 16.3803510445281 179.92801079928 5.997600359976
12 6 125 65 16.3803510445281 179.92801079928 5.997600359976
12 7 125 75 16.3803510445281 179.92801079928 5.997600359976
12 8 125 85 16.3803510445281 179.92801079928 5.997600359976
12 9 125 95 16.3803510445281 179.92801079928 5.997600359976
12 10 125 105 16.3803510445281 179.92801079928 5.997600359976
12 11 125 115 16.3803510445281 179.92801079928 5.997600359976
12 12 125 125 16.3803510445281 179.92801079928 5.997600359976
12 13 125 135 16.3803510445281 179.92801079928 5.997600359976
12 14 125 145 16.3803510445281 179.92801079928 5.997600359976
12 15 125 155 16.3803510445281 179.92801079928 5.997600359976
12 16 125 165 16.3803510445281 179.92801079928 5.997600359976
12 17 125 175 16.3803510445281 179.92801079928 5.997600359976
12 18 125 185 16.3781852070054 179.928013636844 5.99758774349711
12 19 125 195 16.344917518226 179.928073391518 5.99726999776942
12 20 125 205 16.1371140623296 179.928510260599 5.9947609982771
12 21 125 215 15.4498782105087 179.929979352663 5.98537211622805
12 22 125 225 14.1318128831471 179.934376793913 5.96734305882161
12 23 125 235 12.5395132489817 179.964480503242 5.95323330227351
12 24 125 245 10.9169331594322 180.128955431792 5.95890841512429
12 25 125 255 8.75933917151754 180.630595575603 5.95301959535054
12 26 125 265 5.86836385090435 181.495090178765 5.8261638716934
12 27 125 275 3.07427738365868 182.277998487333 5.47836549720585
12 28 125 285 1.16262657794733 182.43207193821 4.9657089064376
12 29 125 295 0.24393101574566 181.955293825206 4.49198457266783
12 30 125 305 0.253277845158984 181.289732566789 4.27319302936653
12 31 125 315 1.24400590316948 180.775058866486 4.42756167901458
12 32 125 325 3.16002888581159 180.45164708635 4.8738430110899
12 33 125 335 5.71860151747358 180.238040663341 5.36052892200759
12 34 125 345 8.61546287722321 180.092336880831 5.69572938348207
12 35 125 355 11.5765740133551 180.004713359208 5.86819719308193
13 0 135 5 14.2452957394022 179.956378344747 5.952975242973
13 1 135 15 15.6788709548449 179.936857438979 5.9836565341398
13 2 135 25 16.2453876771979 179.929701477765 5.99492484357495
13 3 135 35 16.3690856548724 179.928154310747 5.99737496206936
13 4 135 45 16.3803510445281 179.92801079928 5.997600359976
13 5 135 55 16.3803510445281 179.92801079928 5.997600359976
13 6 135 65 16.3803510445281 179.92801079928 5.997600359976
13 7 135 75 16.3803510445281 179.92801079928 5.997600359976
13 8 135 85 16.3803510445281 179.92801079928 5.997600359976
13 9 135 95 16.3803510445281 179.92801079928 5.997600359976
13 10 135 105 16.3803510445281 179.92801079928 5.997600359976
13 11 135 115 16.3803510445281 179.92801079928 5.997600359976
13 12 135 125 16.3803510445281 179.92801079928 5.997600359976
13 13 135 135 16.3803510445281 179.92801079928 5.997600359976
13 14 135 145 16.3803510445281 179.92801079928 5.997600359976
13 15 135 155 16.3803510445281 179.92801079928 5.997600359976
13 16 135 165 16.3803510445281 179.92801079928 5.997600359976
13 17 135 175 16.3803510445281 179.92801079928 5.997600359976
13 18 135 185 16.3745113647163 179.928017980385 5.99756843735014
13 19 135 195 16.3044354948615 179.928134711983 5.99702359229774
13 20 135 205 15.9576183200197 179.928863858642 5.99350304785374
13 21 135 215 15.0552834122726 179.93108008797 5.98223844763474
13 22 135 225 13.7545853348206 179.935981747281 5.96410619325441
13 23 135 235 12.682952322289 179.960543128054 5.95455645779902
13 24 135 245 11.7452643972265 180.092544207068 5.96309457339632
13 25 135 255 9.82095420055212 180.501099977931 5.94332936433858
13 26 135 265 6.62646422785318 181.209195318335 5.78188149602308
13 27 135 275 3.40166315153633 181.831196667885 5.39712553837497
13 28 135 285 1.22898519445537 181.87808698042 4.86633057493973
13 29 135 295 0.217417102054074 181.351347278265 4.39918736434148
13 30 135 305 0.219156568607775 180.691160672558 4.21366117570499
13 31 135 315 1.27574857875727 180.266476586559 4.42255692649581
13 32 135 325 3.36344273718755 180.116932091341 4.91694113894957
13 33 135 335 6.14202366131768 180.081117737757 5.41734313575647
13 34 135 345 9.11580740378989 180.041955147521 5.73607881992687
13 35 135 355 11.9264948695204 179.993170676293 5.88634523259692
14 0 145 5 15.0398345665114 179.946244325459 5.97194236833263
14 1 145 15 15.9528867824385 179.933431442442 5.98938856009814
14 2 145 25 16.2981810377504 179.929039461 5.9959761802184
14 3 145 35 16.3734160864679 179.928099865598 5.99746044115163
14 4 145 45 16.3803510445281 179.92801079928 5.997600359976
14 5 145 55 16.3803510445281 179.92801079928 5.997600359976
14 6 145 65 16.3803510445281 179.92801079928 5.997600359976
14 7 145 75 16.3803510445281 179.92801079928 5.997600359976
14 8 145 85 16.3803510445281 179.92801079928 5.997600359976
14 9 145 95 16.3803510445281 179.92801079928 5.997600359976
14 10 145 105 16.3803510445281 179.92801079928 5.997600359976
14 11 145 115 16.3803510445281 179.92801079928 5.997600359976
14 12 145 125 16.3803510445281 179.92801079928 5.997600359976
14 13 145 135 16.3803510445281 179.92801079928 5.997600359976
14 14 145 145 16.3803510445281 179.92801079928 5.997600359976
14 15 145 155 16.3803510445281 179.92801079928 5.997600359976
14 16 145 165 16.3803510445281 179.92801079928 5.997600359976
14 17 145 175 16.3803510445281 179.92801079928 5.997600359976
14 18 145 185 16.3709697998174 179.928021463015 5.99755296818468
14 19 145 195 16.2651823559849 179.928185952057 5.99681152167507
14 20 145 205 15.7818862953702 179.929171828391 5.99232161353647
14 21 145 215 14.6616203188117 179.932084071988 5.97886434890477
14 22 145 225 13.3565033353531 179.93728746131 5.95903258417615
14 23 145 235 12.7755499902784 179.954329708415 5.95068445095735
14 24 145 245 12.5364693447947 180.046514549338 5.96027494607053
14 25 145 255 10.9337167580857 180.351536883097 5.93990221697269
14 26 145 265 7.55172033325391 180.905225309984 5.7914864857509
14 27 145 275 3.97282957770237 181.391157149383 5.44570280768967
14 28 145 285 1.56869891685508 181.366592922703 4.96134795370021
14 29 145 295 0.478978954326264 180.82597769396 4.527333037266
14 30 145 305 0.503958520367431 180.206601494436 4.36572198790927
14 31 145 315 1.71569401431522 179.888142949121 4.59098016504483
14 32 145 325 4.18445680076262 179.885830364136 5.07981246140011
14 33 145 335 7.50536184969131 179.972902064384 5.54704118264846
14 34 145 345 10.7973593334937 179.996958832731 5.82027333208712
14 35 145 355 13.3539363883756 179.971816187336 5.9312231615037
15 0 155 5 15.8077743595828 179.93674162165 5.98818123514122
15 1 155 15 16.2185175335705 179.930148587001 5.99467111271669
15 2 155 25 16.3503469699747 179.92838518739 5.99701037534481
15 3 155 35 16.3778038709243 179.928043746695 5.99754859090059
15 4 155 45 16.3803510445281 179.92801079928 5.997600359976
15 5 155 55 16.3803510445281 179.92801079928 5.997600359976
15 6 155 65 16.3803510445281 179.92801079928 5.997600359976
15 7 155 75 16.3803510445281 179.92801079928 5.997600359976
15 8 155 85 16.3803510445281 179.92801079928 5.997600359976
15 9 155 95 16.3803510445281 179.92801079928 5.997600359976
15 10 155 105 16.3803510445281 179.92801079928 5.997600359976
15 11 155 115 16.3803510445281 179.92801079928 5.997600359976
15 12 155 125 16.3803510445281 179.92801079928 5.997600359976
15 13 155 135 16.3803510445281 179.92801079928 5.997600359976
15 14 155 145 16.3803510445281 179.92801079928 5.997600359976
15 15 155 155 16.3803510445281 179.92801079928 5.997600359976
15 16 155 165 16.3803510445281 179.92801079928 5.997600359976
15 17 155 175 16.3803510445281 179.92801079928 5.997600359976
15 18 155 185 16.3710900281443 179.928020393779 5.99755773442022
15 19 155 195 16.2681370858299 179.928167311624 5.99690018719503
15 20 155 205 15.8071485954842 179.929042253217 5.99296473953127
15 21 155 215 14.7732991856318 179.931617322498 5.98132493548243
15 22 155 225 13.6567196465316 179.935857099785 5.9644691390603
15 23 155 235 13.3250810539407 179.946966327915 5.95730901805325
15 24 155 245 13.3040624709665 180.010918395335 5.96330554685886
15 25 155 255 11.8277252905789 180.240321591995 5.94180378606312
15 26 155 265 8.42995676830389 180.676443001725 5.81573862126088
15 27 155 275 4.6976221163433 181.056615236967 5.52616412050753
15 28 155 285 2.12093865832059 180.989850481907 5.10899688121142
15 29 155 295 0.943564390257734 180.478073283941 4.72575649028941
15 30 155 305 1.00937094600565 179.934949115456 4.59176169869615
15 31 155 315 2.46141545904744 179.708085635263 4.81513634077249
15 32 155 325 5.39971102912427 179.784273755853 5.26612481546354
15 33 155 335 9.20562211061503 179.91984175574 5.67366129838944
15 34 155 345 12.617466137485 179.96651064298 5.89264664367163
15 35 155 355 14.7758425050736 179.95316214389 5.96809338276032
16 0 165 5 16.2000537458313 179.931291556988 5.99520483338333
16 1 165 15 16.3435401686614 179.928572936625 5.99701236038135
16 2 165 25 16.3743500321729 179.928085368511 5.99748304095461
16 3 165 35 16.3798400434509 179.928017449152 5.997589909519
16 4 165 45 16.3803510445281 179.92801079928 5.997600359976
16 5 165 55 16.3803510445281 179.92801079928 5.997600359976
16 6 165 65 16.3803510445281 179.92801079928 5.997600359976
16 7 165 75 16.3803510445281 179.92801079928 5.997600359976
16 8 165 85 16.3803510445281 179.92801079928 5.997600359976
16 9 165 95 16.3803510445281 179.92801079928 5.997600359976
16 10 165 105 16.3803510445281 179.92801079928 5.997600359976
16 11 165 115 16.3803510445281 179.92801079928 5.997600359976
16 12 165 125 16.3803510445281 179.92801079928 5.997600359976
16 13 165 135 16.3803510445281 179.92801079928 5.997600359976
16 14 165 145 16.3803510445281 179.92801079928 5.997600359976
16 15 165 155 16.3803510445281 179.92801079928 5.997600359976
16 16 165 165 16.3803510445281 179.92801079928 5.997600359976
16 17 165 175 16.3803510445281 179.92801079928 5.997600359976
16 18 165 185 16.3747253404894 179.928016077417 5.99757692003439
16 19 165 195 16.3123599230386 179.928097000773 5.99721539828691
16 20 165 205 16.0342450716608 179.928579220748 5.9950526851429
16 21 165 215 15.4149044601619 179.929999716108 5.98866286009686
16 22 165 225 14.7552479356981 179.932317244275 5.97940903534915
16 23 165 235 14.5511071286444 179.93925254315 5.97511711158095
16 24 165 245 14.3768331406667 179.98465007337 5.9753741827787
16 25 165 255 12.8950993353394 180.155826277963 5.95045247300759
16 26 165 265 9.67255824812508 180.489761644265 5.84380452668017
16 27 165 275 5.97584567104296 180.784506104194 5.60834703948646
16 28 165 285 3.26191744490502 180.736176599601 5.26800615984864
16 29 165 295 1.96031454418092 180.350935326494 4.95257519976733
16 30 165 305 2.04349938038256 179.940612870513 4.84200289273297
16 31 165 315 3.72671502019819 179.757793438702 5.02950451330378
16 32 165 325 7.01006648111955 179.800701137394 5.40964635396667
16 33 165 335 10.9286842509769 179.899921600768 5.75107560035729
16 34 165 345 14.0181959295194 179.941801396326 5.92882690643682
16 35 165 355 15.6336353870844 179.939110094653 5.98442120318103
17 0 175 5 16.3302710777517 179.928884890601 5.996901943872
17 1 175 15 16.3753401717546 179.92811946393 5.99754417024072
17 2 175 25 16.3798462447651 179.928017045251 5.99759054672183
17 3 175 35 16.3803079960644 179.928011362347 5.99759947497588
17 4 175 45 16.3803510445281 179.92801079928 5.997600359976
17 5 175 55 16.3803510445281 179.92801079928 5.997600359976
17 6 175 65 16.3803510445281 179.92801079928 5.997600359976
17 7 175 75 16.3803510445281 179.92801079928 5.997600359976
17 8 175 85 16.3803510445281 179.92801079928 5.997600359976
17 9 175 95 16.3803510445281 179.92801079928 5.997600359976
17 10 175 105 16.3803510445281 179.92801079928 5.997600359976
17 11 175 115 16.3803510445281 179.92801079928 5.997600359976
17 12 175 125 16.3803510445281 179.92801079928 5.997600359976
17 13 175 135 16.3803510445281 179.92801079928 5.997600359976
17 14 175 145 16.3803510445281 179.92801079928 5.997600359976
17 15 175 155 16.3803510445281 179.92801079928 5.997600359976
17 16 175 165 16.3803510445281 179.92801079928 5.997600359976
17 17 175 175 16.3803510445281 179.92801079928 5.997600359976
17 18 175 185 16.3783091990267 179.928012534136 5.99759265893754
17 19 175 195 16.355678387527 179.928039204481 5.99747364431041
17 20 175 205 16.2547956071312 179.928198415292 5.99676073629682
17 21 175 215 16.030315610353 179.928668071177 5.99465251381855
17 22 175 225 15.789555983187 179.929461519883 5.99158734891317
17 23 175 235 15.683167140822 179.93320614186 5.98991119878786
17 24 175 245 15.4076415761081 179.961767552395 5.98754839513371
17 25 175 255 14.1348307966708 180.073149471765 5.96681263395079
17 26 175 265 11.4506760317382 180.297431918975 5.89193933597501
17 27 175 275 8.16205037368552 180.515827631689 5.73123139049883
17 28 175 285 5.56327727319217 180.545926613413 5.50155416625741
17 29 175 295 4.25023181268655 180.378768734783 5.28709335881044
17 30 175 305 4.33925149324931 180.151015889002 5.1991542169308
17 31 175 315 6.05707533726722 179.980123735245 5.30737615094507
17 32 175 325 9.21889987952736 179.913486374462 5.5641696500012
17 33 175 335 12.6444543135661 179.916825871682 5.81237424034376
17 34 175 345 15.0101123192264 179.929257429211 5.94718331668798
17 35 175 355 16.0488125663394 179.930764445988 5.9895574566954
18 0 185 5 16.3664771264735 179.928119257865 5.99727574746
18 1 185 15 16.3798508205025 179.928027291452 5.99759829741366
18 2 185 25 16.3803510445281 179.92801079928 5.997600359976
18 3 185 35 16.3803510445281 179.92801079928 5.997600359976
18 4 185 45 16.3803510445281 179.92801079928 5.997600359976
18 5 185 55 16.3803510445281 179.92801079928 5.997600359976
18 6 185 65 16.3803510445281 179.92801079928 5.997600359976
18 7 185 75 16.3803510445281 179.92801079928 5.997600359976
18 8 185 85 16.3803510445281 179.92801079928 5.997600359976
18 9 185 95 16.3803510445281 179.92801079928 5.997600359976
18 10 185 105 16.3803510445281 179.92801079928 5.997600359976
18 11 185 115 16.3803510445281 179.92801079928 5.997600359976
18 12 185 125 16.3803510445281 179.92801079928 5.997600359976
18 13 185 135 16.3803510445281 179.92801079928 5.997600359976
18 14 185 145 16.3803510445281 179.92801079928 5.997600359976
18 15 185 155 16.3803510445281 179.92801079928 5.997600359976
18 16 185 165 16.3803510445281 179.92801079928 5.997600359976
18 17 185 175 16.3803510445281 179.92801079928 5.997600359976
18 18 185 185 16.3799456151518 179.928011112347 5.99759897091682
18 19 185 195 16.3754508809371 179.928015939313 5.99757745568729
18 20 185 205 16.3554086870943 179.928044810156 5.99744838700222
18 21 185 215 16.3107966627772 179.928130096878 5.99706629160453
18 22 185 225 16.2619085593768 179.928287075058 5.99650593608329
18 23 185 235 16.2206245296625 179.929848246205 5.99608144801328
18 24 185 245 16.0167981482905 179.943506191722 5.99439572517305
18 25 185 255 15.1939004146053 179.998841878899 5.98370689866458
18 26 185 265 13.3991368712242 180.117036292567 5.94749315077556
18 27 185 275 11.0418900808805 180.257057259523 5.87215688868259
18 28 185 285 9.06731321945635 180.349015812176 5.76903702329801
18 29 185 295 8.03856544076162 180.36786168447 5.67226527816974
18 30 185 305 8.13591867979517 180.301178792125 5.61863040382227
18 31 185 315 9.5272956391431 180.15803668663 5.64670329141889
18 32 185 325 11.9144334460771 180.018823829724 5.7611193498326
18 33 185 335 14.2639462906313 179.947922348781 5.89084757305676
18 34 185 345 15.7027305521979 179.92995350773 5.9676047286496
18 35 185 355 16.2465804568304 179.928229963869 5.99287994042741
19 0 195 5 16.3769865568347 179.928000946812 5.99747764724425
19 1 195 15 16.3803088145434 179.928012227712 5.99760018567688
19 2 195 25 16.3803510445281 179.92801079928 5.997600359976
19 3 195 35 16.3803510445281 179.92801079928 5.997600359976
19 4 195 45 16.3803510445281 179.92801079928 5.997600359976
19 5 195 55 16.3803510445281 179.92801079928 5.997600359976
19 6 195 65 16.3803510445281 179.92801079928 5.997600359976
19 7 195 75 16.3803510445281 179.92801079928 5.997600359976
19 8 195 85 16.3803510445281 179.92801079928 5.997600359976
19 9 195 95 16.3803510445281 179.92801079928 5.997600359976
19 10 195 105 16.3803510445281 179.92801079928 5.997600359976
19 11 195 115 16.3803510445281 179.92801079928 5.997600359976
19 12 195 125 16.3803510445281 179.92801079928 5.997600359976
19 13 195 135 16.3803510445281 179.92801079928 5.997600359976
19 14 195 145 16.3803510445281 179.92801079928 5.997600359976
19 15 195 155 16.3803510445281 179.92801079928 5.997600359976
19 16 195 165 16.3803510445281 179.92801079928 5.997600359976
19 17 195 175 16.3803510445281 179.92801079928 5.997600359976
19 18 195 185 16.3803171887439 179.928010823162 5.99760025406532
19 19 195 195 16.3799417588717 179.928011192499 5.99759860977814
19 20 195 205 16.3782672523176 179.92801340599 5.99758873064959
19 21 195 215 16.3745388120329 179.928019954378 5.99755945173941
19 22 195 225 16.3701820991197 179.928035004734 5.99751528507477
19 23 195 235 16.3581878619586 179.928490673103 5.99744415155172
19 24 195 245 16.2661107747089 179.932915618718 5.99686597420391
19 25 195 255 15.8841748292138 179.95172541222 5.99349349234021
19 26 195 265 15.0040524001805 179.995925084403 5.98280676012195
19 27 195 275 13.7875539770949 180.063626401987 5.96332605238818
19 28 195 285 12.7312412481311 180.144890673689 5.94177044895485
19 29 195 295 12.1742576712747 180.217109105591 5.92234118432355
19 30 195 305 12.2516344849261 180.224103278072 5.90182715314307
19 31 195 315 13.0497076871127 180.138609947043 5.89363677527789
19 32 195 325 14.3315731758146 180.024705265139 5.91779218174165
19 33 195 335 15.4890823993442 179.954495715524 5.95848432556296
19 34 195 345 16.1260343866591 179.931670315593 5.98610250119716
19 35 195 355 16.3375801667116 179.928130382091 5.99576288609831
20 0 205 5 16.3797819484324 179.928007003931 5.99757439062204
20 1 205 15 16.3803510445281 179.92801079928 5.997600359976
20 2 205 25 16.3803510445281 179.92801079928 5.997600359976
20 3 205 35 16.3803510445281 179.92801079928 5.997600359976
20 4 205 45 16.3803510445281 179.92801079928 5.997600359976
20 5 205 55 16.3803510445281 179.92801079928 5.997600359976
20 6 205 65 16.3803510445281 179.92801079928 5.997600359976
20 7 205 75 16.3803510445281 179.92801079928 5.997600359976
20 8 205 85 16.3803510445281 179.92801079928 5.997600359976
20 9 205 95 16.3803510445281 179.92801079928 5.997600359976
20 10 205 105 16.3803510445281 179.92801079928 5.997600359976
20 11 205 115 16.3803510445281 179.92801079928 5.997600359976
20 12 205 125 16.3803510445281 179.92801079928 5.997600359976
20 13 205 135 16.3803510445281 179.92801079928 5.997600359976
20 14 205 145 16.3803510445281 179.92801079928 5.997600359976
20 15 205 155 16.3803510445281 179.92801079928 5.997600359976
20 16 205 165 16.3803510445281 179.92801079928 5.997600359976
20 17 205 175 16.3803510445281 179.92801079928 5.997600359976
20 18 205 185 16.3803510445281 179.92801079928 5.997600359976
20 19 205 195 16.3803510445281 179.92801079928 5.997600359976
20 20 205 205 16.3803510445281 179.92801079928 5.997600359976
20 21 205 215 16.3803510445281 179.92801079928 5.997600359976
20 22 205 225 16.3803117653626 179.928011186496 5.99760018783329
20 23 205 235 16.3776065760722 179.928092857231 5.99759057094163
20 24 205 245 16.3505228915693 179.928947749205 5.9974677834876
20 25 205 255 16.2311806181768 179.932838298542 5.99680864868919
20 26 205 265 15.9445789552181 179.943464253175 5.99518346338197
20 27 205 275 15.5368779899694 179.965192567745 5.99397605514758
20 28 205 285 15.1759352037708 180.001461156451 5.99601994339598
20 29 205 295 14.9851997285017 180.042027757426 5.99879437519128
20 30 205 305 15.0210215645125 180.054943905718 5.99464420984462
20 31 205 315 15.312439127686 180.022909908109 5.98596287020509
20 32 205 325 15.756489949853 179.973646659301 5.98411374534073
20 33 205 335 16.1297361756776 179.941380073461 5.98977875983167
20 34 205 345 16.3163339866189 179.930131089306 5.99513682084083
20 35 205 355 16.371105946692 179.928133958931 5.99720031955137
21 0 215 5 16.3803033548809 179.928010630945 5.99759805887638
21 1 215 15 16.3803510445281 179.92801079928 5.997600359976
21 2 215 25 16.3803510445281 179.92801079928 5.997600359976
21 3 215 35 16.3803510445281 179.92801079928 5.997600359976
21 4 215 45 16.3803510445281 179.92801079928 5.997600359976
21 5 215 55 16.3803510445281 179.92801079928 5.997600359976
21 6 215 65 16.3803510445281 179.92801079928 5.997600359976
21 7 215 75 16.3803510445281 179.92801079928 5.997600359976
21 8 215 85 16.3803510445281 179.92801079928 5.997600359976
21 9 215 95 16.3803510445281 179.92801079928 5.997600359976
21 10 215 105 16.3803510445281 179.92801079928 5.997600359976
21 11 215 115 16.3803510445281 179.92801079928 5.997600359976
21 12 215 125 16.3803510445281 179.92801079928 5.997600359976
21 13 215 135 16.3803510445281 179.92801079928 5.997600359976
21 14 215 145 16.3803510445281 179.92801079928 5.997600359976
21 15 215 155 16.3803510445281 179.92801079928 5.997600359976
21 16 215 165 16.3803510445281 179.92801079928 5.997600359976
21 17 215 175 16.3803510445281 179.92801079928 5.997600359976
21 18 215 185 16.3803510445281 179.92801079928 5.997600359976
21 19 215 195 16.3803510445281 179.92801079928 5.997600359976
21 20 215 205 16.3803510445281 179.92801079928 5.997600359976
21 21 215 215 16.3803510445281 179.92801079928 5.997600359976
21 22 215 225 16.3803510445281 179.92801079928 5.997600359976
21 23 215 235 16.3799134397357 179.928017635356 5.99759887325054
21 24 215 245 16.3750710189661 179.928094695385 5.99757993405309
21 25 215 255 16.3529495921246 179.928497586538 5.9974991112603
21 26 215 265 16.2988017659274 179.929931570177 5.99743688608018
21 27 215 275 16.2207965293185 179.933952281795 5.99798755137387
21 28 215 285 16.1510703113489 179.942196617909 5.9998281577072
21 29 215 295 16.1142961360927 179.95231338635 6.00185887570979
21 30 215 305 16.1228957951215 179.956282788405 6.00156573942639
21 31 215 315 16.1825248026713 179.949629374159 5.99905314791198
21 32 215 325 16.269882441885 179.938599375443 5.99717564760974
21 33 215 335 16.3392364370394 179.93119200229 5.99698865016083
21 34 215 345 16.3710473954495 179.928541882294 5.99736833797859
21 35 215 355 16.3792466640718 179.928047818426 5.99756182442741
22 0 225 5 16.3803510445281 179.92801079928 5.997600359976
22 1 225 15 16.3803510445281 179.92801079928 5.997600359976
22 2 225 25 16.3803510445281 179.92801079928 5.997600359976
22 3 225 35 16.3803510445281 179.92801079928 5.997600359976
22 4 225 45 16.3803510445281 179.92801079928 5.997600359976
22 5 225 55 16.3803510445281 179.92801079928 5.997600359976
22 6 225 65 16.3803510445281 179.92801079928 5.997600359976
22 7 225 75 16.3803510445281 179.92801079928 5.997600359976
22 8 225 85 16.3803510445281 179.92801079928 5.997600359976
22 9 225 95 16.3803510445281 179.92801079928 5.997600359976
22 10 225 105 16.3803510445281 179.92801079928 5.997600359976
22 11 225 115 16.3803510445281 179.92801079928 5.997600359976
22 12 225 125 16.3803510445281 179.92801079928 5.997600359976
22 13 225 135 16.3803510445281 179.92801079928 5.997600359976
22 14 225 145 16.3803510445281 179.92801079928 5.997600359976
22 15 225 155 16.3803510445281 179.92801079928 5.997600359976
22 16 225 165 16.3803510445281 179.92801079928 5.997600359976
22 17 225 175 16.3803510445281 179.92801079928 5.997600359976
22 18 225 185 16.3803510445281 179.92801079928 5.997600359976
22 19 225 195 16.3803510445281 179.92801079928 5.997600359976
22 20 225 205 16.3803510445281 179.92801079928 5.997600359976
22 21 225 215 16.3803510445281 179.92801079928 5.997600359976
22 22 225 225 16.3803510445281 179.92801079928 5.997600359976
22 23 225 235 16.380282795253 179.928010649141 5.99760025514383
22 24 225 245 16.3795318118324 179.928009407698 5.99759912541083
22 25 225 255 16.376166289885 179.928010846083 5.99759644404307
22 26 225 265 16.3683472262648 179.928067156582 5.99761061941021
22 27 225 275 16.3585492125212 179.928362426306 5.99771116254615
22 28 225 285 16.3527370841962 179.929117543652 5.99795852349434
22 29 225 295 16.3530521374001 179.930118619562 5.99822042798819
22 30 225 305 16.3573035947945 179.930562946154 5.99822599548561
22 31 225 315 16.36406612175 179.929994305278 5.99796354259935
22 32 225 325 16.3717873102225 179.928990724037 5.99770982588834
22 33 225 335 16.3774030249157 179.928307513134 5.9976102268128
22 34 225 345 16.3797737445648 179.928060959589 5.99759780999206
22 35 225 355 16.3803027364685 179.928014424532 5.99759985355394
23 0 235 5 16.3803510445281 179.92801079928 5.997600359976
23 1 235 15 16.3803510445281 179.92801079928 5.997600359976
23 2 235 25 16.3803510445281 179.92801079928 5.997600359976
23 3 235 35 16.3803510445281 179.92801079928 5.997600359976
23 4 235 45 16.3803510445281 179.92801079928 5.997600359976
23 5 235 55 16.3803510445281 179.92801079928 5.997600359976
23 6 235 65 16.3803510445281 179.92801079928 5.997600359976
23 7 235 75 16.3803510445281 179.92801079928 5.997600359976
23 8 235 85 16.3803510445281 179.92801079928 5.997600359976
23 9 235 95 16.3803510445281 179.92801079928 5.997600359976
23 10 235 105 16.3803510445281 179.92801079928 5.997600359976
23 11 235 115 16.3803510445281 179.92801079928 5.997600359976
23 12 235 125 16.3803510445281 179.92801079928 5.997600359976
23 13 235 135 16.3803510445281 179.92801079928 5.997600359976
23 14 235 145 16.3803510445281 179.92801079928 5.997600359976
23 15 235 155 16.3803510445281 179.92801079928 5.997600359976
23 16 235 165 16.3803510445281 179.92801079928 5.997600359976
23 17 235 175 16.3803510445281 179.92801079928 5.997600359976
23 18 235 185 16.3803510445281 179.92801079928 5.997600359976
23 19 235 195 16.3803510445281 179.92801079928 5.997600359976
23 20 235 205 16.3803510445281 179.92801079928 5.997600359976
23 21 235 215 16.3803510445281 179.92801079928 5.997600359976
23 22 235 225 16.3803510445281 179.92801079928 5.997600359976
23 23 235 235 16.3799546114346 179.928006393095 5.99760141107975
23 24 235 245 16.3756252278079 179.927956635426 5.99761322045339
23 25 235 255 16.3566758140891 179.927729841509 5.99766672592501
23 26 235 265 16.3155133798437 179.927210942158 5.99778824593219
23 27 235 275 16.2743257143586 179.926647235613 5.99791881207977
23 28 235 285 16.2736870127036 179.926580652809 5.99793250102046
23 29 235 295 16.3143766003637 179.927092438559 5.99781260956363
23 30 235 305 16.3560170387452 179.927661169625 5.99768084459256
23 31 235 315 16.3754516559054 179.927938542698 5.99761694029208
23 32 235 325 16.3799370371787 179.928004561277 5.99760178770414
23 33 235 335 16.3803510445281 179.92801079928 5.997600359976
23 34 235 345 16.3803510445281 179.92801079928 5.997600359976
23 35 235 355 16.3803510445281 179.92801079928 5.997600359976
24 0 245 5 16.3803510445281 179.92801079928 5.997600359976
24 1 245 15 16.3803510445281 179.92801079928 5.997600359976
24 2 245 25 16.3803510445281 179.92801079928 5.997600359976
24 3 245 35 16.3803510445281 179.92801079928 5.997600359976
24 4 245 45 16.3803510445281 179.92801079928 5.997600359976
24 5 245 55 16.3803510445281 179.92801079928 5.997600359976
24 6 245 65 16.3803510445281 179.92801079928 5.997600359976
24 7 245 75 16.3803510445281 179.92801079928 5.997600359976
24 8 245 85 16.3803510445281 179.92801079928 5.997600359976
24 9 245 95 16.3803510445281 179.92801079928 5.997600359976
24 10 245 105 16.3803510445281 179.92801079928 5.997600359976
24 11 245 115 16.3803510445281 179.92801079928 5.997600359976
24 12 245 125 16.3803510445281 179.92801079928 5.997600359976
24 13 245 135 16.3803510445281 179.92801079928 5.997600359976
24 14 245 145 16.3803510445281 179.92801079928 5.997600359976
24 15 245 155 16.3803510445281 179.92801079928 5.997600359976
24 16 245 165 16.3803510445281 179.92801079928 5.997600359976
24 17 245 175 16.3803510445281 179.92801079928 5.997600359976
24 18 245 185 16.3803510445281 179.92801079928 5.997600359976
24 19 245 195 16.3803510445281 179.92801079928 5.997600359976
24 20 245 205 16.3803510445281 179.92801079928 5.997600359976
24 21 245 215 16.3803510445281 179.92801079928 5.997600359976
24 22 245 225 16.3803510445281 179.92801079928 5.997600359976
24 23 245 235 16.3783148740702 179.927977047345 5.99760810813124
24 24 245 245 16.3560824793372 179.927596201288 5.99769490977425
24 25 245 255 16.2587936310052 179.925861896888 5.99808685693027
24 26 245 265 16.047513184785 179.921898167495 5.99897331297908
24 27 245 275 15.8361815255518 179.917598945124 5.99991976298686
24 28 245 285 15.832996302461 179.917099074746 6.00001177062799
24 29 245 295 16.041843811253 179.921008468259 5.99913707450963
24 30 245 305 16.2555079688368 179.925346292856 5.99818176177627
24 31 245 315 16.3552167180259 179.927460347028 5.99771991608263
24 32 245 325 16.378227207674 179.927963291491 5.99761064016023
24 33 245 335 16.3803510445281 179.92801079928 5.997600359976
24 34 245 345 16.3803510445281 179.92801079928 5.997600359976
24 35 245 355 16.3803510445281 179.92801079928 5.997600359976
25 0 255 5 16.3803510445281 179.92801079928 5.997600359976
25 1 255 15 16.3803510445281 179.92801079928 5.997600359976
25 2 255 25 16.3803510445281 179.92801079928 5.997600359976
25 3 255 35 16.3803510445281 179.92801079928 5.997600359976
25 4 255 45 16.3803510445281 179.92801079928 5.997600359976
25 5 255 55 16.3803510445281 179.92801079928 5.997600359976
25 6 255 65 16.3803510445281 179.92801079928 5.997600359976
25 7 255 75 16.3803510445281 179.92801079928 5.997600359976
25 8 255 85 16.3803510445281 179.92801079928 5.997600359976
25 9 255 95 16.3803510445281 179.92801079928 5.997600359976
25 10 255 105 16.3803510445281 179.92801079928 5.997600359976
25 11 255 115 16.3803510445281 179.92801079928 5.997600359976
25 12 255 125 16.3803510445281 179.92801079928 5.997600359976
25 13 255 135 16.3803510445281 179.92801079928 5.997600359976
25 14 255 145 16.3803510445281 179.92801079928 5.997600359976
25 15 255 155 16.3803510445281 179.92801079928 5.997600359976
25 16 255 165 16.3803510445281 179.92801079928 5.997600359976
25 17 255 175 16.3803510445281 179.92801079928 5.997600359976
25 18 255 185 16.3803510445281 179.92801079928 5.997600359976
25 19 255 195 16.3803510445281 179.92801079928 5.997600359976
25 20 255 205 16.3803510445281 179.92801079928 5.997600359976
25 21 255 215 16.3803510445281 179.92801079928 5.997600359976
25 22 255 225 16.3803510445281 179.92801079928 5.997600359976
25 23 255 235 16.374616131617 179.927881387096 5.99762943964768
25 24 255 245 16.3120098126464 179.926421813434 5.99795466802255
25 25 255 255 16.0380598746395 179.919778711615 5.99942006122858
25 26 255 265 15.4429080507556 179.904605213798 6.00272397303895
25 27 255 275 14.8462927112039 179.888157686049 6.00622898992309
25 28 255 285 14.8332840124377 179.886240639592 6.00652752080341
25 29 255 295 15.4168735044747 179.901161923404 6.00323566019122
25 30 255 305 16.018112270651 179.91772413241 5.99968290278422
25 31 255 315 16.3028961697534 179.925828165027 5.99799673702765
25 32 255 325 16.3719094646451 179.927794783844 5.99762094220936
25 33 255 335 16.3798582297598 179.928002927 5.99759679173001
25 34 255 345 16.3803096891081 179.92801006735 5.99760005491797
25 35 255 355 16.3803510445281 179.92801079928 5.997600359976
26 0 265 5 16.3803510445281 179.92801079928 5.997600359976
26 1 265 15 16.3803510445281 179.92801079928 5.997600359976
26 2 265 25 16.3803510445281 179.92801079928 5.997600359976
26 3 265 35 16.3803510445281 179.92801079928 5.997600359976
26 4 265 45 16.3803510445281 179.92801079928 5.997600359976
26 5 265 55 16.3803510445281 179.92801079928 5.997600359976
26 6 265 65 16.3803510445281 179.92801079928 5.997600359976
26 7 265 75 16.3803510445281 179.92801079928 5.997600359976
26 8 265 85 16.3803510445281 179.92801079928 5.997600359976
26 9 265 95 16.3803510445281 179.92801079928 5.997600359976
26 10 265 105 16.3803510445281 179.92801079928 5.997600359976
26 11 265 115 16.3803510445281 179.92801079928 5.997600359976
26 12 265 125 16.3803510445281 179.92801079928 5.997600359976
26 13 265 135 16.3803510445281 179.92801079928 5.997600359976
26 14 265 145 16.3803510445281 179.92801079928 5.997600359976
26 15 265 155 16.3803510445281 179.92801079928 5.997600359976
26 16 265 165 16.3803510445281 179.92801079928 5.997600359976
26 17 265 175 16.3803510445281 179.92801079928 5.997600359976
26 18 265 185 16.3803510445281 179.92801079928 5.997600359976
26 19 265 195 16.3803510445281 179.92801079928 5.997600359976
26 20 265 205 16.3803510445281 179.92801079928 5.997600359976
26 21 265 215 16.3803510445281 179.92801079928 5.997600359976
26 22 265 225 16.3803510445281 179.92801079928 5.997600359976
26 23 265 235 16.3706489843984 179.92773179716 5.99766228157335
26 24 265 245 16.2647433551875 179.92458772937 5.99835356638297
26 25 265 255 15.8009218689154 179.910296695758 6.00145638633118
26 26 265 265 14.7895116547133 179.87772704196 6.00839101745827
26 27 265 275 13.7595810081075 179.842592795171 6.01556272261052
26 28 265 285 13.6922837987404 179.838815179888 6.01580002285036
26 29 265 295 14.6335108378296 179.87112980906 6.00876266862594
26 30 265 305 15.6478919289746 179.906863209462 6.00183717072265
26 31 265 315 16.1723214148888 179.924329909744 5.99896420699092
26 32 265 325 16.3352446260467 179.928306651666 5.99826288993702
26 33 265 335 16.3721784186018 179.928335217397 5.99789858267899
26 34 265 345 16.3793526317915 179.9280900027 5.99767282045167
26 35 265 355 16.3803051972888 179.928018551492 5.99760728162938
27 0 275 5 16.3803192509089 179.928010827012 5.99760029799376
27 1 275 15 16.3803510445281 179.92801079928 5.997600359976
27 2 275 25 16.3803510445281 179.92801079928 5.997600359976
27 3 275 35 16.3803510445281 179.92801079928 5.997600359976
27 4 275 45 16.3803510445281 179.92801079928 5.997600359976
27 5 275 55 16.3803510445281 179.92801079928 5.997600359976
27 6 275 65 16.3803510445281 179.92801079928 5.997600359976
27 7 275 75 16.3803510445281 179.92801079928 5.997600359976
27 8 275 85 16.3803510445281 179.92801079928 5.997600359976
27 9 275 95 16.3803510445281 179.92801079928 5.997600359976
27 10 275 105 16.3803510445281 179.92801079928 5.997600359976
27 11 275 115 16.3803510445281 179.92801079928 5.997600359976
27 12 275 125 16.3803510445281 179.92801079928 5.997600359976
27 13 275 135 16.3803510445281 179.92801079928 5.997600359976
27 14 275 145 16.3803510445281 179.92801079928 5.997600359976
27 15 275 155 16.3803510445281 179.92801079928 5.997600359976
27 16 275 165 16.3803510445281 179.92801079928 5.997600359976
27 17 275 175 16.3803510445281 179.92801079928 5.997600359976
27 18 275 185 16.3803510445281 179.92801079928 5.997600359976
27 19 275 195 16.3803510445281 179.92801079928 5.997600359976
27 20 275 205 16.3803510445281 179.92801079928 5.997600359976
27 21 275 215 16.3803510445281 179.92801079928 5.997600359976
27 22 275 225 16.3803510445281 179.92801079928 5.997600359976
27 23 275 235 16.369904563197 179.927663092916 5.99767757380027
27 24 275 245 16.2557924806731 179.923765925403 5.99853041961445
27 25 275 255 15.7534426928542 179.906215880992 6.0022661049444
27 26 275 265 14.638165667803 179.866932502509 6.01013429097902
27 27 275 275 13.4227455769035 179.826578892555 6.01682403967445
27 28 275 285 13.1263844028679 179.826948860558 6.01419952287819
27 29 275 295 13.9123884793101 179.871578799018 6.00581177527699
27 30 275 305 14.9792270527571 179.918044692389 6.00298152912289
27 31 275 315 15.7402635808725 179.938263199443 6.00522235846123
27 32 275 325 16.1472618601484 179.93791591144 6.00450168965936
27 33 275 335 16.3191436149973 179.932241884629 6.00084181634389
27 34 275 345 16.3702232926162 179.928950816969 5.99836095012354
27 35 275 355 16.3794544414129 179.928097459886 5.9976712728285
28 0 285 5 16.3799783551534 179.928011109187 5.99759966734678
28 1 285 15 16.3803510445281 179.92801079928 5.997600359976
28 2 285 25 16.3803510445281 179.92801079928 5.997600359976
28 3 285 35 16.3803510445281 179.92801079928 5.997600359976
28 4 285 45 16.3803510445281 179.92801079928 5.997600359976
28 5 285 55 16.3803510445281 179.92801079928 5.997600359976
28 6 285 65 16.3803510445281 179.92801079928 5.997600359976
28 7 285 75 16.3803510445281 179.92801079928 5.997600359976
28 8 285 85 16.3803510445281 179.92801079928 5.997600359976
28 9 285 95 16.3803510445281 179.92801079928 5.997600359976
28 10 285 105 16.3803510445281 179.92801079928 5.997600359976
28 11 285 115 16.3803510445281 179.92801079928 5.997600359976
28 12 285 125 16.3803510445281 179.92801079928 5.997600359976
28 13 285 135 16.3803510445281 179.92801079928 5.997600359976
28 14 285 145 16.3803510445281 179.92801079928 5.997600359976
28 15 285 155 16.3803510445281 179.92801079928 5.997600359976
28 16 285 165 16.3803510445281 179.92801079928 5.997600359976
28 17 285 175 16.3803510445281 179.92801079928 5.997600359976
28 18 285 185 16.3803510445281 179.92801079928 5.997600359976
28 19 285 195 16.3803510445281 179.92801079928 5.997600359976
28 20 285 205 16.3803510445281 179.92801079928 5.997600359976
28 21 285 215 16.3803510445281 179.92801079928 5.997600359976
28 22 285 225 16.3803105327763 179.928011337542 5.99759994581603
28 23 285 235 16.3713591504055 179.927788273367 5.9976500531183
28 24 285 245 16.2760002391693 179.925356055394 5.99817271522807
28 25 285 255 15.8520771139097 179.915186875552 5.99997452912194
28 26 285 265 14.8582361953633 179.896126282657 6.00120961388286
28 27 285 275 13.5601039280881 179.887737748729 5.99423715558621
28 28 285 285 12.6918841409908 179.91600474279 5.97744212791054
28 29 285 295 12.6833271456571 179.970296638301 5.97143862840355
28 30 285 305 13.4253369430617 180.010145456921 5.99373268468145
28 31 285 315 14.5377556438582 180.011230311562 6.02140376657471
28 32 285 325 15.5321930160246 179.981148919796 6.02429554989379
28 33 285 335 16.108748384176 179.948765105163 6.01057911211968
28 34 285 345 16.3237475087852 179.932473854207 6.0006657387865
28 35 285 355 16.3734635815863 179.928413996152 5.99788476315938
29 0 295 5 16.3785210799729 179.928012230423 5.99759716156038
29 1 295 15 16.3803510445281 179.92801079928 5.997600359976
29 2 295 25 16.3803510445281 179.92801079928 5.997600359976
29 3 295 35 16.3803510445281 179.92801079928 5.997600359976
29 4 295 45 16.3803510445281 179.92801079928 5.997600359976
29 5 295 55 16.3803510445281 179.92801079928 5.997600359976
29 6 295 65 16.3803510445281 179.92801079928 5.997600359976
29 7 295 75 16.3803510445281 179.92801079928 5.997600359976
29 8 295 85 16.3803510445281 179.92801079928 5.997600359976
29 9 295 95 16.3803510445281 179.92801079928 5.997600359976
29 10 295 105 16.3803510445281 179.92801079928 5.997600359976
29 11 295 115 16.3803510445281 179.92801079928 5.997600359976
29 12 295 125 16.3803510445281 179.92801079928 5.997600359976
29 13 295 135 16.3803510445281 179.92801079928 5.997600359976
29 14 295 145 16.3803510445281 179.92801079928 5.997600359976
29 15 295 155 16.3803510445281 179.92801079928 5.997600359976
29 16 295 165 16.3803510445281 179.92801079928 5.997600359976
29 17 295 175 16.3803510445281 179.92801079928 5.997600359976
29 18 295 185 16.3803510445281 179.92801079928 5.997600359976
29 19 295 195 16.3803510445281 179.92801079928 5.997600359976
29 20 295 205 16.3803510445281 179.92801079928 5.997600359976
29 21 295 215 16.3803510445281 179.92801079928 5.997600359976
29 22 295 225 16.3798715311811 179.928017016932 5.99759557797351
29 23 295 235 16.3662563849803 179.928087421677 5.99755658420047
29 24 295 245 16.2499339329462 179.928773054725 5.99720950481832
29 25 295 255 15.765176684943 179.93397906873 5.99408905087067
29 26 295 265 14.6039571821761 179.957486494656 5.97828639352191
29 27 295 275 12.8633920591666 180.019137946357 5.93542062304534
29 28 295 285 11.1625730168119 180.11420268753 5.87766846740768
29 29 295 295 10.2609218808308 180.197357609952 5.86361811590332
29 30 295 305 10.7004516472798 180.222210907377 5.92899609119631
29 31 295 315 12.3344413033039 180.172861114616 6.01289235601748
29 32 295 325 14.2537120882827 180.072292274319 6.03936216231518
29 33 295 335 15.5915474389279 179.982244968003 6.02089983915241
29 34 295 345 16.1864701792014 179.939424345281 6.00336915655265
29 35 295 355 16.3521554451098 179.929030033061 5.99813908995704
30 0 305 5 16.3754571498054 179.928014334029 5.99759246070091
30 1 305 15 16.3803510445281 179.92801079928 5.997600359976
30 2 305 25 16.3803510445281 179.92801079928 5.997600359976
30 3 305 35 16.3803510445281 179.92801079928 5.997600359976
30 4 305 45 16.3803510445281 179.92801079928 5.997600359976
30 5 305 55 16.3803510445281 179.92801079928 5.997600359976
30 6 305 65 16.3803510445281 179.92801079928 5.997600359976
30 7 305 75 16.3803510445281 179.92801079928 5.997600359976
30 8 305 85 16.3803510445281 179.92801079928 5.997600359976
30 9 305 95 16.3803510445281 179.92801079928 5.997600359976
30 10 305 105 16.3803510445281 179.92801079928 5.997600359976
30 11 305 115 16.3803510445281 179.92801079928 5.997600359976
30 12 305 125 16.3803510445281 179.92801079928 5.997600359976
30 13 305 135 16.3803510445281 179.92801079928 5.997600359976
30 14 305 145 16.3803510445281 179.92801079928 5.997600359976
30 15 305 155 16.3803510445281 179.92801079928 5.997600359976
30 16 305 165 16.3803510445281 179.92801079928 5.997600359976
30 17 305 175 16.3803510445281 179.92801079928 5.997600359976
30 18 305 185 16.3803510445281 179.92801079928 5.997600359976
30 19 305 195 16.3803510445281 179.92801079928 5.997600359976
30 20 305 205 16.3803510445281 179.92801079928 5.997600359976
30 21 305 215 16.3803510445281 179.92801079928 5.997600359976
30 22 305 225 16.3779689356875 179.928040780346 5.99757731424049
30 23 305 235 16.3414413515837 179.928586492926 5.99729883685072
30 24 305 245 16.1077023589517 179.933096256911 5.99526234574827
30 25 305 255 15.2856873276584 179.955008321924 5.98400466529096
30 26 305 265 13.516415189664 180.022709037956 5.94164182176405
30 27 305 275 11.0327239878852 180.157843993758 5.84277063694629
30 28 305 285 8.66987654113115 180.327874573209 5.71398588328519
30 29 305 295 7.33533943086417 180.44804168649 5.65944988582868
30 30 305 305 7.6978448186055 180.454343702372 5.74887950054158
30 31 305 315 9.76370028821969 180.340774260488 5.90243169055737
30 32 305 325 12.5644028983425 180.160691379861 5.99373978854746
30 33 305 335 14.8084984213122 180.012833803063 6.00879098364967
30 34 305 345 15.9510178155842 179.945510249222 6.00145503788585
30 35 305 355 16.3114095844715 179.929558898076 5.99798286446447
31 0 315 5 16.3725638027797 179.928015875952 5.9975890157531
31 1 315 15 16.3803510445281 179.92801079928 5.997600359976
31 2 315 25 16.3803510445281 179.92801079928 5.997600359976
31 3 315 35 16.3803510445281 179.92801079928 5.997600359976
31 4 315 45 16.3803510445281 179.92801079928 5.997600359976
31 5 315 55 16.3803510445281 179.92801079928 5.997600359976
31 6 315 65 16.3803510445281 179.92801079928 5.997600359976
31 7 315 75 16.3803510445281 179.92801079928 5.997600359976
31 8 315 85 16.3803510445281 179.92801079928 5.997600359976
31 9 315 95 16.3803510445281 179.92801079928 5.997600359976
31 10 315 105 16.3803510445281 179.92801079928 5.997600359976
31 11 315 115 16.3803510445281 179.92801079928 5.997600359976
31 12 315 125 16.3803510445281 179.92801079928 5.997600359976
31 13 315 135 16.3803510445281 179.92801079928 5.997600359976
31 14 315 145 16.3803510445281 179.92801079928 5.997600359976
31 15 315 155 16.3803510445281 179.92801079928 5.997600359976
31 16 315 165 16.3803510445281 179.92801079928 5.997600359976
31 17 315 175 16.3803510445281 179.92801079928 5.997600359976
31 18 315 185 16.3803510445281 179.92801079928 5.997600359976
31 19 315 195 16.3803510445281 179.92801079928 5.997600359976
31 20 315 205 16.3803510445281 179.92801079928 5.997600359976
31 21 315 215 16.3803510445281 179.92801079928 5.997600359976
31 22 315 225 16.3738913005039 179.92808920547 5.99754013288317
31 23 315 235 16.292938327846 179.929266630473 5.99682144371149
31 24 315 245 15.8601125402066 179.937260651029 5.99231075575548
31 25 315 255 14.5641327515412 179.969689903851 5.97201763934123
31 26 315 265 12.1493991957216 180.056230329822 5.90604472302709
31 27 315 275 9.17287267281845 180.211861815679 5.762498769149
31 28 315 285 6.64998897882259 180.394905083613 5.57211399279565
31 29 315 295 5.34637820097787 180.515388361517 5.45706790989739
31 30 315 305 5.74384799440131 180.505757459409 5.51962737447127
31 31 315 315 7.97657629007168 180.365808187421 5.71049938861057
31 32 315 325 11.276150143675 180.166273446844 5.88461426555765
31 33 315 335 14.1629403785306 180.012367568144 5.96989915595467
31 34 315 345 15.7452340077014 179.945054959573 5.99367169123917
31 35 315 355 16.2742093070144 179.929504071914 5.99730641649936
32 0 325 5 16.3727433762567 179.928015167649 5.9975905995424
32 1 325 15 16.3803510445281 179.92801079928 5.997600359976
32 2 325 25 16.3803510445281 179.92801079928 5.997600359976
32 3 325 35 16.3803510445281 179.92801079928 5.997600359976
32 4 325 45 16.3803510445281 179.92801079928 5.997600359976
32 5 325 55 16.3803510445281 179.92801079928 5.997600359976
32 6 325 65 16.3803510445281 179.92801079928 5.997600359976
32 7 325 75 16.3803510445281 179.92801079928 5.997600359976
32 8 325 85 16.3803510445281 179.92801079928 5.997600359976
32 9 325 95 16.3803510445281 179.92801079928 5.997600359976
32 10 325 105 16.3803510445281 179.92801079928 5.997600359976
32 11 325 115 16.3803510445281 179.92801079928 5.997600359976
32 12 325 125 16.3803510445281 179.92801079928 5.997600359976
32 13 325 135 16.3803510445281 179.92801079928 5.997600359976
32 14 325 145 16.3803510445281 179.92801079928 5.997600359976
32 15 325 155 16.3803510445281 179.92801079928 5.997600359976
32 16 325 165 16.3803510445281 179.92801079928 5.997600359976
32 17 325 175 16.3803510445281 179.92801079928 5.997600359976
32 18 325 185 16.3803510445281 179.92801079928 5.997600359976
32 19 325 195 16.3803510445281 179.92801079928 5.997600359976
32 20 325 205 16.3803510445281 179.92801079928 5.997600359976
32 21 325 215 16.3803510445281 179.92801079928 5.997600359976
32 22 325 225 16.3699050791406 179.92813224119 5.99750715555247
32 23 325 235 16.2492265347608 179.929729981326 5.99641296629847
32 24 325 245 15.6616190923836 179.939005598556 5.99023966973358
32 25 325 255 14.076257974403 179.97076409336 5.96689519185159
32 26 325 265 11.4237820042597 180.043045183622 5.90160498526796
32 27 325 275 8.45018651957275 180.157999729109 5.76910580165593
32 28 325 285 6.081919762853 180.282771435113 5.58621861609637
32 29 325 295 4.89303532409957 180.357575714101 5.44061192127759
32 30 325 305 5.30849965063809 180.337306282151 5.44023692502235
32 31 325 315 7.58140062877899 180.227214928406 5.60075924930839
32 32 325 325 11.0295759413084 180.085082867012 5.80597224005176
32 33 325 335 14.074170871274 179.981985584723 5.93850071362227
32 34 325 345 15.7304203337632 179.938688712886 5.98706437846474
32 35 325 355 16.2740667244375 179.928938232564 5.99673996580737
33 0 335 5 16.3757767448175 179.92801307343 5.99759527944212
33 1 335 15 16.3803510445281 179.92801079928 5.997600359976
33 2 335 25 16.3803510445281 179.92801079928 5.997600359976
33 3 335 35 16.3803510445281 179.92801079928 5.997600359976
33 4 335 45 16.3803510445281 179.92801079928 5.997600359976
33 5 335 55 16.3803510445281 179.92801079928 5.997600359976
33 6 335 65 16.3803510445281 179.92801079928 5.997600359976
33 7 335 75 16.3803510445281 179.92801079928 5.997600359976
33 8 335 85 16.3803510445281 179.92801079928 5.997600359976
33 9 335 95 16.3803510445281 179.92801079928 5.997600359976
33 10 335 105 16.3803510445281 179.92801079928 5.997600359976
33 11 335 115 16.3803510445281 179.92801079928 5.997600359976
33 12 335 125 16.3803510445281 179.92801079928 5.997600359976
33 13 335 135 16.3803510445281 179.92801079928 5.997600359976
33 14 335 145 16.3803510445281 179.92801079928 5.997600359976
33 15 335 155 16.3803510445281 179.92801079928 5.997600359976
33 16 335 165 16.3803510445281 179.92801079928 5.997600359976
33 17 335 175 16.3803510445281 179.92801079928 5.997600359976
33 18 335 185 16.3803510445281 179.92801079928 5.997600359976
33 19 335 195 16.3803510445281 179.92801079928 5.997600359976
33 20 335 205 16.3803510445281 179.92801079928 5.997600359976
33 21 335 215 16.3803510445281 179.92801079928 5.997600359976
33 22 335 225 16.3699656169904 179.928125858813 5.997512142839
33 23 335 235 16.2540295374818 179.929531571623 5.99648677139327
33 24 335 245 15.7109240188849 179.936998474929 5.9911987806803
33 25 335 255 14.2993836837613 179.960168924647 5.97476974659245
33 26 335 265 11.9840346513679 180.008027949704 5.93865030717465
33 27 335 275 9.32011928910878 180.077024815915 5.87378894428604
33 28 335 285 7.0138018288147 180.140265433178 5.77084779537228
33 29 335 295 5.71549965564118 180.15747347313 5.64621039288724
33 30 335 305 6.05032611753346 180.115861719591 5.58221709248064
33 31 335 315 8.30964179672529 180.045645501059 5.65748156046711
33 32 335 325 11.6717859996497 179.983181133862 5.81603228524808
33 33 335 335 14.4789518819094 179.945905874546 5.93776408653651
33 34 335 345 15.888839873682 179.931497915884 5.98653420623209
33 35 335 355 16.3080209044542 179.928319350074 5.99670376828654
34 0 345 5 16.3787062749178 179.928011499946 5.99759879492949
34 1 345 15 16.3803510445281 179.92801079928 5.997600359976
34 2 345 25 16.3803510445281 179.92801079928 5.997600359976
34 3 345 35 16.3803510445281 179.92801079928 5.997600359976
34 4 345 45 16.3803510445281 179.92801079928 5.997600359976
34 5 345 55 16.3803510445281 179.92801079928 5.997600359976
34 6 345 65 16.3803510445281 179.92801079928 5.997600359976
34 7 345 75 16.3803510445281 179.92801079928 5.997600359976
34 8 345 85 16.3803510445281 179.92801079928 5.997600359976
34 9 345 95 16.3803510445281 179.92801079928 5.997600359976
34 10 345 105 16.3803510445281 179.92801079928 5.997600359976
34 11 345 115 16.3803510445281 179.92801079928 5.997600359976
34 12 345 125 16.3803510445281 179.92801079928 5.997600359976
34 13 345 135 16.3803510445281 179.92801079928 5.997600359976
34 14 345 145 16.3803510445281 179.92801079928 5.997600359976
34 15 345 155 16.3803510445281 179.92801079928 5.997600359976
34 16 345 165 16.3803510445281 179.92801079928 5.997600359976
34 17 345 175 16.3803510445281 179.92801079928 5.997600359976
34 18 345 185 16.3803510445281 179.92801079928 5.997600359976
34 19 345 195 16.3803510445281 179.92801079928 5.997600359976
34 20 345 205 16.3803510445281 179.92801079928 5.997600359976
34 21 345 215 16.3803510445281 179.92801079928 5.997600359976
34 22 345 225 16.373999042444 179.928077846467 5.99754900898183
34 23 345 235 16.3040923229217 179.928865907029 5.99695575221826
34 24 345 245 15.9770459233894 179.932990499841 5.994225462904
34 25 345 255 15.0985613433071 179.946247091778 5.98847350426206
34 26 345 265 13.5068935783965 179.975977386992 5.98506694026606
34 27 345 275 11.3290831706781 180.020786169242 5.98806317929913
34 28 345 285 9.06433768541185 180.052707748312 5.97030434890318
34 29 345 295 7.5921298595791 180.032642411659 5.89297893429992
34 30 345 305 7.75464004484441 179.971800114082 5.80137780068444
34 31 345 315 9.77885532682981 179.927107672966 5.79790704333969
34 32 345 325 12.7217952784949 179.918719087742 5.87958618985024
34 33 345 335 15.0241271855925 179.92412990774 5.95695368898693
34 34 345 345 16.0729068443667 179.927363428626 5.98999805516829
34 35 345 355 16.3434663260885 179.927977189749 5.99699651203681
35 0 355 5 16.3800271452325 179.928010916742 5.99760009766203
35 1 355 15 16.3803510445281 179.92801079928 5.997600359976
35 2 355 25 16.3803510445281 179.92801079928 5.997600359976
35 3 355 35 16.3803510445281 179.92801079928 5.997600359976
35 4 355 45 16.3803510445281 179.92801079928 5.997600359976
35 5 355 55 16.3803510445281 179.92801079928 5.997600359976
35 6 355 65 16.3803510445281 179.92801079928 5.997600359976
35 7 355 75 16.3803510445281 179.92801079928 5.997600359976
35 8 355 85 16.3803510445281 179.92801079928 5.997600359976
35 9 355 95 16.3803510445281 179.92801079928 5.997600359976
35 10 355 105 16.3803510445281 179.92801079928 5.997600359976
35 11 355 115 16.3803510445281 179.92801079928 5.997600359976
35 12 355 125 16.3803510445281 179.92801079928 5.997600359976
35 13 355 135 16.3803510445281 179.92801079928 5.997600359976
35 14 355 145 16.3803510445281 179.92801079928 5.997600359976
35 15 355 155 16.3803510445281 179.92801079928 5.997600359976
35 16 355 165 16.3803510445281 179.92801079928 5.997600359976
35 17 355 175 16.3803510445281 179.92801079928 5.997600359976
35 18 355 185 16.3803510445281 179.92801079928 5.997600359976
35 19 355 195 16.3803510445281 179.92801079928 5.997600359976
35 20 355 205 16.3803510445281 179.92801079928 5.997600359976
35 21 355 215 16.3803510445281 179.92801079928 5.997600359976
35 22 355 225 16.3780313686477 179.928034198172 5.99758245765181
35 23 355 235 16.3526432700611 179.928304190211 5.99737642112089
35 24 355 245 16.2288616080638 179.929811309048 5.9966156739505
35 25 355 255 15.8498557167057 179.935562625902 5.99682251557116
35 26 355 265 14.9881372857323 179.951225247932 6.00604188429007
35 27 355 275 13.4930924367755 179.976904450249 6.0309580301076
35 28 355 285 11.675833421186 179.990019597523 6.04752188778461
35 29 355 295 10.3863239256152 179.96152456194 6.01198212898076
35 30 355 305 10.4057192220064 179.910693733153 5.94240989973956
35 31 355 315 11.863844750954 179.889067868274 5.91419776672943
35 32 355 325 13.9600620847647 179.902262569226 5.94222600096525
35 33 355 335 15.5348150130936 179.919455463776 5.97778584746333
35 34 355 345 16.2078945416392 179.926576857554 5.9938788292714
35 35 355 355 16.3638086955247 179.927915742604 5.99731069066771
