0 0 5 5 26.6700241727213 -0.000384622057092537 2.68363718910304
0 1 5 15 26.6347120616444 0.00153750174242445 2.68866636541902
0 2 5 25 26.4914209076907 0.0122748388106721 2.7140777722182
0 3 5 35 26.1217180508316 0.0476197323821877 2.79366936080345
0 4 5 45 25.5308378196185 0.119421299992876 2.94758954116872
0 5 5 55 25.0106047046948 0.203629655266695 3.11868305193261
0 6 5 65 24.9494087881846 0.239807354903894 3.18238932283284
0 7 5 75 25.3938665523037 0.195536068618126 3.08130615643165
0 8 5 85 25.9936136055323 0.109721241138011 2.90190330395164
0 9 5 95 26.4096074990696 0.042033357332339 2.76443003226878
0 10 5 105 26.5687966384151 0.01243639268705 2.70511863531901
0 11 5 115 26.5525411403668 0.00759819706951772 2.69480232348906
0 12 5 125 26.4538845238103 0.0113903575762975 2.70132613647773
0 13 5 135 26.353137030304 0.0145723767056114 2.70756044353039
0 14 5 145 26.2634378245755 0.0134766186932854 2.7062632259814
0 15 5 155 26.015640976013 0.00980669674516462 2.69801480308865
0 16 5 165 25.3103066539461 0.00789929230876002 2.68790229104093
0 17 5 175 24.0709801331384 0.0096184142430311 2.6812565847608
0 18 5 185 22.7184716009882 0.0118681489832639 2.68515934455486
0 19 5 195 21.7978573400265 0.00916731091544463 2.71282886349923
0 20 5 205 21.269322820006 0.00242318173684122 2.78295867213973
0 21 5 215 20.5582303815725 0.00469325546271953 2.90649511884973
0 22 5 225 19.4394554663888 0.0263106359799178 3.06138099768303
0 23 5 235 18.4111738484682 0.0536111572634549 3.19025839588274
0 24 5 245 17.9663964074441 0.0582390314285506 3.25296693483836
0 25 5 255 18.0123458806758 0.0246578781028156 3.26541378490291
0 26 5 265 18.3825044157873 -0.03976457499662 3.25032979838065
0 27 5 275 19.3706588234067 -0.105429576421734 3.18981408050202
0 28 5 285 21.2074765118348 -0.132723716854992 3.06731629600585
0 29 5 295 23.4197828436493 -0.108110259154387 2.91498406033104
0 30 5 305 25.2040693882795 -0.0596308472533214 2.78885314828303
0 31 5 315 26.1925939699433 -0.0221469397852209 2.71730045824634
0 32 5 325 26.5694228819956 -0.00535110154645304 2.6897632411558
0 33 5 335 26.6654125161164 -0.000844925176919601 2.68298082817971
0 34 5 345 26.6792367699997 -0.000279405600665127 2.68228661931645
0 35 5 355 26.6773352191659 -0.000424354664076729 2.68272838446128
1 0 15 5 26.6762342728486 0.000194675547308939 2.68248511961914
1 1 15 15 26.6273957000299 0.00252746280246155 2.6888870102361
1 2 15 25 26.4254338904008 0.0156199007024018 2.72141575319486
1 3 15 35 25.9055640671496 0.0592658602536925 2.82253355504466
1 4 15 45 25.0659592254795 0.148472807105475 3.01789941199708
1 5 15 55 24.2952335913268 0.253751239971401 3.23565221538611
1 6 15 65 24.1333730783307 0.300107567093246 3.31795602478653
1 7 15 75 24.6847836224685 0.246527371626392 3.19116563118789
1 8 15 85 25.5114982424239 0.14026791466712 2.96409445038747
1 9 15 95 26.1467585748986 0.0550873910997502 2.78902181144285
1 10 15 105 26.4602319266994 0.0157597674469751 2.71106419439633
1 11 15 115 26.557731544351 0.00526576033926607 2.69133963221812
1 12 15 125 26.567852310588 0.00420916687144424 2.68952337686233
1 13 15 135 26.5438069790027 0.00446260750533135 2.6895066994656
1 14 15 145 26.4175298680538 0.00489566144253698 2.68825621879548
1 15 15 155 25.9599391640422 0.00735742831488174 2.68636051077585
1 16 15 165 24.8813478303194 0.0141067599139257 2.68494652304622
1 17 15 175 23.1781711742787 0.0240318400355186 2.68639172366614
1 18 15 185 21.3816997584929 0.0291356396598842 2.69900175779894
1 19 15 195 20.1685353145987 0.0172360370196032 2.73950678419396
1 20 15 205 19.6326881263656 -0.0129114538121927 2.82349502096256
1 21 15 215 19.2803781381167 -0.037915619429529 2.94632167147474
1 22 15 225 18.8549003460323 -0.0299920452190088 3.07281977799258
1 23 15 235 18.6869207412623 0.00251354279318844 3.15579096676254
1 24 15 245 18.9801480542531 0.0179506877344116 3.17901949660257
1 25 15 255 19.3682767744702 -0.0116759042807517 3.1706835135488
1 26 15 265 19.6475989137215 -0.074492687212718 3.15346376336312
1 27 15 275 20.32011762346 -0.131531410149614 3.10847823743472
1 28 15 285 21.8349608895295 -0.145413406030804 3.01362213539204
1 29 15 295 23.7974900157112 -0.110899275314591 2.88830562007934
1 30 15 305 25.4007012172557 -0.0587007320812552 2.77920191914945
1 31 15 315 26.2725005908885 -0.021001701351008 2.71487740774923
1 32 15 325 26.5919426350012 -0.00477255123163142 2.68937512877097
1 33 15 335 26.669722701849 -0.00059235804452646 2.68281214352825
1 34 15 345 26.6820586515381 -2.9018929493863e-05 2.68179995497709
1 35 15 355 26.6829329518352 -1.26528782973978e-05 2.68176896145314
2 0 25 5 26.6767263069353 0.000196328518995102 2.68231338128145
2 1 25 15 26.628989201844 0.00219577264497 2.68791113762956
2 2 25 25 26.4292270214478 0.0134649529086111 2.7165176458047
2 3 25 35 25.9059654312103 0.0512270487492207 2.80580938214803
2 4 25 45 25.0266662351519 0.129032800283244 2.97917606036876
2 5 25 55 24.1304631409501 0.222416746547177 3.17397492442045
2 6 25 65 23.7561360424911 0.266710220384779 3.25034579916001
2 7 25 75 24.1171445525177 0.224419714637662 3.14139309984567
2 8 25 85 24.9090196912637 0.133942346461665 2.94244686535787
2 9 25 95 25.6600335075084 0.0593662288125155 2.78970676444623
2 10 25 105 26.1138224036036 0.0241665692203028 2.72399483225492
2 11 25 115 26.3045177136937 0.0137471005012976 2.70799762396758
2 12 25 125 26.3907593449575 0.010059663045348 2.70270063846202
2 13 25 135 26.4401347586094 0.00681152870987788 2.69563880885638
2 14 25 145 26.3227288157318 0.00580766425177515 2.68942962700038
2 15 25 155 25.7485326734122 0.0109100575274329 2.68766445876048
2 16 25 165 24.4646265762879 0.0241960976118694 2.69057155591189
2 17 25 175 22.5803656439812 0.0413963487285352 2.6980594988845
2 18 25 185 20.6680605652687 0.0482158075180243 2.71733042506016
2 19 25 195 19.3235207798969 0.0260185861259422 2.76682476335407
2 20 25 205 18.6300694455039 -0.0271676261388196 2.86138305223343
2 21 25 215 18.2880875020481 -0.0785638831040333 2.98554106640352
2 22 25 225 18.2395354271092 -0.0853107055354826 3.09163517077348
2 23 25 235 18.7315239486131 -0.0491256547997186 3.13793521664799
2 24 25 245 19.6372756519786 -0.0204917627962564 3.12847100336744
2 25 25 255 20.3494535601558 -0.0381725388758871 3.10136016718907
2 26 25 265 20.6984153263966 -0.0884511835621763 3.07419106841746
2 27 25 275 21.3067631690953 -0.127496749195674 3.02662030321746
2 28 25 285 22.6410593096101 -0.12521117274257 2.94298175823845
2 29 25 295 24.3144802698476 -0.0868471209564514 2.84222987370675
2 30 25 305 25.6275424131874 -0.0415892298857231 2.7587287987011
2 31 25 315 26.3201184789692 -0.0125881803726117 2.70993660233082
2 32 25 325 26.579170289613 -0.00169966405858898 2.68959229614837
2 33 25 335 26.6552539406339 0.000276075843790328 2.68341929942229
2 34 25 345 26.6764410479694 0.000166717312792967 2.68198625724348
2 35 25 355 26.6819829192318 3.67361890498507e-05 2.68174343736854
3 0 35 5 26.678193475059 0.000125212710424613 2.68207293869836
3 1 35 15 26.6455278244872 0.0013098305959493 2.68547330196345
3 2 35 25 26.5030009475513 0.00809670595183222 2.70305599638128
3 3 35 35 26.1118526537499 0.0311734257553485 2.75839712573776
3 4 35 45 25.3890673314516 0.0799147597144969 2.86703248057683
3 5 35 55 24.4882150987271 0.14145999335071 2.99164241625758
3 6 35 65 23.8011142703168 0.176836164352633 3.04557151121936
3 7 35 75 23.690680433136 0.159555560093867 2.98534571137546
3 8 35 85 24.1818198776149 0.10910757390459 2.87005205566781
3 9 35 95 24.9057230756225 0.0662462046977416 2.78843398133312
3 10 35 105 25.4299396790324 0.0486411628029823 2.76606930961208
3 11 35 115 25.6703123794745 0.0442576932167737 2.76803152062755
3 12 35 125 25.8469140691187 0.0364266452712541 2.75758853264441
3 13 35 135 26.0621178555615 0.0231130505059552 2.73100924057951
3 14 35 145 26.0909336540643 0.0133616246168644 2.70587020084463
3 15 35 155 25.5602081977926 0.0151177467986448 2.6947895982822
3 16 35 165 24.2853456265307 0.0294874324172537 2.69731113207825
3 17 35 175 22.5284755913408 0.0486176556636796 2.70821308348032
3 18 35 185 20.862362421957 0.0551608946998595 2.73004196747272
3 19 35 195 19.6396845582925 0.0312709654849824 2.78121232553106
3 20 35 205 18.7446385372469 -0.0201092489046617 2.88283786226311
3 21 35 215 18.030269650957 -0.0620136876183638 3.02455628365055
3 22 35 225 17.779723285982 -0.0529891887999892 3.15148745380915
3 23 35 235 18.3619261171189 -0.00105545587674107 3.20542760039546
3 24 35 245 19.5060990056091 0.037802880406038 3.18101215905312
3 25 35 255 20.4896356959925 0.0246699551164139 3.12022888517013
3 26 35 265 21.1363198824956 -0.0235284472772397 3.05191826465496
3 27 35 275 21.9719413643857 -0.0620494304191735 2.97259854871818
3 28 35 285 23.2830825221907 -0.064097230994096 2.88352670658718
3 29 35 295 24.6757435853748 -0.0374447106156268 2.80395670975043
3 30 35 305 25.6660806860831 -0.00827834387722577 2.74819774463955
3 31 35 315 26.1910591837893 0.00586242502502933 2.71468804077336
3 32 35 325 26.4477567567905 0.00648865897830537 2.6959381896819
3 33 35 335 26.5843569936123 0.0030417370540057 2.68655567776871
3 34 35 345 26.6521372746275 0.000825099678442295 2.68286732801346
3 35 35 355 26.6768006083469 0.000133157911640827 2.68187580787069
4 0 45 5 26.6790192510368 7.46880421363957e-05 2.68187596005125
4 1 45 15 26.6647462695832 0.000540840884812945 2.6832751867649
4 2 45 25 26.5898372860153 0.00342848790222347 2.69080599983873
4 3 45 35 26.3596848670203 0.0137064105066264 2.71496482554991
4 4 45 45 25.8479926168393 0.0370330442910542 2.76381966969822
4 5 45 55 25.0112434047268 0.0705172074748437 2.8234813615658
4 6 45 65 24.0593284611688 0.0976735811798638 2.85757511428285
4 7 45 75 23.4635667649829 0.102739394684028 2.84671558251243
4 8 45 85 23.5577782737094 0.0914108599068324 2.81959055234056
4 9 45 95 24.0909413169098 0.0863855958509609 2.82274446593208
4 10 45 105 24.5045571030324 0.097492606100499 2.86297327496481
4 11 45 115 24.6705499315089 0.106215770242584 2.89459479714743
4 12 45 125 24.9312080977222 0.0907683530224049 2.87250367730329
4 13 45 135 25.4233400511392 0.0564632122405725 2.80589464828482
4 14 45 145 25.7816948360389 0.0268364840819115 2.74095723671534
4 15 45 155 25.5209503844325 0.0162863098469211 2.70795779513165
4 16 45 165 24.5055832582448 0.0226503522708654 2.70554465125089
4 17 45 175 23.0954464397931 0.0348030409528028 2.71968336384412
4 18 45 185 21.8082993821359 0.0395258177728803 2.74450187474822
4 19 45 195 20.7451688283455 0.0303460606773498 2.7970540618213
4 20 45 205 19.5761158735761 0.0202771414744701 2.91194817865188
4 21 45 215 18.2449631230653 0.0412235846551161 3.09878590992764
4 22 45 225 17.3419939583542 0.109358730289698 3.29801349311229
4 23 45 235 17.4533378459579 0.188572214282972 3.40921082587053
4 24 45 245 18.3842712664793 0.218186093828683 3.38599683056532
4 25 45 255 19.4692807056932 0.178181251480439 3.27217598699901
4 26 45 265 20.4850969939981 0.101973152299719 3.13148687594642
4 27 45 275 21.6950618130208 0.0377534896902959 2.99620346042096
4 28 45 285 23.1145313517954 0.0136591175781066 2.88663488866818
4 29 45 295 24.3486956017997 0.0236335706705879 2.81681203359813
4 30 45 305 25.1496712067011 0.0384910156047283 2.77660754620689
4 31 45 315 25.6602351706772 0.0369927842885948 2.74470412670447
4 32 45 325 26.0754504784357 0.0225825654996773 2.71512401974948
4 33 45 335 26.4032295064299 0.0090151652835782 2.69445064639773
4 34 45 345 26.5919248424502 0.00231349376985585 2.68495009911177
4 35 45 355 26.6638954360362 0.000358256184179642 2.68219895320143
5 0 55 5 26.6780596568693 6.49224144634164e-05 2.68179907904062
5 1 55 15 26.6768278660168 0.00015362284776749 2.68213403568268
5 2 55 25 26.6460184466857 0.00104880390982996 2.684382105974
5 3 55 35 26.5272356318676 0.00465590582468813 2.69202975015023
5 4 55 45 26.1866058517886 0.0142270263752135 2.70917088096387
5 5 55 55 25.4766110660657 0.0311195292317224 2.73524815192274
5 6 55 65 24.4666072479653 0.0504993349594907 2.76366313857638
5 7 55 75 23.6007074167202 0.0653645167693227 2.7921956282996
5 8 55 85 23.3246235856169 0.080050615964165 2.83495961761108
5 9 55 95 23.4977991692937 0.110341890851433 2.91169667297807
5 10 55 105 23.6046246527413 0.15517381446142 3.00935370381265
5 11 55 115 23.5839294510363 0.179836791798538 3.06436916151286
5 12 55 125 23.8872517254283 0.153611085927466 3.02094970599334
5 13 55 135 24.6655211688679 0.0926074641896723 2.90307220497633
5 14 55 145 25.429772369841 0.0384690485101396 2.78881194256616
5 15 55 155 25.576702251743 0.0109320644959098 2.72969754578419
5 16 55 165 24.9389973388264 0.00148309192493421 2.72598704278718
5 17 55 175 23.8479190712986 -0.00235496040319255 2.75407853919341
5 18 55 185 22.7362377251476 -5.17703201105752e-06 2.79569874231594
5 19 55 195 21.6067448539552 0.0237417044340935 2.86388281491378
5 20 55 205 20.0900947150823 0.0912118160082982 3.00819123062592
5 21 55 215 18.1974315250364 0.213012334600708 3.25848842043927
5 22 55 225 16.6430677203277 0.357163041658479 3.54491889235895
5 23 55 235 16.1185608029362 0.447641856190177 3.71835085298371
5 24 55 245 16.5715504646205 0.430230596031609 3.69302103278018
5 25 55 255 17.5117831701196 0.328746661939253 3.5246768465632
5 26 55 265 18.7198911423392 0.208818396227291 3.31802580616455
5 27 55 275 20.2335438221796 0.119741570847072 3.1324869846924
5 28 55 285 21.8490889405521 0.0820289387891569 2.99323959015279
5 29 55 295 23.1473514274116 0.0850655963747767 2.90757505268712
5 30 55 305 24.0152268740955 0.092186552630052 2.85297114060044
5 31 55 315 24.7332180748362 0.0760196953953717 2.79929552999478
5 32 55 325 25.4826859236568 0.0437473757073038 2.7447340136279
5 33 55 335 26.12472747566 0.0170561832004909 2.7058186001003
5 34 55 345 26.5004374627136 0.00433731438353692 2.68786587690442
5 35 55 355 26.6442205498867 0.000667300014299033 2.68265526754677
6 0 65 5 26.6758591213632 6.14760687303565e-05 2.6817960089068
6 1 65 15 26.6798843024282 1.13091040550745e-05 2.68178284511239
6 2 65 25 26.6654254217775 0.000154075481374215 2.68233848200832
6 3 65 35 26.5973887983658 0.00091893267080644 2.6846948487428
6 4 65 45 26.3642501015968 0.0034920109263127 2.69212567347298
6 5 65 55 25.8007548504524 0.00902686891880099 2.71105531082821
6 6 65 65 24.8725454182811 0.0174852673756587 2.75129672445963
6 7 65 75 23.8754513048396 0.0311169993716484 2.82255386849873
6 8 65 85 23.2277298653635 0.0612032088324364 2.92750662536396
6 9 65 95 22.9680687142032 0.119177242288052 3.05481137709259
6 10 65 105 22.7866383932147 0.187725073655104 3.16842945640068
6 11 65 115 22.6603350218359 0.217128724324059 3.20687811272238
6 12 65 125 22.9932614056804 0.177169642909256 3.12993853486295
6 13 65 135 23.9401351504685 0.0978994121512552 2.97514339041311
6 14 65 145 25.0084050387262 0.0314688934355287 2.83123925406224
6 15 65 155 25.50743402782 -0.0062500140891282 2.76086693236861
6 16 65 165 25.134302444122 -0.0334968479433165 2.77175454542198
6 17 65 175 24.0945919626138 -0.0594786214673438 2.83555457207135
6 18 65 185 22.7897668464287 -0.058747823902438 2.9181146002209
6 19 65 195 21.3404321175395 0.0132902560744915 3.02376386357194
6 20 65 205 19.5338147100333 0.178381659573752 3.21099539784445
6 21 65 215 17.4191957254724 0.400166455336377 3.51535730931578
6 22 65 225 15.6162280791421 0.583694869092365 3.84910808576358
6 23 65 235 14.7259291384726 0.630904558314778 4.0390239540713
6 24 65 245 14.7645854851408 0.529744728806912 4.00064113296459
6 25 65 255 15.4198445392732 0.369043841078906 3.81560042629015
6 26 65 265 16.5521608140367 0.240292623615718 3.60393875828002
6 27 65 275 18.1501353960923 0.168772699286703 3.40834003815406
6 28 65 285 19.9609274715448 0.142981596045363 3.22961566987796
6 29 65 295 21.5388387719009 0.142666225394228 3.07828389910688
6 30 65 305 22.7408538222404 0.136814249081307 2.95711957960897
6 31 65 315 23.8313333632678 0.104582919406269 2.85377253948006
6 32 65 325 24.9531444347741 0.0580708356624598 2.76860844171393
6 33 65 335 25.885956565313 0.0223014737377722 2.71398632251468
6 34 65 345 26.423032069405 0.00564003603731486 2.68985346741775
6 35 65 355 26.6272443644052 0.000862480177120719 2.68296481629913
7 0 75 5 26.6668887836818 -9.62325119798376e-05 2.68191551014884
7 1 75 15 26.6643088201584 -0.00023918297374665 2.68192059060952
7 2 75 25 26.6367594908622 -0.000553725174205228 2.6823317576727
7 3 75 35 26.5535176310817 -0.00200694063015773 2.68448245904235
7 4 75 45 26.320844356272 -0.00605837833562557 2.6930325645531
7 5 75 55 25.7802892029637 -0.0131463274558813 2.7201762455624
7 6 75 65 24.8227599605558 -0.0189851102401806 2.78799149476937
7 7 75 75 23.6053717474003 -0.00985923897038483 2.91451161101806
7 8 75 85 22.559030984012 0.0330782209624268 3.08283412795127
7 9 75 95 21.9976379493517 0.110007977383191 3.23384975744131
7 10 75 105 21.8292657670064 0.181743126595313 3.30634101902211
7 11 75 115 21.883809980656 0.194475692379865 3.27515360219768
7 12 75 125 22.3141440072738 0.136944040083375 3.15469379827044
7 13 75 135 23.2937876705271 0.0553374446114228 2.99292044041735
7 14 75 145 24.4763029800187 -0.00242167445928982 2.85647200406476
7 15 75 155 25.1418288805681 -0.0372464485660638 2.80097329340887
7 16 75 165 24.8148933830578 -0.0784589834724283 2.84548464799985
7 17 75 175 23.5738538010355 -0.125483794255734 2.96172566888096
7 18 75 185 21.8577830242452 -0.121180723905255 3.09895716388753
7 19 75 195 20.0076147287817 0.00687313419644994 3.25293814054611
7 20 75 205 18.0507695519366 0.263507332189484 3.48562460133797
7 21 75 215 16.0624062487084 0.5444400137597 3.82106726716067
7 22 75 225 14.4528850656886 0.696194394562297 4.15102221119794
7 23 75 235 13.6039142627245 0.640794268787496 4.31571055189584
7 24 75 245 13.4975600125189 0.451297547372251 4.2768313215879
7 25 75 255 13.9227634651819 0.283134600991494 4.14185041158749
7 26 75 265 14.8312758180391 0.218759558861023 4.00176180132989
7 27 75 275 16.3007974427559 0.218723387315664 3.83226620078986
7 28 75 285 18.2085001566585 0.21754093712557 3.5879577609103
7 29 75 295 20.1555733503351 0.195052830045877 3.30470528725173
7 30 75 305 21.8584267090558 0.155804479308814 3.05783619029527
7 31 75 315 23.3761956515871 0.10485450209269 2.8818538723789
7 32 75 325 24.7574682917078 0.0546562048957062 2.7714884468011
7 33 75 335 25.8121792420519 0.0204882712831979 2.7129004429716
7 34 75 345 26.3973914897068 0.00514026637202064 2.68934623957232
7 35 75 355 26.6171641055773 0.000718520736269004 2.68293010661501
8 0 85 5 26.6133703919518 -0.00120444913994378 2.68285224424667
8 1 85 15 26.5716237799865 -0.00174825707546701 2.68332120496996
8 2 85 25 26.4744123077336 -0.00256553908266038 2.68419862194466
8 3 85 35 26.2707597252939 -0.00677739280916242 2.68827639570426
8 4 85 45 25.8611066117585 -0.0196597400222073 2.70338997586246
8 5 85 55 25.1046574560434 -0.0426823087776336 2.74658549472124
8 6 85 65 23.8907247156495 -0.0643953197501216 2.84644363373951
8 7 85 75 22.362798395506 -0.0581844022233518 3.0222644137442
8 8 85 85 21.0613101001838 -0.00123099931973286 3.23512423225518
8 9 85 95 20.5487920510377 0.0894862735931379 3.38193431318547
8 10 85 105 20.8032184132555 0.152726455639194 3.38541544876804
8 11 85 115 21.3403766075814 0.139532778106553 3.26977884581364
8 12 85 125 21.9687264477127 0.0662587458120557 3.11284327394455
8 13 85 135 22.8812073586528 -0.00731146389099114 2.96802255664969
8 14 85 145 23.9409693845827 -0.0470666912755965 2.86680469747253
8 15 85 155 24.4930682724588 -0.074892514386944 2.84922730859013
8 16 85 165 24.0060786392253 -0.125980963961995 2.9408485189574
8 17 85 175 22.5264465454281 -0.183598311941468 3.10799909561624
8 18 85 185 20.5103806851246 -0.163904115077954 3.28563083190806
8 19 85 195 18.4000617469069 0.0151864101518406 3.47404396306516
8 20 85 205 16.3994416836857 0.326501344071351 3.74568777101197
8 21 85 215 14.6521612048962 0.60537591302592 4.1067495392908
8 22 85 225 13.4111994103934 0.671560175215539 4.42785605004182
8 23 85 235 12.8351119761786 0.501128399022017 4.57682599170258
8 24 85 245 12.8123418289727 0.259638002511944 4.56794566778462
8 25 85 255 13.1495848838354 0.143454481437581 4.51702321108479
8 26 85 265 13.8378405584456 0.190489477484008 4.46241137739081
8 27 85 275 15.0541754353943 0.276820090101859 4.30643781994242
8 28 85 285 16.8816082114362 0.286688025416831 3.968509217827
8 29 85 295 19.0767273336154 0.220299861651671 3.52475750241498
8 30 85 305 21.2464695199393 0.138028666104163 3.13451780924629
8 31 85 315 23.1599581120396 0.0754590482890214 2.88409847179795
8 32 85 325 24.7120984550903 0.0353897516081934 2.75748385006467
8 33 85 335 25.7900233194782 0.013007117333909 2.70463235917812
8 34 85 345 26.3683549027227 0.00321184862241912 2.68699049256001
8 35 85 355 26.5822199280251 -6.26430557201717e-05 2.68298230379441
9 0 95 5 26.4078088822954 -0.00564105352781905 2.68690146854289
9 1 95 15 26.2447272421759 -0.0079482899681322 2.68925465240901
9 2 95 25 25.9804780260224 -0.00906899664845522 2.69120117785287
9 3 95 35 25.5294239770561 -0.0145456133022003 2.69785694767217
9 4 95 45 24.7715627047833 -0.0347214910309414 2.7220846855111
9 5 95 55 23.6257836129636 -0.0722852412899648 2.7833532898308
9 6 95 65 22.0901767155324 -0.10868197002772 2.90488687100735
9 7 95 75 20.4145045727499 -0.107816932431392 3.09418795544386
9 8 95 85 19.2481389814377 -0.0458953714860741 3.29886244399142
9 9 95 95 19.2246957548192 0.0496584042458149 3.40752221592739
9 10 95 105 20.2059226844486 0.107779626781494 3.35297872731677
9 11 95 115 21.3743695973154 0.08548189309476 3.1917467911404
9 12 95 125 22.2378251590259 0.0137098576806206 3.02977293467149
9 13 95 135 22.9593955848885 -0.0464795607104287 2.91668330403411
9 14 95 145 23.5836345739528 -0.0754206458512045 2.86308542203302
9 15 95 155 23.6650496120777 -0.1067689581484 2.90024398426932
9 16 95 165 22.8412722888318 -0.169690607963771 3.04921164729182
9 17 95 175 21.237822342804 -0.226705939925899 3.25743653586501
9 18 95 185 19.2287279063301 -0.181654029386947 3.44872472084381
9 19 95 195 17.1296784792321 0.0296129383446947 3.6464236249897
9 20 95 205 15.1732910124546 0.341200409589311 3.94830994140715
9 21 95 215 13.609320147538 0.564944850228616 4.3479504963501
9 22 95 225 12.6609828372101 0.540539787364101 4.69357837702755
9 23 95 235 12.3493803728279 0.299927860109827 4.86289778571398
9 24 95 245 12.4734113582802 0.057322741562794 4.88924172441962
9 25 95 255 12.8129535698473 0.00804913829067442 4.87729463334527
9 26 95 265 13.3400794127827 0.138834526480577 4.83441851480791
9 27 95 275 14.2623668242973 0.267850903720433 4.64236191893461
9 28 95 285 15.8221063492261 0.264231267134656 4.22196200862719
9 29 95 295 17.9806330201034 0.163648217102044 3.67185607359178
9 30 95 305 20.3661851713001 0.0691199711739138 3.18794998899657
9 31 95 315 22.5592500498812 0.024048124108459 2.88491935914966
9 32 95 325 24.3111499541347 0.0102748788102127 2.7452582106549
9 33 95 335 25.523295555979 0.0050325685847729 2.69709088783863
9 34 95 345 26.1978222835813 0.00115856816005298 2.68523696276693
9 35 95 355 26.4380426609607 -0.00229707047307016 2.68458566736124
10 0 105 5 25.8985899636693 -0.0167735316165609 2.6981127995666
10 1 105 15 25.4800610170897 -0.0245598548948265 2.70630547903168
10 2 105 25 24.9568863912079 -0.0261521943223893 2.71172001383187
10 3 105 35 24.2254563700135 -0.0270227053149959 2.72110654964113
10 4 105 45 23.1240142540631 -0.042069497186082 2.75427971722934
10 5 105 55 21.6467843761181 -0.0786141479943181 2.83252089476974
10 6 105 65 19.9545063345302 -0.120449342961384 2.96341142645399
10 7 105 75 18.4271526887964 -0.133228031731295 3.12956495570131
10 8 105 85 17.7400835932364 -0.0911764915203509 3.27392697038316
10 9 105 95 18.4290000902167 -0.0115531233806119 3.31484842970867
10 10 105 105 20.1661307278033 0.046231776784821 3.22203205803525
10 11 105 115 21.9119625728732 0.0412726400340056 3.06144161609387
10 12 105 125 22.9612641378566 -0.00511840197765574 2.92470393861848
10 13 105 135 23.3657522316075 -0.0466791128631787 2.8487906002916
10 14 105 145 23.3075118585614 -0.073984890128383 2.84256779335541
10 15 105 155 22.6983023620084 -0.119189803913116 2.93723629862232
10 16 105 165 21.501012444615 -0.196999752085855 3.14228670179622
10 17 105 175 19.9159293468223 -0.251976451804175 3.38411289004067
10 18 105 185 18.1320237201503 -0.190366684876231 3.58353557797495
10 19 105 195 16.2340405783687 0.0178736262430798 3.79118841687979
10 20 105 205 14.4059857114369 0.276070109517462 4.12568100108266
10 21 105 215 12.9827400919633 0.414670238589611 4.56814992048966
10 22 105 225 12.2106786361261 0.328985919987894 4.94818785497706
10 23 105 235 12.0531424217694 0.0855538578409199 5.13902796508752
10 24 105 245 12.2657120872328 -0.115275822451685 5.16501123354095
10 25 105 255 12.6093535146182 -0.119625272900826 5.11573199180088
10 26 105 265 13.0240470367817 0.0229222708623689 5.00734870294968
10 27 105 275 13.6972593383906 0.126021725888056 4.75836882890693
10 28 105 285 14.9378031085204 0.0919652103554442 4.31232275579044
10 29 105 295 16.8555868083529 -0.00404176083073568 3.7492303523366
10 30 105 305 19.1755959583577 -0.0531062261659602 3.240082998271
10 31 105 315 21.4593758013346 -0.0402111198805411 2.90605043440215
10 32 105 325 23.415744149596 -0.0122560267450904 2.74816844954867
10 33 105 335 24.9001045969386 0.00107621325754923 2.69636744804688
10 34 105 345 25.7993799593783 0.000502400150148488 2.68683186935648
10 35 105 355 26.0850563046187 -0.00680927941081491 2.69016862873012
11 0 115 5 25.0582019300863 -0.0345039786490493 2.71948790805576
11 1 115 15 24.2806967149377 -0.0545034636674626 2.74131833877752
11 2 115 25 23.4928977698331 -0.0598974933285477 2.75816761993047
11 3 115 35 22.6313008459448 -0.049288188708324 2.77400269788093
11 4 115 45 21.4378554547117 -0.0374416204037016 2.81542510461276
11 5 115 55 19.8870634080343 -0.0424362502302244 2.90862320921848
11 6 115 65 18.2414485718872 -0.0684701086671113 3.04564104248409
11 7 115 75 16.9700763887077 -0.0979441756746495 3.18279831699658
11 8 115 85 16.7182328644899 -0.0979481017144354 3.26313421959225
11 9 115 95 17.8956694374787 -0.0543425644693203 3.24236558218836
11 10 115 105 20.0816906217801 -0.000229334610365226 3.12458002708384
11 11 115 115 22.1952877610952 0.0200813035565827 2.97124083809895
11 12 115 125 23.3823705786624 0.00430417562633685 2.85054218388738
11 13 115 135 23.4867754315634 -0.020070543242014 2.79286014400998
11 14 115 145 22.7723407850867 -0.0463604832884124 2.81335118720296
11 15 115 155 21.5697219849527 -0.0989307566068146 2.94003384767125
11 16 115 165 20.1711374320943 -0.184169340344066 3.17108239612235
11 17 115 175 18.7366744647032 -0.245523560730698 3.43247724368895
11 18 115 185 17.2144656931554 -0.20322966506584 3.66068633168832
11 19 115 195 15.53399597767 -0.0527833569414089 3.91562177065466
11 20 115 205 13.8830906516669 0.105201559718597 4.29713180718172
11 21 115 215 12.6298027687408 0.148465836614011 4.75775106685229
11 22 115 225 11.9905042735692 0.0370630043581329 5.12375368237182
11 23 115 235 11.8886742980175 -0.15076599490663 5.28441379425846
11 24 115 245 12.0879018718127 -0.270465173074759 5.26849009884037
11 25 115 255 12.376685325743 -0.237529297589986 5.16407436746107
11 26 115 265 12.7004087628632 -0.127163801931339 5.00832124062415
11 27 115 275 13.2360607073409 -0.0894205713379777 4.75371152580862
11 28 115 285 14.3047483216821 -0.155951394423146 4.3449942721617
11 29 115 295 16.0617649678403 -0.216611973365522 3.81864938360267
11 30 115 305 18.2676622253818 -0.186117462558092 3.30904129191751
11 31 115 315 20.5027914914624 -0.0975396000480392 2.94793439166628
11 32 115 325 22.5133978517599 -0.0245940720135719 2.76644755093712
11 33 115 335 24.1602281432124 0.00512923425808791 2.70522701188276
11 34 115 345 25.221489819314 0.00431682828102941 2.69474090274993
11 35 115 355 25.4965952594491 -0.0116404047969144 2.7019230865462
12 0 125 5 24.1502416809686 -0.0511575806440316 2.74789671593464
12 1 125 15 23.0677167793253 -0.0904875109082298 2.79271060741189
12 2 125 25 22.0988996368694 -0.107733293481739 2.83496380521246
12 3 125 35 21.3154519417222 -0.0860052087755375 2.8668320866629
12 4 125 45 20.3380723082233 -0.0316656650450354 2.91591860797883
12 5 125 55 18.9671158889161 0.0220199064687658 3.01693784101277
12 6 125 65 17.4401248179274 0.0357675928296557 3.15794865135413
12 7 125 75 16.2768253097871 0.00274412419340338 3.28636649704215
12 8 125 85 16.0947976595961 -0.0321516676632959 3.35419911239708
12 9 125 95 17.2459323508828 -0.020335447535222 3.3309519347807
12 10 125 105 19.4015567504559 0.0252020977234733 3.2115512287304
12 11 125 115 21.6424124937313 0.0524220548718681 3.0371589895169
12 12 125 125 23.0161550259071 0.0428761390008286 2.87788434439538
12 13 125 135 23.046526732873 0.0195029804396454 2.78790719371401
12 14 125 145 21.9418959152508 -0.00439406654155848 2.79422081881227
12 15 125 155 20.3770058717114 -0.0485075829105337 2.91016625488577
12 16 125 165 18.9319999942594 -0.128791648008043 3.1235683005725
12 17 125 175 17.6952764835318 -0.211757384379772 3.38554884509439
12 18 125 185 16.4088990545282 -0.237410865573241 3.66429248058509
12 19 125 195 14.9436871913555 -0.198826169203655 3.99878707468598
12 20 125 205 13.5292062257654 -0.163820241930644 4.42168608909818
12 21 125 215 12.5043305187532 -0.199347187334072 4.8451227647285
12 22 125 225 11.9891319051251 -0.299759412081269 5.12083080083823
12 23 125 235 11.8640536737041 -0.393506536564637 5.19324583838808
12 24 125 245 11.9413994930004 -0.401693378962062 5.12710078450999
12 25 125 255 12.0904028060726 -0.315162817274895 5.021988861417
12 26 125 265 12.3121925290222 -0.229651245700865 4.9155932545393
12 27 125 275 12.8059183730409 -0.246575431430312 4.7429368748512
12 28 125 285 13.9000704986528 -0.332594654185599 4.40804490688981
12 29 125 295 15.7408767991851 -0.357520945281147 3.91160593174779
12 30 125 305 18.0265591884348 -0.265218598437031 3.38835295905292
12 31 125 315 20.2365308424379 -0.124052881970747 2.99838996956732
12 32 125 325 22.0935968036366 -0.0206061625303128 2.79632942310774
12 33 125 335 23.5732734333009 0.02032236782871 2.72583334005374
12 34 125 345 24.5617094921856 0.0168402783620287 2.71123913904339
12 35 125 355 24.7831057300711 -0.0108964619817386 2.71914866186475
13 0 135 5 23.6106415281869 -0.0562097317478171 2.77170987085136
13 1 135 15 22.4437638179904 -0.115340453802677 2.84166440789188
13 2 135 25 21.3779673303325 -0.151201000690523 2.917708730026
13 3 135 35 20.7099095517732 -0.128526617248663 2.97210392317823
13 4 135 45 20.0488054575811 -0.0393069948798384 3.02339186986667
13 5 135 55 18.9776931244729 0.0710958324275349 3.11497906685876
13 6 135 65 17.5878334817098 0.132247102777654 3.24873656068955
13 7 135 75 16.3784730430156 0.120364094171413 3.39310264855574
13 8 135 85 15.9354036253061 0.0897670624174717 3.52243439470322
13 9 135 95 16.6241000600597 0.101087391875952 3.58599816494369
13 10 135 105 18.3623241848424 0.138677498501619 3.50916398971603
13 11 135 115 20.553486057923 0.144633113838135 3.28868616581078
13 12 135 125 22.2125284244442 0.106291202336571 3.02781018669414
13 13 135 135 22.4685594392951 0.0612908632658203 2.84607085697293
13 14 135 145 21.2807796103781 0.0342161963836156 2.79607159521183
13 15 135 155 19.485157304556 0.00294399723178876 2.87041925338961
13 16 135 165 17.9367743677513 -0.0714522938053111 3.04444411378888
13 17 135 175 16.7915008510754 -0.191100865597884 3.2999308832372
13 18 135 185 15.7146359277174 -0.311401390482837 3.6310807447407
13 19 135 195 14.5318981300106 -0.39460533223999 4.03100941669569
13 20 135 205 13.4382536259828 -0.452642501915113 4.44999431863632
13 21 135 215 12.6733000092407 -0.514158889752556 4.78035969553733
13 22 135 225 12.2489235873566 -0.566716795986728 4.93240036604799
13 23 135 235 12.0248145853705 -0.559251082695118 4.91789123912842
13 24 135 245 11.8907668217223 -0.461542052619911 4.83307212228689
13 25 135 255 11.8278611935252 -0.318087323446869 4.78155402871555
13 26 135 265 11.9159057644019 -0.233993002048893 4.78502327606278
13 27 135 275 12.3797050640059 -0.271286285296874 4.73399272138696
13 28 135 285 13.5537979479134 -0.361190438918641 4.47869388703836
13 29 135 295 15.5925937488129 -0.374276222711211 4.00249443754421
13 30 135 305 18.1313190125763 -0.269968434589331 3.46479741254767
13 31 135 315 20.4444294787125 -0.11977375757837 3.05443340596598
13 32 135 325 22.0842825350952 -0.0064526862505544 2.83743527287018
13 33 135 335 23.172101604584 0.0415806829192917 2.75662140169516
13 34 135 345 23.9327787402588 0.036395141084739 2.73307213760203
13 35 135 355 24.1842516160213 -0.00108544410145865 2.73575274125727
14 0 145 5 23.7127399709173 -0.0466853648304703 2.7764936094505
14 1 145 15 22.6916136460818 -0.113963069136878 2.85810327010093
14 2 145 25 21.5711707575346 -0.164068333627314 2.95501542043985
14 3 145 35 20.8612917616725 -0.152277783221679 3.02271740795407
14 4 145 45 20.362333612492 -0.0586382046605888 3.06472124171596
14 5 145 55 19.5961396590866 0.0717525775253832 3.12776284441868
14 6 145 65 18.4448155266189 0.161714179979507 3.23937795858903
14 7 145 75 17.2319409708535 0.18626154154037 3.41074159104758
14 8 145 85 16.4512254672452 0.195861779500473 3.64431769902035
14 9 145 95 16.5301594315661 0.232129551189794 3.85027989655147
14 10 145 105 17.6933164151334 0.261912846457487 3.85657485294155
14 11 145 115 19.7098028682532 0.233624334021479 3.60043905391368
14 12 145 125 21.6360224293758 0.156839168607002 3.22476849468872
14 13 145 135 22.2686634356649 0.0862442672274275 2.93051343576622
14 14 145 145 21.2318874262636 0.0512897324855589 2.80701752628489
14 15 145 155 19.3275307149841 0.0245940844155733 2.83191259343967
14 16 145 165 17.6111185651744 -0.0507097385004225 2.96796547161051
14 17 145 175 16.4248913977016 -0.203088363644107 3.21403803890144
14 18 145 185 15.4881478767258 -0.393553853190552 3.5698785174231
14 19 145 195 14.5785221287172 -0.546739457316327 3.9808786336329
14 20 145 205 13.7805837314316 -0.627461760221488 4.3462318000967
14 21 145 215 13.2069119478459 -0.658876341843567 4.58346438440225
14 22 145 225 12.7901638644778 -0.654657086825546 4.67598219430112
14 23 145 235 12.39684458041 -0.582098014727865 4.66404294750334
14 24 145 245 12.0036184195532 -0.424884908430249 4.61636256421454
14 25 145 255 11.703435167652 -0.246089306103376 4.61104590648377
14 26 145 265 11.6384771548565 -0.150175908537736 4.66796197526552
14 27 145 275 12.0245368564355 -0.181015139875214 4.67600821168991
14 28 145 285 13.1804597766305 -0.269109296173943 4.47483493346622
14 29 145 295 15.3100739914701 -0.300307131300822 4.03988086439622
14 30 145 305 18.0826804524345 -0.230818646919665 3.52526430130206
14 31 145 315 20.6126847969554 -0.107612477322267 3.11570771682607
14 32 145 325 22.2024761028007 -0.000132297608594626 2.88391561927261
14 33 145 335 23.011250423169 0.0529692540392359 2.78587817223836
14 34 145 345 23.6040136951056 0.050500322091167 2.74873902791825
14 35 145 355 23.998819235382 0.011704457247467 2.74203120375179
15 0 155 5 24.3803883927058 -0.0296991922938977 2.75775556794563
15 1 155 15 23.603658464001 -0.0871146900213392 2.82789744139695
15 2 155 25 22.4810061008622 -0.136863693135038 2.91604655168522
15 3 155 35 21.5758590063478 -0.140232005056019 2.97661634221517
15 4 155 45 20.9907816081783 -0.0740933569951759 3.00171433598463
15 5 155 55 20.4260724319124 0.0310196600388007 3.03137811701066
15 6 155 65 19.5996943978935 0.117542871331818 3.11188534634966
15 7 155 75 18.5278715553617 0.167916215976014 3.29152637107309
15 8 155 85 17.5469783600073 0.212731782741036 3.59347023035353
15 9 155 95 17.1617089512062 0.262317848987011 3.90408053267699
15 10 155 105 17.8356155842295 0.277590444554769 3.99173466862971
15 11 155 115 19.5862416184402 0.229793571721621 3.7484435743407
15 12 155 125 21.5633391699376 0.14609659486974 3.32770294409529
15 13 155 135 22.4682579457872 0.0772057248243747 2.9742548110295
15 14 155 145 21.7377465033033 0.0432838779020961 2.80301349234849
15 15 155 155 20.021449298596 0.016561633573398 2.78883871251044
15 16 155 165 18.3509104250419 -0.057399585004076 2.88908915202114
15 17 155 175 17.1546757841713 -0.211213281769909 3.10529326518637
15 18 155 185 16.2403635270386 -0.406518902327688 3.43087711675085
15 19 155 195 15.3989700129206 -0.551343151497887 3.79061682826038
15 20 155 205 14.6646757442978 -0.597565801668211 4.08765435808175
15 21 155 215 14.0883236473062 -0.588176396250689 4.29790513796092
15 22 155 225 13.5598853749883 -0.565301026038532 4.45966910581148
15 23 155 235 12.9473307149819 -0.491924175773619 4.58128968327471
15 24 155 245 12.2959041289421 -0.329998430335847 4.63500840703382
15 25 155 255 11.7867311460179 -0.136379861226344 4.63618253867488
15 26 155 265 11.5847175386261 -0.018341152285205 4.62442996628561
15 27 155 275 11.8527645190019 -0.0253318548321202 4.56290400461885
15 28 155 285 12.8698105174989 -0.108380687829136 4.35753161600026
15 29 155 295 14.9118232574146 -0.173510608732001 3.98589662653565
15 30 155 305 17.7839539185496 -0.164311768810542 3.54302777778216
15 31 155 315 20.5904877780866 -0.091836184701517 3.16155455253251
15 32 155 325 22.4252514074919 -0.00675193637354085 2.91715102669128
15 33 155 335 23.3013555575291 0.0442725678350281 2.79769378655889
15 34 155 345 23.885297842816 0.0473559760224334 2.74751672773037
15 35 155 355 24.3926054279968 0.0173495217158171 2.73292630182491
16 0 165 5 25.2685746351704 -0.0146727215875145 2.72723299029572
16 1 165 15 24.7215313999323 -0.0515584285047463 2.77128814157969
16 2 165 25 23.7019675809903 -0.08886156283574 2.82933387842632
16 3 165 35 22.6346917047535 -0.103126580184773 2.86950633465729
16 4 165 45 21.8383390655929 -0.0752591454828758 2.8808613038093
16 5 165 55 21.2927164986622 -0.0161707650641845 2.88835049880569
16 6 165 65 20.6793447707808 0.0447240858964096 2.93634506719252
16 7 165 75 19.7696930578073 0.0951861546509192 3.08291721322221
16 8 165 85 18.782294998538 0.141365925019653 3.35847258289759
16 9 165 95 18.2672485266389 0.174301463823609 3.66354789835613
16 10 165 105 18.7225289347123 0.170828202547789 3.78442819431796
16 11 165 115 20.1657805413255 0.13038259703876 3.60646834658243
16 12 165 125 21.8568073490919 0.0800233298597796 3.25155161840697
16 13 165 135 22.7390660813543 0.0445693407100871 2.93785870987763
16 14 165 145 22.3821175298214 0.0261447325272264 2.7745124895213
16 15 165 155 21.255999905439 0.00353680222998698 2.74323896656038
16 16 165 165 20.057064466385 -0.0577457334400058 2.80698793109016
16 17 165 175 19.0289945568349 -0.177167583072667 2.9648002694445
16 18 165 185 18.0145112393205 -0.31901840531923 3.2078854881258
16 19 165 195 16.9288842315128 -0.404245631681832 3.47748044338521
16 20 165 205 15.9210471582817 -0.403701883563687 3.72013497941103
16 21 165 215 15.1066881936872 -0.382824916957586 3.96455536359612
16 22 165 225 14.3693986553846 -0.390183049197057 4.26757923762413
16 23 165 235 13.5476082175068 -0.361619701814318 4.58543768034237
16 24 165 245 12.7056319861429 -0.221265251423123 4.78711590386705
16 25 165 255 12.0627632919309 -0.014419543734269 4.80346399906363
16 26 165 265 11.765474981547 0.137103282017063 4.67520000832079
16 27 165 275 11.9062069482593 0.163726854342622 4.46316787832027
16 28 165 285 12.7201080675108 0.0928042618886286 4.19053163241121
16 29 165 295 14.5507221327405 0.00027264812265512 3.86309055722549
16 30 165 305 17.3825686229465 -0.0517564753642124 3.50317191110295
16 31 165 315 20.4504701383627 -0.0450859712044241 3.16727453540982
16 32 165 325 22.7428369801008 -0.00524228432497854 2.92230823939535
16 33 165 335 23.9882274374164 0.0268924111772768 2.78864197042915
16 34 165 345 24.6842469573459 0.0311120579644038 2.73182312801693
16 35 165 355 25.1774321369433 0.0137537299091926 2.71440666338835
17 0 175 5 26.0071113595844 -0.00581777232212203 2.70165402593215
17 1 175 15 25.6510213097893 -0.0241418135847611 2.72185748451136
17 2 175 25 24.8621132067586 -0.0468237761738027 2.75021338681325
17 3 175 35 23.8569603313831 -0.0639438305052509 2.77121016338013
17 4 175 45 22.9710021325012 -0.0626210417916437 2.77637935100601
17 5 175 55 22.3427589867417 -0.040611082858609 2.77550528748212
17 6 175 65 21.7238441738905 -0.00756918756599309 2.79653451688436
17 7 175 75 20.8698404382744 0.0265445479946475 2.88328781083135
17 8 175 85 20.0138850109045 0.0534971720845288 3.0621536470309
17 9 175 95 19.6793964903765 0.0616528961771103 3.27278675293271
17 10 175 105 20.16325115768 0.0479637838813522 3.37327588288581
17 11 175 115 21.260991946023 0.028103166965418 3.27704854624329
17 12 175 125 22.3543909637636 0.0183722251042984 3.05402402603824
17 13 175 135 22.8939901858829 0.0184250266796015 2.84773242776181
17 14 175 145 22.8499431941298 0.0171779319289792 2.73522043811965
17 15 175 155 22.5326595398818 0.00212901281981314 2.70765859670886
17 16 175 165 22.0933229518761 -0.0396750239967514 2.74056977876019
17 17 175 175 21.3763882991966 -0.112029489685877 2.83218150586016
17 18 175 185 20.1967278899436 -0.185993257781323 2.98047093019984
17 19 175 195 18.6629916917805 -0.210187805057912 3.16222083178562
17 20 175 205 17.1520348029532 -0.182287378230106 3.36734783407673
17 21 175 215 15.9410205548805 -0.174264702636377 3.63828100467782
17 22 175 225 14.9663721718188 -0.220114482773089 4.02007490448328
17 23 175 235 14.0365554625914 -0.229219269870709 4.45699835703603
17 24 175 245 13.1614806028067 -0.102070753392566 4.79038705648127
17 25 175 255 12.5045700323386 0.118272195015403 4.88437849594039
17 26 175 265 12.156588227966 0.292343614542761 4.72541314320121
17 27 175 275 12.1666257491841 0.338087869476241 4.40978735366663
17 28 175 285 12.7534711411276 0.28044976669413 4.05984228964509
17 29 175 295 14.3091370477799 0.184285903489875 3.73657970627341
17 30 175 305 16.9801747669941 0.0969519743474397 3.4299818037283
17 31 175 315 20.1977292013937 0.0426615365927727 3.13767270734631
17 32 175 325 22.9419057469956 0.0229046970291958 2.90597301177096
17 33 175 335 24.6414105582152 0.0198659366829836 2.77086743629178
17 34 175 345 25.5028648509649 0.016130082842351 2.71414132480428
17 35 175 355 25.9262751133266 0.0071909822848742 2.69762166136913
18 0 185 5 26.4328500768004 -0.00197501668274621 2.68802676720627
18 1 185 15 26.2353866000945 -0.00941627460965193 2.69485048293549
18 2 185 25 25.7462653369875 -0.0211872389847275 2.70559434210548
18 3 185 35 25.0335024951133 -0.0344710169700361 2.71497388427191
18 4 185 45 24.3043813938747 -0.0419544602281524 2.71822865400836
18 5 185 55 23.6726343741438 -0.0379778355682935 2.71669692558607
18 6 185 65 22.989234953095 -0.0237457327471152 2.72231605199624
18 7 185 75 22.1675338652012 -0.00595996935885395 2.75835809847632
18 8 185 85 21.518178643443 0.00593560352685636 2.8420645933748
18 9 185 95 21.4491544968682 0.00452505671607201 2.94910806891065
18 10 185 105 21.9683231221705 -0.0054559367879134 3.01050886309942
18 11 185 115 22.64957855636 -0.0090424184005711 2.97612029027146
18 12 185 125 23.0410543579165 0.000243649659004575 2.87183526888389
18 13 185 135 23.1154205296837 0.0133064185033094 2.76775416060489
18 14 185 145 23.2332225684486 0.0178253398582498 2.70714990869175
18 15 185 155 23.5692807561452 0.00807640080544815 2.68946274429462
18 16 185 165 23.7891871221464 -0.0169186899551452 2.70249397034701
18 17 185 175 23.3732693119322 -0.0530396904695075 2.74576286809628
18 18 185 185 22.0868163943324 -0.0807050501778713 2.82689738990962
18 19 185 195 20.1666732174768 -0.0736472596599485 2.95257792019209
18 20 185 205 18.1553363493734 -0.0444277834442171 3.13092782945125
18 21 185 215 16.5087159388615 -0.0509673317192309 3.37830227940821
18 22 185 225 15.3248180729371 -0.104437077428452 3.71097705900019
18 23 185 235 14.4514128170316 -0.110824899070997 4.10875739088213
18 24 185 245 13.7646539823528 0.0174233445213334 4.47722891602175
18 25 185 255 13.235715714398 0.226501416723776 4.67196023099931
18 26 185 265 12.8611969651018 0.376119022395301 4.59985759573913
18 27 185 275 12.7143104488221 0.402177716350801 4.30876789177591
18 28 185 285 13.0611393770596 0.353056409734922 3.94790067707393
18 29 185 295 14.3274656631959 0.286280427856989 3.62745594367929
18 30 185 305 16.7599927419873 0.211215789849604 3.35082859509055
18 31 185 315 19.9621687519497 0.130132096875671 3.09399647179298
18 32 185 325 22.961991957126 0.0637030466894707 2.88351972855862
18 33 185 335 24.983104501107 0.0257119797671653 2.75618176853993
18 34 185 345 25.986292289225 0.00964971397317847 2.7029563285642
18 35 185 355 26.3694279891053 0.00299880176706532 2.6882420114051
19 0 195 5 26.6077356684038 -0.000590997990687041 2.68318609508715
19 1 195 15 26.5248481998403 -0.00321058019174969 2.68490888659928
19 2 195 25 26.2947536917582 -0.00834422577398308 2.6883256446805
19 3 195 35 25.9219447244878 -0.015636989798591 2.69242971500833
19 4 195 45 25.4687028440278 -0.0219630899868427 2.69593225740874
19 5 195 55 24.9484040682439 -0.0235775539061575 2.6987541385467
19 6 195 65 24.2920591984343 -0.0191582196906187 2.70368400546523
19 7 195 75 23.5826274509598 -0.0105282531753885 2.71774311527329
19 8 195 85 23.1560655341658 -0.00194376774599272 2.74991280101008
19 9 195 95 23.242997796152 0.00310720393394791 2.79904146681655
19 10 195 105 23.64280748633 0.00660299547044611 2.84194431556221
19 11 195 115 23.9077884507573 0.0129138290527918 2.84719005985066
19 12 195 125 23.816284141617 0.0209414753223317 2.8081717018356
19 13 195 135 23.6363055111645 0.0251333033335514 2.75132004461523
19 14 195 145 23.8309595734845 0.02203811575754 2.70770185675626
19 15 195 155 24.4427969177204 0.0120830387697504 2.68818599370628
19 16 195 165 24.9424763128193 -0.0027880991129939 2.68835861753478
19 17 195 175 24.7034401801664 -0.0189976005077357 2.70690245324253
19 18 195 185 23.4558444712876 -0.0269061829020206 2.75620906894979
19 19 195 195 21.3911741892123 -0.0172421721906644 2.85713431483753
19 20 195 205 19.0415072388637 -0.00422206870468648 3.01613806496626
19 21 195 215 17.023045014169 -0.0197104281263977 3.21098642234661
19 22 195 225 15.7189868985302 -0.0536307670918247 3.42298681492534
19 23 195 235 15.0972488210278 -0.0324439310820026 3.67019278016747
19 24 195 245 14.8208142313117 0.0905592997102808 3.95430599627041
19 25 195 255 14.5350896293842 0.248920254140119 4.18411788188346
19 26 195 265 14.1227183829483 0.329004157937065 4.22768704406008
19 27 195 275 13.7789770859543 0.310570027847277 4.05488524341245
19 28 195 285 13.9007502380484 0.271400392408885 3.77061789952017
19 29 195 295 14.9277998626643 0.257129671810951 3.49411065901262
19 30 195 305 17.1074929896739 0.232377526891246 3.25543982192065
19 31 195 315 20.1268228502331 0.166590703668442 3.03731742832196
19 32 195 325 23.0868682729049 0.0869384890594955 2.85631269654332
19 33 195 335 25.1572976691615 0.0320567199195057 2.74442680742695
19 34 195 345 26.1859973575353 0.00835871963133764 2.69739359772595
19 35 195 355 26.5440444147223 0.00151278210070824 2.68467295124022
20 0 205 5 26.6612251772565 -0.000128145723203827 2.68200503806838
20 1 205 15 26.6390749312529 -0.000948629549204064 2.6823568253727
20 2 205 25 26.5584904923991 -0.00281736452062529 2.6836684389472
20 3 205 35 26.401918614553 -0.00628376593464146 2.68721164765564
20 4 205 45 26.1322221038868 -0.0113303305169145 2.6961887276784
20 5 205 55 25.6756249161505 -0.0168825221158526 2.71374517728302
20 6 205 65 25.0184848682904 -0.019527009088967 2.73668219749502
20 7 205 75 24.3839917100542 -0.0141562892161798 2.75636160953182
20 8 205 85 24.115291905366 0.00183416777302503 2.77598125688573
20 9 205 95 24.2602515226374 0.0266785281480183 2.81581217181587
20 10 205 105 24.4827546094779 0.0547146413393785 2.87854017856963
20 11 205 115 24.4765771081866 0.0743715231100369 2.92225561268872
20 12 205 125 24.2957663906104 0.0740287016380758 2.90142506277613
20 13 205 135 24.2585335350578 0.0554519015066508 2.82597665163775
20 14 205 145 24.6106248850402 0.032133482606939 2.74795129368663
20 15 205 155 25.2378625714014 0.0142022250437069 2.70223234103783
20 16 205 165 25.6933808149716 0.00271694646013266 2.68777137516494
20 17 205 175 25.4967422492832 -0.00401681597611244 2.69517075125985
20 18 205 185 24.3666519757827 -0.00493547095791812 2.7325150634498
20 19 205 195 22.3255208046708 -0.000952763460525771 2.82163338613136
20 20 205 205 19.8038184227772 -0.00368641148853239 2.96273096967507
20 21 205 215 17.5870074103671 -0.0229366019635874 3.10889651642723
20 22 205 225 16.3748782819392 -0.0364804910105919 3.21412552736213
20 23 205 235 16.2264889868018 0.00164005037551734 3.30728659630833
20 24 205 245 16.5124349989721 0.0991846565388782 3.45440134938599
20 25 205 255 16.5053667229826 0.191517556963517 3.63790882274761
20 26 205 265 16.0286791182326 0.205887894799521 3.74442023004868
20 27 205 275 15.5088022495492 0.157958006130228 3.69144467535266
20 28 205 285 15.5104984338737 0.132213375327912 3.51462899888546
20 29 205 295 16.4103138461207 0.158833558247852 3.30868894940184
20 30 205 305 18.3353516016911 0.179316846901757 3.12217371014505
20 31 205 315 20.9846790306544 0.145394465214125 2.95410512055909
20 32 205 325 23.5829514032808 0.0804970906394944 2.81564143805111
20 33 205 335 25.4016260757164 0.0299670119701345 2.72954490756934
20 34 205 345 26.2980634855644 0.00727992694043484 2.69319411739913
20 35 205 355 26.601049574515 0.00106147748368011 2.68342196742009
21 0 215 5 26.6748471667365 -1.2521459183486e-05 2.68180424521393
21 1 215 15 26.6725185607878 -0.000358899189980649 2.68213316241248
21 2 215 25 26.6424495844535 -0.00154139446475157 2.68418740285409
21 3 215 35 26.546450190765 -0.00541145712719883 2.6926628107242
21 4 215 45 26.2775368672103 -0.0152125199534871 2.71811460547895
21 5 215 55 25.6945807902925 -0.0320879265336322 2.76961384979443
21 6 215 65 24.8331938858943 -0.0475869774341654 2.83445959299963
21 7 215 75 24.0863653529474 -0.0441588230378416 2.87919524157111
21 8 215 85 23.8816515206275 -0.00968855463850201 2.90023640530203
21 9 215 95 24.1117852878657 0.0520793877885073 2.95002026420092
21 10 215 105 24.2679464862479 0.121695115488463 3.05728665244487
21 11 215 115 24.1751955294174 0.165808455021556 3.1478069129708
21 12 215 125 24.1646716516048 0.157802985500321 3.11960820174012
21 13 215 135 24.5248354719324 0.108049639607131 2.97801074592535
21 14 215 145 25.1682605832503 0.0537273138323394 2.82308229451357
21 15 215 155 25.8023669202113 0.0195806718170392 2.72816510067188
21 16 215 165 26.1389776775817 0.00552503689339824 2.69319156874691
21 17 215 175 25.9103318302038 0.00337739227867172 2.69301568296442
21 18 215 185 24.838547326286 0.00864005663740615 2.72322720875517
21 19 215 195 22.8081771478833 0.0157463458594098 2.79833485838909
21 20 215 205 20.2304387110896 0.0133739538222499 2.91404475684895
21 21 215 215 18.0879370275924 -0.00150492152921956 3.02015755867312
21 22 215 225 17.2741704162734 -0.00760702147408051 3.06408976052595
21 23 215 235 17.7696300038268 0.0224409985092838 3.06869177961813
21 24 215 245 18.6118575982192 0.0833763716084164 3.11632869704938
21 25 215 255 18.8114199587194 0.129822757207932 3.23559315082836
21 26 215 265 18.2777390521901 0.120590724859556 3.34929847239536
21 27 215 275 17.7204444247795 0.0746413450025947 3.35923966690447
21 28 215 285 17.7868391019272 0.055113602736205 3.2540759197663
21 29 215 295 18.6499439426605 0.0831127981358511 3.10352740853092
21 30 215 305 20.2448633123255 0.111212468798489 2.96590254942724
21 31 215 315 22.3200923069058 0.097489421612658 2.85201837666133
21 32 215 325 24.3232082546918 0.0559995877979412 2.76422560202485
21 33 215 335 25.717165588985 0.0211799464209485 2.71094563864064
21 34 215 345 26.3992197839326 0.00512916022181039 2.68861867600327
21 35 215 355 26.6270889337005 0.000727300011855782 2.68266300193864
22 0 225 5 26.6768651180955 -6.35694601762953e-05 2.68189310402595
22 1 225 15 26.673674405028 -0.00074474913563412 2.68323147512163
22 2 225 25 26.6327677713513 -0.00367160760866779 2.68961349213105
22 3 225 35 26.4831583709608 -0.0132478065261756 2.71161404928037
22 4 225 45 26.0658177231897 -0.0363092610070279 2.76829888130348
22 5 225 55 25.2126875116208 -0.0746341823888221 2.87181020142873
22 6 225 65 24.0356152849097 -0.11089659651944 2.99240173428416
22 7 225 75 23.1093359843366 -0.110360014296767 3.06345006313043
22 8 225 85 22.9713028380146 -0.0503558244119022 3.07317325678069
22 9 225 95 23.3821443512331 0.0582146510591042 3.11363115566397
22 10 225 105 23.6233064350907 0.176639691776602 3.24768335954408
22 11 225 115 23.5452284798439 0.24996986227485 3.37258419105995
22 12 225 125 23.6772558798027 0.23928570616217 3.33177501569389
22 13 225 135 24.3346213310264 0.16337153699818 3.12529013621141
22 14 225 145 25.2370228380318 0.0805880377114674 2.89700217188193
22 15 225 155 25.9622694970421 0.0291982100764851 2.75503059761056
22 16 225 165 26.2866573224206 0.00926636926106466 2.70019732352254
22 17 225 175 26.0458559028044 0.00843332401238295 2.692820748741
22 18 225 185 24.9648133670078 0.0200623318641846 2.71499064241208
22 19 225 195 22.9058421931488 0.0376950636676645 2.77091697511688
22 20 225 205 20.3860427058026 0.0479241561104108 2.85336515966265
22 21 225 215 18.5666879131375 0.0426010985980277 2.92257053122024
22 22 225 225 18.346536986396 0.0342949948221293 2.93863957959392
22 23 225 235 19.4606680190765 0.0441358918468297 2.91962921279983
22 24 225 245 20.6717034355501 0.0753451412897482 2.93460193811391
22 25 225 255 20.9499725507748 0.105830929082177 3.01829005579503
22 26 225 265 20.4190784165502 0.107280612108943 3.11506982826557
22 27 225 275 19.9834267226493 0.0792265370062871 3.13463615524156
22 28 225 285 20.1959048240389 0.0548349317189209 3.05438332722692
22 29 225 295 20.9456249698656 0.055771374062727 2.93335245630723
22 30 225 305 22.0486184734258 0.0637080513763155 2.83168649983696
22 31 225 315 23.4414107426513 0.0544017650509943 2.76279012518074
22 32 225 325 24.8605012253482 0.0314992816344501 2.71869405388217
22 33 225 335 25.910374326108 0.0121443385574867 2.69435242389908
22 34 225 345 26.4495954169241 0.00302877773821724 2.68457872966604
22 35 225 355 26.6363789243841 0.000449081339866154 2.68207009539212
23 0 235 5 26.6736452344384 -0.000261454730554711 2.68227570772168
23 1 235 15 26.6586238625172 -0.00221176597189468 2.68627657616612
23 2 235 25 26.5634578794706 -0.0100857852231864 2.70293663327709
23 3 235 35 26.2726425213814 -0.0319910631137909 2.7506662225565
23 4 235 45 25.6170668682652 -0.0757884003281398 2.85082709281008
23 5 235 55 24.5097864785967 -0.137783244069809 3.00400801533113
23 6 235 65 23.1970040191881 -0.189755713151634 3.15728936825845
23 7 235 75 22.3261037811247 -0.186743048569968 3.22374282068609
23 8 235 85 22.3878887581809 -0.104874502381299 3.19384616774597
23 9 235 95 23.0235611773763 0.0343810444697325 3.18799539350053
23 10 235 105 23.4054092107982 0.179142667409759 3.29591300836904
23 11 235 115 23.3382373100105 0.268264490469807 3.41533310248496
23 12 235 125 23.3840748671878 0.263428850212021 3.3737855113378
23 13 235 135 23.9556638426087 0.186511601770936 3.16132564043521
23 14 235 145 24.8683717371474 0.0987354102129008 2.92257644495506
23 15 235 155 25.7072179454487 0.0407360237344645 2.76981272668287
23 16 235 165 26.1741769880986 0.0151257329736091 2.70664438750255
23 17 235 175 26.0391312975355 0.0115485511432959 2.69303955250072
23 18 235 185 25.019257256133 0.0240539711705576 2.70611766136259
23 19 235 195 23.0298746964852 0.0461102210339948 2.74243286193692
23 20 235 205 20.6972300935089 0.0629621503191843 2.79353609029977
23 21 235 215 19.2609955197206 0.0618238268391945 2.83330226534856
23 22 235 225 19.5248586364004 0.0489769956774512 2.83972060485506
23 23 235 235 20.9913443434702 0.0449542451273934 2.82926166506375
23 24 235 245 22.3050592060691 0.0628084397740608 2.84916937388096
23 25 235 255 22.5694921690257 0.0941098158230874 2.91949239924472
23 26 235 265 22.1077162741232 0.112613655399505 2.99346747315085
23 27 235 275 21.82591388655 0.100459567701886 3.00043246181303
23 28 235 285 22.0576638689733 0.0708920961672176 2.92696835972901
23 29 235 295 22.4902122185016 0.0487778783314492 2.82606476115698
23 30 235 305 23.0001505919991 0.0384638565016074 2.75003810785299
23 31 235 315 23.8149424204432 0.029084547353082 2.70939607679635
23 32 235 325 24.9047887385822 0.0169716371738256 2.69128730382126
23 33 235 335 25.8666914068923 0.00698221063947772 2.68418101260654
23 34 235 345 26.4201206388837 0.0019407611074544 2.68203982642239
23 35 235 355 26.6274944922708 0.000327569910725449 2.68170633633481
24 0 245 5 26.6680283087094 -0.000651196091580783 2.68305120597619
24 1 245 15 26.6335817823456 -0.00479865631207698 2.69138522728362
24 2 245 25 26.455777168629 -0.0207505783370373 2.72402099242088
24 3 245 35 25.9709306377001 -0.0605147888864159 2.80708076672484
24 4 245 45 25.0567988392573 -0.127300861520183 2.95192730963509
24 5 245 55 23.8306135211287 -0.202403657640595 3.12674850999986
24 6 245 65 22.7117518149182 -0.248026420847218 3.25612070606831
24 7 245 75 22.2283359636896 -0.228274164171112 3.26830246273498
24 8 245 85 22.5833411183723 -0.136474695635524 3.18014421517198
24 9 245 95 23.3334864094927 -0.00267396606225826 3.11458026662311
24 10 245 105 23.7603752513888 0.126884988208612 3.15915405734251
24 11 245 115 23.6416545583516 0.208143519334312 3.23886549515389
24 12 245 125 23.4010583227554 0.216872484458822 3.21498445818221
24 13 245 135 23.5544162688519 0.168738997229864 3.06705411556785
24 14 245 145 24.2401984152793 0.104494835730981 2.89202670213174
24 15 245 155 25.1789906383614 0.053415715779048 2.7709672673294
24 16 245 165 25.9077842994156 0.0233767666899432 2.71274938922311
24 17 245 175 26.0201255038582 0.012922660041523 2.69407264837041
24 18 245 185 25.2260064286571 0.0185468747542139 2.69829282755207
24 19 245 195 23.4951375226111 0.0324930840200856 2.71948821968898
24 20 245 205 21.4397081281812 0.040762721194351 2.75042066325856
24 21 245 215 20.2289672572644 0.0328657416358622 2.77636727248553
24 22 245 225 20.5920309723561 0.0153947249999557 2.78780407649497
24 23 245 235 21.9875035017249 0.0078033605647121 2.79799747481459
24 24 245 245 23.1275154174265 0.0241488233515829 2.83382595756953
24 25 245 255 23.2929840915801 0.0590603318565245 2.89825047682259
24 26 245 265 22.8939810605597 0.0869093205016719 2.95061134178189
24 27 245 275 22.7063034321974 0.0844399243494991 2.94335695690978
24 28 245 285 22.8651280757482 0.0579620092458009 2.87549055445452
24 29 245 295 23.0013541446275 0.0329896216888094 2.78993356687328
24 30 245 305 23.1245161509139 0.0214758624303695 2.72592916950993
24 31 245 315 23.6669951485335 0.0165170185324722 2.69312326637516
24 32 245 325 24.694808289494 0.0109222773015161 2.68190927930191
24 33 245 335 25.7291711455079 0.00520303258572212 2.68026951638174
24 34 245 345 26.3652364628341 0.00167226504198972 2.6809874839903
24 35 245 355 26.6134972103548 0.000281035518773831 2.68163688330728
25 0 255 5 26.6570387528184 -0.00172642540310232 2.68531945568517
25 1 255 15 26.60504006801 -0.00795784023072004 2.6975574624921
25 2 255 25 26.3631855775613 -0.031312153637152 2.74395567056409
25 3 255 35 25.7369642245262 -0.0863482425803314 2.85515010957302
25 4 255 45 24.676833364666 -0.16814939000476 3.02557618686142
25 5 255 55 23.5104577954599 -0.239992488646827 3.18575627919971
25 6 255 65 22.7671672279737 -0.259633595657405 3.24851084616789
25 7 255 75 22.7192709440783 -0.214954007048786 3.18495964560182
25 8 255 85 23.1984076188364 -0.126451651024348 3.05201243992847
25 9 255 95 23.7833103987807 -0.0258190673777609 2.9530811521134
25 10 255 105 24.0660896176372 0.0621226404070126 2.94577010236466
25 11 255 115 23.8664254660147 0.12158726102803 2.9852836635229
25 12 255 125 23.3854607425686 0.144523863196682 2.98759769205639
25 13 255 135 23.160126555645 0.134415479173259 2.92736060195819
25 14 255 145 23.6351016937471 0.102950717308993 2.8409304183169
25 15 255 155 24.67346641605 0.0637255440387391 2.76686912499431
25 16 255 165 25.6621327315486 0.0306333068128447 2.71917166201277
25 17 255 175 26.0506847817466 0.012707379884239 2.69658621594827
25 18 255 185 25.5731569044275 0.00861466463167733 2.6939233773669
25 19 255 195 24.2216381389803 0.00816806292205633 2.70739448601938
25 20 255 205 22.4583500822939 -0.00132865460208991 2.73367473211869
25 21 255 215 21.2420219353928 -0.0245318154241091 2.76650944540707
25 22 255 225 21.2576395304026 -0.0509204141420748 2.80156638446475
25 23 255 235 22.1186469101302 -0.062552641894997 2.84518605932261
25 24 255 245 22.7698657971647 -0.0482735681733416 2.90631939582362
25 25 255 255 22.6702290261524 -0.0136234508916209 2.97359731875463
25 26 255 265 22.2384758248161 0.0170329666063366 3.01251817420319
25 27 255 275 22.1246715707422 0.020713762726495 2.99626440957025
25 28 255 285 22.3846406410224 0.00348771489211066 2.93049002426248
25 29 255 295 22.665534344661 -0.00899360698945593 2.8430011737358
25 30 255 305 22.9634592255702 -0.00591213162703878 2.76335287697405
25 31 255 315 23.6356642647086 0.00235879046153211 2.71072824578097
25 32 255 325 24.7112276057472 0.00544732275914037 2.68706352177352
25 33 255 335 25.7434873224201 0.00363979655669614 2.68121396846116
25 34 255 345 26.3678460822861 0.00113970359797433 2.68158848545513
25 35 255 355 26.6084506434395 -0.000309666788565093 2.68286107883738
26 0 265 5 26.5997847891391 -0.00689570026563187 2.69681430138571
26 1 265 15 26.5456036031773 -0.0132522208978488 2.70910667464955
26 2 265 25 26.3230798511845 -0.0364938517882884 2.75375476712131
26 3 265 35 25.7395918146445 -0.0915578854169841 2.86154822372341
26 4 265 45 24.7877748271037 -0.168861126259594 3.01730588459226
26 5 265 55 23.8570837499901 -0.224397611168236 3.13678257999504
26 6 265 65 23.422756807442 -0.21968733735118 3.13958633308826
26 7 265 75 23.5059334082504 -0.16259455966568 3.03375654419265
26 8 265 85 23.7348249040006 -0.0899103034248971 2.89774928666043
26 9 265 95 23.8606179482138 -0.0271902514723289 2.8059259567633
26 10 265 105 23.8441369759557 0.0218200146929302 2.78245752773862
26 11 265 115 23.5910638277475 0.0612187871405713 2.8016180435332
26 12 265 125 23.111862297598 0.0903937629355885 2.82291650564347
26 13 265 135 22.8565003945645 0.102195545521758 2.8242731927111
26 14 265 145 23.3434742013187 0.0899478980310246 2.80364445563358
26 15 265 155 24.4637108233388 0.0589823621644098 2.76835331283795
26 16 265 165 25.5633872879858 0.0270436950393859 2.73132413086208
26 17 265 175 26.1002105092 0.00758965547627125 2.7053666570051
26 18 265 185 25.87418300741 -0.0021192582422457 2.69749421916356
26 19 265 195 24.8655315631029 -0.0159986211130373 2.71198948458707
26 20 265 205 23.3276628681752 -0.0465516089425363 2.75303472493736
26 21 265 215 21.9333226058357 -0.092290569743268 2.81902258625547
26 22 265 225 21.2989705384696 -0.135631672610339 2.90090112405782
26 23 265 235 21.2876415190279 -0.157212563036865 2.99050380984942
26 24 265 245 21.2025088438866 -0.149308332502565 3.07989401076936
26 25 265 255 20.7024094707952 -0.119820825510907 3.15097704265752
26 26 265 265 20.1697263732215 -0.0923361179961409 3.182546137847
26 27 265 275 20.1557657494607 -0.0874035624511212 3.16642498548584
26 28 265 285 20.7519715774794 -0.0954014311537224 3.10205520188475
26 29 265 295 21.665545748484 -0.0882115158633627 2.99229565266743
26 30 265 305 22.7059732851328 -0.0585327713633239 2.86343826769163
26 31 265 315 23.8726673492807 -0.0255203382980006 2.759933758766
26 32 265 325 25.0463946975211 -0.00617409347780123 2.70473586911743
26 33 265 335 25.9471011549118 -0.000663025760333457 2.6870987220087
26 34 265 345 26.4263432329988 -0.00170809273742487 2.68676028582091
26 35 265 355 26.5845345656531 -0.00428629943823816 2.69143750170608
27 0 275 5 26.3653664546016 -0.0265913145255274 2.74127404339834
27 1 275 15 26.3272446409797 -0.0299556415362461 2.74793739524614
27 2 275 25 26.2456043137807 -0.0407258779218503 2.76593811754169
27 3 275 35 25.9291863166843 -0.074644076179132 2.82814348871881
27 4 275 45 25.3399689592353 -0.125808765691382 2.92701198187622
27 5 275 55 24.7589105401172 -0.158884821246021 2.99548493184276
27 6 275 65 24.4819380671816 -0.145767196950187 2.97445292930799
27 7 275 75 24.3947605244145 -0.0990201986374336 2.88153833582318
27 8 275 85 24.1646995144943 -0.0511435683098882 2.78212218069686
27 9 275 95 23.7713676119572 -0.0172588081415613 2.72124354260313
27 10 275 105 23.4198597277286 0.00870871348827934 2.70457095546017
27 11 275 115 23.0905826486173 0.0350780626938832 2.71818401049546
27 12 275 125 22.7318256147455 0.058963843699977 2.74759021714896
27 13 275 135 22.6857630446605 0.0676325925997304 2.78138828588949
27 14 275 145 23.3227657490355 0.0525108251711542 2.80522640832125
27 15 275 155 24.4445693551707 0.0228546854686697 2.80402685355453
27 16 275 165 25.4736865847575 -0.00111181821950855 2.77606559858374
27 17 275 175 26.000428775339 -0.0106961069808162 2.73891701727246
27 18 275 185 25.8739163102414 -0.0176788625259707 2.71887748994542
27 19 275 195 25.0238178918886 -0.0434586026455586 2.74025114064779
27 20 275 205 23.538464988261 -0.101339537267698 2.81929257785953
27 21 275 215 21.8579632244267 -0.179207475304209 2.95109199478141
27 22 275 225 20.5259753343292 -0.241958917634692 3.10379275752169
27 23 275 235 19.6482744188441 -0.263636402569094 3.23959789904556
27 24 275 245 18.9011612626517 -0.249789682067267 3.33518724256841
27 25 275 255 18.1146100527412 -0.224535120379059 3.38313917578446
27 26 275 265 17.5579744281673 -0.211300055280613 3.39368646903951
27 27 275 275 17.6475082417403 -0.217781593207334 3.37931041176436
27 28 275 285 18.5663875853022 -0.223000932594138 3.31944096800796
27 29 275 295 20.1732113040506 -0.195418545320914 3.1810765548767
27 30 275 305 22.1144382565092 -0.1332498115712 2.98974259818943
27 31 275 315 23.9581935614017 -0.067374416957831 2.82295115928287
27 32 275 325 25.346226163585 -0.0249864762584197 2.72913113987016
27 33 275 335 26.1385851198511 -0.00944845760178668 2.69941949308391
27 34 275 345 26.4298960976773 -0.0110606336543807 2.70538651267249
27 35 275 355 26.4352037071342 -0.0195754081723205 2.72507347568847
28 0 285 5 25.7756577702106 -0.0741786664703024 2.84963377665883
28 1 285 15 25.7610722282029 -0.0718414723617241 2.84600148577721
28 2 285 25 25.9400052386816 -0.0583992134542022 2.81266556637191
28 3 285 35 26.0482281058732 -0.0563087777182993 2.79856080759419
28 4 285 45 25.9294203035174 -0.0709440713162813 2.8204982674985
28 5 285 55 25.7030235396029 -0.0823635731572991 2.84157023004827
28 6 285 65 25.5149492929983 -0.0722934689631643 2.82251189696289
28 7 285 75 25.2547344332685 -0.0467825383302461 2.7698239018774
28 8 285 85 24.7404260090638 -0.0231041697915835 2.71789451500283
28 9 285 95 24.0758611669962 -0.00693216739692833 2.68832364904884
28 10 285 105 23.4934690858654 0.00817589816424462 2.68235107815046
28 11 285 115 23.0043133881821 0.025712078871473 2.69675794409061
28 12 285 125 22.6229463838836 0.0361383768111691 2.73518631434297
28 13 285 135 22.6454396221913 0.0235071217160244 2.80193562407467
28 14 285 145 23.2576842861785 -0.0136459596336709 2.87971024873782
28 15 285 155 24.198227584353 -0.0514738144695929 2.9228557056801
28 16 285 165 25.0476738851378 -0.0630657047586015 2.89708485211736
28 17 285 175 25.5080677627718 -0.050328208855735 2.82426383749953
28 18 285 185 25.3531567145847 -0.0441941478590313 2.7688790550869
28 19 285 195 24.4177901756282 -0.0802478567126923 2.79254581291051
28 20 285 205 22.7563449025308 -0.172578195096883 2.92688924400349
28 21 285 215 20.7577723626063 -0.289277570482164 3.15277874817529
28 22 285 225 18.9506613176288 -0.362510815874559 3.39513691425864
28 23 285 235 17.5920534525783 -0.355814177435306 3.57004280267068
28 24 285 245 16.5876836614739 -0.307219903232406 3.64027689271863
28 25 285 255 15.8275357196748 -0.27940110478469 3.62543060682202
28 26 285 265 15.4116106488356 -0.294087130781247 3.58111371562464
28 27 285 275 15.5972298342218 -0.327700403309937 3.54306231322103
28 28 285 285 16.6547214662021 -0.3382384059909 3.47212209498676
28 29 285 295 18.6531196327543 -0.294765978898199 3.30691906797685
28 30 285 305 21.2307486602338 -0.204941273016438 3.07235294017857
28 31 285 315 23.6699336401987 -0.109801748961189 2.86543028817685
28 32 285 325 25.3590817554918 -0.0459285394957394 2.74907106592801
28 33 285 335 26.1507733147159 -0.022859512736198 2.71934588865136
28 34 285 345 26.2623142146099 -0.0317436084091906 2.74878329515488
28 35 285 355 26.0234029575933 -0.0560755019042744 2.80648921910017
29 0 295 5 24.8719295541296 -0.144109430980036 3.01065474067422
29 1 295 15 24.8766203798491 -0.135219454099395 2.9953148084468
29 2 295 25 25.37794500291 -0.0930071004140277 2.89950238774129
29 3 295 35 25.9460249369775 -0.0534469696401097 2.80380586051298
29 4 295 45 26.2480805733144 -0.035860359562474 2.75666096802405
29 5 295 55 26.2942946732044 -0.0313588117005329 2.7428680129089
29 6 295 65 26.2007482171543 -0.0255630927096282 2.73022841720123
29 7 295 75 25.9475963546092 -0.016163508830533 2.70988211080139
29 8 295 85 25.47748548882 -0.00771564330032437 2.69097239815368
29 9 295 95 24.8770628359316 -0.000495038555606888 2.68123553578671
29 10 295 105 24.2580777652897 0.009624918627289 2.68351873607487
29 11 295 115 23.610822060892 0.021155969669757 2.70502417367069
29 12 295 125 23.0231411371612 0.0182625048967786 2.76520908230501
29 13 295 135 22.776845985682 -0.0198968470131795 2.8830587112702
29 14 295 145 22.9985443999766 -0.0886157466058205 3.03369680731074
29 15 295 155 23.5385975689343 -0.144335987307627 3.12875417465615
29 16 295 165 24.1831949112832 -0.14588689976538 3.09199352087116
29 17 295 175 24.6179003456482 -0.105031998672165 2.95582921194416
29 18 295 185 24.3845263917051 -0.0774750638716124 2.83878831073006
29 19 295 195 23.2038510043761 -0.116826739243332 2.84886406974287
29 20 295 205 21.241030235357 -0.237396519727721 3.0317135087658
29 21 295 215 19.0121442796663 -0.385146686570474 3.35006789320541
29 22 295 225 17.0733173492859 -0.457191581134194 3.68321660132794
29 23 295 235 15.6959117389052 -0.407436847304939 3.89870040226103
29 24 295 245 14.8229276906746 -0.313307586032818 3.94271015358551
29 25 295 255 14.31442995814 -0.282086610552381 3.85784228083742
29 26 295 265 14.1442570147747 -0.329786000047459 3.73726255959444
29 27 295 275 14.4688212650427 -0.39288058993953 3.63745270370949
29 28 295 285 15.6037119303786 -0.407677347373815 3.51944007283968
29 29 295 295 17.752649367454 -0.351338481794114 3.32231608414438
29 30 295 305 20.607620359796 -0.244826295819426 3.07430915442105
29 31 295 315 23.3560222238658 -0.134488445718187 2.86692519573074
29 32 295 325 25.2415539487192 -0.0601921802143162 2.75602338640879
29 33 295 335 26.0354175743957 -0.0371869870749469 2.74293389831617
29 34 295 345 25.9472304882027 -0.0608062163099619 2.81199032209058
29 35 295 355 25.3803177918834 -0.109343338671163 2.92699484685083
30 0 305 5 24.1381724304134 -0.196756629919421 3.13461127181129
30 1 305 15 24.1530696524933 -0.183491655502417 3.11128745666524
30 2 305 25 24.8927680550659 -0.121710159029115 2.97158907258104
30 3 305 35 25.7769498666545 -0.0586027686642753 2.82269161604408
30 4 305 45 26.3339435202972 -0.0229179584876519 2.73534702026126
30 5 305 55 26.532049675648 -0.0102678828640445 2.70330921876677
30 6 305 65 26.5252382402146 -0.00628399803449519 2.69350290067417
30 7 305 75 26.3862388544372 -0.00378962556774995 2.68768531786939
30 8 305 85 26.1202009217569 -0.00148281187382534 2.68328457131662
30 9 305 95 25.7452931265833 0.00242420642477652 2.68295735323303
30 10 305 105 25.2378244605515 0.011316941888388 2.69305936509243
30 11 305 115 24.5248071148578 0.0227430239928872 2.72947556931093
30 12 305 125 23.6818331587556 0.0172412544253763 2.82090863316676
30 13 305 135 22.9826161422832 -0.0335786351318689 2.98906728877901
30 14 305 145 22.6584114135742 -0.12601490975239 3.19499134154489
30 15 305 155 22.7987402342952 -0.201721809379983 3.31829900955166
30 16 305 165 23.3324779778121 -0.203151733617868 3.25871793048053
30 17 305 175 23.8105634166324 -0.144746790478871 3.06265490130398
30 18 305 185 23.5217055461034 -0.0989192914889524 2.88842978492333
30 19 305 195 22.1147023242443 -0.13079375527265 2.87262048116331
30 20 305 205 19.9064594792408 -0.254841990148518 3.06733612152791
30 21 305 215 17.5723935680571 -0.409064123002702 3.42947569651723
30 22 305 225 15.6913815693365 -0.477957312951868 3.82119212005486
30 23 305 235 14.4765339964463 -0.41083383761169 4.08175042258508
30 24 305 245 13.8214137495891 -0.300779188732657 4.13463262564279
30 25 305 255 13.5532662281334 -0.273740504246886 4.02142987361023
30 26 305 265 13.6173186076048 -0.339704380464099 3.84811289075343
30 27 305 275 14.1589537800623 -0.412880923552628 3.68250931053112
30 28 305 285 15.4929458725805 -0.421153073976268 3.50145731847591
30 29 305 295 17.7970045785862 -0.352878194720111 3.26926502822244
30 30 305 305 20.7237666440404 -0.240677877597107 3.02417942428119
30 31 305 315 23.460856571941 -0.131341453560487 2.83935897204661
30 32 305 325 25.2854027157311 -0.0607305754777989 2.75001959694962
30 33 305 335 25.9722927985425 -0.0445676777897336 2.75792380191737
30 34 305 345 25.6926667099671 -0.0818993161567891 2.86004262067457
30 35 305 355 24.8575784260951 -0.149292688969603 3.01964348549711
31 0 315 5 24.1457413693576 -0.190362274974393 3.1237909182886
31 1 315 15 24.1618779073666 -0.177324915538665 3.10053039659381
31 2 315 25 24.9051566251075 -0.116831363687882 2.96281417263026
31 3 315 35 25.8007072486582 -0.0542137358631214 2.81466512388229
31 4 315 45 26.3782297900964 -0.0176834408009853 2.72578010377963
31 5 315 55 26.6027421365025 -0.00432219229976809 2.69248819480655
31 6 315 65 26.6388102873746 -0.00112799393007976 2.68437739029729
31 7 315 75 26.5937867344903 -0.000447271700376723 2.68262592685788
31 8 315 85 26.4907137485161 0.000326622452715043 2.68240987627897
31 9 315 95 26.3010547922396 0.00379490975238672 2.6863598141919
31 10 315 105 25.9157335449309 0.0148072958437982 2.70500575826633
31 11 315 115 25.1844013410567 0.0338057537334937 2.75951645036658
31 12 315 125 24.1294235423636 0.0413628858402569 2.8755430848927
31 13 315 135 23.0754633706189 0.00171507385303417 3.05894655058091
31 14 315 145 22.4546311212776 -0.0902599353744827 3.25695973236344
31 15 315 155 22.5177974823088 -0.175905928871955 3.3552710403523
31 16 315 165 23.1366123424983 -0.189482389155848 3.27195584916126
31 17 315 175 23.7007433377922 -0.138497660205027 3.06248466080185
31 18 315 185 23.4184559150728 -0.0917210290544572 2.87861458729877
31 19 315 195 21.9540099685241 -0.110788686699796 2.84443037813455
31 20 315 205 19.6703943207904 -0.211106571177771 3.00808592887886
31 21 315 215 17.2831233708951 -0.344935563128913 3.34228212639137
31 22 315 225 15.3874038187778 -0.416423730512393 3.73408755869493
31 23 315 235 14.1881466150163 -0.375073422191297 4.02639293184398
31 24 315 245 13.5706501674688 -0.290907061299823 4.11980781674322
31 25 315 255 13.3762936696636 -0.270818316091863 4.03330436941541
31 26 315 265 13.5887974048501 -0.326234139321641 3.86141504000393
31 27 315 275 14.3846913619168 -0.382580393347369 3.66898735889043
31 28 315 285 16.0332699128419 -0.377075262800229 3.44926549171243
31 29 315 295 18.562340862083 -0.304480268410249 3.19735838857539
31 30 315 305 21.4812877074562 -0.199752708482653 2.96369582592056
31 31 315 315 23.9978567951919 -0.105170502810102 2.80491240550966
31 32 315 325 25.5558918985673 -0.0482848788575554 2.73604042179602
31 33 315 335 26.0672273351792 -0.039633756123526 2.75272173660403
31 34 315 345 25.716724123057 -0.078495072488609 2.85526789763168
31 35 315 355 24.8656090048361 -0.14437874037774 3.01164337571567
32 0 325 5 24.8886500857617 -0.130600849689623 2.98778841370866
32 1 325 15 24.8999757727825 -0.121614913177138 2.97157502603603
32 2 325 25 25.4255675620459 -0.0799644036243655 2.87621129140587
32 3 325 35 26.0585379225885 -0.0366190026970024 2.77388906223747
32 4 325 45 26.4664906905593 -0.0108908974569344 2.71299670154565
32 5 325 55 26.6269639394839 -0.00106483345899131 2.69083963379738
32 6 325 65 26.6627462591046 0.00129670374168871 2.68578501540256
32 7 325 75 26.6582907509662 0.00131944513450474 2.68439563443198
32 8 325 85 26.6292905740366 0.00136267582333979 2.68400375146542
32 9 325 95 26.5285343764482 0.00479710146495055 2.68918066381485
32 10 325 105 26.2114211163565 0.018478660839643 2.71345579351191
32 11 325 115 25.4798396000867 0.0467298201460771 2.77834694999182
32 12 325 125 24.3367083662915 0.073454981219729 2.8970221541765
32 13 325 135 23.2025835580123 0.0605017029250708 3.05091341523575
32 14 325 145 22.6658515961215 -0.00782548058720517 3.18242558108026
32 15 325 155 22.9566664406374 -0.0867464063385345 3.21789528736763
32 16 325 165 23.7428130482021 -0.115887945007846 3.12463472429513
32 17 325 175 24.3418016181371 -0.0913853312542025 2.95647247041865
32 18 325 185 24.1088645353643 -0.0610146386058729 2.81688960456793
32 19 325 195 22.7966179560662 -0.0704488386093883 2.78549805566359
32 20 325 205 20.6585495914529 -0.135749744402914 2.89998761756387
32 21 325 215 18.2745584027615 -0.234427836430828 3.16031637684106
32 22 325 225 16.229200283574 -0.306798948377438 3.50058241123969
32 23 325 235 14.8076849976551 -0.307088836006521 3.79104679182055
32 24 325 245 13.9875535788465 -0.264502675535223 3.92385022764203
32 25 325 255 13.691873589366 -0.248622774861152 3.89394077702323
32 26 325 265 13.972163297971 -0.277760265140231 3.76800747997711
32 27 325 275 15.0139926202415 -0.306966814757792 3.59051185205416
32 28 325 285 16.9725945171776 -0.291265875662634 3.36517033497048
32 29 325 295 19.6695749373302 -0.226703975963139 3.11656148913764
32 30 325 305 22.4769972571704 -0.142077236218977 2.90501928378282
32 31 325 315 24.6689299141931 -0.0707409693875812 2.7729044294228
32 32 325 325 25.9023047150021 -0.0308489608247025 2.71924329691685
32 33 325 335 26.2694711002362 -0.0260409053376968 2.73036941650588
32 34 325 345 26.0071640944165 -0.0535436020145617 2.80175677460404
32 35 325 355 25.3989598295407 -0.0990186837656319 2.91018606908122
33 0 335 5 25.7922882245833 -0.062936650533243 2.83058984967781
33 1 335 15 25.7965918923094 -0.0585127156331176 2.8228813773953
33 2 335 25 26.0522207814212 -0.037944038408605 2.77762913776522
33 3 335 35 26.352854107552 -0.0154230112163174 2.73144088183876
33 4 335 45 26.533895865199 0.000292231790476078 2.70869220713082
33 5 335 55 26.5954411541214 0.00890822375867371 2.70550027716045
33 6 335 65 26.6135900435304 0.0116933005872261 2.70583536675901
33 7 335 75 26.6326490588767 0.00964908484132511 2.7006888325704
33 8 335 85 26.6443104814608 0.00595614161836835 2.69300635872108
33 9 335 95 26.5916154284248 0.00629002324553253 2.69250058772281
33 10 335 105 26.3374640634465 0.0184581362012947 2.71335553554792
33 11 335 115 25.6988953270687 0.0479673703921207 2.77165184089691
33 12 335 125 24.6930464942382 0.0832407846663986 2.86774542719617
33 13 335 135 23.759344160333 0.0915878233253717 2.96910553422218
33 14 335 145 23.4698990893253 0.0532078643014614 3.02647431648051
33 15 335 155 23.9326855512699 -0.00554152983787537 3.01008606431944
33 16 335 165 24.6830503942624 -0.0401347510093497 2.9288459314006
33 17 335 175 25.1262056846048 -0.0396975907158689 2.82477894268583
33 18 335 185 24.8939487855998 -0.0284079172966064 2.74764440900197
33 19 335 195 23.8649605334607 -0.032970838072028 2.73318882782833
33 20 335 205 22.102228522462 -0.066790653683111 2.80908730590389
33 21 335 215 19.8972198949654 -0.125690948845815 2.99542672115318
33 22 335 225 17.7281606139569 -0.181967939715103 3.26430171755726
33 23 335 235 15.9982609700146 -0.20299578920037 3.51932914471418
33 24 335 245 14.8773212014581 -0.191594090117792 3.66615268091502
33 25 335 255 14.4267975524714 -0.184692959521293 3.69047514693776
33 26 335 265 14.7612740091038 -0.201104652069111 3.62500336785683
33 27 335 275 16.0331320789031 -0.217537240246281 3.480714623102
33 28 335 285 18.2244080290567 -0.202518544818222 3.26603060861517
33 29 335 295 20.9356596644371 -0.152563733429082 3.03308660207471
33 30 335 305 23.4754604311208 -0.0907000670817153 2.84994042128394
33 31 335 315 25.270125583774 -0.0419362573626225 2.74504162358626
33 32 335 325 26.192093936389 -0.0164818140719593 2.70421662561681
33 33 335 335 26.463878433636 -0.0126091302605193 2.70595094303389
33 34 335 345 26.3478413912807 -0.0257482940428373 2.74013254533826
33 35 335 355 26.0461272239682 -0.04771314726197 2.79284892496877
34 0 345 5 26.3799235235237 -0.020764387945848 2.73143561001679
34 1 345 15 26.375634539156 -0.0189412863787569 2.72980487225956
34 2 345 25 26.4388879575137 -0.0101292047233681 2.71952806546095
34 3 345 35 26.4808238210308 0.00401410203044016 2.71900788579705
34 4 345 45 26.4472107426271 0.0228574614726195 2.73999354045637
34 5 345 55 26.3862628190569 0.0416982573787295 2.77053254808862
34 6 345 65 26.3865905249611 0.0494274498702642 2.78227232783488
34 7 345 75 26.4685674227021 0.0402499394636715 2.76175007014441
34 8 345 85 26.5677596737741 0.0228525514617756 2.72630008204572
34 9 345 95 26.5950522902743 0.0114022061328698 2.70287316835797
34 10 345 105 26.4495720760689 0.0147491963735649 2.70700147490048
34 11 345 115 26.0232292771412 0.0349324478055276 2.74340433266334
34 12 345 125 25.3514879428415 0.0628740207462562 2.80298198169484
34 13 345 135 24.7632386018875 0.0763674487693544 2.85584347447531
34 14 345 145 24.6476004764872 0.0597724750692604 2.86970272874793
34 15 345 155 24.9946491884973 0.0252400871083745 2.83910157478712
34 16 345 165 25.3731687054963 -0.00129196120788152 2.78518564121231
34 17 345 175 25.3930951174554 -0.00957927255297827 2.73386986221633
34 18 345 185 24.9886120040949 -0.00837975038407995 2.70280275239482
34 19 345 195 24.2099762162613 -0.00969821864484146 2.70544491326853
34 20 345 205 22.9605006941259 -0.0203952500579167 2.7640325635625
34 21 345 215 21.1584773082563 -0.0407925330536612 2.90452827872896
34 22 345 225 19.06010423202 -0.0626082784457256 3.11479929112979
34 23 345 235 17.1794503963331 -0.0743981897968229 3.32214353024036
34 24 345 245 15.9206790371509 -0.0771424209960299 3.45512122709272
34 25 345 255 15.4458355799634 -0.0876840432886948 3.50520636877837
34 26 345 265 15.8555963273411 -0.115767507644049 3.48317620069108
34 27 345 275 17.2662056406806 -0.143721363540689 3.37236305433749
34 28 345 285 19.5505721263605 -0.14297796153559 3.17863837492046
34 29 345 295 22.1491230235804 -0.108028013247573 2.9674410485656
34 30 345 305 24.3480068288195 -0.0610094546336365 2.80970277612688
34 31 345 315 25.7437459360047 -0.0255440346648472 2.7256993454274
34 32 345 325 26.3938992796204 -0.00838835351031832 2.69441675653035
34 33 345 335 26.5873881714581 -0.00461044147881378 2.69056146420776
34 34 345 345 26.5675663990215 -0.00853656359517992 2.70123938304408
34 35 345 355 26.4669807115004 -0.0157664109053966 2.71875814614992
35 0 355 5 26.6141903166932 -0.0043826473373322 2.69278855534159
35 1 355 15 26.5966678474875 -0.00302784309402884 2.69500927605151
35 2 355 25 26.5424152298092 0.00425978190311194 2.70579734594958
35 3 355 35 26.3776545067819 0.0252431145092538 2.74595154502823
35 4 355 45 26.0948758310191 0.065848759167819 2.82793956817142
35 5 355 55 25.8431040084714 0.112747108946027 2.92036210400672
35 6 355 65 25.8229853872837 0.132689171078282 2.95462215337982
35 7 355 75 26.0559901983497 0.107974314077236 2.89922819734647
35 8 355 85 26.3576674579404 0.0605011952033696 2.80159172589674
35 9 355 95 26.5439145815418 0.0241228687192451 2.72843640076895
35 10 355 105 26.5454379936962 0.011806320068666 2.70281994332536
35 11 355 115 26.356008774043 0.0182078277220447 2.71294656748986
35 12 355 125 26.0334951183878 0.0323130714407845 2.73939903888919
35 13 355 135 25.7547815578243 0.0408921454497806 2.76080976237485
35 14 355 145 25.6872442170613 0.03535374603783 2.76081362781554
35 15 355 155 25.7326653332446 0.0201706114813562 2.74029497174828
35 16 355 165 25.5503129534184 0.00699506245239761 2.7132351254851
35 17 355 175 24.9482838989461 0.0016526737349213 2.69222432544485
35 18 355 185 24.1386712154203 0.00152494805387384 2.68457352533536
35 19 355 195 23.4122907858612 0.00193456632054188 2.7000908136308
35 20 355 205 22.6307631001097 0.00222288792344206 2.75925462488883
35 21 355 215 21.3744460981635 0.00682324149265568 2.88394954558179
35 22 355 225 19.6285558059993 0.0181652600176073 3.06121305512636
35 23 355 235 17.9625692114443 0.0289235213736658 3.22800948393856
35 24 355 245 16.9328498273251 0.0259480248040377 3.32935447429877
35 25 355 255 16.6517704252713 -0.000793896945195298 3.36869999427185
35 26 355 265 17.093817498838 -0.0507808169978378 3.3582548261151
35 27 355 275 18.4076269546743 -0.102682435952933 3.2750841321432
35 28 355 285 20.5622761579619 -0.122345162848587 3.11491085173563
35 29 355 295 22.9854387251434 -0.0981984914116974 2.9321953399047
35 30 355 305 24.9254818392992 -0.0546070034778806 2.79255738001121
35 31 355 315 26.047326535715 -0.0210179715142326 2.71804166743815
35 32 355 325 26.5136021986397 -0.00560892484616565 2.69043589026333
35 33 355 335 26.6449255982818 -0.00155747037178635 2.68445395666985
35 34 355 345 26.6564396024778 -0.00188177388063273 2.68599113016777
35 35 355 355 26.635685153266 -0.00339635445444053 2.68975128571711
