0 0 5 5 22.2259588119296 0 2.68220842135671
0 1 5 15 22.2259588119296 0 2.68220842135671
0 2 5 25 22.2259588119296 0 2.68220842135671
0 3 5 35 22.2259588119296 0 2.68220842135671
0 4 5 45 22.2259588119296 0 2.68220842135671
0 5 5 55 22.2259588119296 0 2.68220842135671
0 6 5 65 22.2259588119296 0 2.68220842135671
0 7 5 75 22.2259588119296 0 2.68220842135671
0 8 5 85 22.2259588119296 0 2.68220842135671
0 9 5 95 22.2259588119296 0 2.68220842135671
0 10 5 105 22.2259588119296 0 2.68220842135671
0 11 5 115 22.2259588119296 0 2.68220842135671
0 12 5 125 22.2259588119296 0 2.68220842135671
0 13 5 135 22.2259588119296 0 2.68220842135671
0 14 5 145 22.2259588119296 0 2.68220842135671
0 15 5 155 22.2259588119296 0 2.68220842135671
0 16 5 165 22.2259588119296 0 2.68220842135671
0 17 5 175 22.2259588119296 0 2.68220842135671
0 18 5 185 22.2259588119296 0 2.68220842135671
0 19 5 195 22.2259588119296 0 2.68220842135671
0 20 5 205 22.2259588119296 0 2.68220842135671
0 21 5 215 22.2109177880681 -0.00136407431869799 2.68507985366934
0 22 5 225 22.0406790761516 -0.0144518994288373 2.71676198300338
0 23 5 235 21.2409592463606 -0.0586249001471796 2.86296283069613
0 24 5 245 19.2281249538245 -0.101238157918028 3.23050447111171
0 25 5 255 16.3381647079344 -0.00807375327487545 3.77072853491197
0 26 5 265 14.193935570928 0.254952893745688 4.18412408984034
0 27 5 275 14.2472037355888 0.427098289295174 4.14469774479798
0 28 5 285 16.3620257233955 0.31140414117535 3.67696749338793
0 29 5 295 19.0808959795705 0.0926563236054804 3.16018999143237
0 30 5 305 21.0398993254144 -0.011674712117564 2.85157163340231
0 31 5 315 21.9305523326743 -0.0163548261671037 2.72739277683013
0 32 5 325 22.1826016760247 -0.00433504840864218 2.69036066366044
0 33 5 335 22.2231299542721 -0.00039501381224897 2.68291229711176
0 34 5 345 22.2259588119296 0 2.68220842135671
0 35 5 355 22.2259588119296 0 2.68220842135671
1 0 15 5 22.2259588119296 0 2.68220842135671
1 1 15 15 22.2259588119296 0 2.68220842135671
1 2 15 25 22.2259588119296 0 2.68220842135671
1 3 15 35 22.2259588119296 0 2.68220842135671
1 4 15 45 22.2259588119296 0 2.68220842135671
1 5 15 55 22.2259588119296 0 2.68220842135671
1 6 15 65 22.2259588119296 0 2.68220842135671
1 7 15 75 22.2259588119296 0 2.68220842135671
1 8 15 85 22.2259588119296 0 2.68220842135671
1 9 15 95 22.2259588119296 0 2.68220842135671
1 10 15 105 22.2259588119296 0 2.68220842135671
1 11 15 115 22.2259588119296 0 2.68220842135671
1 12 15 125 22.2259588119296 0 2.68220842135671
1 13 15 135 22.2259588119296 0 2.68220842135671
1 14 15 145 22.2259588119296 0 2.68220842135671
1 15 15 155 22.2259588119296 0 2.68220842135671
1 16 15 165 22.2259588119296 0 2.68220842135671
1 17 15 175 22.2259588119296 0 2.68220842135671
1 18 15 185 22.2259588119296 0 2.68220842135671
1 19 15 195 22.2259588119296 0 2.68220842135671
1 20 15 205 22.2259588119296 0 2.68220842135671
1 21 15 215 22.2178240018817 -0.000877297664616619 2.68403348343722
1 22 15 225 22.1160187563957 -0.00928186841076836 2.70415086420333
1 23 15 235 21.5752086420516 -0.037174316573462 2.79748816052663
1 24 15 245 19.9899730575583 -0.0603173559198364 3.03746672411235
1 25 15 255 17.2200021827957 0.0134323314772645 3.41498049446444
1 26 15 265 14.4199309689804 0.196642649156506 3.77448140643428
1 27 15 275 13.366916887417 0.282559640023608 3.90657627535739
1 28 15 285 14.7443745796089 0.132282151121998 3.73642037117285
1 29 15 295 17.5561828153329 -0.0641010884048331 3.38923104929453
1 30 15 305 20.1537335817912 -0.108481943434387 3.0380462664554
1 31 15 315 21.6168226205891 -0.0544220001071397 2.80395698862405
1 32 15 325 22.120994444658 -0.0126435754784771 2.70656446752237
1 33 15 335 22.2180027491876 -0.00115349496477419 2.68431637144492
1 34 15 345 22.2259588119296 0 2.68220842135671
1 35 15 355 22.2259588119296 0 2.68220842135671
2 0 25 5 22.2259588119296 0 2.68220842135671
2 1 25 15 22.2259588119296 0 2.68220842135671
2 2 25 25 22.2259588119296 0 2.68220842135671
2 3 25 35 22.2259588119296 0 2.68220842135671
2 4 25 45 22.2259588119296 0 2.68220842135671
2 5 25 55 22.2259588119296 0 2.68220842135671
2 6 25 65 22.2259588119296 0 2.68220842135671
2 7 25 75 22.2259588119296 0 2.68220842135671
2 8 25 85 22.2259588119296 0 2.68220842135671
2 9 25 95 22.2259588119296 0 2.68220842135671
2 10 25 105 22.2259588119296 0 2.68220842135671
2 11 25 115 22.2259588119296 0 2.68220842135671
2 12 25 125 22.2259588119296 0 2.68220842135671
2 13 25 135 22.2259588119296 0 2.68220842135671
2 14 25 145 22.2259588119296 0 2.68220842135671
2 15 25 155 22.2259588119296 0 2.68220842135671
2 16 25 165 22.2259588119296 0 2.68220842135671
2 17 25 175 22.2259588119296 0 2.68220842135671
2 18 25 185 22.2259588119296 0 2.68220842135671
2 19 25 195 22.2259588119296 0 2.68220842135671
2 20 25 205 22.2259588119296 0 2.68220842135671
2 21 25 215 22.2226501945295 -0.000339043432611476 2.68289923957787
2 22 25 225 22.1687505207191 -0.0034767147072792 2.69065529965704
2 23 25 235 21.8104865975992 -0.0123376890505565 2.72838134003247
2 24 25 245 20.5355554909999 -0.00931972631331534 2.83675001825307
2 25 25 255 17.8869891620308 0.0522187350588976 3.05268936479219
2 26 25 265 14.6751137831832 0.151106181086742 3.37803615121987
2 27 25 275 12.8043259529539 0.125985426650904 3.73002310110666
2 28 25 285 13.4713978044835 -0.0883028013817511 3.91037447869781
2 29 25 295 16.1738411842336 -0.268659583188815 3.7386321326543
2 30 25 305 19.2543769474569 -0.23543137710695 3.29968939560833
2 31 25 315 21.2697248877337 -0.103426642082555 2.90807406670024
2 32 25 325 22.0482549343472 -0.0230943483231232 2.72824169024695
2 33 25 335 22.2116421127725 -0.00208764188862283 2.68617547964891
2 34 25 345 22.2259588119296 0 2.68220842135671
2 35 25 355 22.2259588119296 0 2.68220842135671
3 0 35 5 22.2259588119296 0 2.68220842135671
3 1 35 15 22.2259588119296 0 2.68220842135671
3 2 35 25 22.2259588119296 0 2.68220842135671
3 3 35 35 22.2259588119296 0 2.68220842135671
3 4 35 45 22.2259588119296 0 2.68220842135671
3 5 35 55 22.2259588119296 0 2.68220842135671
3 6 35 65 22.2259588119296 0 2.68220842135671
3 7 35 75 22.2259588119296 0 2.68220842135671
3 8 35 85 22.2259588119296 0 2.68220842135671
3 9 35 95 22.2259588119296 0 2.68220842135671
3 10 35 105 22.2259588119296 0 2.68220842135671
3 11 35 115 22.2259588119296 0 2.68220842135671
3 12 35 125 22.2259588119296 0 2.68220842135671
3 13 35 135 22.2259588119296 0 2.68220842135671
3 14 35 145 22.2259588119296 0 2.68220842135671
3 15 35 155 22.2259588119296 0 2.68220842135671
3 16 35 165 22.2259588119296 0 2.68220842135671
3 17 35 175 22.2259588119296 0 2.68220842135671
3 18 35 185 22.2259588119296 0 2.68220842135671
3 19 35 195 22.2259588119296 0 2.68220842135671
3 20 35 205 22.2259588119296 0 2.68220842135671
3 21 35 215 22.2227688468962 -6.10417408302436e-05 2.68233541236645
3 22 35 225 22.1697303181107 -0.000159950987441929 2.68427502562609
3 23 35 235 21.812428359539 0.00425544168688312 2.69789180628863
3 24 35 245 20.5283996357142 0.0354197130582662 2.75657657053198
3 25 35 255 17.8352220611864 0.119885739189155 2.92981401365948
3 26 35 265 14.5109508118416 0.19684055325015 3.289836178608
3 27 35 275 12.4417957815007 0.0996812805844961 3.78651472657833
3 28 35 285 12.8931135155835 -0.182318123456649 4.13150191883063
3 29 35 295 15.5516399486017 -0.371583035934603 3.99729861551782
3 30 35 305 18.833848969436 -0.298510455975108 3.46387852597765
3 31 35 315 21.1013407393648 -0.126140913050187 2.96786674073357
3 32 35 325 22.0119301561829 -0.0275674603482813 2.73996968460262
3 33 35 335 22.2083943597697 -0.00245909742530193 2.68713700019734
3 34 35 345 22.2259588119296 0 2.68220842135671
3 35 35 355 22.2259588119296 0 2.68220842135671
4 0 45 5 22.2259588119296 0 2.68220842135671
4 1 45 15 22.2259588119296 0 2.68220842135671
4 2 45 25 22.2259588119296 0 2.68220842135671
4 3 45 35 22.2259588119296 0 2.68220842135671
4 4 45 45 22.2259588119296 0 2.68220842135671
4 5 45 55 22.2259588119296 0 2.68220842135671
4 6 45 65 22.2259588119296 0 2.68220842135671
4 7 45 75 22.2259588119296 0 2.68220842135671
4 8 45 85 22.2259588119296 0 2.68220842135671
4 9 45 95 22.2259588119296 0 2.68220842135671
4 10 45 105 22.2259588119296 0 2.68220842135671
4 11 45 115 22.2259588119296 0 2.68220842135671
4 12 45 125 22.2259588119296 0 2.68220842135671
4 13 45 135 22.2259588119296 0 2.68220842135671
4 14 45 145 22.2259588119296 0 2.68220842135671
4 15 45 155 22.2259588119296 0 2.68220842135671
4 16 45 165 22.2259588119296 0 2.68220842135671
4 17 45 175 22.2259588119296 0 2.68220842135671
4 18 45 185 22.2259588119296 0 2.68220842135671
4 19 45 195 22.2259588119296 0 2.68220842135671
4 20 45 205 22.2259588119296 0 2.68220842135671
4 21 45 215 22.2181963242622 4.54020056193833e-05 2.68218293674709
4 22 45 225 22.1187193166091 0.001645898912617 2.68307159374391
4 23 45 235 21.5766187574054 0.0165731644170647 2.69576924789855
4 24 45 245 19.9410922974186 0.0801590992951652 2.76491957852861
4 25 45 255 16.9693350621482 0.215961479075609 2.9753457024222
4 26 45 265 13.7184048964286 0.32752142440895 3.37935022954257
4 27 45 275 11.9918121896505 0.227494147061778 3.8673451947569
4 28 45 285 12.7893967587855 -0.068453126435268 4.13404414308077
4 29 45 295 15.6388388524302 -0.273178091997348 3.92433431861136
4 30 45 305 18.9402803089517 -0.233696035156097 3.38729140339238
4 31 45 315 21.152377494682 -0.0995957633988022 2.93105329278828
4 32 45 325 22.0239043141975 -0.0216922461204816 2.73121678064678
4 33 45 335 22.2095162236828 -0.00192315555071229 2.68630640743619
4 34 45 345 22.2259588119296 0 2.68220842135671
4 35 45 355 22.2259588119296 0 2.68220842135671
5 0 55 5 22.2259588119296 0 2.68220842135671
5 1 55 15 22.2259588119296 0 2.68220842135671
5 2 55 25 22.2259588119296 0 2.68220842135671
5 3 55 35 22.2259588119296 0 2.68220842135671
5 4 55 45 22.2259588119296 0 2.68220842135671
5 5 55 55 22.2259588119296 0 2.68220842135671
5 6 55 65 22.2259588119296 0 2.68220842135671
5 7 55 75 22.2259588119296 0 2.68220842135671
5 8 55 85 22.2259588119296 0 2.68220842135671
5 9 55 95 22.2259588119296 0 2.68220842135671
5 10 55 105 22.2259588119296 0 2.68220842135671
5 11 55 115 22.2259588119296 0 2.68220842135671
5 12 55 125 22.2259588119296 0 2.68220842135671
5 13 55 135 22.2259588119296 0 2.68220842135671
5 14 55 145 22.2259588119296 0 2.68220842135671
5 15 55 155 22.2259588119296 0 2.68220842135671
5 16 55 165 22.2259588119296 0 2.68220842135671
5 17 55 175 22.2259588119296 0 2.68220842135671
5 18 55 185 22.2259588119296 0 2.68220842135671
5 19 55 195 22.2259588119296 0 2.68220842135671
5 20 55 205 22.2259588119296 0 2.68220842135671
5 21 55 215 22.2112878190037 0.00021034215086437 2.68227012720192
5 22 55 225 22.0417132743272 0.00429117530607251 2.68474481121967
5 23 55 235 21.2210941907354 0.0338377725801183 2.70828312724473
5 24 55 245 19.0568949043994 0.141113713018916 2.81385972258739
5 25 55 255 15.6650370771729 0.348148074970294 3.08336795606666
5 26 55 265 12.5093617090736 0.526718397106761 3.50142908361052
5 27 55 275 11.2586554635813 0.474669904074604 3.87256165939508
5 28 55 285 12.5393774054041 0.207133483207848 3.9368063243794
5 29 55 295 15.6790948563499 -0.0287888188308647 3.62168014352217
5 30 55 305 19.0460375456626 -0.0863870068989527 3.15966740957268
5 31 55 315 21.2085746572453 -0.0451052910615384 2.83642526542982
5 32 55 325 22.0370441370842 -0.0106253533549039 2.71051436075358
5 33 55 335 22.2105333095578 -0.000979007762902998 2.68444560796417
5 34 55 345 22.2259170790883 3.40785868884124e-07 2.68220841897908
5 35 55 355 22.2259588119296 0 2.68220842135671
6 0 65 5 22.2259588119296 0 2.68220842135671
6 1 65 15 22.2259588119296 0 2.68220842135671
6 2 65 25 22.2259588119296 0 2.68220842135671
6 3 65 35 22.2259588119296 0 2.68220842135671
6 4 65 45 22.2259588119296 0 2.68220842135671
6 5 65 55 22.2259588119296 0 2.68220842135671
6 6 65 65 22.2259588119296 0 2.68220842135671
6 7 65 75 22.2259588119296 0 2.68220842135671
6 8 65 85 22.2259588119296 0 2.68220842135671
6 9 65 95 22.2259588119296 0 2.68220842135671
6 10 65 105 22.2259588119296 0 2.68220842135671
6 11 65 115 22.2259588119296 0 2.68220842135671
6 12 65 125 22.2259588119296 0 2.68220842135671
6 13 65 135 22.2259588119296 0 2.68220842135671
6 14 65 145 22.2259588119296 0 2.68220842135671
6 15 65 155 22.2259588119296 0 2.68220842135671
6 16 65 165 22.2259588119296 0 2.68220842135671
6 17 65 175 22.2259588119296 0 2.68220842135671
6 18 65 185 22.2259588119296 0 2.68220842135671
6 19 65 195 22.2259588119296 0 2.68220842135671
6 20 65 205 22.2259139027705 5.19180948117041e-06 2.68221932812994
6 21 65 215 22.2051678662656 0.000720353077569953 2.68297433172122
6 22 65 225 21.9767600376285 0.0101540900827765 2.69229103012974
6 23 65 235 20.9259649209231 0.0638421430387586 2.74507884930262
6 24 65 245 18.3266969636907 0.228144138783817 2.91482711463909
6 25 65 255 14.5778122273011 0.510415001739114 3.25049017128671
6 26 65 265 11.4350720335265 0.750648186205994 3.6603238373642
6 27 65 275 10.4026522889759 0.744878567238062 3.91080170413195
6 28 65 285 11.8417964653632 0.499539711251128 3.80718378270348
6 29 65 295 15.1130064821 0.21555455288328 3.40718841036656
6 30 65 305 18.6788431275548 0.0512865869084359 2.99518284658717
6 31 65 315 21.0424245506165 0.00289733723627435 2.76715970816054
6 32 65 325 21.9878172509278 -0.00128838510409868 2.69522180696739
6 33 65 335 22.2015053076939 -0.000191438502952243 2.68307074199502
6 34 65 345 22.2249841429056 3.56611045113946e-06 2.68221117301512
6 35 65 355 22.225916028149 -2.07631683134895e-07 2.68220856775871
7 0 75 5 22.2259588119296 0 2.68220842135671
7 1 75 15 22.2259588119296 0 2.68220842135671
7 2 75 25 22.2259588119296 0 2.68220842135671
7 3 75 35 22.2259588119296 0 2.68220842135671
7 4 75 45 22.2259588119296 0 2.68220842135671
7 5 75 55 22.2259588119296 0 2.68220842135671
7 6 75 65 22.2259588119296 0 2.68220842135671
7 7 75 75 22.2259588119296 0 2.68220842135671
7 8 75 85 22.2259588119296 0 2.68220842135671
7 9 75 95 22.2259588119296 0 2.68220842135671
7 10 75 105 22.2259588119296 0 2.68220842135671
7 11 75 115 22.2259588119296 0 2.68220842135671
7 12 75 125 22.2259588119296 0 2.68220842135671
7 13 75 135 22.2259588119296 0 2.68220842135671
7 14 75 145 22.2259588119296 0 2.68220842135671
7 15 75 155 22.2259588119296 0 2.68220842135671
7 16 75 165 22.2259588119296 0 2.68220842135671
7 17 75 175 22.2259588119296 0 2.68220842135671
7 18 75 185 22.2259588119296 0 2.68220842135671
7 19 75 195 22.2259588119296 0 2.68220842135671
7 20 75 205 22.2254223547223 6.58590422499017e-05 2.68234211165943
7 21 75 215 22.1971242339828 0.00219685348074104 2.68559808866522
7 22 75 225 21.9232130233738 0.0220474468783151 2.71249272265883
7 23 75 235 20.7346293471318 0.111082451477253 2.82401808877411
7 24 75 245 17.9197527076589 0.334577751319739 3.09170908327759
7 25 75 255 14.0243113334096 0.659487985883031 3.49170127177117
7 26 75 265 10.8681050498618 0.907005320780928 3.87448950870176
7 27 75 275 9.76752038448239 0.916351086296633 4.05315299162028
7 28 75 285 10.9703055938004 0.696695988153307 3.88556259498124
7 29 75 295 14.0671898958319 0.390035877692407 3.43400265121964
7 30 75 305 17.7813385592721 0.152213874211042 2.9940800813068
7 31 75 315 20.5187046255706 0.0381961071845223 2.76316872403342
7 32 75 325 21.7842565986128 0.00512714409368477 2.69481714915698
7 33 75 335 22.1507877010244 1.49721595219275e-05 2.68352004482113
7 34 75 345 22.2176117290937 -0.000111037824393005 2.68235079703644
7 35 75 355 22.2254380455806 -1.35605928880815e-05 2.68221987175815
8 0 85 5 22.2254517115037 1.90940605172492e-05 2.68223204818634
8 1 85 15 22.2259154267002 1.73326004359411e-06 2.68221056241056
8 2 85 25 22.2259588119296 0 2.68220842135671
8 3 85 35 22.2259588119296 0 2.68220842135671
8 4 85 45 22.2259588119296 0 2.68220842135671
8 5 85 55 22.2259588119296 0 2.68220842135671
8 6 85 65 22.2259588119296 0 2.68220842135671
8 7 85 75 22.2259588119296 0 2.68220842135671
8 8 85 85 22.2259588119296 0 2.68220842135671
8 9 85 95 22.2259588119296 0 2.68220842135671
8 10 85 105 22.2259588119296 0 2.68220842135671
8 11 85 115 22.2259588119296 0 2.68220842135671
8 12 85 125 22.2259588119296 0 2.68220842135671
8 13 85 135 22.2259588119296 0 2.68220842135671
8 14 85 145 22.2259588119296 0 2.68220842135671
8 15 85 155 22.2259588119296 0 2.68220842135671
8 16 85 165 22.2259588119296 0 2.68220842135671
8 17 85 175 22.2259588119296 0 2.68220842135671
8 18 85 185 22.2259227420646 1.78178232851456e-07 2.68220853982978
8 19 85 195 22.225517897057 5.20698782686048e-06 2.68221131418173
8 20 85 205 22.2209554618032 0.000398125974192561 2.68292516585363
8 21 85 215 22.166087407612 0.00646822387440715 2.69327349317317
8 22 85 225 21.7987189228119 0.0465808124549274 2.75610486643989
8 23 85 235 20.4457673788362 0.187870410464331 2.96082137982374
8 24 85 245 17.5281382215353 0.474019534439918 3.3503663426787
8 25 85 255 13.7119089491434 0.808263431091727 3.80189963283219
8 26 85 265 10.6606580690704 1.0105377902843 4.13857247724135
8 27 85 275 9.40192014299407 1.00840161017993 4.2705589889272
8 28 85 285 10.1190553612266 0.828697126618752 4.09698540592319
8 29 85 295 12.6841906884161 0.529285977378125 3.62034793286632
8 30 85 305 16.2569869537763 0.234829944631919 3.11690064504257
8 31 85 315 19.3817292046368 0.0582048884890836 2.82423497626888
8 32 85 325 21.2209059462399 -0.00013626362897325 2.71897491693945
8 33 85 335 21.9706594576202 -0.00492320280916714 2.69093962010574
8 34 85 345 22.1815319079489 -0.00129335252200528 2.68393773634396
8 35 85 355 22.2207485088368 -6.07431379265054e-05 2.6824398611054
9 0 95 5 22.2198927469413 0.000248652247662033 2.68251130694397
9 1 95 15 22.2254400693825 2.26354680332996e-05 2.6822357410262
9 2 95 25 22.2259588119296 0 2.68220842135671
9 3 95 35 22.2259588119296 0 2.68220842135671
9 4 95 45 22.2259588119296 0 2.68220842135671
9 5 95 55 22.2259188064322 2.26309340647255e-06 2.68221590558121
9 6 95 65 22.2254865636191 2.57336958067439e-05 2.6822940389714
9 7 95 75 22.2236203160302 0.000121614855467509 2.68261620533778
9 8 95 85 22.2196413576984 0.000309915712855823 2.68325821311235
9 9 95 95 22.215787302846 0.000464453647391439 2.683802557896
9 10 95 105 22.2158933564131 0.000422783823567562 2.68368344958354
9 11 95 115 22.2198301060125 0.000235754048954009 2.68304623067936
9 12 95 125 22.2237296895571 7.86405763116996e-05 2.68249336839249
9 13 95 135 22.2255153783528 1.44120127003174e-05 2.68226167726584
9 14 95 145 22.2259217236397 1.1168846770959e-06 2.68221262927776
9 15 95 155 22.2259588119296 0 2.68220842135671
9 16 95 165 22.2259588119296 0 2.68220842135671
9 17 95 175 22.2259588119296 0 2.68220842135671
9 18 95 185 22.2255502526358 1.93946614472175e-06 2.68220971094901
9 19 95 195 22.2209582474898 5.66801353265468e-05 2.68223991585545
9 20 95 205 22.1923050280211 0.00153079760428204 2.6844490683164
9 21 95 215 22.0434566646853 0.0169273474689306 2.70951682409704
9 22 95 225 21.4350504968733 0.0970483135902936 2.83523244058102
9 23 95 235 19.7388191202642 0.332901092012971 3.18003910091725
9 24 95 245 16.6769407228095 0.739516318620913 3.73252966117123
9 25 95 255 13.1082898170557 1.1309615588971 4.25234385754869
9 26 95 265 10.3689436670453 1.28732211676026 4.52765182272696
9 27 95 275 9.0390666331987 1.20796925396218 4.55245055005446
9 28 95 285 9.19106679558879 0.9808275037931 4.31562282383912
9 29 95 295 10.9434355131206 0.624825427519108 3.82647195266249
9 30 95 305 14.0215272998396 0.237694096771943 3.31008464205757
9 31 95 315 17.4282266985485 -0.00630500569761504 2.97199822267273
9 32 95 325 20.0656928340487 -0.0610174672872201 2.80219660396322
9 33 95 335 21.5000280140143 -0.0302049811574717 2.72350183108784
9 34 95 345 22.0414011246925 -0.00530264115365544 2.69273117352744
9 35 95 355 22.1880639480245 0.000383123151519508 2.68420652565043
10 0 105 5 22.195408966644 0.0013686246943222 2.68385125512106
10 1 105 15 22.2233509872319 0.000124975751525969 2.68235582432616
10 2 105 25 22.2259588119296 0 2.68220842135671
10 3 105 35 22.2259588119296 0 2.68220842135671
10 4 105 45 22.2259588119296 0 2.68220842135671
10 5 105 55 22.2254772545994 3.46583371358123e-05 2.68231076365794
10 6 105 65 22.2202742455791 0.000394281105620431 2.68338100612284
10 7 105 75 22.1978090155682 0.00186450244705959 2.68780456195897
10 8 105 85 22.1499071735514 0.00475547288488961 2.69665317343039
10 9 105 95 22.1034977809365 0.00713505226927063 2.70421817280093
10 10 105 105 22.1047570424083 0.00650459988260155 2.70265916020141
10 11 105 115 22.1521484431502 0.0036333870211354 2.69387841028841
10 12 105 125 22.1991078542424 0.00121425250558234 2.68619656930659
10 13 105 135 22.2206164592063 0.000222958816453928 2.68295734124409
10 14 105 145 22.2255119039279 1.73122409292575e-05 2.68226786775378
10 15 105 155 22.2259588119296 0 2.68220842135671
10 16 105 165 22.2259588119296 0 2.68220842135671
10 17 105 175 22.2259588119296 0 2.68220842135671
10 18 105 185 22.2240377958637 8.63297221481047e-06 2.68221416170362
10 19 105 195 22.2024061838514 0.000252315122826469 2.68234865349
10 20 105 205 22.0897126348786 0.00402296167773679 2.68679862564864
10 21 105 215 21.6983417048082 0.0344416493664658 2.73050435484145
10 22 105 225 20.643315325807 0.173673589806081 2.93236975588699
10 23 105 235 18.4636030846615 0.557094960554876 3.4507844663549
10 24 105 245 15.2634776911559 1.19614092494366 4.23126914616475
10 25 105 255 12.0482329925955 1.788894392753 4.89806704299134
10 26 105 265 9.75436961482865 1.95658374290431 5.12871092839253
10 27 105 275 8.5014989599351 1.67914230929739 4.95220598907638
10 28 105 285 8.21627540543378 1.18005949773256 4.54158676883406
10 29 105 295 9.15593269056856 0.582589113555982 4.03932971813377
10 30 105 305 11.5384394023428 0.0222918035059019 3.59357863740675
10 31 105 315 14.950738363823 -0.267514745620153 3.25723933886023
10 32 105 325 18.2752346680212 -0.233268363497654 2.9928548019196
10 33 105 335 20.5209025005744 -0.0882048119018447 2.80998115266909
10 34 105 345 21.6263946478096 -0.00930362136840705 2.72128811719789
10 35 105 355 22.0599604114811 0.00399313224987221 2.69153813602394
11 0 115 5 22.1416023191697 0.00413504839446714 2.68710906704182
11 1 115 15 22.2187885076588 0.000378914518721864 2.68264546202269
11 2 115 25 22.2259588119296 0 2.68220842135671
11 3 115 35 22.2259588119296 0 2.68220842135671
11 4 115 45 22.2259588119296 0 2.68220842135671
11 5 115 55 22.2235190571175 0.000218692691216217 2.68279812820878
11 6 115 65 22.197157961573 0.00248867380258624 2.68897425269343
11 7 115 75 22.0833303623923 0.0117737574897299 2.71455586608898
11 8 115 85 21.8405884207378 0.0300476598827176 2.76589788083423
11 9 115 95 21.605341107371 0.0451206408073994 2.81010870644904
11 10 115 105 21.6116209585974 0.0411779383243595 2.80148194874029
11 11 115 115 21.8517659179982 0.0230301416185521 2.75054322621219
11 12 115 125 22.0898082350798 0.00770686690149085 2.70565722789397
11 13 115 135 22.1988648599935 0.00141708859929717 2.68662951950605
11 14 115 145 22.2236918964806 0.000110187825020259 2.68256070545943
11 15 115 155 22.2259588119296 0 2.68220842135671
11 16 115 165 22.2259588119296 0 2.68220842135671
11 17 115 175 22.2259588119296 0 2.68220842135671
11 18 115 185 22.2210962922111 2.02113269246362e-05 2.68222186088868
11 19 115 195 22.1662030908563 0.000590800956917845 2.68253689496626
11 20 115 205 21.8970336147475 0.00712610527560256 2.68869503490659
11 21 115 215 21.1105640106944 0.0504422038694646 2.74224087024841
11 22 115 225 19.4886528690215 0.234185340186232 2.98343183878598
11 23 115 235 16.899790279024 0.741674983178656 3.61081121114109
11 24 115 245 13.726184702145 1.62999207351519 4.58755671279127
11 25 115 255 10.8752830776748 2.52107675877809 5.45152491002972
11 26 115 265 8.94727457396121 2.80458392146171 5.71948135346184
11 27 115 275 7.83352363534282 2.31232627541642 5.3890934773805
11 28 115 285 7.36430141498257 1.3876136538767 4.81822866338108
11 29 115 295 7.78292376670824 0.382737376179608 4.32194426397373
11 30 115 305 9.52130087217371 -0.414266977152744 3.98144063955652
11 31 115 315 12.5828702704656 -0.7020463900029 3.6615069763411
11 32 115 325 16.1014277807085 -0.484533909717509 3.27965948472357
11 33 115 335 18.978629376471 -0.156144630904568 2.95515682105839
11 34 115 345 20.828427771019 -0.00248604171859683 2.77771121576232
11 35 115 355 21.7869064264715 0.0143968068876454 2.70831034112942
12 0 125 5 22.0861687278203 0.00746181408374002 2.69097003310978
12 1 125 15 22.2141819602001 0.000686623122792857 2.68298406908804
12 2 125 25 22.2259588119296 0 2.68220842135671
12 3 125 35 22.2259588119296 0 2.68220842135671
12 4 125 45 22.2259588119296 0 2.68220842135671
12 5 125 55 22.2191910799749 0.00074160104025174 2.68406718699939
12 6 125 65 22.1460627814711 0.00844112635363509 2.7035600503235
12 7 125 75 21.8302626494855 0.0399470702027402 2.7844492744947
12 8 125 85 21.1566943467688 0.101993846283824 2.94725987383898
12 9 125 95 20.5036996161243 0.153251313891044 3.08832224874943
12 10 125 105 20.5208081815086 0.139970806906807 3.06211096263489
12 11 125 115 21.1871467365916 0.0783554549649432 2.90060535952157
12 12 125 125 21.8479120087244 0.0262471391651624 2.75740985287591
12 13 125 135 22.1507135926264 0.00483110868164971 2.69643492684481
12 14 125 145 22.2196620479128 0.000376038226924839 2.68334566487631
12 15 125 155 22.2259588119296 0 2.68220842135671
12 16 125 165 22.2259588119296 0 2.68220842135671
12 17 125 175 22.2259588119296 0 2.68220842135671
12 18 125 185 22.2187362321379 2.67750496198189e-05 2.68222622620203
12 19 125 195 22.1369216848723 0.000782872310159636 2.68264393590514
12 20 125 205 21.7418649515907 0.00814928681309813 2.68855676755161
12 21 125 215 20.6489206118154 0.0506255779914868 2.73509356500612
12 22 125 225 18.628393175978 0.223056339151967 2.94663916851929
12 23 125 235 15.8148185377897 0.718651284133081 3.52946683300033
12 24 125 245 12.6930878245903 1.66478210345173 4.51461793804252
12 25 125 255 9.990006373257 2.74178081726455 5.48257320624772
12 26 125 265 8.16589302107668 3.22522674138337 5.87233146948409
12 27 125 275 7.13143859758764 2.71790410628452 5.59921552891463
12 28 125 285 6.68721489875915 1.50282438619993 5.05746229147735
12 29 125 295 6.95486250775395 0.134988340575676 4.63569643521015
12 30 125 305 8.31386842794531 -0.858406850886029 4.3792476261619
12 31 125 315 10.9228255750315 -1.09709260129256 4.04823880120152
12 32 125 325 14.2648267171584 -0.68671832130168 3.55277981435875
12 33 125 335 17.4900918017964 -0.195379412654128 3.10157994792093
12 34 125 345 20.0086024925171 0.0149115550296453 2.839795451101
12 35 125 355 21.5025400250485 0.0276792027667779 2.72790945293083
13 0 135 5 22.0821909271859 0.00822657355351568 2.69183624541421
13 1 135 15 22.2140571100408 0.000761101174982822 2.68305275326117
13 2 135 25 22.2259588119296 0 2.68220842135671
13 3 135 35 22.2259588119296 0 2.68220842135671
13 4 135 45 22.2259588119296 0 2.68220842135671
13 5 135 55 22.2147347156421 0.00147357852286213 2.68569364758844
13 6 135 65 22.0934421070984 0.0167755177546715 2.72228430649054
13 7 135 75 21.5695771947167 0.0794078274361367 2.87436254340466
13 8 135 85 20.452003010028 0.202813317870567 3.18120093714626
13 9 135 95 19.3681469979594 0.304876441994772 3.44841928172414
13 10 135 105 19.3959621409063 0.278619599933533 3.4008276889175
13 11 135 115 20.5015133487266 0.156076902123886 3.09648914951995
13 12 135 125 21.5982727184245 0.0523201974791012 2.82526491179748
13 13 135 135 22.1010039421592 0.00963744848793594 2.70934617237818
13 14 135 145 22.215500497082 0.000750717725049202 2.6843834189305
13 15 135 155 22.2259588119296 0 2.68220842135671
13 16 135 165 22.2259588119296 0 2.68220842135671
13 17 135 175 22.2259588119296 0 2.68220842135671
13 18 135 185 22.219458258618 2.03458756425107e-05 2.68222195192501
13 19 135 195 22.1454974718326 0.000595171460481504 2.68253984674823
13 20 135 205 21.7841371782133 0.00572457361740401 2.68640398568254
13 21 135 215 20.7592932428198 0.0329707493695124 2.71595855472603
13 22 135 225 18.7842495835407 0.143797855262336 2.85821156256876
13 23 135 235 15.8937183106716 0.490811735400461 3.28704502728568
13 24 135 245 12.555630547716 1.24393197628855 4.09041096970138
13 25 135 255 9.59181229639743 2.25985254324196 4.98917400537907
13 26 135 265 7.58154183510659 2.91797203555552 5.49294229346044
13 27 135 275 6.51242103741431 2.62796614691085 5.44617789911636
13 28 135 285 6.16282838373866 1.42661621526853 5.12981739362687
13 29 135 295 6.53436477556952 -0.0717819077547201 4.86398019710988
13 30 135 305 7.8892606261507 -1.12072276877916 4.65794520796567
13 31 135 315 10.4053352280637 -1.28127149910758 4.2732095692484
13 32 135 325 13.7377641767714 -0.761436637189906 3.6819526225293
13 33 135 335 17.1305941171068 -0.208098641866917 3.15742185993817
13 34 135 345 19.8585844225553 0.0187199364200676 2.85892783536849
13 35 135 355 21.467207302092 0.0306676434559325 2.73294743590351
14 0 145 5 22.1336560479854 0.00548516238484484 2.68867115097967
14 1 145 15 22.2185663062021 0.000511466465615603 2.68276770234184
14 2 145 25 22.2259588119296 0 2.68220842135671
14 3 145 35 22.2259588119296 0 2.68220842135671
14 4 145 45 22.2259588119296 0 2.68220842135671
14 5 145 55 22.2145023446295 0.00175635940539068 2.68618255658029
14 6 145 65 22.0906829952484 0.0199975162270443 2.72794474738706
14 7 145 75 21.5558178144255 0.0946769175100485 2.90173848839492
14 8 145 85 20.41451791683 0.241872245294747 3.25307321563686
14 9 145 95 19.3072043681042 0.363712479737622 3.56029087509895
14 10 145 105 19.3350197481524 0.332528956307678 3.50744310420116
14 11 145 115 20.4640286775812 0.18636608201284 3.15900515927508
14 12 145 125 21.5845135827652 0.0625061293590169 2.84721773669255
14 13 145 135 22.0982448947797 0.0115198264501019 2.71357739887067
14 14 145 145 22.2152681325989 0.00089782384180263 2.68472757922073
14 15 145 155 22.2259588119296 0 2.68220842135671
14 16 145 165 22.2259588119296 0 2.68220842135671
14 17 145 175 22.2259588119296 0 2.68220842135671
14 18 145 185 22.2223813152862 8.76903617517977e-06 2.68221425376517
14 19 145 195 22.1814665216531 0.000256734916457747 2.68235163856193
14 20 145 205 21.9707863633451 0.00233268741683098 2.68405671318262
14 21 145 215 21.2902475438402 0.0128896305811475 2.69871082553611
14 22 145 225 19.6862790587294 0.0597913794892091 2.77928211913865
14 23 145 235 16.8271094504976 0.237155714123073 3.0526064873843
14 24 145 245 13.1117192793866 0.710467226684831 3.6243183172603
14 25 145 255 9.68618213515121 1.50394509358319 4.35341009240081
14 26 145 265 7.37319857925487 2.20558382898782 4.88644749842484
14 27 145 275 6.18617585534177 2.16306658540127 5.04927969380038
14 28 145 285 5.87759077085685 1.17043898612202 4.99272059172771
14 29 145 295 6.41818246033544 -0.222470284627068 4.90540105966931
14 30 145 305 8.05578164954116 -1.17389782369105 4.72983923635752
14 31 145 315 10.9694153559242 -1.24609915017481 4.27559244864836
14 32 145 325 14.6714984561534 -0.719680405436711 3.62334284886357
14 33 145 335 18.1043301628468 -0.209253243903226 3.09224741870615
14 34 145 345 20.4911996123732 -0.00105254390929139 2.81906703310726
14 35 145 355 21.7121306038251 0.0192535967773364 2.71798136732588
15 0 155 5 22.1896267366793 0.00213604397873328 2.68478418162118
15 1 155 15 22.2232222286937 0.000201785306068854 2.68242665862683
15 2 155 25 22.2259588119296 0 2.68220842135671
15 3 155 35 22.2259588119296 0 2.68220842135671
15 4 155 45 22.2259588119296 0 2.68220842135671
15 5 155 55 22.2187775188086 0.0012448789244247 2.6849373203718
15 6 155 65 22.1411520352521 0.0141757427609635 2.71363467708772
15 7 155 75 21.8057723502643 0.0671245911229866 2.83317577346036
15 8 155 85 21.0899727575757 0.171517027810133 3.07518919391256
15 9 155 95 20.3952230840479 0.257978340511826 3.28745140252191
15 10 155 105 20.4123320714849 0.235928085992364 3.25188384767191
15 11 155 115 21.1204258986547 0.13226843250591 3.01188046430382
15 12 155 125 21.823422144932 0.0443769715577763 2.79648355340476
15 13 155 135 22.1458029611549 0.00818140750666436 2.70396577273493
15 14 155 145 22.2192484983674 0.000637849614337463 2.68395818245931
15 15 155 155 22.2259588119296 0 2.68220842135671
15 16 155 165 22.2259588119296 0 2.68220842135671
15 17 155 175 22.2259588119296 0 2.68220842135671
15 18 155 185 22.2247824250623 2.00253580092307e-06 2.68220975362225
15 19 155 195 22.2112514980397 5.87288891374441e-05 2.68224129955756
15 20 155 205 22.1270506240674 0.000483420879291998 2.68276333647115
15 21 155 215 21.7423855250188 0.00260194604842251 2.68903425032207
15 22 155 225 20.4794784269165 0.016145984833388 2.73169716783262
15 23 155 235 17.7149959010485 0.0923259041086296 2.89872921213321
15 24 155 245 13.792182978758 0.359955586170864 3.29206862612126
15 25 155 255 10.105875156739 0.913496109507918 3.85855196844909
15 26 155 265 7.62654352389247 1.52093877027573 4.35034409966044
15 27 155 275 6.33799214524907 1.61817242822359 4.60117821286854
15 28 155 285 5.98957222693731 0.896542389387669 4.69113052947677
15 29 155 295 6.61580122472931 -0.231254423928244 4.71089289745268
15 30 155 305 8.55533691779613 -0.994178568643452 4.54615059679814
15 31 155 315 11.9894754113155 -1.01389563460926 4.06465497708364
15 32 155 325 16.116880131252 -0.57641256354279 3.43387146727246
15 33 155 335 19.4494667092012 -0.181558629070937 2.96904445328395
15 34 155 345 21.28514078957 -0.019480322117929 2.76032242504724
15 35 155 355 21.9961340668517 0.00589332412133042 2.69849883647314
16 0 165 5 22.2176713024833 0.000441963194164286 2.68277352310452
16 1 165 15 22.2254061476183 4.28711404672088e-05 2.68225440250281
16 2 165 25 22.2259588119296 0 2.68220842135671
16 3 165 35 22.2259588119296 0 2.68220842135671
16 4 165 45 22.2259588119296 0 2.68220842135671
16 5 165 55 22.2232794118335 0.000510325903707617 2.68330234227952
16 6 165 65 22.1943121338709 0.0058119530140498 2.69481261302113
16 7 165 75 22.0691371099245 0.0275244616058149 2.74279519761929
16 8 165 85 21.8019184409904 0.0703415886695969 2.84004240012409
16 9 165 95 21.5424695742526 0.10581917666479 2.92552145145211
16 10 165 105 21.5487496701109 0.096793315987754 2.91147157364818
16 11 165 115 21.8130963736796 0.054276381877799 2.81503494706523
16 12 165 125 22.0756152349709 0.0182138535644002 2.72830214185779
16 13 165 135 22.1960190987898 0.00335861076034698 2.69099371079538
16 14 165 145 22.2234522579305 0.000261899033438339 2.68291563953473
16 15 165 155 22.2259588119296 0 2.68220842135671
16 16 165 165 22.2259588119296 0 2.68220842135671
16 17 165 175 22.2259588119296 0 2.68220842135671
16 18 165 185 22.2257464270913 1.92660813486854e-07 2.68220854962876
16 19 165 195 22.2232887809343 5.67745384259327e-06 2.68221163192847
16 20 165 205 22.1911650468361 5.39516570628027e-05 2.68230350591538
16 21 165 215 21.9342306588806 0.00058525825925693 2.6846317150913
16 22 165 225 20.8427042444819 0.00677879385704532 2.7070423882683
16 23 165 235 18.1996719019351 0.0490392162547398 2.81485467319439
16 24 165 245 14.3290760832318 0.214063051039443 3.10888020044834
16 25 165 255 10.688472342925 0.593486523972319 3.58197722376923
16 26 165 265 8.24482696468439 1.07636045302816 4.02521961806926
16 27 165 275 6.92676115741588 1.26195937049586 4.25881707978489
16 28 165 285 6.50171799677824 0.84352190607697 4.33830569397214
16 29 165 295 7.10024522742704 0.0534054684650364 4.33353722620393
16 30 165 305 9.16329721131672 -0.532372788397014 4.14304376889775
16 31 165 315 12.8643514186629 -0.604984980450479 3.7026717931378
16 32 165 325 17.1617837159356 -0.354928475458526 3.19419753201274
16 33 165 335 20.3165736877767 -0.119132676430749 2.85466054164901
16 34 165 345 21.7507033626631 -0.0196320787313577 2.71941112822949
16 35 165 355 22.149372841222 -6.95912326046355e-05 2.68741476956455
17 0 175 5 22.2250052688138 3.58461822882e-05 2.68226380649585
17 1 175 15 22.2259119924562 3.78192225843632e-06 2.68221245170098
17 2 175 25 22.2259588119296 0 2.68220842135671
17 3 175 35 22.2259588119296 0 2.68220842135671
17 4 175 45 22.2259588119296 0 2.68220842135671
17 5 175 55 22.2254141194401 0.000111489848449026 2.68244360013685
17 6 175 65 22.2195244365071 0.00126989085804743 2.68491928117904
17 7 175 75 22.194069139622 0.00601478910776463 2.6952455632206
17 8 175 85 22.1397171847282 0.0153734644214778 2.71619119364412
17 9 175 95 22.0869298949992 0.0231303648323787 2.73463175956383
17 10 175 105 22.0881892209415 0.0211602919355028 2.73164353256028
17 11 175 115 22.1419585690746 0.0118670609754098 2.71087264962804
17 12 175 125 22.1953680447946 0.00398278211587363 2.69216340152984
17 13 175 135 22.2198666676554 0.000734501149077149 2.68410720003131
17 14 175 145 22.2254487705426 5.72809445153032e-05 2.68236137603834
17 15 175 155 22.2259588119296 0 2.68220842135671
17 16 175 165 22.2259588119296 0 2.68220842135671
17 17 175 175 22.2259588119296 0 2.68220842135671
17 18 175 185 22.225942602793 1.33142479633368e-09 2.68220842225756
17 19 175 195 22.225753864914 4.32527593005149e-08 2.68220845056907
17 20 175 205 22.2063022232898 5.76162166322692e-05 2.68216677501011
17 21 175 215 21.9966638071151 0.000916859607419459 2.6828420889135
17 22 175 225 21.0318101095799 0.00772948467863549 2.69639187883093
17 23 175 235 18.6204211083849 0.0439843588032994 2.78029947153814
17 24 175 245 15.0161724504642 0.174695152352515 3.04187900993716
17 25 175 255 11.5451818594901 0.481949208029074 3.49418944944999
17 26 175 265 9.12412393066387 0.920908894675255 3.91847271199532
17 27 175 275 7.72363796595382 1.21502122206243 4.0965162165614
17 28 175 285 7.17399571689206 1.08456350510685 4.07921785627309
17 29 175 295 7.67200228135532 0.594311541491386 3.96874751761905
17 30 175 305 9.70448825332926 0.098415935519964 3.72423466340192
17 31 175 315 13.4169800696204 -0.133729033637083 3.34515902378366
17 32 175 325 17.6657123331795 -0.125711425949197 2.98393462990587
17 33 175 335 20.6601247452837 -0.0514316279944454 2.77288486427033
17 34 175 345 21.90862765115 -0.010537271762346 2.69847405728612
17 35 175 355 22.1947945374398 -0.00079028712382902 2.68367380413215
18 0 185 5 22.2259217684425 -4.71734406011207e-07 2.68220929238447
18 1 185 15 22.2259588119296 0 2.68220842135671
18 2 185 25 22.2259588119296 0 2.68220842135671
18 3 185 35 22.2259588119296 0 2.68220842135671
18 4 185 45 22.2259588119296 0 2.68220842135671
18 5 185 55 22.2259124146201 1.00415260061643e-05 2.6822293539643
18 6 185 65 22.2254106450152 0.000114390076677966 2.68244979062478
18 7 185 75 22.223241618757 0.000541873152416176 2.68336967934647
18 8 185 85 22.2186094607089 0.00138516310239553 2.68523675456875
18 9 185 95 22.2141094852985 0.00208429330687232 2.68688252592724
18 10 185 105 22.214215545395 0.00190694871727332 2.68661866891317
18 11 185 115 22.2187982206438 0.00106953494173338 2.68476715634634
18 12 185 125 22.2233509990178 0.000358976869187047 2.68309756240573
18 13 185 135 22.225439461523 6.62055858443717e-05 2.68237810072488
18 14 185 145 22.2259153320073 5.16332163541259e-06 2.68222209606914
18 15 185 155 22.2259588119296 0 2.68220842135671
18 16 185 165 22.2259588119296 0 2.68220842135671
18 17 185 175 22.2259588119296 0 2.68220842135671
18 18 185 185 22.2259588119296 0 2.68220842135671
18 19 185 195 22.2259588119296 0 2.68220842135671
18 20 185 205 22.212256202727 6.10905116479543e-05 2.6821498682367
18 21 185 215 22.0565620837339 0.000864803322810922 2.68239906511767
18 22 185 225 21.3163684293305 0.00700987964410052 2.69268440448442
18 23 185 235 19.3868844605408 0.0407931407983617 2.76510345658609
18 24 185 245 16.3050909957495 0.167193382064077 3.0065232892818
18 25 185 255 13.0105429966513 0.472622717328816 3.44317829773712
18 26 185 265 10.372054738646 0.93324632502939 3.8642655975679
18 27 185 275 8.62951012923853 1.32815627280075 4.03260768528976
18 28 185 285 7.80844456861055 1.41015869683241 3.97748306016085
18 29 185 295 8.14655266607314 1.13270169060105 3.80701452529082
18 30 185 305 10.1070529990555 0.66404924054724 3.51750829020398
18 31 185 315 13.7625306260166 0.254563245403127 3.15432071119269
18 32 185 325 17.9069552658334 0.0474364038433054 2.86663329359388
18 33 185 335 20.7792254891696 -0.00332359082249345 2.72802225908409
18 34 185 345 21.947472359716 -0.00313285904443427 2.68864079263788
18 35 185 355 22.2027091457504 -0.000401691860992753 2.68259624673935
19 0 195 5 22.2259279989191 1.42435943235821e-08 2.6822084134277
19 1 195 15 22.2259588119296 0 2.68220842135671
19 2 195 25 22.2259588119296 0 2.68220842135671
19 3 195 35 22.2259588119296 0 2.68220842135671
19 4 195 45 22.2259588119296 0 2.68220842135671
19 5 195 55 22.2259588119296 0 2.68220842135671
19 6 195 65 22.2259588119296 0 2.68220842135671
19 7 195 75 22.2259588119296 0 2.68220842135671
19 8 195 85 22.2259588119296 0 2.68220842135671
19 9 195 95 22.2259588119296 0 2.68220842135671
19 10 195 105 22.2259588119296 0 2.68220842135671
19 11 195 115 22.2259588119296 0 2.68220842135671
19 12 195 125 22.2259588119296 0 2.68220842135671
19 13 195 135 22.2259588119296 0 2.68220842135671
19 14 195 145 22.2259588119296 0 2.68220842135671
19 15 195 155 22.2259588119296 0 2.68220842135671
19 16 195 165 22.2259588119296 0 2.68220842135671
19 17 195 175 22.2259588119296 0 2.68220842135671
19 18 195 185 22.2259588119296 0 2.68220842135671
19 19 195 195 22.2259588119296 0 2.68220842135671
19 20 195 205 22.2186722069074 3.30018597400222e-05 2.68217642934913
19 21 195 215 22.1325571425514 0.000455020759673112 2.6823657703849
19 22 195 225 21.6980150735285 0.00454549770928092 2.68953476913328
19 23 195 235 20.4554935987516 0.0323559332380487 2.74234414210559
19 24 195 245 18.1680141743356 0.14678712119908 2.9284284053384
19 25 195 255 15.1839950723989 0.431958913151865 3.29026014086024
19 26 195 265 12.1967720478627 0.874560735914797 3.68516183877632
19 27 195 275 9.83668063149317 1.30632930520311 3.90892034350306
19 28 195 285 8.53639961720563 1.52886930954577 3.93301803368856
19 29 195 295 8.65921585798706 1.42095108366285 3.80265429264593
19 30 195 305 10.5926673957417 0.998777127606591 3.50739221478254
19 31 195 315 14.2207490744143 0.486286358629675 3.12453757840339
19 32 195 325 18.21406728479 0.146407716764727 2.83630955337686
19 33 195 335 20.9043979053956 0.022040291279752 2.71295105711617
19 34 195 345 21.9750840722594 0.000410129666682929 2.68492346595655
19 35 195 355 22.2052540440014 -0.000195560950692466 2.68222887562403
20 0 205 5 22.2255913531355 1.75402352952313e-07 2.68220832370755
20 1 205 15 22.2259588119296 0 2.68220842135671
20 2 205 25 22.2259588119296 0 2.68220842135671
20 3 205 35 22.2259588119296 0 2.68220842135671
20 4 205 45 22.2259588119296 0 2.68220842135671
20 5 205 55 22.2259588119296 0 2.68220842135671
20 6 205 65 22.2259588119296 0 2.68220842135671
20 7 205 75 22.2259588119296 0 2.68220842135671
20 8 205 85 22.2259588119296 0 2.68220842135671
20 9 205 95 22.2259588119296 0 2.68220842135671
20 10 205 105 22.2259588119296 0 2.68220842135671
20 11 205 115 22.2259588119296 0 2.68220842135671
20 12 205 125 22.2259588119296 0 2.68220842135671
20 13 205 135 22.2259588119296 0 2.68220842135671
20 14 205 145 22.2259588119296 0 2.68220842135671
20 15 205 155 22.2259588119296 0 2.68220842135671
20 16 205 165 22.2259588119296 0 2.68220842135671
20 17 205 175 22.2259588119296 0 2.68220842135671
20 18 205 185 22.2259588119296 0 2.68220842135671
20 19 205 195 22.2259588119296 0 2.68220842135671
20 20 205 205 22.2234574174561 1.0214324068781e-05 2.68219875871798
20 21 205 215 22.1915172086568 0.000151637488274403 2.6823046666248
20 22 205 225 22.0107104808614 0.00228098211757747 2.68587993290593
20 23 205 235 21.3986429002867 0.0201133029960644 2.71462684104546
20 24 205 245 19.9787022018565 0.0997546608237284 2.82846555919571
20 25 205 255 17.5452064259179 0.309098471196473 3.08764276360883
20 26 205 265 14.3930986400394 0.660802829285102 3.44593276643606
20 27 205 275 11.3871023479105 1.06570872042277 3.74833623635886
20 28 205 285 9.51318236051584 1.37317028057084 3.87566171687187
20 29 205 295 9.43415926963347 1.40183398118773 3.78940946392455
20 30 205 305 11.4357773139153 1.06319072886415 3.49603983922309
20 31 205 315 15.050060064389 0.550825881574842 3.11112249452406
20 32 205 325 18.7554125301763 0.1773832073351 2.82692524166015
20 33 205 335 21.1079314413634 0.0303435043957884 2.70906200420914
20 34 205 345 22.0118492298949 0.00158551714062116 2.68404263489876
20 35 205 355 22.2064027959371 -0.000127738906937186 2.68214544635109
21 0 215 5 22.2241171493896 9.11599513961012e-07 2.68220791381187
21 1 215 15 22.2259588119296 0 2.68220842135671
21 2 215 25 22.2259588119296 0 2.68220842135671
21 3 215 35 22.2259588119296 0 2.68220842135671
21 4 215 45 22.2259588119296 0 2.68220842135671
21 5 215 55 22.2259588119296 0 2.68220842135671
21 6 215 65 22.2259588119296 0 2.68220842135671
21 7 215 75 22.2259588119296 0 2.68220842135671
21 8 215 85 22.2259588119296 0 2.68220842135671
21 9 215 95 22.2259588119296 0 2.68220842135671
21 10 215 105 22.2259588119296 0 2.68220842135671
21 11 215 115 22.2259588119296 0 2.68220842135671
21 12 215 125 22.2259588119296 0 2.68220842135671
21 13 215 135 22.2259588119296 0 2.68220842135671
21 14 215 145 22.2259588119296 0 2.68220842135671
21 15 215 155 22.2259588119296 0 2.68220842135671
21 16 215 165 22.2259588119296 0 2.68220842135671
21 17 215 175 22.2259588119296 0 2.68220842135671
21 18 215 185 22.2259588119296 0 2.68220842135671
21 19 215 195 22.2259588119296 0 2.68220842135671
21 20 215 205 22.2254715947352 1.72871539837701e-06 2.6822068433319
21 21 215 215 22.2182288094122 3.352547083387e-05 2.68223791748933
21 22 215 225 22.1661783736329 0.000858448121140693 2.68344557304242
21 23 215 235 21.923113269876 0.00952315765154274 2.69646162310032
21 24 215 245 21.11896899262 0.0551697945384102 2.76667796973399
21 25 215 255 19.2262783816219 0.196478436710216 2.98389937692556
21 26 215 265 16.1310621173176 0.477390941604804 3.3823073084815
21 27 215 275 12.7318448271887 0.853085453684032 3.79319798314153
21 28 215 285 10.4645307631148 1.17022007604265 3.94919645784842
21 29 215 295 10.2806542467588 1.22561595967948 3.77210137071783
21 30 215 305 12.3372867002408 0.933829652708346 3.40078262699431
21 31 215 315 15.8288136253714 0.483908639855355 3.02836574884216
21 32 215 325 19.1576909587767 0.157355899599823 2.79221614662521
21 33 215 335 21.1894864751169 0.0281379058467488 2.70175874282244
21 34 215 345 21.9942080792232 0.00190505678219721 2.68344783581027
21 35 215 355 22.1951829087764 -4.78567217581085e-05 2.68215065555351
22 0 225 5 22.2209128569817 2.60056588352332e-06 2.68220697332519
22 1 225 15 22.2259588119296 0 2.68220842135671
22 2 225 25 22.2259588119296 0 2.68220842135671
22 3 225 35 22.2259588119296 0 2.68220842135671
22 4 225 45 22.2259588119296 0 2.68220842135671
22 5 225 55 22.2259588119296 0 2.68220842135671
22 6 225 65 22.2259588119296 0 2.68220842135671
22 7 225 75 22.2259588119296 0 2.68220842135671
22 8 225 85 22.2259588119296 0 2.68220842135671
22 9 225 95 22.2259588119296 0 2.68220842135671
22 10 225 105 22.2259588119296 0 2.68220842135671
22 11 225 115 22.2259588119296 0 2.68220842135671
22 12 225 125 22.2259588119296 0 2.68220842135671
22 13 225 135 22.2259588119296 0 2.68220842135671
22 14 225 145 22.2259588119296 0 2.68220842135671
22 15 225 155 22.2259588119296 0 2.68220842135671
22 16 225 165 22.2259588119296 0 2.68220842135671
22 17 225 175 22.2259588119296 0 2.68220842135671
22 18 225 185 22.2259588119296 0 2.68220842135671
22 19 225 195 22.2259588119296 0 2.68220842135671
22 20 225 205 22.2259182187534 1.24509014033041e-07 2.682208312072
22 21 225 215 22.2250490876044 4.73179621270186e-06 2.6822126112822
22 22 225 225 22.2108858529364 0.000236966373715294 2.68252370367429
22 23 225 235 22.0880373468228 0.00478903414367228 2.69024070274343
22 24 225 245 21.4978403601975 0.0395394881088532 2.75357747625203
22 25 225 255 19.8005074542357 0.174465442024353 3.0013665898651
22 26 225 265 16.7497900775406 0.472692275693173 3.51539791955814
22 27 225 275 13.2932288364391 0.858703507608304 4.05004510251409
22 28 225 285 11.0066061289008 1.11578645227203 4.16741909165222
22 29 225 295 10.8182082928371 1.0721981729305 3.79999885535091
22 30 225 305 12.7089970915085 0.751762716600709 3.28708952470948
22 31 225 315 15.8280520342678 0.367352808802926 2.91753422269162
22 32 225 325 18.8482135844703 0.117393713403382 2.7435108555787
22 33 225 335 20.8774577918216 0.0223670825568691 2.69090736466575
22 34 225 345 21.8476934416173 0.00214242396895227 2.68241672519858
22 35 225 355 22.1609441885326 7.25692731718629e-05 2.68213556630458
23 0 235 5 22.2177034412632 4.44267154290678e-06 2.68220594738183
23 1 235 15 22.2259588119296 0 2.68220842135671
23 2 235 25 22.2259588119296 0 2.68220842135671
23 3 235 35 22.2259588119296 0 2.68220842135671
23 4 235 45 22.2259588119296 0 2.68220842135671
23 5 235 55 22.2259588119296 0 2.68220842135671
23 6 235 65 22.2259588119296 0 2.68220842135671
23 7 235 75 22.2259588119296 0 2.68220842135671
23 8 235 85 22.2259588119296 0 2.68220842135671
23 9 235 95 22.2259588119296 0 2.68220842135671
23 10 235 105 22.2259588119296 0 2.68220842135671
23 11 235 115 22.2259588119296 0 2.68220842135671
23 12 235 125 22.2259588119296 0 2.68220842135671
23 13 235 135 22.2259588119296 0 2.68220842135671
23 14 235 145 22.2259588119296 0 2.68220842135671
23 15 235 155 22.2259588119296 0 2.68220842135671
23 16 235 165 22.2259588119296 0 2.68220842135671
23 17 235 175 22.2259588119296 0 2.68220842135671
23 18 235 185 22.2259588119296 0 2.68220842135671
23 19 235 195 22.2259588119296 0 2.68220842135671
23 20 235 205 22.2259588119296 0 2.68220842135671
23 21 235 215 22.2259200240738 3.29342096031933e-07 2.68220862251982
23 22 235 225 22.2161990979432 8.00502987065154e-05 2.68233098458936
23 23 235 235 22.0992126536475 0.00397720574254606 2.68892900333775
23 24 235 245 21.4915973896612 0.0403594936862125 2.75142248435831
23 25 235 255 19.7408878692198 0.190843085548635 3.0088881438417
23 26 235 265 16.6857915027574 0.52014683904308 3.55157323178618
23 27 235 275 13.3784701685024 0.906191464777716 4.10376366655602
23 28 235 285 11.323535867052 1.08410638116318 4.17900417936821
23 29 235 295 11.218784137613 0.936008619227443 3.73047912001119
23 30 235 305 12.8417476217606 0.589752611022745 3.17724752234128
23 31 235 315 15.4701898640473 0.266267540319273 2.83569948309836
23 32 235 325 18.2396788733691 0.0836164292166287 2.70923753135267
23 33 235 335 20.4285686027005 0.0176244927651842 2.68295981155126
23 34 235 345 21.6689036809988 0.00235831333153609 2.68152288703437
23 35 235 355 22.123613250986 0.00017498208562962 2.68210092746721
24 0 245 5 22.2176497424165 4.6689411825921e-06 2.68220582114554
24 1 245 15 22.2259588119296 0 2.68220842135671
24 2 245 25 22.2259588119296 0 2.68220842135671
24 3 245 35 22.2259588119296 0 2.68220842135671
24 4 245 45 22.2259588119296 0 2.68220842135671
24 5 245 55 22.2259588119296 0 2.68220842135671
24 6 245 65 22.2259588119296 0 2.68220842135671
24 7 245 75 22.2259588119296 0 2.68220842135671
24 8 245 85 22.2259588119296 0 2.68220842135671
24 9 245 95 22.2259588119296 0 2.68220842135671
24 10 245 105 22.2259588119296 0 2.68220842135671
24 11 245 115 22.2259588119296 0 2.68220842135671
24 12 245 125 22.2259588119296 0 2.68220842135671
24 13 245 135 22.2259588119296 0 2.68220842135671
24 14 245 145 22.2259588119296 0 2.68220842135671
24 15 245 155 22.2259588119296 0 2.68220842135671
24 16 245 165 22.2259588119296 0 2.68220842135671
24 17 245 175 22.2259588119296 0 2.68220842135671
24 18 245 185 22.2259588119296 0 2.68220842135671
24 19 245 195 22.2259588119296 0 2.68220842135671
24 20 245 205 22.2259588119296 0 2.68220842135671
24 21 245 215 22.2259588119296 0 2.68220842135671
24 22 245 225 22.2169594970819 5.48897010878358e-05 2.68230640338837
24 23 245 235 22.1060434467151 0.00327151896781917 2.68717225908778
24 24 245 245 21.5274281639008 0.0339460218525287 2.73294793732813
24 25 245 255 19.8609871415606 0.161383190793151 2.9223887928052
24 26 245 265 16.9604627303276 0.437820762525448 3.32705508675626
24 27 245 275 13.8485165841522 0.749228162121698 3.75162452947138
24 28 245 285 12.0037226791975 0.863447265824108 3.82865388894536
24 29 245 295 12.0828013967081 0.702735152662341 3.49789226607187
24 30 245 305 13.6968802173416 0.412229166937027 3.06677966917437
24 31 245 315 16.0371750804843 0.175382640054462 2.7953316742046
24 32 245 325 18.4656824341534 0.0547159190404786 2.69793895323952
24 33 245 335 20.4754692501011 0.0126444572860957 2.68087531108937
24 34 245 345 21.6716947882259 0.00205709292889533 2.68134123233055
24 35 245 355 22.1231254262133 0.000189126182992946 2.68209949631398
25 0 255 5 22.2208172867235 3.00326816132639e-06 2.68220674865677
25 1 255 15 22.2259588119296 0 2.68220842135671
25 2 255 25 22.2259588119296 0 2.68220842135671
25 3 255 35 22.2259588119296 0 2.68220842135671
25 4 255 45 22.2259588119296 0 2.68220842135671
25 5 255 55 22.2259588119296 0 2.68220842135671
25 6 255 65 22.2259588119296 0 2.68220842135671
25 7 255 75 22.2259588119296 0 2.68220842135671
25 8 255 85 22.2259588119296 0 2.68220842135671
25 9 255 95 22.2259588119296 0 2.68220842135671
25 10 255 105 22.2259588119296 0 2.68220842135671
25 11 255 115 22.2259588119296 0 2.68220842135671
25 12 255 125 22.2259588119296 0 2.68220842135671
25 13 255 135 22.2259588119296 0 2.68220842135671
25 14 255 145 22.2259588119296 0 2.68220842135671
25 15 255 155 22.2259588119296 0 2.68220842135671
25 16 255 165 22.2259588119296 0 2.68220842135671
25 17 255 175 22.2259588119296 0 2.68220842135671
25 18 255 185 22.2259588119296 0 2.68220842135671
25 19 255 195 22.2259588119296 0 2.68220842135671
25 20 255 205 22.2259588119296 0 2.68220842135671
25 21 255 215 22.2259588119296 0 2.68220842135671
25 22 255 225 22.2198937350617 7.8420116451209e-06 2.68230055627481
25 23 255 235 22.1406482399833 0.0015223538786517 2.68498653904794
25 24 255 245 21.7007328159739 0.0176857454237307 2.70848450855609
25 25 255 255 20.348382183684 0.0895050796353576 2.80715454430242
25 26 255 265 17.8360375641256 0.254337452516656 3.03337686423541
25 27 255 275 14.9867265729754 0.44797970717958 3.31152490471825
25 28 255 285 13.2775766520241 0.514140868128267 3.43117349141788
25 29 255 295 13.5026363534146 0.394998807804472 3.28605402585645
25 30 255 305 15.235403004653 0.205681645857503 3.01091944540363
25 31 255 315 17.4759813323968 0.0746317420098998 2.79857412241619
25 32 255 325 19.5206584183509 0.0208020983524338 2.70612220698047
25 33 255 335 21.03126114755 0.00512524330066235 2.68393409327835
25 34 255 345 21.8626813977883 0.00102674472965159 2.68191630340648
25 35 255 355 22.1606621794028 0.000113982266827163 2.68215014088214
26 0 265 5 22.2240617695243 1.14495242424497e-06 2.68220778362381
26 1 265 15 22.2259588119296 0 2.68220842135671
26 2 265 25 22.2259588119296 0 2.68220842135671
26 3 265 35 22.2259588119296 0 2.68220842135671
26 4 265 45 22.2259588119296 0 2.68220842135671
26 5 265 55 22.2259588119296 0 2.68220842135671
26 6 265 65 22.2259588119296 0 2.68220842135671
26 7 265 75 22.2259588119296 0 2.68220842135671
26 8 265 85 22.2259588119296 0 2.68220842135671
26 9 265 95 22.2259588119296 0 2.68220842135671
26 10 265 105 22.2259588119296 0 2.68220842135671
26 11 265 115 22.2259588119296 0 2.68220842135671
26 12 265 125 22.2259588119296 0 2.68220842135671
26 13 265 135 22.2259588119296 0 2.68220842135671
26 14 265 145 22.2259588119296 0 2.68220842135671
26 15 265 155 22.2259588119296 0 2.68220842135671
26 16 265 165 22.2259588119296 0 2.68220842135671
26 17 265 175 22.2259588119296 0 2.68220842135671
26 18 265 185 22.2259588119296 0 2.68220842135671
26 19 265 195 22.2259588119296 0 2.68220842135671
26 20 265 205 22.2259588119296 0 2.68220842135671
26 21 265 215 22.2259588119296 0 2.68220842135671
26 22 265 225 22.2211983955139 -0.000125622758161451 2.6823841804082
26 23 265 235 22.157903787319 -0.000967310107318054 2.68466026362539
26 24 265 245 21.8001620364553 -0.000557026299792968 2.69834302808956
26 25 265 255 20.6803323222707 0.0179798272515809 2.74867129529232
26 26 265 265 18.5630803581883 0.0836656012498681 2.86968517115296
26 27 265 275 16.1199415850477 0.177580307262321 3.0522123320442
26 28 265 285 14.6141655682495 0.203622203510255 3.19216964936944
26 29 265 295 14.760729575152 0.116802599905541 3.17110462616652
26 30 265 305 16.2791917018188 0.0105213690706846 3.00762233001153
26 31 265 315 18.3592405322146 -0.0270784503787742 2.83059430507736
26 32 265 325 20.2411568820766 -0.0162284131410699 2.72677504836818
26 33 265 335 21.4745492262154 -0.00374307813437696 2.69028871447747
26 34 265 345 22.0345431343171 -0.00025665145933488 2.68292718216777
26 35 265 355 22.1972343897338 2.02773269459777e-05 2.68222063552715
27 0 275 5 22.2255767631692 2.36879770470326e-07 2.68220828940917
27 1 275 15 22.2259588119296 0 2.68220842135671
27 2 275 25 22.2259588119296 0 2.68220842135671
27 3 275 35 22.2259588119296 0 2.68220842135671
27 4 275 45 22.2259588119296 0 2.68220842135671
27 5 275 55 22.2259588119296 0 2.68220842135671
27 6 275 65 22.2259588119296 0 2.68220842135671
27 7 275 75 22.2259588119296 0 2.68220842135671
27 8 275 85 22.2259588119296 0 2.68220842135671
27 9 275 95 22.2259588119296 0 2.68220842135671
27 10 275 105 22.2259588119296 0 2.68220842135671
27 11 275 115 22.2259588119296 0 2.68220842135671
27 12 275 125 22.2259588119296 0 2.68220842135671
27 13 275 135 22.2259588119296 0 2.68220842135671
27 14 275 145 22.2259588119296 0 2.68220842135671
27 15 275 155 22.2259588119296 0 2.68220842135671
27 16 275 165 22.2259588119296 0 2.68220842135671
27 17 275 175 22.2259588119296 0 2.68220842135671
27 18 275 185 22.2259588119296 0 2.68220842135671
27 19 275 195 22.2259588119296 0 2.68220842135671
27 20 275 205 22.2259588119296 0 2.68220842135671
27 21 275 215 22.225919242701 -7.26091622791922e-07 2.68220943432363
27 22 275 225 22.2172730587721 -0.000397082841734039 2.68265587330495
27 23 275 235 22.1190371068754 -0.0044783183655585 2.68733361909784
27 24 275 245 21.6395794746969 -0.020648921990624 2.7080703761453
27 25 275 255 20.3482225887367 -0.0486804935417588 2.76003887139659
27 26 275 265 18.2496224020667 -0.0598211068282764 2.8466663472493
27 27 275 275 16.1434585655293 -0.037132821503031 2.95412791969725
27 28 275 285 14.9735459057802 -0.0333980112117541 3.04584266945248
27 29 275 295 15.0942840010409 -0.08741527728469 3.06446177188875
27 30 275 305 16.3460813518133 -0.130642381590782 2.98422361316687
27 31 275 315 18.3104990093571 -0.10241858017536 2.85146614448651
27 32 275 325 20.2811284036295 -0.0447279497396718 2.74499390187763
27 33 275 335 21.5710164352067 -0.0106546640309661 2.69629572867803
27 34 275 345 22.0925897376198 -0.00120227004863944 2.68384211488986
27 35 275 355 22.2124502609691 -3.77173618018305e-05 2.68227331800357
28 0 285 5 22.2259265218289 2.04675763902309e-08 2.68220840995533
28 1 285 15 22.2259588119296 0 2.68220842135671
28 2 285 25 22.2259588119296 0 2.68220842135671
28 3 285 35 22.2259588119296 0 2.68220842135671
28 4 285 45 22.2259588119296 0 2.68220842135671
28 5 285 55 22.2259588119296 0 2.68220842135671
28 6 285 65 22.2259588119296 0 2.68220842135671
28 7 285 75 22.2259588119296 0 2.68220842135671
28 8 285 85 22.2259588119296 0 2.68220842135671
28 9 285 95 22.2259588119296 0 2.68220842135671
28 10 285 105 22.2259588119296 0 2.68220842135671
28 11 285 115 22.2259588119296 0 2.68220842135671
28 12 285 125 22.2259588119296 0 2.68220842135671
28 13 285 135 22.2259588119296 0 2.68220842135671
28 14 285 145 22.2259588119296 0 2.68220842135671
28 15 285 155 22.2259588119296 0 2.68220842135671
28 16 285 165 22.2259588119296 0 2.68220842135671
28 17 285 175 22.2259588119296 0 2.68220842135671
28 18 285 185 22.2259588119296 0 2.68220842135671
28 19 285 195 22.2259588119296 0 2.68220842135671
28 20 285 205 22.2259588119296 0 2.68220842135671
28 21 285 215 22.225515719019 -7.89901376831529e-06 2.68221944132557
28 22 285 225 22.206279097121 -0.000854015629077038 2.68319682276359
28 23 285 235 22.0251405683343 -0.00956172268121191 2.69289793281659
28 24 285 245 21.2447788820039 -0.0472599339104317 2.73385639660926
28 25 285 255 19.3949549091767 -0.13088392949321 2.824116512857
28 26 285 265 16.8237283958002 -0.22499522084916 2.93134431749596
28 27 285 275 14.746065178358 -0.262739610196543 2.99283982065444
28 28 285 285 14.0409879627976 -0.244876610126522 2.99754490215755
28 29 285 295 14.7149672278829 -0.222685302228098 2.97479129646431
28 30 285 305 16.3562574879061 -0.191140568594433 2.92243697721059
28 31 285 315 18.4676067486616 -0.123158736981314 2.83134108817025
28 32 285 325 20.417387611837 -0.050807143632995 2.74321581541487
28 33 285 335 21.6398977976344 -0.0120821800554601 2.69698084050146
28 34 285 345 22.1148299812863 -0.00141075213922747 2.68402523368391
28 35 285 355 22.2166552351358 -5.11494763598243e-05 2.6822852154456
29 0 295 5 22.2259588119296 0 2.68220842135671
29 1 295 15 22.2259588119296 0 2.68220842135671
29 2 295 25 22.2259588119296 0 2.68220842135671
29 3 295 35 22.2259588119296 0 2.68220842135671
29 4 295 45 22.2259588119296 0 2.68220842135671
29 5 295 55 22.2259588119296 0 2.68220842135671
29 6 295 65 22.2259588119296 0 2.68220842135671
29 7 295 75 22.2259588119296 0 2.68220842135671
29 8 295 85 22.2259588119296 0 2.68220842135671
29 9 295 95 22.2259588119296 0 2.68220842135671
29 10 295 105 22.2259588119296 0 2.68220842135671
29 11 295 115 22.2259588119296 0 2.68220842135671
29 12 295 125 22.2259588119296 0 2.68220842135671
29 13 295 135 22.2259588119296 0 2.68220842135671
29 14 295 145 22.2259588119296 0 2.68220842135671
29 15 295 155 22.2259588119296 0 2.68220842135671
29 16 295 165 22.2259588119296 0 2.68220842135671
29 17 295 175 22.2259588119296 0 2.68220842135671
29 18 295 185 22.2259588119296 0 2.68220842135671
29 19 295 195 22.2259588119296 0 2.68220842135671
29 20 295 205 22.2259588119296 0 2.68220842135671
29 21 295 215 22.2238739752304 -3.52247174985266e-05 2.68225751208981
29 22 295 225 22.1826707322306 -0.00160919215340206 2.68420760961789
29 23 295 235 21.8789754227179 -0.0168346625340762 2.70197357106351
29 24 295 245 20.7320208199775 -0.0838097664764658 2.77538249503401
29 25 295 255 18.2592025500702 -0.24181233875812 2.93589711222202
29 26 295 265 15.1340518373562 -0.441457976635034 3.1185348333404
29 27 295 275 12.9995447011614 -0.538354023106327 3.18645121753049
29 28 295 285 12.8713214389502 -0.464465391204805 3.1028343329541
29 29 295 295 14.5441564711893 -0.311526076606502 2.96643142068432
29 30 295 305 17.0641218487719 -0.182285534624296 2.85904450788199
29 31 295 315 19.4014994055206 -0.0924033818467806 2.77936255026105
29 32 295 325 21.0173475534654 -0.0346681720790364 2.72115919938763
29 33 295 335 21.8587691569189 -0.00805080990144398 2.6917785809272
29 34 295 345 22.1582837544682 -0.000942963280263497 2.68340918164114
29 35 295 355 22.220421208428 -3.46576649963623e-05 2.68225988371125
30 0 305 5 22.2259588119296 0 2.68220842135671
30 1 305 15 22.2259588119296 0 2.68220842135671
30 2 305 25 22.2259588119296 0 2.68220842135671
30 3 305 35 22.2259588119296 0 2.68220842135671
30 4 305 45 22.2259588119296 0 2.68220842135671
30 5 305 55 22.2259588119296 0 2.68220842135671
30 6 305 65 22.2259588119296 0 2.68220842135671
30 7 305 75 22.2259588119296 0 2.68220842135671
30 8 305 85 22.2259588119296 0 2.68220842135671
30 9 305 95 22.2259588119296 0 2.68220842135671
30 10 305 105 22.2259588119296 0 2.68220842135671
30 11 305 115 22.2259588119296 0 2.68220842135671
30 12 305 125 22.2259588119296 0 2.68220842135671
30 13 305 135 22.2259588119296 0 2.68220842135671
30 14 305 145 22.2259588119296 0 2.68220842135671
30 15 305 155 22.2259588119296 0 2.68220842135671
30 16 305 165 22.2259588119296 0 2.68220842135671
30 17 305 175 22.2259588119296 0 2.68220842135671
30 18 305 185 22.2259588119296 0 2.68220842135671
30 19 305 195 22.2259588119296 0 2.68220842135671
30 20 305 205 22.2259588119296 0 2.68220842135671
30 21 305 215 22.2204657207129 -8.51369259702716e-05 2.68232533413704
30 22 305 225 22.1426770458562 -0.00253870381972386 2.68559702534328
30 23 305 235 21.679419301372 -0.0244346019729834 2.71311961430715
30 24 305 245 20.1720353023255 -0.119231584546768 2.82345437573057
30 25 305 255 17.2615696555407 -0.344775842563858 3.06189328125382
30 26 305 265 13.9100377515926 -0.633978040323414 3.33089888775455
30 27 305 275 11.935042387687 -0.767723673936261 3.41959840884025
30 28 305 285 12.3614447836227 -0.624870359461161 3.25792135119834
30 29 305 295 14.8417723870375 -0.350703754418797 3.00071420028789
30 30 305 305 18.0104646991561 -0.144874225918935 2.81674989217828
30 31 305 315 20.4160700520057 -0.0495191780233172 2.73144582685579
30 32 305 325 21.6330731160926 -0.0146199389945856 2.69807707520675
30 33 305 335 22.0780767887342 -0.00315171095022854 2.68589889108849
30 34 305 345 22.2008947806148 -0.000368880448754547 2.68267532862956
30 35 305 355 22.2239069780553 -1.35915986833557e-05 2.68222858459755
31 0 315 5 22.2259588119296 0 2.68220842135671
31 1 315 15 22.2259588119296 0 2.68220842135671
31 2 315 25 22.2259588119296 0 2.68220842135671
31 3 315 35 22.2259588119296 0 2.68220842135671
31 4 315 45 22.2259588119296 0 2.68220842135671
31 5 315 55 22.2259588119296 0 2.68220842135671
31 6 315 65 22.2259588119296 0 2.68220842135671
31 7 315 75 22.2259588119296 0 2.68220842135671
31 8 315 85 22.2259588119296 0 2.68220842135671
31 9 315 95 22.2259588119296 0 2.68220842135671
31 10 315 105 22.2259588119296 0 2.68220842135671
31 11 315 115 22.2259588119296 0 2.68220842135671
31 12 315 125 22.2259588119296 0 2.68220842135671
31 13 315 135 22.2259588119296 0 2.68220842135671
31 14 315 145 22.2259588119296 0 2.68220842135671
31 15 315 155 22.2259588119296 0 2.68220842135671
31 16 315 165 22.2259588119296 0 2.68220842135671
31 17 315 175 22.2259588119296 0 2.68220842135671
31 18 315 185 22.2259588119296 0 2.68220842135671
31 19 315 195 22.2259588119296 0 2.68220842135671
31 20 315 205 22.2259588119296 0 2.68220842135671
31 21 315 215 22.216456326393 -0.000137383898586629 2.68238789262314
31 22 315 225 22.0988054591993 -0.003034742732821 2.68649993901714
31 23 315 235 21.4823154710685 -0.0262543726012313 2.7187375417946
31 24 315 245 19.7033065718129 -0.122289811434179 2.84306688246136
31 25 315 255 16.6280312663401 -0.345839732708364 3.10365696284784
31 26 315 265 13.4422312283045 -0.626618197440578 3.38552306370169
31 27 315 275 11.8631623472316 -0.743550688373515 3.45901552222547
31 28 315 285 12.6998150156741 -0.580009753663216 3.2613275706453
31 29 315 295 15.4783736566097 -0.295319502203346 2.97312215561295
31 30 315 305 18.737943676951 -0.0972393248901331 2.77964851144604
31 31 315 315 20.9931267514684 -0.0212807524304249 2.70456798098122
31 32 315 325 21.9420282443532 -0.00370090692353131 2.6863781217228
31 33 315 335 22.1826612816848 -0.000638433396524417 2.68296918114741
31 34 315 345 22.2208938525313 -7.78713983832139e-05 2.68230653213302
31 35 315 355 22.2255441112531 -2.87461469448705e-06 2.68221268287914
32 0 325 5 22.2259588119296 0 2.68220842135671
32 1 325 15 22.2259588119296 0 2.68220842135671
32 2 325 25 22.2259588119296 0 2.68220842135671
32 3 325 35 22.2259588119296 0 2.68220842135671
32 4 325 45 22.2259588119296 0 2.68220842135671
32 5 325 55 22.2259588119296 0 2.68220842135671
32 6 325 65 22.2259588119296 0 2.68220842135671
32 7 325 75 22.2259588119296 0 2.68220842135671
32 8 325 85 22.2259588119296 0 2.68220842135671
32 9 325 95 22.2259588119296 0 2.68220842135671
32 10 325 105 22.2259588119296 0 2.68220842135671
32 11 325 115 22.2259588119296 0 2.68220842135671
32 12 325 125 22.2259588119296 0 2.68220842135671
32 13 325 135 22.2259588119296 0 2.68220842135671
32 14 325 145 22.2259588119296 0 2.68220842135671
32 15 325 155 22.2259588119296 0 2.68220842135671
32 16 325 165 22.2259588119296 0 2.68220842135671
32 17 325 175 22.2259588119296 0 2.68220842135671
32 18 325 185 22.2259588119296 0 2.68220842135671
32 19 325 195 22.2259588119296 0 2.68220842135671
32 20 325 205 22.2259588119296 0 2.68220842135671
32 21 325 215 22.2130025408418 -0.000224936518913966 2.68250543646676
32 22 325 225 22.0625571829851 -0.00340701576306904 2.68735665301261
32 23 325 235 21.3321191925781 -0.0231152072686378 2.71934405990207
32 24 325 245 19.4074462572829 -0.0919633983268799 2.83005995553839
32 25 325 255 16.4253409230838 -0.235394854426049 3.04371622498262
32 26 325 265 13.7504486039759 -0.400539185017837 3.2531716909972
32 27 325 275 12.8300196321031 -0.454342892384929 3.27962888509822
32 28 325 285 14.0420870601623 -0.338459743530387 3.09991198829828
32 29 325 295 16.7134709784435 -0.160814157546014 2.87476076082669
32 30 325 305 19.5308729095978 -0.045950429154508 2.73819592376345
32 31 325 315 21.3512083152949 -0.00689866628726473 2.69155657720216
32 32 325 325 22.0586870664752 -0.000373216310348269 2.68297456514317
32 33 325 335 22.2107369592598 -1.36307620475455e-05 2.68225601942968
32 34 325 345 22.2255294934934 -6.83591667965002e-06 2.68221700323805
32 35 325 355 22.2259236572156 -2.52709342997908e-07 2.68220879578792
33 0 335 5 22.2259588119296 0 2.68220842135671
33 1 335 15 22.2259588119296 0 2.68220842135671
33 2 335 25 22.2259588119296 0 2.68220842135671
33 3 335 35 22.2259588119296 0 2.68220842135671
33 4 335 45 22.2259588119296 0 2.68220842135671
33 5 335 55 22.2259588119296 0 2.68220842135671
33 6 335 65 22.2259588119296 0 2.68220842135671
33 7 335 75 22.2259588119296 0 2.68220842135671
33 8 335 85 22.2259588119296 0 2.68220842135671
33 9 335 95 22.2259588119296 0 2.68220842135671
33 10 335 105 22.2259588119296 0 2.68220842135671
33 11 335 115 22.2259588119296 0 2.68220842135671
33 12 335 125 22.2259588119296 0 2.68220842135671
33 13 335 135 22.2259588119296 0 2.68220842135671
33 14 335 145 22.2259588119296 0 2.68220842135671
33 15 335 155 22.2259588119296 0 2.68220842135671
33 16 335 165 22.2259588119296 0 2.68220842135671
33 17 335 175 22.2259588119296 0 2.68220842135671
33 18 335 185 22.2259588119296 0 2.68220842135671
33 19 335 195 22.2259588119296 0 2.68220842135671
33 20 335 205 22.2259588119296 0 2.68220842135671
33 21 335 215 22.2094800903119 -0.00047627544157817 2.68297184686184
33 22 335 225 22.0254568075367 -0.00556031458959969 2.69215716502284
33 23 335 235 21.1790890282426 -0.0274122565704081 2.73886360070068
33 24 335 245 19.1188233912901 -0.0750457304919864 2.86831860024622
33 25 335 255 16.3065800827123 -0.127688863836702 3.0737335267255
33 26 335 265 14.3509028808222 -0.145843763887025 3.23342628019214
33 27 335 275 14.3669017349173 -0.119567719282674 3.20581049957202
33 28 335 285 16.078767255114 -0.0722037582178422 3.01160374708754
33 29 335 295 18.4760521714235 -0.0303077002987789 2.81434269357321
33 30 335 305 20.5390704724308 -0.00740291922425893 2.71364108238877
33 31 335 315 21.7150927692869 -0.000488885216440347 2.68591352331824
33 32 335 325 22.1349778966921 0.000184510973259517 2.68228596499258
33 33 335 335 22.2188490784894 3.22093051447077e-05 2.68219378904743
33 34 335 345 22.2259588119296 0 2.68220842135671
33 35 335 355 22.2259588119296 0 2.68220842135671
34 0 345 5 22.2259588119296 0 2.68220842135671
34 1 345 15 22.2259588119296 0 2.68220842135671
34 2 345 25 22.2259588119296 0 2.68220842135671
34 3 345 35 22.2259588119296 0 2.68220842135671
34 4 345 45 22.2259588119296 0 2.68220842135671
34 5 345 55 22.2259588119296 0 2.68220842135671
34 6 345 65 22.2259588119296 0 2.68220842135671
34 7 345 75 22.2259588119296 0 2.68220842135671
34 8 345 85 22.2259588119296 0 2.68220842135671
34 9 345 95 22.2259588119296 0 2.68220842135671
34 10 345 105 22.2259588119296 0 2.68220842135671
34 11 345 115 22.2259588119296 0 2.68220842135671
34 12 345 125 22.2259588119296 0 2.68220842135671
34 13 345 135 22.2259588119296 0 2.68220842135671
34 14 345 145 22.2259588119296 0 2.68220842135671
34 15 345 155 22.2259588119296 0 2.68220842135671
34 16 345 165 22.2259588119296 0 2.68220842135671
34 17 345 175 22.2259588119296 0 2.68220842135671
34 18 345 185 22.2259588119296 0 2.68220842135671
34 19 345 195 22.2259588119296 0 2.68220842135671
34 20 345 205 22.2259588119296 0 2.68220842135671
34 21 345 215 22.2063727516258 -0.000936329832996162 2.68398880777548
34 22 345 225 21.9917786193956 -0.0101899049256353 2.70389469072003
34 23 345 235 21.0323459099301 -0.0439528913092578 2.79678659522568
34 24 345 245 18.802909464732 -0.0909839969264949 3.03084613440337
34 25 345 255 16.025617240023 -0.0732642305291461 3.3669604722637
34 26 345 265 14.5727890098155 0.0502281745894309 3.59692546715666
34 27 345 275 15.374798407605 0.160836090282554 3.51806659007278
34 28 345 285 17.597821899695 0.145337526695155 3.18652948536498
34 29 345 295 19.8526371049207 0.0653797469560572 2.87193688470863
34 30 345 305 21.3310991619916 0.0149910362367662 2.72281020139324
34 31 345 315 21.9946734095992 0.00149511211828766 2.68628085744581
34 32 345 325 22.1898401416342 4.90507058767634e-05 2.68231944139313
34 33 345 335 22.2234160687889 6.23918329265154e-06 2.68221346029131
34 34 345 345 22.2259588119296 0 2.68220842135671
34 35 345 355 22.2259588119296 0 2.68220842135671
35 0 355 5 22.2259588119296 0 2.68220842135671
35 1 355 15 22.2259588119296 0 2.68220842135671
35 2 355 25 22.2259588119296 0 2.68220842135671
35 3 355 35 22.2259588119296 0 2.68220842135671
35 4 355 45 22.2259588119296 0 2.68220842135671
35 5 355 55 22.2259588119296 0 2.68220842135671
35 6 355 65 22.2259588119296 0 2.68220842135671
35 7 355 75 22.2259588119296 0 2.68220842135671
35 8 355 85 22.2259588119296 0 2.68220842135671
35 9 355 95 22.2259588119296 0 2.68220842135671
35 10 355 105 22.2259588119296 0 2.68220842135671
35 11 355 115 22.2259588119296 0 2.68220842135671
35 12 355 125 22.2259588119296 0 2.68220842135671
35 13 355 135 22.2259588119296 0 2.68220842135671
35 14 355 145 22.2259588119296 0 2.68220842135671
35 15 355 155 22.2259588119296 0 2.68220842135671
35 16 355 165 22.2259588119296 0 2.68220842135671
35 17 355 175 22.2259588119296 0 2.68220842135671
35 18 355 185 22.2259588119296 0 2.68220842135671
35 19 355 195 22.2259588119296 0 2.68220842135671
35 20 355 205 22.2259588119296 0 2.68220842135671
35 21 355 215 22.2063403151927 -0.00136509069812202 2.68502827605093
35 22 355 225 21.9910226080314 -0.0145637089967148 2.7162256010221
35 23 355 235 21.0245259847994 -0.0601247494442064 2.86023518972955
35 24 355 245 18.7599356063941 -0.110068426157325 3.22004032144079
35 25 355 255 15.8917110599989 -0.0362722299178768 3.73691704896463
35 26 355 265 14.3375136297114 0.203984750450923 4.10090395629423
35 27 355 275 15.1754980305659 0.380112284657562 3.99985626716617
35 28 355 285 17.6077056324318 0.305294780716798 3.49991661069963
35 29 355 295 20.0356436613108 0.124366079180874 3.00803375698073
35 30 355 305 21.5027908015336 0.0215488943577638 2.76321290069126
35 31 355 315 22.0704499211071 -0.000967805646778727 2.69511774627143
35 32 355 325 22.2066164875525 -0.000819074105156518 2.68376089382978
35 33 355 335 22.2249150397296 -7.32924568067141e-05 2.68234022263727
35 34 355 345 22.2259588119296 0 2.68220842135671
35 35 355 355 22.2259588119296 0 2.68220842135671
