0 0 5 5 14.8593589704662 179.928660289199 5.99727191410779
0 1 5 15 14.5772417003962 179.931761385612 5.9985423143654
0 2 5 25 13.4971156252747 179.94080815488 5.99858089281042
0 3 5 35 11.5946858808871 179.954795609862 5.99086107393476
0 4 5 45 9.71338437487776 179.969772362573 5.97062289761557
0 5 5 55 8.66609641524263 179.984600261321 5.95846536594963
0 6 5 65 8.11043777381503 179.974892188843 5.9866203882096
0 7 5 75 7.79640867491664 179.896743947964 6.04179220571917
0 8 5 85 8.52353697611721 179.787384956382 6.07322800930203
0 9 5 95 10.4780384931661 179.756200313572 6.06220669978511
0 10 5 105 12.3298910919579 179.824489558423 6.03164944699349
0 11 5 115 12.7961662803776 179.917290910086 6.00687187462928
0 12 5 125 12.31676142521 179.980563335776 5.99471052885418
0 13 5 135 12.3695527203362 179.999282136874 5.99145451342781
0 14 5 145 13.3553823848795 179.978772127573 5.99302486932052
0 15 5 155 14.3664780449638 179.94910549343 5.99516476614564
0 16 5 165 14.628672411182 179.937412482965 5.98986005124683
0 17 5 175 13.7065997810462 179.958942532128 5.95387142978085
0 18 5 185 11.2021627399996 180.041735006828 5.84610671928323
0 19 5 195 7.63469025505742 180.210774094574 5.65076032665865
0 20 5 205 4.47572462800236 180.430880396613 5.41776593955571
0 21 5 215 2.4657013779144 180.617139072766 5.20469995069399
0 22 5 225 1.25793186453837 180.739609084463 5.00096133022455
0 23 5 235 0.464330891613206 180.837099859506 4.76750921535577
0 24 5 245 -0.0174692828804323 180.904684058976 4.51640589794125
0 25 5 255 -0.287395073999356 180.899325161902 4.3185879135926
0 26 5 265 -0.487023778413812 180.813658654842 4.22560977848607
0 27 5 275 -0.655392385139842 180.634333218394 4.20299920339764
0 28 5 285 -0.67010558304416 180.332288075942 4.22437912168664
0 29 5 295 -0.289842116679906 179.96922637701 4.38767961192225
0 30 5 305 0.820321059924337 179.708252658133 4.77269801243885
0 31 5 315 3.04658212782038 179.660199192985 5.26283491936306
0 32 5 325 6.45666269863631 179.762930191811 5.65722926755577
0 33 5 335 10.2416267324432 179.870432637368 5.87656741892379
0 34 5 345 13.0996196882989 179.917841238171 5.96568264192143
0 35 5 355 14.4969820126819 179.927585728116 5.99199151234207
1 0 15 5 14.9281647967047 179.927933967095 5.99729350920551
1 1 15 15 14.7314719140951 179.927363374016 5.99718651428285
1 2 15 25 13.8277946362419 179.923356611464 5.9926887104507
1 3 15 35 11.8493947616314 179.916190312418 5.97463193329527
1 4 15 45 9.30865488424804 179.924286059468 5.94330590534635
1 5 15 55 7.41802470702442 179.970614529987 5.93957079105606
1 6 15 65 6.77458007482195 180.016665065677 6.0091480153421
1 7 15 75 7.35762232415529 179.980084194117 6.10437109419299
1 8 15 85 9.11969840948255 179.881951781673 6.12824985074247
1 9 15 95 11.4494880932035 179.836206438193 6.0809396428709
1 10 15 105 13.1747015614419 179.869567547552 6.02960634611113
1 11 15 115 13.6443253895511 179.921638285701 6.00431822896801
1 12 15 125 13.3836223618417 179.95515164786 5.99625973884051
1 13 15 135 13.4153439925373 179.964621388584 5.99459548025813
1 14 15 145 14.0090891503884 179.954062104782 5.99537255584132
1 15 15 155 14.6112565808319 179.938958571073 5.99625036729384
1 16 15 165 14.6851915003524 179.93441716789 5.99115069042761
1 17 15 175 13.7406834818601 179.953553179123 5.95768634633519
1 18 15 185 11.2690093786873 180.02291503188 5.84967787011122
1 19 15 195 7.71229390277323 180.169843256575 5.63434568224918
1 20 15 205 4.5039513123835 180.377606872905 5.34285221457212
1 21 15 215 2.4084047441747 180.580451710985 5.03876465659468
1 22 15 225 1.1153031450075 180.738362519179 4.75431123681894
1 23 15 235 0.246585035121976 180.86748000961 4.4928464158274
1 24 15 245 -0.296050318956785 180.956525139297 4.25665462450828
1 25 15 255 -0.598176321054551 180.948893126355 4.07860830711567
1 26 15 265 -0.786480045378726 180.809277272469 3.99984848604399
1 27 15 275 -0.905976099765249 180.530601242974 4.00868706950763
1 28 15 285 -0.865214301148301 180.141677299663 4.08836739027694
1 29 15 295 -0.452356265805633 179.755641464333 4.30748877427932
1 30 15 305 0.689477593184076 179.529846469186 4.72409472021269
1 31 15 315 3.04286419192539 179.535847881549 5.23471688647538
1 32 15 325 6.70613143779405 179.689025046917 5.64945472708597
1 33 15 335 10.6707442584226 179.836358811652 5.88033215170753
1 34 15 345 13.4518154722494 179.907175287847 5.96976555446051
1 35 15 355 14.6556353536368 179.925594638654 5.9933807985298
2 0 25 5 14.9634922613113 179.9276518485 5.9974288895237
2 1 25 15 14.8360957220482 179.926202649681 5.99705333421009
2 2 25 25 14.137402734117 179.918449959524 5.99223985536937
2 3 25 35 12.3358862806191 179.90340917674 5.97265247514328
2 4 25 45 9.58347535117292 179.903501068876 5.9362353587804
2 5 25 55 7.15768541505142 179.954164188961 5.924900429943
2 6 25 65 6.4138080174651 180.029086973047 5.99169452380459
2 7 25 75 7.69904888415841 180.037022982084 6.08985933018554
2 8 25 85 10.2416985136083 179.966427966483 6.11439154149531
2 9 25 95 12.6763020093229 179.909962511507 6.06700163645793
2 10 25 105 14.082650861571 179.907673857624 6.02035490724962
2 11 25 115 14.4777514018817 179.924850892782 6.00148007892361
2 12 25 125 14.4176307381223 179.9361607254 5.99730767784024
2 13 25 135 14.4305200859377 179.939101665362 5.99674921061686
2 14 25 145 14.6443587112724 179.935893586664 5.99697311304407
2 15 25 155 14.8516073785522 179.931414694969 5.99708073847125
2 16 25 165 14.7659422792426 179.931251060326 5.99320280170198
2 17 25 175 13.8927046069118 179.944128501835 5.96700196011811
2 18 25 185 11.6308660004509 179.989273605126 5.87484813818995
2 19 25 195 8.23368577117736 180.089049680742 5.6737027411969
2 20 25 205 4.97158927711629 180.246040264943 5.367303629139
2 21 25 215 2.68173224979741 180.433179466685 4.99712803381553
2 22 25 225 1.20601953286306 180.61339395389 4.62003329921443
2 23 25 235 0.221723279317356 180.762082196633 4.30555651122646
2 24 25 245 -0.370417052791715 180.85521039418 4.08358986416617
2 25 25 255 -0.660917855675895 180.851744646757 3.94711440983834
2 26 25 265 -0.785541801175668 180.714549321852 3.9031319902777
2 27 25 275 -0.817364631001178 180.436068512404 3.95603721513939
2 28 25 285 -0.710989582427243 180.058531295093 4.09424257833053
2 29 25 295 -0.278525998787079 179.688493835038 4.34394524298244
2 30 25 305 0.875446893535206 179.467044026209 4.74444571259096
2 31 25 315 3.29628389386844 179.474745481827 5.23190550545418
2 32 25 325 7.05430467873251 179.642381407467 5.64609358000996
2 33 25 335 11.0182060859689 179.811944056466 5.88404013272934
2 34 25 345 13.6729130323392 179.899032574943 5.97368579169352
2 35 25 355 14.7411146842199 179.924029308931 5.99469199759952
3 0 35 5 14.978784326442 179.92770527494 5.99753339884011
3 1 35 15 14.9101246596448 179.926805346648 5.99730760608442
3 2 35 25 14.4363507811269 179.921764682544 5.99399618099577
3 3 35 35 12.9966887753052 179.911557761916 5.97854260017725
3 4 35 45 10.4209513539922 179.909151437384 5.94476034287294
3 5 35 55 7.83470683586976 179.938837566157 5.9200868199677
3 6 35 65 7.03110740593761 179.992378082228 5.95151445491919
3 7 35 75 8.61288806769448 180.013554253625 6.01949489681432
3 8 35 85 11.3622586062538 179.979526059075 6.04947432005997
3 9 35 95 13.5694080429124 179.938880893941 6.03125823000778
3 10 35 105 14.606514247665 179.925347605755 6.00826451140561
3 11 35 115 14.8743175697735 179.92694512416 5.99922618296416
3 12 35 125 14.886263838114 179.929270950527 5.99760394304811
3 13 35 135 14.8897498234245 179.929831430593 5.9974729534985
3 14 35 145 14.9319246045559 179.92930288705 5.99750731197341
3 15 35 155 14.9642502037841 179.928617018934 5.99743759745118
3 16 35 165 14.8450330163441 179.92933309571 5.99511678912249
3 17 35 175 14.1587204396641 179.93620632322 5.97821340305013
3 18 35 185 12.2878535327713 179.961131858444 5.91335852395898
3 19 35 195 9.20247705106902 180.022356612893 5.7565762576174
3 20 35 205 5.87457098017469 180.139037191842 5.4804825199463
3 21 35 215 3.26835314976273 180.314335853759 5.08755711197386
3 22 35 225 1.52736907276289 180.503676041696 4.64743742200316
3 23 35 235 0.434705809942068 180.635790179232 4.2989005976677
3 24 35 245 -0.145888975248244 180.689438241294 4.11103089603347
3 25 35 255 -0.357822870944095 180.685065913867 4.03591668521003
3 26 35 265 -0.378810218113056 180.618381508336 4.03804370265763
3 27 35 275 -0.3182038809239 180.460944671814 4.13704853993872
3 28 35 285 -0.16546197853682 180.208483507438 4.32066312571835
3 29 35 295 0.269123156990708 179.906263728047 4.56574776742237
3 30 35 305 1.44674437820298 179.664688037751 4.89995151888879
3 31 35 315 3.93814715937179 179.602800968243 5.31140146066612
3 32 35 325 7.68615298432089 179.704073561507 5.67971030574164
3 33 35 335 11.4575221262143 179.833103122916 5.8974532777849
3 34 35 345 13.8664179606708 179.903618705339 5.9781855551332
3 35 35 355 14.7914764946331 179.924536843779 5.99565050995656
4 0 45 5 14.9887910777979 179.927870061897 5.99757330765386
4 1 45 15 14.9582440469885 179.927762186784 5.99749252950349
4 2 45 25 14.6555724688157 179.92786823242 5.99585442166767
4 3 45 35 13.54429563659 179.931391581937 5.98711511056557
4 4 45 45 11.2789715119665 179.942465206161 5.96493957307468
4 5 45 55 8.85263385377857 179.959296275085 5.94061055018283
4 6 45 65 8.18606315930257 179.97268319556 5.94365007966054
4 7 45 75 9.83936422331487 179.971697293952 5.97585010818398
4 8 45 85 12.3530417646731 179.954668309177 6.00136021008336
4 9 45 95 14.1157051236139 179.936714771354 6.00476797871053
4 10 45 105 14.8214432684112 179.928932178116 6.00029834429884
4 11 45 115 14.9782262257336 179.927859837758 5.99801093323826
4 12 45 125 14.9927216231921 179.928070381919 5.99761397945097
4 13 45 135 14.9932534598367 179.928135569254 5.99759196168366
4 14 45 145 14.9963124593032 179.92810141313 5.99758646161217
4 15 45 155 14.9919543974295 179.928081419427 5.99751480953715
4 16 45 165 14.9089458345022 179.928534108627 5.99640939133544
4 17 45 175 14.4530316421286 179.932177432484 5.98785569970676
4 18 45 185 13.0401193198324 179.948699720619 5.95122030967934
4 19 45 195 10.328189558056 180.000707398623 5.84783593998837
4 20 45 205 6.93508529964334 180.120835350236 5.62793359581712
4 21 45 215 3.9902006840067 180.3142005417 5.26333642961791
4 22 45 225 2.02864286033813 180.504597688009 4.82971757853433
4 23 45 235 0.940897280669895 180.587645202056 4.50814523243477
4 24 45 245 0.481566921913052 180.572152158155 4.39085333500391
4 25 45 255 0.400768694458516 180.558778363686 4.39281651919703
4 26 45 265 0.473663790721877 180.5794527427 4.44031365687698
4 27 45 275 0.584443761152671 180.569781219793 4.56763802804343
4 28 45 285 0.747414922274247 180.47207528993 4.76559663059998
4 29 45 295 1.18653112862208 180.274967955957 4.97217849820618
4 30 45 305 2.44632659973029 180.037401354276 5.20632791146492
4 31 45 315 5.07247723999212 179.884598756335 5.49765309247791
4 32 45 325 8.75879112272768 179.860257067566 5.76772265567893
4 33 45 335 12.1516732130464 179.892912591441 5.92733176351544
4 34 45 345 14.141289360133 179.918122206907 5.98469947954097
4 35 45 355 14.8511628682416 179.926479347532 5.99642389019936
5 0 55 5 14.9963329248618 179.927975411277 5.99758745760367
5 1 55 15 14.9800328140722 179.928361315175 5.99759925715856
5 2 55 25 14.7695919935053 179.932440535292 5.997340938485
5 3 55 35 13.8920906899768 179.949103842211 5.99521590433285
5 4 55 45 12.0018266299191 179.980679524689 5.98798469370342
5 5 55 55 10.0017629329545 180.004401387549 5.97673512943699
5 6 55 65 9.64147450869749 179.995689337651 5.97200751152618
5 7 55 75 11.2251793158846 179.966400637721 5.98011779997118
5 8 55 85 13.2570304312586 179.942405928279 5.99144189840904
5 9 55 95 14.4915607001693 179.931516821727 5.99685424321907
5 10 55 105 14.9161564593096 179.928480799962 5.9977352966634
5 11 55 115 14.9960589066698 179.928020085824 5.9976407253318
5 12 55 125 15.0026330854534 179.92800680463 5.99760214553471
5 13 55 135 15.0021851296151 179.92801342859 5.9975910907244
5 14 55 145 14.9969131321558 179.928040044701 5.99749728980956
5 15 55 155 14.9722758216054 179.928149893401 5.99711654737318
5 16 55 165 14.8862758571209 179.92855129531 5.99609276625679
5 17 55 175 14.5623988353756 179.931266270041 5.99228176308153
5 18 55 185 13.4993948335889 179.947682224337 5.97482079163363
5 19 55 195 11.1443909924648 180.011041706448 5.91273704418619
5 20 55 205 7.80914627896143 180.165742136932 5.75300935935849
5 21 55 215 4.70770288092954 180.3997026112 5.46148285629837
5 22 55 225 2.68836546121388 180.592574645771 5.10998710910785
5 23 55 235 1.73359776786604 180.625551880851 4.87272680431136
5 24 55 245 1.46816815900035 180.550049372714 4.8375824394565
5 25 55 255 1.51627512108775 180.524103355645 4.90855109912636
5 26 55 265 1.62923239269324 180.591524831724 4.99770583017394
5 27 55 275 1.73340327232058 180.653318604491 5.1346138171117
5 28 55 285 1.89299616961894 180.627772644308 5.30541914959251
5 29 55 295 2.39518233458101 180.499611526313 5.44003731549487
5 30 55 305 3.84110053867441 180.296069521021 5.5614545690504
5 31 55 315 6.64151238503469 180.104250524811 5.72136787230454
5 32 55 325 10.160271381984 179.989279286287 5.87527492383396
5 33 55 335 13.0040595030145 179.942620334774 5.96285650458365
5 34 55 345 14.4612291376415 179.929859147061 5.9917908388371
5 35 55 355 14.9173136296702 179.927980531785 5.99711029561985
6 0 65 5 15.0006362455157 179.928006987012 5.99759562498744
6 1 65 15 14.9890196512835 179.928481035846 5.9976462641145
6 2 65 25 14.8441598164853 179.933336298353 5.99805983766004
6 3 65 35 14.2187602978354 179.952822827696 5.99942402577823
6 4 65 45 12.8686033009119 179.989897606482 6.00108562862092
6 5 65 55 11.4975355689531 180.018046351674 6.00047838348436
6 6 65 65 11.3894692613004 180.006877396208 5.99736358439734
6 7 65 75 12.6259152568179 179.970097699462 5.99538229307075
6 8 65 85 14.007008678644 179.941494503827 5.99586470506024
6 9 65 95 14.7424101604011 179.930493339165 5.99691715746925
6 10 65 105 14.9611189295712 179.92828267021 5.99742167996527
6 11 65 115 14.9981903832324 179.928047645959 5.99755999904071
6 12 65 125 15.0021880759048 179.928018184128 5.9975930569342
6 13 65 135 15.0001765621912 179.928025042219 5.9975517227766
6 14 65 145 14.9738296992912 179.928162135586 5.99706655865528
6 15 65 155 14.8604293608336 179.92870603178 5.99515012087549
6 16 65 165 14.6025879984402 179.929829033424 5.99151995339598
6 17 65 175 14.1862163764488 179.932706800704 5.98767686281828
6 18 65 185 13.3561153000087 179.949228795865 5.97912680447904
6 19 65 195 11.5086294482258 180.019594266436 5.94049064339989
6 20 65 205 8.59638161118242 180.196687269738 5.82811961400325
6 21 65 215 5.629100603768 180.457528425859 5.62260094522247
6 22 65 225 3.60169125900475 180.65346765894 5.38756998683097
6 23 65 235 2.70214520111475 180.661808631993 5.25125491753648
6 24 65 245 2.54956249954359 180.562468365131 5.27213774659089
6 25 65 255 2.65866180161228 180.5310813696 5.37722426944666
6 26 65 265 2.75891599194526 180.602025663866 5.49898436816976
6 27 65 275 2.83343960369653 180.655929401494 5.63488881022282
6 28 65 285 3.01987779233686 180.602710730781 5.74498615067117
6 29 65 295 3.68970242717998 180.460592186838 5.78598895857357
6 30 65 305 5.43854565674514 180.283776294709 5.80902271630697
6 31 65 315 8.39166696984081 180.12319775809 5.87204876863921
6 32 65 325 11.5804187694355 180.011374720519 5.94489995028069
6 33 65 335 13.7737749506867 179.953216190101 5.98475321678621
6 34 65 345 14.7203412351475 179.932614648177 5.99595297709743
6 35 65 355 14.9660314193199 179.928371513027 5.9974988544064
7 0 75 5 15.0018699755992 179.928012686192 5.99759712946892
7 1 75 15 14.9955279625002 179.928311955967 5.99763877482204
7 2 75 25 14.9183027730118 179.931409735338 5.99802804907902
7 3 75 35 14.5845024484185 179.943917689449 5.99956419581251
7 4 75 45 13.8692672312148 179.968028521128 6.00240034627306
7 5 75 55 13.1605992616123 179.987004834091 6.00432359245943
7 6 75 65 13.131154984853 179.980782048347 6.00292495850047
7 7 75 75 13.7711904146 179.957402446521 5.99941329616974
7 8 75 85 14.4337220139831 179.938813108098 5.99672033580716
7 9 75 95 14.7779359094845 179.931328668454 5.99598777580943
7 10 75 105 14.9137017145775 179.929221795819 5.99651181476374
7 11 75 115 14.9735253032857 179.92842664369 5.99718720366565
7 12 75 125 14.9968914331698 179.928096797567 5.99751534830977
7 13 75 135 14.9954616941585 179.928056850763 5.9974565824297
7 14 75 145 14.9237567667614 179.928440526637 5.99608324214315
7 15 75 155 14.6142513862809 179.929984561384 5.99063990450562
7 16 75 165 13.9468554866462 179.932930845455 5.98051813510325
7 17 75 175 13.1805885237182 179.936561959944 5.97247582994023
7 18 75 185 12.5665899111195 179.948749130714 5.96880948671494
7 19 75 195 11.5852028659203 180.00544709447 5.94699583428884
7 20 75 205 9.61383785695426 180.160520404854 5.87141430230424
7 21 75 215 7.0323392876926 180.402585947702 5.73744541963729
7 22 75 225 4.82878119239349 180.596466166415 5.60118314084804
7 23 75 235 3.65648407350548 180.622305074891 5.54381776386276
7 24 75 245 3.38716710377026 180.548702130056 5.58750374453957
7 25 75 255 3.46106109171213 180.527879869193 5.68520111140209
7 26 75 265 3.52795245966788 180.583812674334 5.80370502283851
7 27 75 275 3.58856609729858 180.604666218227 5.91643804912347
7 28 75 285 3.84133437376668 180.503535055798 5.9627450935635
7 29 75 295 4.72782926640834 180.323215374497 5.9333506573573
7 30 75 305 6.78704107957389 180.156965453794 5.9045623468206
7 31 75 315 9.81804305205955 180.04373988863 5.92633463028951
7 32 75 325 12.6196790029229 179.976332226912 5.96734907908517
7 33 75 335 14.2547549868988 179.942608314996 5.99065613927152
7 34 75 345 14.8533525642148 179.930704749471 5.99683460649377
7 35 75 355 14.98581833802 179.928239458719 5.99756218734874
8 0 85 5 15.0000082073738 179.928025017544 5.99757907669957
8 1 85 15 14.9978277708432 179.928142128218 5.99757546591704
8 2 85 25 14.9670773391495 179.929317069795 5.99767910146995
8 3 85 35 14.8475282202839 179.933982757981 5.99829037160272
8 4 85 45 14.5979382156782 179.943005300562 5.99954003114026
8 5 85 55 14.3344231050925 179.950440671099 6.00027385254525
8 6 85 65 14.2269652992212 179.949461863412 5.99859656803859
8 7 85 75 14.2245475703303 179.943529472714 5.99427863719627
8 8 85 85 14.2251036049738 179.93951001346 5.99002594624829
8 9 85 95 14.3388495216155 179.936972801042 5.989339345786
8 10 85 105 14.6094636527339 179.933396278789 5.99229082583239
8 11 85 115 14.8591302455494 179.93003986415 5.9955872857228
8 12 85 125 14.973860280283 179.928429656598 5.9971857660228
8 13 85 135 14.9892602316189 179.92811261349 5.99733245093235
8 14 85 145 14.8737708830445 179.928741435676 5.9950185068788
8 15 85 155 14.3668830543843 179.931373197149 5.98574981771482
8 16 85 165 13.2743782041758 179.936393733013 5.96848749200302
8 17 85 175 12.0961991278614 179.941280444258 5.95527838532928
8 18 85 185 11.5925467531572 179.948499732593 5.95544025381762
8 19 85 195 11.4397415382695 179.982791443001 5.94977611019109
8 20 85 205 10.5253444530067 180.089539338984 5.90711491614338
8 21 85 215 8.45013549841111 180.27912400166 5.82601380262753
8 22 85 225 6.00027249553903 180.4676112251 5.75394262047713
8 23 85 235 4.34572241033347 180.554650776051 5.74822041985287
8 24 85 245 3.79248570204584 180.555114775477 5.80161635521196
8 25 85 255 3.77546644267618 180.552955647982 5.86094596474924
8 26 85 265 3.81653824725144 180.572536502355 5.91603260255454
8 27 85 275 3.88533664039979 180.551984818313 5.96534125433547
8 28 85 285 4.19890915925685 180.437261131662 5.96953249449403
8 29 85 295 5.19419006578247 180.26475157802 5.92914496578823
8 30 85 305 7.32915351939835 180.112604304528 5.90449856098707
8 31 85 315 10.2599587421851 180.014414004523 5.92625399437305
8 32 85 325 12.805435980063 179.961365904097 5.96442678377637
8 33 85 335 14.2544946919983 179.937635864099 5.98800193623414
8 34 85 345 14.8202723043653 179.929857612682 5.99586014203835
8 35 85 355 14.9738062811071 179.928215538332 5.99740161220848
9 0 95 5 14.9909688129562 179.92809402437 5.99745576018193
9 1 95 15 14.9740945694917 179.928279199335 5.99710867715479
9 2 95 25 14.9227392929152 179.928847284163 5.99646233204966
9 3 95 35 14.857369694698 179.929986862258 5.9961698033808
9 4 95 45 14.8015435008906 179.931693948234 5.99657636334228
9 5 95 55 14.7069739941533 179.933549930029 5.99617220255321
9 6 95 65 14.3958338565762 179.936335174814 5.9919646945053
9 7 95 75 13.7519406456295 179.94241184355 5.98289468947738
9 8 95 85 13.1431751464976 179.949575997627 5.9742012619496
9 9 95 95 13.2057364921862 179.950013722783 5.97419892296947
9 10 95 105 13.9144263579651 179.942062245635 5.98302016281769
9 11 95 115 14.6064224671439 179.933353782467 5.99215334726727
9 12 95 125 14.9235838000549 179.929114436119 5.99648809212159
9 13 95 135 14.9849959401501 179.928174750641 5.99726196343202
9 14 95 145 14.8731487530802 179.928775163895 5.99489689743646
9 15 95 155 14.360179688456 179.9315471681 5.9851767774586
9 16 95 165 13.2264744287945 179.937043141675 5.96690467567472
9 17 95 175 11.9085742184101 179.943169368564 5.95218735314337
9 18 95 185 11.1954727973293 179.950857525603 5.9513792914857
9 19 95 195 11.0335622587186 179.974410722908 5.95006230431807
9 20 95 205 10.4949924400928 180.042018583539 5.92395858744775
9 21 95 215 8.83992778794115 180.173701717518 5.87039120198481
9 22 95 225 6.43791363387575 180.346954038206 5.83117056371987
9 23 95 235 4.55231958466911 180.506397305513 5.86133888262266
9 24 95 245 3.80152484899644 180.602535970415 5.93097784831624
9 25 95 255 3.72129895769934 180.617176809713 5.9506108264998
9 26 95 265 3.76794224280779 180.578372311902 5.91753467073958
9 27 95 275 3.86064360027236 180.507914765852 5.88690374937836
9 28 95 285 4.18003889287386 180.406833234647 5.86750059917846
9 29 95 295 5.06731991189225 180.283428683481 5.85029872943323
9 30 95 305 6.89632544780124 180.157898403405 5.85420095524709
9 31 95 315 9.47414574355528 180.05222768886 5.89234797880692
9 32 95 325 11.961360865015 179.981069348215 5.94300760162555
9 33 95 335 13.7071833787377 179.944801876088 5.97835695068024
9 34 95 345 14.611044112493 179.931647585768 5.99321887532844
9 35 95 355 14.9300346222863 179.928492596474 5.99700810179124
10 0 105 5 14.9579310055181 179.928344119988 5.99692928930831
10 1 105 15 14.8524366230119 179.929267720551 5.99494093854952
10 2 105 25 14.6211387484327 179.931032816601 5.99140165905763
10 3 105 35 14.4099685707108 179.932184278117 5.98924157313208
10 4 105 45 14.3953770144635 179.931547793602 5.99036948716248
10 5 105 55 14.3901305940647 179.930957029015 5.99020760679277
10 6 105 65 13.8514894073127 179.934848621675 5.98162419940043
10 7 105 75 12.6115674729394 179.946241287294 5.96459750687322
10 8 105 85 11.5393337195446 179.95925634017 5.95104010959907
10 9 105 95 11.7641482244885 179.961013225944 5.95440455971302
10 10 105 105 13.0926618994641 179.949300196354 5.97195258865543
10 11 105 115 14.3202932771583 179.936138785925 5.98831228286919
10 12 105 125 14.8682704681651 179.929693591075 5.99574225583612
10 13 105 135 14.9846750456677 179.928200277058 5.99728750599692
10 14 105 145 14.9226494820492 179.928500557273 5.99586679749823
10 15 105 155 14.5996196364327 179.930309915414 5.98960770944715
10 16 105 165 13.832742994564 179.934295436401 5.9775125868769
10 17 105 175 12.7234409893062 179.940831249723 5.96586308724286
10 18 105 185 11.5991750771069 179.953261388483 5.9584856837895
10 19 105 195 10.6083971433088 179.979313000301 5.9444444891205
10 20 105 205 9.56231816880094 180.02776613792 5.90784129764112
10 21 105 215 8.00475081147417 180.109952129335 5.84730998605786
10 22 105 225 5.94930772221381 180.241830204386 5.80615717318071
10 23 105 235 4.27830402792814 180.421900549828 5.84768687244675
10 24 105 245 3.57855472269807 180.578372188195 5.93365850759993
10 25 105 255 3.52313172546917 180.615156918596 5.94884189182793
10 26 105 265 3.61556810969629 180.548767852367 5.88386546204105
10 27 105 275 3.73527700837113 180.459339212997 5.81517681968164
10 28 105 285 4.00439691510034 180.384677093831 5.77762968247106
10 29 105 295 4.65281033650059 180.309886192353 5.76470350034164
10 30 105 305 6.00204227316534 180.214066409263 5.78048881360688
10 31 105 315 8.15875827567348 180.105897611231 5.83497105831592
10 32 105 325 10.7242354678084 180.01404570966 5.90864142085657
10 33 105 335 12.9794519789208 179.958220174996 5.96461545580137
10 34 105 345 14.3526206345724 179.93509098178 5.98990794339112
10 35 105 355 14.875657950415 179.929009100536 5.99653538031094
11 0 115 5 14.8430591676147 179.928817371301 5.99536554320519
11 1 115 15 14.5034724659637 179.931383838171 5.98910852126881
11 2 115 25 13.8686944389185 179.936293404395 5.97882008920243
11 3 115 35 13.3271657022892 179.939355700538 5.97297014865857
11 4 115 45 13.3455757274102 179.936821656742 5.97700979690615
11 5 115 55 13.5396033026383 179.932071597325 5.97986379554497
11 6 115 65 12.8908795255661 179.931912013877 5.9671167813833
11 7 115 75 11.2809551968237 179.93984325418 5.94237007158477
11 8 115 85 10.1205759166726 179.950932831456 5.92730752818363
11 9 115 95 10.7416463420486 179.95372503134 5.93776052271044
11 10 115 105 12.6072649658798 179.945139918459 5.96436125658464
11 11 115 115 14.174501641314 179.934673909309 5.98613935996069
11 12 115 125 14.8431757806212 179.929406525477 5.9953874054182
11 13 115 135 14.9870988573308 179.928149105115 5.997358885787
11 14 115 145 14.9731880164656 179.928196924124 5.99694112615004
11 15 115 155 14.8467592357294 179.928921289046 5.99453107495743
11 16 115 165 14.4818870508676 179.930952681675 5.98945593858137
11 17 115 175 13.6937301280248 179.936431148719 5.98194088206628
11 18 115 185 12.3335395627467 179.950553796499 5.96800350462039
11 19 115 195 10.540423998487 179.977935206774 5.9359482997395
11 20 115 205 8.67986228525442 180.015392414922 5.87293453328018
11 21 115 215 6.82872938306022 180.057981552565 5.78119414620058
11 22 115 225 5.02879419097386 180.12297342818 5.71006775722431
11 23 115 235 3.73733130000895 180.245175326185 5.72767948163191
11 24 115 245 3.24391304452439 180.395742381834 5.80710423398831
11 25 115 255 3.26697175557777 180.478163020412 5.85349922468907
11 26 115 265 3.40061171587191 180.470996795719 5.84470710886887
11 27 115 275 3.51625239917429 180.429469791855 5.80775478122109
11 28 115 285 3.71279164085196 180.389808910593 5.75809303703518
11 29 115 295 4.19101438929907 180.342116739071 5.71983582588336
11 30 115 305 5.27932173726875 180.264084300119 5.72701507139906
11 31 115 315 7.27373418348466 180.156327319777 5.7936026298319
11 32 115 325 9.98293341847015 180.048704568854 5.88794784562443
11 33 115 335 12.5786035804917 179.974246399121 5.95875710297122
11 34 115 345 14.2155517070348 179.939850744961 5.98931591972384
11 35 115 355 14.8244359420058 179.929845938899 5.99639500898667
12 0 125 5 14.5169132806846 179.928992787779 5.9917951142102
12 1 125 15 13.7992262588647 179.932829289021 5.97877397203653
12 2 125 25 12.7464308216133 179.94088018702 5.96025396539847
12 3 125 35 11.9874476976622 179.945871863965 5.95174237479457
12 4 125 45 12.1289762664323 179.940256153129 5.96130607698393
12 5 125 55 12.5306260363919 179.927648071924 5.97033017436701
12 6 125 65 11.8288312097547 179.916743216524 5.95756472987716
12 7 125 75 10.0914274386633 179.913415581475 5.92934283401666
12 8 125 85 9.14733879622346 179.91856502279 5.91428650940216
12 9 125 95 10.2362374558994 179.925988501515 5.92957384152569
12 10 125 105 12.4506841776143 179.929311121097 5.96128147419355
12 11 125 115 14.1485684735049 179.929043479076 5.98550560609248
12 12 125 125 14.8415852069512 179.928287803868 5.99533208074364
12 13 125 135 14.9891482887803 179.92804145182 5.99740577180256
12 14 125 145 14.9967440637319 179.928049210723 5.9974642410746
12 15 125 155 14.9634584678298 179.928223015976 5.99694373040437
12 16 125 165 14.8008022816103 179.929030206922 5.9954284856412
12 17 125 175 14.2164017004236 179.932600091705 5.9903054534002
12 18 125 185 12.8201871588905 179.943527407008 5.97247868612051
12 19 125 195 10.6128855621043 179.963800099925 5.92475667817408
12 20 125 205 8.13123942082433 179.983074747442 5.83050835886001
12 21 125 215 5.88256995754721 179.981866057259 5.69917933424275
12 22 125 225 4.14326380152242 179.965525038042 5.59187382565428
12 23 125 235 3.11993031534713 179.99232158068 5.57034188155592
12 24 125 245 2.79751241347853 180.10508111958 5.6181981050591
12 25 125 255 2.86466269129446 180.2505718142 5.69801385895588
12 26 125 265 2.98825681557152 180.350759092401 5.79335937546593
12 27 125 275 3.05593932153199 180.38666301692 5.84342915157672
12 28 125 285 3.17418518481592 180.390756065965 5.80274741642756
12 29 125 295 3.5813708776246 180.37887257186 5.73353536708866
12 30 125 305 4.64589253614492 180.323834913511 5.72565081576303
12 31 125 315 6.71033746004311 180.214467949797 5.79766792361826
12 32 125 325 9.5977358273664 180.08955474802 5.898572622848
12 33 125 335 12.3936529752 179.995570566277 5.96803732074411
12 34 125 345 14.1404381981338 179.94740027467 5.99342406941581
12 35 125 355 14.711923684657 179.931312018942 5.99657058493757
13 0 135 5 13.9138886338774 179.927963153144 5.98575062658568
13 1 135 15 12.7907650402163 179.930457892255 5.9657339188469
13 2 135 25 11.6817889935885 179.93780227833 5.94355487638557
13 3 135 35 11.200231285369 179.941435100695 5.93848592113316
13 4 135 45 11.5117308242359 179.929773121411 5.95466246263258
13 5 135 55 11.7775058403599 179.903509381959 5.96982932071834
13 6 135 65 10.8915832610404 179.874570735593 5.96386782452944
13 7 135 75 9.23833349166293 179.859397746498 5.94137230067487
13 8 135 85 8.64865820632906 179.868180574195 5.9263484310883
13 9 135 95 10.0760360720452 179.891746136386 5.9370333350091
13 10 135 105 12.4373948627111 179.912755204572 5.96429995570783
13 11 135 115 14.1564160218801 179.9237185856 5.98631216904969
13 12 135 125 14.844058134068 179.927284403791 5.99546433542432
13 13 135 135 14.9898304715725 179.927955609337 5.99742705260243
13 14 135 145 15.0021753555037 179.928014111686 5.99758861694594
13 15 135 155 14.9911330603974 179.928039390623 5.99753046597617
13 16 135 165 14.88032131891 179.928428865189 5.9969570887744
13 17 135 175 14.3467473035858 179.931280683338 5.99238283034556
13 18 135 185 12.8860825237288 179.941008249569 5.97095646031755
13 19 135 195 10.3848086783966 179.955267299421 5.90633342144062
13 20 135 205 7.48951633737688 179.948935125226 5.77377523873429
13 21 135 215 5.01755415717058 179.884774452356 5.59558129848014
13 22 135 225 3.34864049858763 179.772067182314 5.45749728077949
13 23 135 235 2.48984217506884 179.709920288668 5.41243085688982
13 24 135 245 2.24958190504096 179.798015247034 5.43489348520723
13 25 135 255 2.3127800289071 179.989084257844 5.5437268473215
13 26 135 265 2.40009428409067 180.140094032311 5.75185072847682
13 27 135 275 2.4096436193142 180.20184489571 5.91689218022389
13 28 135 285 2.4401458299915 180.254440877476 5.90529243312759
13 29 135 295 2.75160853204846 180.327259201541 5.79778623056087
13 30 135 305 3.75042358696507 180.333856627125 5.75448707812812
13 31 135 315 5.84520286674423 180.238761260749 5.81740516798082
13 32 135 325 8.93313064233301 180.110343758587 5.91797212954902
13 33 135 335 12.030875232437 180.01026763415 5.98193775390434
13 34 135 345 13.9746837681907 179.954272804526 5.99911512695136
13 35 135 355 14.4729395040374 179.932699347511 5.99622096315617
14 0 145 5 13.3555680161742 179.926020608207 5.97984574400569
14 1 145 15 12.0127820595356 179.924850086366 5.95601757408089
14 2 145 25 11.2070820545794 179.926672956439 5.93699041236056
14 3 145 35 11.2302775043016 179.923228216275 5.9400981726579
14 4 145 45 11.4357410093202 179.900013723219 5.95940915973758
14 5 145 55 11.0767990232763 179.854164454508 5.97499886599726
14 6 145 65 9.98500133686195 179.804522956896 5.97850996014391
14 7 145 75 8.86339427243982 179.785601677692 5.97143599152368
14 8 145 85 8.92841802700488 179.814723967043 5.96120614655887
14 9 145 95 10.573387333943 179.865948489915 5.96191629575871
14 10 145 105 12.7714366078685 179.904558018827 5.97570615248715
14 11 145 115 14.2800546598142 179.922020224322 5.98962341426122
14 12 145 125 14.8687044767896 179.927064340023 5.99602178268456
14 13 145 135 14.9919372453066 179.927940991347 5.99746961303963
14 14 145 145 15.0026762908036 179.92801079928 5.997600359976
14 15 145 155 14.9948369644192 179.9280360231 5.99759309048461
14 16 145 165 14.8970465837462 179.928604916457 5.99716793119692
14 17 145 175 14.3790631863935 179.932777913796 5.99252589410255
14 18 145 185 12.8553029359839 179.946566289224 5.96752229394326
14 19 145 195 10.1044577215065 179.963742356805 5.88498975964323
14 20 145 205 6.87812826346477 179.939377962121 5.70905670717721
14 21 145 215 4.26279916690926 179.811888658673 5.47694276604728
14 22 145 225 2.66903488602247 179.603625343128 5.31173199905322
14 23 145 235 1.92240742775785 179.4705795662 5.27209927781141
14 24 145 245 1.72696518223556 179.544026313632 5.31300927620367
14 25 145 255 1.78155610876728 179.733732023112 5.47122238915992
14 26 145 265 1.84166219759399 179.846958866124 5.778592783615
14 27 145 275 1.80620190777129 179.877059550974 6.04269023934662
14 28 145 285 1.75174850935925 179.981693492339 6.05067532724988
14 29 145 295 1.9354317011218 180.162578556139 5.87984849230817
14 30 145 305 2.80938391955068 180.240179517663 5.7661181315841
14 31 145 315 4.89454029573015 180.169485036217 5.8040881742436
14 32 145 325 8.19032716406497 180.065971535738 5.91138052188851
14 33 145 335 11.6236243881241 179.993995640933 5.98301883097691
14 34 145 345 13.7920196813807 179.951810193636 6.00058376085556
14 35 145 355 14.2325140659994 179.932381518946 5.99488322757496
15 0 155 5 13.3837851408082 179.925221539397 5.97964121350743
15 1 155 15 12.2051640251974 179.92142049163 5.95903107391778
15 2 155 25 11.6658037669993 179.916493534752 5.94759176986216
15 3 155 35 11.6721711579292 179.901435895502 5.95622964701735
15 4 155 45 11.2263823989647 179.863632022245 5.97036138095704
15 5 155 55 10.1232283411386 179.803736701248 5.97659569197923
15 6 155 65 9.18602813739417 179.747025978538 5.9834751591758
15 7 155 75 9.11376169516971 179.736353538215 5.99356852356618
15 8 155 85 10.0871156850175 179.78716732624 5.9948245991159
15 9 155 95 11.810612786577 179.858264168434 5.98995107848532
15 10 155 105 13.5136932261279 179.905110052631 5.99008183741962
15 11 155 115 14.5464265601091 179.923127015579 5.99416918500872
15 12 155 125 14.9216914679172 179.927374314658 5.99683729388846
15 13 155 135 14.9964145534019 179.927970702887 5.99753310890682
15 14 155 145 15.0026762908036 179.92801079928 5.997600359976
15 15 155 155 14.9959103927091 179.928127881292 5.99759582789212
15 16 155 165 14.9068328476552 179.929571474734 5.9972051126756
15 17 155 175 14.4093259757856 179.937211903225 5.99241385969625
15 18 155 185 12.872295244073 179.958807202126 5.96429938036436
15 19 155 195 9.98652540537317 179.986715095616 5.86649205498307
15 20 155 205 6.53705404306746 179.965675447428 5.65457455740497
15 21 155 215 3.78378483068966 179.815856264992 5.379157919237
15 22 155 225 2.19477011700175 179.563576464551 5.19558793464938
15 23 155 235 1.50266545815868 179.397761915603 5.17824493391129
15 24 155 245 1.33826712221339 179.450270579525 5.27021951155886
15 25 155 255 1.39427143928033 179.599894588403 5.48469500574075
15 26 155 265 1.4391601818532 179.66589408562 5.83764782743963
15 27 155 275 1.3730349940912 179.695853056761 6.13068741052832
15 28 155 285 1.26027592452329 179.857269986605 6.12982401886191
15 29 155 295 1.36329502054326 180.093982719247 5.90252350389887
15 30 155 305 2.1862685223773 180.187163965234 5.72594820619469
15 31 155 315 4.31837336939083 180.116981878777 5.74313624082711
15 32 155 325 7.76835609024083 180.028033424288 5.86803017156201
15 33 155 335 11.3872109591451 179.977093853583 5.96357820197402
15 34 155 345 13.6926502759952 179.947447188722 5.99472041187463
15 35 155 355 14.2028555498028 179.931711794888 5.99350872293168
16 0 165 5 13.9722531361193 179.927744401091 5.98688413688984
16 1 165 15 13.2301696586068 179.927913738805 5.97913061745168
16 2 165 25 12.6608707672445 179.925663000837 5.98312731341943
16 3 165 35 11.9792270139787 179.904267420993 5.9981628247057
16 4 165 45 10.6562499122286 179.853845956484 6.00136036255627
16 5 165 55 9.23871795259995 179.788815002189 5.98846248488662
16 6 165 65 8.85939911005504 179.73764660356 5.98856659591197
16 7 165 75 9.77246490084883 179.734366227859 6.00937480196798
16 8 165 85 11.3725387888106 179.789157101675 6.02065465103525
16 9 165 95 13.0061210483235 179.861466904843 6.01206998076942
16 10 165 105 14.19812226159 179.907674743468 6.00136505388143
16 11 165 115 14.7875992652294 179.924298871489 5.99766027099939
16 12 165 125 14.969294003526 179.927654677456 5.99744590834661
16 13 165 135 15.0004220743459 179.927997857422 5.99757911397435
16 14 165 145 15.0026762908036 179.92801079928 5.997600359976
16 15 165 155 14.9945070047494 179.928298936503 5.99759599216811
16 16 165 165 14.8912814136226 179.931347135134 5.99716258954276
16 17 165 175 14.3376620311848 179.945007935085 5.99165937250844
16 18 165 185 12.6919644189044 179.97875417616 5.95918297247735
16 19 165 195 9.70589869228918 180.023357182669 5.84839296882237
16 20 165 205 6.22876183398117 180.023473463092 5.61692111110768
16 21 165 215 3.49463084672232 179.903106475158 5.32876251413729
16 22 165 225 1.92553240360835 179.696109295277 5.14766063181833
16 23 165 235 1.24375722092513 179.582004004898 5.14944395108086
16 24 165 245 1.0821510690674 179.651317566654 5.27715213619749
16 25 165 255 1.13585661480466 179.789243369607 5.51055486324273
16 26 165 265 1.17389729220049 179.882874853279 5.82532126901397
16 27 165 275 1.09490945886405 179.980176716055 6.05119634671571
16 28 165 285 0.961608009066094 180.164997884886 6.01429796693179
16 29 165 295 1.04276209169361 180.356838077514 5.78802990644511
16 30 165 305 1.8514391090445 180.39581765326 5.61850827685065
16 31 165 315 3.96543279935013 180.282540471279 5.64627201108062
16 32 165 325 7.39373713968035 180.136464376226 5.79751704546386
16 33 165 335 11.0507292965998 180.025741592872 5.92675243594657
16 34 165 345 13.5179241434271 179.961145188641 5.98205662344959
16 35 165 355 14.3318232512912 179.9344309125 5.99250822461544
17 0 175 5 14.5226273151396 179.935607790933 5.99792667588761
17 1 175 15 14.09772229667 179.958356567183 6.01538371230934
17 2 175 25 13.2242831490793 179.99611389615 6.05829119503845
17 3 175 35 11.7350433222171 180.002246893586 6.10124119566535
17 4 175 45 9.96112094338062 179.9400513959 6.09538302672809
17 5 175 55 8.87843996475152 179.841693867804 6.04992880723322
17 6 175 65 9.05203337422774 179.760952025655 6.03003033381458
17 7 175 75 10.1989605229285 179.735569756174 6.05004949308394
17 8 175 85 11.7995123304031 179.778805324119 6.05825854920367
17 9 175 95 13.3666955958509 179.852322104305 6.03577137137917
17 10 175 105 14.4280118412325 179.904191241314 6.01084016638981
17 11 175 115 14.8796512818009 179.923784867965 5.99996369802148
17 12 175 125 14.9893453715509 179.92767933967 5.99775560049722
17 13 175 135 15.002229374673 179.928008540208 5.99759666028943
17 14 175 145 15.0026762908036 179.92801079928 5.997600359976
17 15 175 155 14.9918752907576 179.928413853093 5.99759628757194
17 16 175 165 14.8633969204242 179.932589394952 5.99709176274288
17 17 175 175 14.2182188351581 179.950671642621 5.99068995066869
17 18 175 185 12.4278279920768 179.993666267221 5.95406155202934
17 19 175 195 9.38474288671098 180.052709803374 5.83532304169079
17 20 175 205 6.0094304225399 180.08407190919 5.60237041812659
17 21 175 215 3.39031671948503 180.042682561334 5.33101589175356
17 22 175 225 1.8429064047916 179.976749344979 5.17368790395213
17 23 175 235 1.13071138745956 180.012195196952 5.19350528562172
17 24 175 245 0.940289436564199 180.168889142385 5.34152188273752
17 25 175 255 0.979293043097731 180.36180230812 5.56879462686259
17 26 175 265 1.01036295147682 180.54183878922 5.7970041080191
17 27 175 275 0.929190372566489 180.703247136043 5.89039255621685
17 28 175 285 0.802258050623734 180.84356444381 5.78827370651647
17 29 175 295 0.887290909517178 180.923294099185 5.5982979262238
17 30 175 305 1.64133335001907 180.860700756625 5.48733318821956
17 31 175 315 3.57666385432149 180.638312127197 5.54444283280281
17 32 175 325 6.77841944544079 180.350396232829 5.71879096881767
17 33 175 335 10.3991718128965 180.115024793402 5.88131209573254
17 34 175 345 13.1267970889514 179.985345259833 5.96515118124339
17 35 175 355 14.378839480144 179.939391279173 5.99090863411625
18 0 185 5 14.7219638444392 179.948745754727 6.00991623645857
18 1 185 15 14.2862195696422 180.018688269059 6.06452399582349
18 2 185 25 12.9668443475086 180.150213060949 6.17547167354841
18 3 185 35 10.9925503551893 180.23846854371 6.27430144604813
18 4 185 45 9.46815913242161 180.167032317548 6.2597834625823
18 5 185 55 9.21762965372569 179.982219423627 6.16114898417539
18 6 185 65 9.74595053229832 179.812074957798 6.10067592171852
18 7 185 75 10.4728850306747 179.732361744503 6.1036312217974
18 8 185 85 11.6323120739993 179.757633032361 6.09690698711011
18 9 185 95 13.1690506784984 179.836453855269 6.05599194319302
18 10 185 105 14.3611343175123 179.89817654194 6.01766801995473
18 11 185 115 14.8757360956316 179.922627672129 6.00131914415504
18 12 185 125 14.9918134600258 179.927597805285 5.99788735052662
18 13 185 135 15.002639019706 179.928010633001 5.99760008839147
18 14 185 145 15.0026762908036 179.92801079928 5.997600359976
18 15 185 155 14.9924277930075 179.928343428979 5.99759811992059
18 16 185 165 14.8716139577387 179.931822998939 5.9971326225159
18 17 185 175 14.2691358963679 179.947219049203 5.99104184645778
18 18 185 185 12.5992132862124 179.986286036726 5.95625720056039
18 19 185 195 9.72748186681966 180.053409880488 5.84608389674939
18 20 185 205 6.43047897081344 180.143228420994 5.63839863587827
18 21 185 215 3.71327365822392 180.254308166868 5.40834206734113
18 22 185 225 2.00030545901345 180.407964857065 5.28419565486378
18 23 185 235 1.17255099707678 180.617814008345 5.31820817907207
18 24 185 245 0.923929911492962 180.850290065561 5.4797548073432
18 25 185 255 0.934119338088913 181.09446450566 5.69988573814366
18 26 185 265 0.95053934063632 181.34379224066 5.84966234977509
18 27 185 275 0.867439840642795 181.521024232478 5.81833105308607
18 28 185 285 0.755076360865462 181.588244378371 5.64760090298163
18 29 185 295 0.853061325029419 181.559777159965 5.48214592191283
18 30 185 305 1.55832577073386 181.364103115632 5.41606468166491
18 31 185 315 3.3257854454635 180.959865020151 5.48680858465254
18 32 185 325 6.31376940459551 180.494571288514 5.66724236999905
18 33 185 335 9.88239515484662 180.155910526992 5.8490035262302
18 34 185 345 12.7984481740212 179.99201422597 5.95282661408722
18 35 185 355 14.3393729912202 179.941294506492 5.98986674408325
19 0 195 5 14.7346177667806 179.958909657135 6.0185634535653
19 1 195 15 14.1142429022242 180.069857806913 6.10180902964677
19 2 195 25 12.4239084578592 180.287087015139 6.26630468198391
19 3 195 35 10.3277124529532 180.459115801817 6.40609022994417
19 4 195 45 9.40871412706336 180.392523046087 6.3789005661245
19 5 195 55 10.0610536739274 180.137886628732 6.23303207007442
19 6 195 65 10.9103500642411 179.895851222042 6.13217842610814
19 7 195 75 11.2905471965386 179.776562479837 6.11210527910441
19 8 195 85 11.9987357454445 179.781217288902 6.09530009501555
19 9 195 95 13.2909515817217 179.846604912628 6.05306154399081
19 10 195 105 14.3950013912489 179.901099054049 6.01639869171282
19 11 195 115 14.8829707487569 179.923117048544 6.00107362151248
19 12 195 125 14.992702743913 179.927634481563 5.9978704029401
19 13 195 135 15.0026762908036 179.92801079928 5.997600359976
19 14 195 145 15.0026762908036 179.92801079928 5.997600359976
19 15 195 155 14.9965435318997 179.928174264159 5.99759994792441
19 16 195 165 14.920077187545 179.929933243637 5.9972979072611
19 17 195 175 14.5090961419496 179.938522301849 5.99306775914014
19 18 195 185 13.2512389340912 179.966945541875 5.96810030490871
19 19 195 195 10.7985399864754 180.046149881335 5.88804945606948
19 20 195 205 7.55055574897017 180.230670027487 5.73701839164944
19 21 195 215 4.50198632395949 180.551277809944 5.56707736840554
19 22 195 225 2.42002776695508 180.938339816572 5.46244295718466
19 23 195 235 1.38358256920365 181.259660821203 5.4674505217717
19 24 195 245 1.04242597715024 181.481181685913 5.59042550668946
19 25 195 255 1.00706329710702 181.702496702417 5.77817679064261
19 26 195 265 1.00568456143279 181.945527440599 5.8837857010948
19 27 195 275 0.927310056779679 182.09133497231 5.80501571745915
19 28 195 285 0.83168424680744 182.109977591671 5.62014852068422
19 29 195 295 0.944095454471063 182.020767827593 5.47211843159575
19 30 195 305 1.65766494476876 181.699014355924 5.41788847785887
19 31 195 315 3.43989746882255 181.113725547141 5.48509047395208
19 32 195 325 6.45179909302772 180.514155887689 5.66294447677181
19 33 195 335 10.0218308782789 180.134887453523 5.8475260467658
19 34 195 345 12.8973944622481 179.97874815785 5.95349802138744
19 35 195 355 14.3960558807915 179.938885581757 5.99136766546942
20 0 205 5 14.7552126529155 179.956146560426 6.01761264755601
20 1 205 15 14.047509469492 180.059945862173 6.09388725844574
20 2 205 25 12.3083891152605 180.26710276419 6.24112154469659
20 3 205 35 10.3674271967023 180.441851449059 6.35884489558604
20 4 205 45 9.85915957175274 180.400395272178 6.32368965048322
20 5 205 55 10.891573087025 180.182490750808 6.18694174418025
20 6 205 65 11.9115156064275 179.973495607049 6.09047655359913
20 7 205 75 12.3454993446229 179.866801229052 6.06539406707398
20 8 205 85 12.9294701891953 179.852640871483 6.05364471214446
20 9 205 95 13.8644328002611 179.883497295218 6.02942462437331
20 10 205 105 14.6124959261191 179.912878944119 6.0084098450137
20 11 205 115 14.9280767414524 179.925221081274 5.99960028807654
20 12 205 125 14.9966093752665 179.927795109052 5.99775600018382
20 13 205 135 15.0026762908036 179.92801079928 5.997600359976
20 14 205 145 15.0026762908036 179.92801079928 5.997600359976
20 15 205 155 15.0004756143804 179.928057438687 5.99760051867765
20 16 205 165 14.9659894410685 179.928615399756 5.99746746581143
20 17 205 175 14.7349189316753 179.932480777891 5.99539411803299
20 18 205 185 13.8644269531128 179.954508011993 5.98236930756491
20 19 205 195 11.8209271940235 180.048829116873 5.93868620770242
20 20 205 205 8.67502016767521 180.316648823296 5.85094381721196
20 21 205 215 5.39257759941051 180.796545002523 5.73387922693376
20 22 205 225 3.00212862505966 181.3225206425 5.61581798283626
20 23 205 235 1.75818175610504 181.665308769149 5.5364491480762
20 24 205 245 1.30422226798725 181.832381919067 5.56228634481277
20 25 205 255 1.20625873162393 181.993008543936 5.69318709531233
20 26 205 265 1.18081595729809 182.166566406741 5.79489581157835
20 27 205 275 1.1111432901623 182.256121602794 5.75692588337801
20 28 205 285 1.03394813360274 182.271038854852 5.63109276871725
20 29 205 295 1.15681153919878 182.177602153161 5.51620408487125
20 30 205 305 1.89893444062428 181.786775019033 5.45936763138537
20 31 205 315 3.78938079422559 181.113341061801 5.51670878887752
20 32 205 325 6.9694578543048 180.475161971382 5.68951669170457
20 33 205 335 10.5886752281421 180.104084507656 5.86631989174724
20 34 205 345 13.2905662052192 179.966078381877 5.96230871373123
20 35 205 355 14.5565222754898 179.935657256421 5.99378136724466
21 0 215 5 14.8064859541307 179.944273541907 6.00886844464699
21 1 215 15 14.1718601403605 180.00477804673 6.05049721005409
21 2 215 25 12.6738056847255 180.128207736566 6.12741020321762
21 3 215 35 11.0244978785471 180.239136692767 6.18173858180343
21 4 215 45 10.5474647601629 180.231283182503 6.1515956604442
21 5 215 55 11.2451765088175 180.123938269255 6.07290378892288
21 6 215 65 12.0000187887083 180.015348597556 6.02136690845874
21 7 215 75 12.6040725075248 179.948129169673 6.01143204806007
21 8 215 85 13.4416788020453 179.919520639042 6.01231766041576
21 9 215 95 14.301945883499 179.917300605339 6.00736859368383
21 10 215 105 14.8043239812831 179.92344798362 6.00117067760371
21 11 215 115 14.970843229817 179.927085248823 5.99828333592587
21 12 215 125 15.000464063546 179.92793658632 5.99765413888885
21 13 215 135 15.0026762908036 179.92801079928 5.997600359976
21 14 215 145 15.0026762908036 179.92801079928 5.997600359976
21 15 215 155 15.002243701178 179.928017856115 5.99760044502293
21 16 215 165 14.9866597718925 179.928166276434 5.99756092834352
21 17 215 175 14.8390841282101 179.930335833019 5.99682174406381
21 18 215 185 14.167827260378 179.949181221417 5.99168800876772
21 19 215 195 12.4077229817798 180.043043763977 5.97273105458122
21 20 215 205 9.50172445329675 180.319890807847 5.92687580922994
21 21 215 215 6.28661695185343 180.809377064627 5.8377655132061
21 22 215 225 3.76841466247811 181.314328587018 5.69096807269854
21 23 215 235 2.32524290393378 181.600705664732 5.52636875155759
21 24 215 245 1.71964244803551 181.714116436736 5.45684979589062
21 25 215 255 1.52819100241515 181.825379545127 5.52740872166331
21 26 215 265 1.4489488117804 181.940847385706 5.6305725703419
21 27 215 275 1.36645327427626 182.018245169175 5.65913898073836
21 28 215 285 1.30375387301695 182.086773768244 5.62270003831
21 29 215 295 1.44249408065736 182.037424741156 5.56462540692365
21 30 215 305 2.1998460726608 181.652093665786 5.52329034043628
21 31 215 315 4.14025637834014 180.999718209331 5.57571039117603
21 32 215 325 7.41019664038848 180.411627984181 5.73282382237182
21 33 215 335 11.0465621498477 180.08193345121 5.88942714609635
21 34 215 345 13.6064286456943 179.961153143565 5.97060374188823
21 35 215 355 14.6882252149235 179.933811141762 5.99489392016071
22 0 225 5 14.838427582589 179.934642356913 6.00070544892809
22 1 225 15 14.2778187114019 179.959459744968 6.01159380239381
22 2 225 25 12.9742038669751 180.012936071006 6.02837161661793
22 3 225 35 11.5160363675106 180.067898919762 6.03315674078396
22 4 225 45 10.9393437017386 180.081931768104 6.01434127165938
22 5 225 55 11.1828512609228 180.058063290393 5.9892903063873
22 6 225 65 11.5580951603246 180.023513521571 5.9789646007756
22 7 225 75 12.2444232157573 179.984601549078 5.98450554206596
22 8 225 85 13.3981081032582 179.950072431647 5.99351053038724
22 9 225 95 14.4059796679465 179.932332195245 5.99766102359952
22 10 225 105 14.8738770587444 179.928038366213 5.99803609687223
22 11 225 115 14.9889838748513 179.927883532306 5.99771801174815
22 12 225 125 15.0022352512351 179.927996770666 5.99761056757866
22 13 225 135 15.0026762908036 179.92801079928 5.997600359976
22 14 225 145 15.0026762908036 179.92801079928 5.997600359976
22 15 225 155 15.002640482129 179.928011229892 5.99760037093234
22 16 225 165 14.9930258035976 179.928077803337 5.99759164113997
22 17 225 175 14.8860358588278 179.92952838351 5.99736957787481
22 18 225 185 14.373264442895 179.943199618646 5.99559704491126
22 19 225 195 12.9858281947748 180.012702504934 5.98769489815206
22 20 225 205 10.5791518281201 180.219649032811 5.96083929092849
22 21 225 215 7.63858622609991 180.586896032242 5.8848451187292
22 22 225 225 4.95461419208443 180.959780392883 5.72860281409031
22 23 225 235 3.1425231129624 181.149821653533 5.53079704605921
22 24 225 245 2.26930856552808 181.195394653852 5.40764911911774
22 25 225 255 1.94389929147917 181.251927183425 5.413449741833
22 26 225 265 1.78880835193153 181.357150691525 5.48167230062032
22 27 225 275 1.66906624214814 181.494730921861 5.5341404590771
22 28 225 285 1.6065362377641 181.644974583078 5.55020409474109
22 29 225 295 1.76834026279864 181.654732790896 5.54649109642762
22 30 225 305 2.55225900194303 181.335762822229 5.55784885936926
22 31 225 315 4.50252327799402 180.784834215867 5.63817586162242
22 32 225 325 7.74920387899327 180.304560624233 5.78337356212959
22 33 225 335 11.3131246127307 180.046207910023 5.91266985114277
22 34 225 345 13.7604096841808 179.953956350078 5.9768389147082
22 35 225 355 14.7471299134274 179.932213924882 5.99511721653518
23 0 235 5 14.8455193158094 179.93073229495 5.99714054447066
23 1 235 15 14.2953148795282 179.941481129793 5.99496994931334
23 2 235 25 13.0383667343051 179.966718639808 5.9873555769771
23 3 235 35 11.6555421216217 179.997239695521 5.97450947538915
23 4 235 45 11.1336433236112 180.013846622263 5.96476169710217
23 5 235 55 11.3879764423185 180.013238771159 5.96502822973553
23 6 235 65 11.7690706594973 180.001174972722 5.97251244834643
23 7 235 75 12.4560564854182 179.976726658929 5.98265646045523
23 8 235 85 13.5633271009668 179.94961138692 5.99146259618277
23 9 235 95 14.4926807877807 179.933673137786 5.99610477704906
23 10 235 105 14.902154910676 179.928758161958 5.99743244055263
23 11 235 115 14.994151451567 179.928040488246 5.99759970121625
23 12 235 125 15.0026393332602 179.928009678718 5.99760117847889
23 13 235 135 15.0026762908036 179.92801079928 5.997600359976
23 14 235 145 15.0026762908036 179.92801079928 5.997600359976
23 15 235 155 15.0026762908036 179.92801079928 5.997600359976
23 16 235 165 14.9972604519367 179.928046234422 5.99759826274236
23 17 235 175 14.9362811681795 179.928802033198 5.99753107411851
23 18 235 185 14.6391739733408 179.935815391341 5.99686349788216
23 19 235 195 13.7842930976128 179.97202295739 5.9925828120724
23 20 235 205 12.0754854934021 180.08435977864 5.97213290129896
23 21 235 215 9.48138069482195 180.295484095918 5.90499454030552
23 22 235 225 6.52211073033151 180.519647674707 5.76465051216991
23 23 235 235 4.16554795666804 180.61521202743 5.58508087303685
23 24 235 245 2.93009105049042 180.580897744923 5.44849524952995
23 25 235 255 2.50015399983326 180.568149536769 5.39310545156615
23 26 235 265 2.34611611697629 180.676549252342 5.4003377801675
23 27 235 275 2.21079857987649 180.874427121368 5.43005807568035
23 28 235 285 2.09660738519988 181.062821521122 5.44493670215504
23 29 235 295 2.22730628951894 181.105020669243 5.46470591031922
23 30 235 305 3.05416501598322 180.889997814535 5.53707181047082
23 31 235 315 5.0783470818682 180.500385315954 5.6729361798615
23 32 235 325 8.29368080756394 180.16485456165 5.82582046599739
23 33 235 335 11.6713893598996 179.995218447722 5.93430325263198
23 34 235 345 13.9102753674147 179.941206162916 5.98257406027913
23 35 235 355 14.7841398681563 179.92998239129 5.9955425607797
24 0 245 5 14.8717299817759 179.929427825654 5.99669346181518
24 1 245 15 14.4042955029644 179.935530965742 5.99303742242098
24 2 245 25 13.3510556643536 179.950205068976 5.98384342044744
24 3 245 35 12.2274465239951 179.968462595366 5.97243567665971
24 4 245 45 11.9184639076143 179.977791169725 5.96809795962898
24 5 245 55 12.3730880164835 179.974861075652 5.97377562835242
24 6 245 65 12.9079419942819 179.965396807575 5.98268433035717
24 7 245 75 13.4613997036693 179.951823437065 5.9898573193142
24 8 245 85 14.1522090066493 179.938460162973 5.99454223165716
24 9 245 95 14.7042680740825 179.930793017785 5.99682199897043
24 10 245 105 14.9445259679921 179.928399977195 5.99749503752941
24 11 245 115 14.9978994717755 179.928031540237 5.99759511035981
24 12 245 125 15.0026762908036 179.92801079928 5.997600359976
24 13 245 135 15.0026762908036 179.92801079928 5.997600359976
24 14 245 145 15.0026762908036 179.92801079928 5.997600359976
24 15 245 155 15.0026762908036 179.92801079928 5.997600359976
24 16 245 165 15.0007103703833 179.928023328963 5.99759976344612
24 17 245 175 14.9787208096489 179.928274532552 5.99758188643218
24 18 245 185 14.863523278203 179.930602605443 5.99727780343417
24 19 245 195 14.4567322500231 179.943490813901 5.99424537697906
24 20 245 205 13.3515702332862 179.988431720364 5.97725951047681
24 21 245 215 11.1129007364272 180.084207028818 5.921894032195
24 22 245 225 8.00010589366063 180.192048569455 5.81298844260871
24 23 245 235 5.21377054337708 180.211005362044 5.67804251072037
24 24 245 245 3.72697357771714 180.119821381251 5.56046061526705
24 25 245 255 3.39579763977787 180.060553747415 5.47731250012978
24 26 245 265 3.46407235601524 180.154896844483 5.44200534484249
24 27 245 275 3.35843821676711 180.34365894866 5.44754922636771
24 28 245 285 3.03615877783652 180.494962207175 5.45387693001211
24 29 245 295 2.94186765185267 180.539813418323 5.47241261184693
24 30 245 305 3.74219917513574 180.450173659707 5.55829323249347
24 31 245 315 5.91864691270414 180.252565788287 5.71224471336571
24 32 245 325 9.17002763863143 180.062466871775 5.86315079107638
24 33 245 335 12.275580617304 179.962284794582 5.95374652523496
24 34 245 345 14.1584452751225 179.932846017057 5.98818357725176
24 35 245 355 14.8407927075675 179.928433264758 5.99632200108538
25 0 255 5 14.9273928567506 179.928637281797 5.99713793102084
25 1 255 15 14.6553363186925 179.931481747081 5.99528013381475
25 2 255 25 14.0465657835511 179.938241914955 5.99075298587583
25 3 255 35 13.4121290360338 179.946400026769 5.98540587965813
25 4 255 45 13.2978198218704 179.949522365301 5.98392095250029
25 5 255 55 13.6908052337576 179.945964861526 5.98749223882821
25 6 255 65 14.1186421142714 179.940144553899 5.99220103290078
25 7 255 75 14.4269690446664 179.934846273798 5.99525544999354
25 8 255 85 14.6984552646622 179.930853049616 5.99676839957759
25 9 255 95 14.8968875108636 179.92875588596 5.99739525424564
25 10 255 105 14.982083325111 179.928114681883 5.99757257678642
25 11 255 115 15.00098629061 179.92801630113 5.99759897193391
25 12 255 125 15.0026762908036 179.92801079928 5.997600359976
25 13 255 135 15.0026762908036 179.92801079928 5.997600359976
25 14 255 145 15.0026762908036 179.92801079928 5.997600359976
25 15 255 155 15.0026762908036 179.92801079928 5.997600359976
25 16 255 165 15.0022833282126 179.92801324736 5.99760024374394
25 17 255 175 14.9978604354216 179.928060010006 5.99759680073847
25 18 255 185 14.9644245996883 179.928532463853 5.99747609856748
25 19 255 195 14.7632777561874 179.931732398866 5.99590399660944
25 20 255 205 13.957289394524 179.94512497553 5.98651282439807
25 21 255 215 11.9492190200275 179.975370336897 5.95651051639673
25 22 255 225 8.85785829651686 179.997934259369 5.90117603763864
25 23 255 235 5.97569855579938 179.953057204082 5.83588786064974
25 24 255 245 4.58234829491602 179.843549388493 5.76905387741671
25 25 255 255 4.67779676457813 179.790085576648 5.69509039789276
25 26 255 265 5.18429983746543 179.871015307245 5.63899246344771
25 27 255 275 5.07683281278237 180.001970912563 5.62801967336048
25 28 255 285 4.3299441934465 180.083377492646 5.63785007116468
25 29 255 295 3.78864283219521 180.135228229932 5.64956765836149
25 30 255 305 4.43789993171926 180.177087320473 5.70003901603697
25 31 255 315 6.75945402681251 180.147936267281 5.80867351392872
25 32 255 325 10.0975757087447 180.050901922139 5.91764590471628
25 33 255 335 12.9441055512098 179.968250150976 5.97617542670968
25 34 255 345 14.4403997209301 179.934807096378 5.9939869670073
25 35 255 355 14.9081133765735 179.928422671315 5.99715597982305
26 0 265 5 14.975966014037 179.928183659575 5.99747128015363
26 1 265 15 14.8788384758158 179.928991081281 5.9969496004359
26 2 265 25 14.6621704998836 179.930892979624 5.99568491172615
26 3 265 35 14.4398297340959 179.933130943683 5.99421179472664
26 4 265 45 14.4151972384978 179.933764399133 5.99387390446868
26 5 265 55 14.5886129244369 179.932318929397 5.99500153349661
26 6 265 65 14.7717711742722 179.930394088644 5.99639567976253
26 7 265 75 14.8786851679516 179.929100801599 5.99718662103144
26 8 265 85 14.9424611813542 179.928414147488 5.99748087774697
26 9 265 95 14.9821073934739 179.928112764044 5.99757307803305
26 10 265 105 14.9986762954933 179.928024935883 5.99759665717808
26 11 265 115 15.0023483208319 179.928011539859 5.99760017420654
26 12 265 125 15.0026762908036 179.92801079928 5.997600359976
26 13 265 135 15.0026762908036 179.92801079928 5.997600359976
26 14 265 145 15.0026762908036 179.92801079928 5.997600359976
26 15 265 155 15.0026762908036 179.92801079928 5.997600359976
26 16 265 165 15.0025976605253 179.928008664142 5.99759890943773
26 17 265 175 15.0013090664607 179.927986884596 5.99757779584916
26 18 265 185 14.9790614739824 179.927973035442 5.99747104564305
26 19 265 195 14.7910548018555 179.928526079253 5.99731425504605
26 20 265 205 13.9705196846783 179.930216190578 5.99823930311596
26 21 265 215 11.92119872397 179.92510221458 6.00495091906598
26 22 265 225 8.85430074186128 179.884523489443 6.025573318735
26 23 265 235 6.16841817935132 179.786361589159 6.05610259299472
26 24 265 245 5.17845231557861 179.682855315674 6.0598480426596
26 25 265 255 5.80813517856979 179.674289798944 5.99969547501508
26 26 265 265 6.67862260953669 179.764640528536 5.90719965384724
26 27 265 275 6.48084878646978 179.846651805225 5.85637947193327
26 28 265 285 5.34051503150344 179.878574238538 5.85989697269854
26 29 265 295 4.45494289525297 179.95119964097 5.87298492751412
26 30 265 305 4.98801697147 180.092789197845 5.89389960339357
26 31 265 315 7.38815460450601 180.165233835402 5.94422614337092
26 32 265 325 10.7635805238235 180.098547857892 5.98965018934253
26 33 265 335 13.4166224402581 179.995254919929 6.00251561653653
26 34 265 345 14.6385743337204 179.941815698595 5.99984573419102
26 35 265 355 14.9561384520946 179.929143120825 5.99783470862996
27 0 275 5 14.9974047698932 179.92803693887 5.99758117308603
27 1 275 15 14.9783640392312 179.928157462731 5.99750372323197
27 2 275 25 14.9358623354722 179.928441952008 5.99731592043108
27 3 275 35 14.8927042523184 179.928772145263 5.99709845146682
27 4 275 45 14.8900654116782 179.928844933121 5.99705450693717
27 5 275 55 14.92872199187 179.928586953952 5.99723379189314
27 6 275 65 14.9689303702592 179.928271294472 5.99744858366117
27 7 275 75 14.9895102827838 179.928095886288 5.99756079070942
27 8 275 85 14.9974824220018 179.928034050244 5.99759290827904
27 9 275 95 15.0009900339804 179.928016002847 5.99759904989318
27 10 275 105 15.0023486649705 179.928011512437 5.99760018137356
27 11 275 115 15.0026494503052 179.928010835789 5.99760035093146
27 12 275 125 15.0026762908036 179.92801079928 5.997600359976
27 13 275 135 15.0026762908036 179.92801079928 5.997600359976
27 14 275 145 15.0026762908036 179.92801079928 5.997600359976
27 15 275 155 15.0026762908036 179.92801079928 5.997600359976
27 16 275 165 15.0021359562929 179.927984777369 5.99758333118796
27 17 275 175 14.994372018604 179.92770752076 5.99737271884891
27 18 275 185 14.9328016886609 179.926619985426 5.99633976601681
27 19 275 195 14.612896686178 179.924712242329 5.99441616112297
27 20 275 205 13.5397796339994 179.921384508462 5.99801764679296
27 21 275 215 11.2575132392756 179.90360280242 6.02765443766189
27 22 275 225 8.2307540373864 179.841860897632 6.10585055747048
27 23 275 235 5.88599063968747 179.739198498963 6.21647640841456
27 24 275 245 5.27041079589809 179.675360971876 6.28694724378998
27 25 275 255 6.09900780971862 179.717909549458 6.24795541604635
27 26 275 265 6.98344988213063 179.810219827074 6.12382243683095
27 27 275 275 6.72451959341409 179.849878721148 6.02405473134262
27 28 275 285 5.5890521588295 179.845102766774 6.00570089603769
27 29 275 295 4.79663476699263 179.90872687469 6.01942210038905
27 30 275 305 5.43458004240989 180.066918531954 6.0277924358371
27 31 275 315 7.87890873087142 180.167155592388 6.03878392868456
27 32 275 325 11.1810728048863 180.113579958176 6.03704980594782
27 33 275 335 13.6628569046915 180.005329879566 6.01816220745538
27 34 275 345 14.7296074535018 179.944754217344 6.00291043218425
27 35 275 355 14.9764907616337 179.929490367734 5.99813237556191
28 0 285 5 15.0017932481628 179.928019115307 5.99759793300854
28 1 285 15 15.0006659363817 179.928019591293 5.99759463627005
28 2 285 25 14.9971533678723 179.928036676851 5.99758350194248
28 3 285 35 14.9936135850084 179.928056404815 5.99757063065337
28 4 285 45 14.9935262985433 179.928060132385 5.99756818178637
28 5 285 55 14.9969980202155 179.928043310976 5.99757914358348
28 6 285 65 15.0005759174526 179.928023435553 5.99759211074235
28 7 285 75 15.002252388994 179.928013453561 5.99759862670254
28 8 285 85 15.0026403991941 179.928011031384 5.99760020837563
28 9 285 95 15.0026762908036 179.92801079928 5.997600359976
28 10 285 105 15.0026762908036 179.92801079928 5.997600359976
28 11 285 115 15.0026762908036 179.92801079928 5.997600359976
28 12 285 125 15.0026762908036 179.92801079928 5.997600359976
28 13 285 135 15.0026762908036 179.92801079928 5.997600359976
28 14 285 145 15.0026762908036 179.92801079928 5.997600359976
28 15 285 155 15.0026762908036 179.92801079928 5.997600359976
28 16 285 165 14.9999506622614 179.927891051276 5.99751538848338
28 17 285 175 14.9658940762895 179.926622316401 5.99652512267403
28 18 285 185 14.7734932700363 179.921312506882 5.99177009297648
28 19 285 195 14.1123212592848 179.910362749478 5.98037173463374
28 20 285 205 12.5686319641275 179.898396699763 5.97061914191014
28 21 285 215 10.0534612748397 179.886712140393 5.99213669267027
28 22 285 225 7.27532078708212 179.865379726278 6.07738721803161
28 23 285 235 5.38550959412199 179.846857251881 6.2166619360966
28 24 285 245 4.9553705004029 179.876199037042 6.33797855783431
28 25 285 255 5.58645357579534 179.951103116568 6.35039964830121
28 26 285 265 6.22565712229374 179.998893474474 6.24118475079254
28 27 285 275 6.02870004561425 179.979839525508 6.11905255073441
28 28 285 285 5.22955719645154 179.93440081338 6.07429800086783
28 29 285 295 4.79727729136631 179.942754429796 6.06755725034377
28 30 285 305 5.66418832161959 180.03224722193 6.04949800494368
28 31 285 315 8.15836791768897 180.101327479529 6.03395180733195
28 32 285 325 11.3671380759488 180.066182931283 6.02336757473651
28 33 285 335 13.7339214872015 179.987279989432 6.01019238278846
28 34 285 345 14.7435700421565 179.941248687901 6.00084162112829
28 35 285 355 14.9777631583936 179.929244341524 5.99792612381519
29 0 295 5 15.0004264017016 179.928044290411 5.99759318297005
29 1 295 15 15.0026762908036 179.92801079928 5.997600359976
29 2 295 25 15.0026762908036 179.92801079928 5.997600359976
29 3 295 35 15.0026762908036 179.92801079928 5.997600359976
29 4 295 45 15.0026762908036 179.92801079928 5.997600359976
29 5 295 55 15.0026762908036 179.92801079928 5.997600359976
29 6 295 65 15.0026762908036 179.92801079928 5.997600359976
29 7 295 75 15.0026762908036 179.92801079928 5.997600359976
29 8 295 85 15.0026762908036 179.92801079928 5.997600359976
29 9 295 95 15.0026762908036 179.92801079928 5.997600359976
29 10 295 105 15.0026762908036 179.92801079928 5.997600359976
29 11 295 115 15.0026762908036 179.92801079928 5.997600359976
29 12 295 125 15.0026762908036 179.92801079928 5.997600359976
29 13 295 135 15.0026762908036 179.92801079928 5.997600359976
29 14 295 145 15.0026762908036 179.92801079928 5.997600359976
29 15 295 155 15.0026762908036 179.92801079928 5.997600359976
29 16 295 165 14.9949104378037 179.927717463682 5.9973649609237
29 17 295 175 14.9045908729898 179.924612071439 5.99470070214846
29 18 295 185 14.4579705806757 179.911386316238 5.98238070209702
29 19 295 195 13.2151750083018 179.88288608578 5.95327688934766
29 20 295 205 11.0196032049188 179.852634399237 5.92053102889977
29 21 295 215 8.35912734856094 179.849805833841 5.92381640967843
29 22 295 225 6.06113327489203 179.897634657151 5.99587640800906
29 23 295 235 4.72987007620556 180.001723052416 6.12854473860436
29 24 295 245 4.44009436241153 180.12680579357 6.26469995599036
29 25 295 255 4.79845901084168 180.198226446481 6.31095615676112
29 26 295 265 5.1526854192088 180.185261221099 6.22554033358127
29 27 295 275 5.0109423582224 180.134602447544 6.10398172517585
29 28 295 285 4.51605948759874 180.084448370727 6.04585265191604
29 29 295 295 4.3639299854672 180.055722405181 6.01285835489917
29 30 295 305 5.36801715153589 180.070725220939 5.96357890972379
29 31 295 315 7.87521321113204 180.082297853525 5.94248046606566
29 32 295 325 11.0829862648689 180.038230444423 5.96248973831725
29 33 295 335 13.5327155417967 179.974521357972 5.98605077235275
29 34 295 345 14.6585649790465 179.938824095284 5.99559266370741
29 35 295 355 14.9586591807359 179.929187827698 5.99742575261547
30 0 305 5 14.9956897875305 179.928113580175 5.99758015062199
30 1 305 15 15.0004255666998 179.928098572408 5.99762943376443
30 2 305 25 14.996460902183 179.928338118093 5.9977049743842
30 3 305 35 14.9922077096579 179.928705913336 5.99781588781061
30 4 305 45 14.9914308330244 179.928884697874 5.99785862996372
30 5 305 55 14.9935324629242 179.928680162104 5.99776253257812
30 6 305 65 14.9939771674794 179.928363596854 5.99761105795558
30 7 305 75 14.9925497968274 179.928189051254 5.99752503516242
30 8 305 85 14.9934210450576 179.928110349535 5.99752896861158
30 9 305 95 14.997239335532 179.928053914568 5.99756702639535
30 10 305 105 15.0007548504376 179.928021805859 5.99759187620677
30 11 305 115 15.0023037824438 179.928012178553 5.99759930319378
30 12 305 125 15.0026458330628 179.928010856413 5.99760031692551
30 13 305 135 15.0026762908036 179.92801079928 5.997600359976
30 14 305 145 15.0026762908036 179.92801079928 5.997600359976
30 15 305 155 15.0026387622973 179.928010873791 5.99760005093499
30 16 305 165 14.9880146242627 179.927609401237 5.99718807166817
30 17 305 175 14.8269819904634 179.923359425873 5.99259835648051
30 18 305 185 14.0819691860613 179.905148957686 5.97183518894071
30 19 305 195 12.2102023476584 179.865269389334 5.9243909632043
30 20 305 205 9.39020934556333 179.82291216518 5.87263373625266
30 21 305 215 6.66167836704998 179.828753286752 5.86956107812841
30 22 305 225 4.83219008323015 179.930846639241 5.93796660303179
30 23 305 235 3.97749620459928 180.113950646924 6.04707609086141
30 24 305 245 3.83591024374386 180.266958268714 6.14152714921749
30 25 305 255 4.03719903349729 180.295559704134 6.15082263841205
30 26 305 265 4.16285116637024 180.24884401246 6.04966434392034
30 27 305 275 3.97318474883034 180.218778246432 5.93085735636866
30 28 305 285 3.61515459699528 180.207580200585 5.87901323024066
30 29 305 295 3.59296087982311 180.199940546092 5.8448368214106
30 30 305 305 4.58138514427259 180.20333320744 5.79986013544844
30 31 305 315 6.98897770807212 180.17297928375 5.81391585955178
30 32 305 325 10.2483924714587 180.082879968634 5.89177859871191
30 33 305 335 12.9959492414175 179.990475273046 5.96107148147028
30 34 305 345 14.4469403671687 179.9429527627 5.9904084353214
30 35 305 355 14.9126934025186 179.929890850692 5.99689072120438
31 0 315 5 14.9827893158206 179.928293797032 5.99757674179728
31 1 315 15 14.9766048830176 179.928971844508 5.99791911857844
31 2 315 25 14.9306530204092 179.931594768647 5.99874798134861
31 3 315 35 14.8812605671835 179.935622958683 5.99996297149409
31 4 315 45 14.8719551695539 179.937586739114 6.00040931957157
31 5 315 55 14.8953567585691 179.935346613865 5.99926826894537
31 6 315 65 14.8981046661833 179.931772813769 5.99746837896063
31 7 315 75 14.877788159436 179.929489812101 5.99649676569445
31 8 315 85 14.8847711551851 179.928114665581 5.9967286635818
31 9 315 95 14.9289630524751 179.927339929766 5.99735844532422
31 10 315 105 14.9716548415127 179.927403160513 5.9976587872863
31 11 315 115 14.9894774061007 179.927916396874 5.99764678557401
31 12 315 125 14.9911660726063 179.928344322842 5.99758021191894
31 13 315 135 14.9917715633946 179.928476939263 5.99755606994384
31 14 315 145 14.9958696624791 179.928343402644 5.99756714066816
31 15 315 155 14.9996836659031 179.928148201643 5.99758160217788
31 16 315 165 14.9782638672136 179.927812532467 5.9970342921051
31 17 315 175 14.7529448440598 179.925303500183 5.99110312599039
31 18 315 185 13.7771709079175 179.914722132579 5.96450605489113
31 19 315 195 11.4727812039287 179.892088944102 5.90350524019335
31 20 315 205 8.26423920636272 179.872442444932 5.83468187225023
31 21 315 215 5.49617271139192 179.900991105705 5.81917995683627
31 22 315 225 3.90393760052349 180.027164715276 5.87265023181478
31 23 315 235 3.27030771456446 180.220197985499 5.94433589409861
31 24 315 245 3.18614960191953 180.343232110183 5.97623213375892
31 25 315 255 3.29657521704532 180.328752160503 5.92175860608059
31 26 315 265 3.28423776617883 180.275947349989 5.77992303976324
31 27 315 275 3.04247842144816 180.266354393353 5.64164853743034
31 28 315 285 2.74999819200889 180.277207473173 5.58303017407265
31 29 315 295 2.79303900112918 180.296783985308 5.56841241299037
31 30 315 305 3.71932659708188 180.317440361724 5.58373597677655
31 31 315 315 5.99006129385277 180.269981765216 5.68228821255457
31 32 315 325 9.28527733396673 180.139547978642 5.83244373023605
31 33 315 335 12.3528722839664 180.012836306103 5.94203970379345
31 34 315 345 14.1760981192991 179.948691129429 5.98623822755144
31 35 315 355 14.8457684441602 179.930767800961 5.9963073617478
32 0 325 5 14.9442306225818 179.928776504244 5.99761883277963
32 1 325 15 14.8761044717995 179.932323294518 5.99903254250581
32 2 325 25 14.6519053219349 179.944090308969 6.00275747598961
32 3 325 35 14.4084179447056 179.9621582191 6.00819598624002
32 4 325 45 14.3573732477897 179.970981283376 6.01003378175833
32 5 325 55 14.4629659178911 179.960900035549 6.00432827318548
32 6 325 65 14.461300090603 179.944164467163 5.99535436026814
32 7 325 75 14.3391387450379 179.931531898467 5.9908265021612
32 8 325 85 14.3540965419911 179.922075037356 5.99309856357269
32 9 325 95 14.5704889987656 179.917622980126 5.99730216456095
32 10 325 105 14.7922391846425 179.920609801879 5.99883328913993
32 11 325 115 14.8778573645528 179.926929139872 5.99817858492573
32 12 325 125 14.8701503241402 179.931736710846 5.99737849038094
32 13 325 135 14.8747094047553 179.933204421616 5.99711108601477
32 14 325 145 14.9227742873897 179.931716048003 5.99723360345911
32 15 325 155 14.9705092236415 179.929537138036 5.99741411646611
32 16 325 165 14.9499816876851 179.92868215393 5.9966179449807
32 17 325 175 14.6365820426176 179.931135728709 5.98872165879879
32 18 325 185 13.4461656094259 179.942427346961 5.95537414961792
32 19 325 195 10.8762700840112 179.968522763012 5.87871268211437
32 20 325 205 7.51734230711323 180.008035918458 5.78315976116811
32 21 325 215 4.75915734902139 180.068645420682 5.73077509559357
32 22 325 225 3.23366882345896 180.180518005942 5.73775361932061
32 23 325 235 2.62731743779425 180.326711547826 5.75533263819686
32 24 325 245 2.49729313967195 180.41032724529 5.73595406210556
32 25 325 255 2.51865746883711 180.394922066882 5.64461828497117
32 26 325 265 2.44793041791191 180.356195815295 5.47630627242665
32 27 325 275 2.22329189445746 180.341259616106 5.3041405724038
32 28 325 285 2.00261212869243 180.334576145506 5.2133738035465
32 29 325 295 2.11567860100439 180.330608679871 5.2213011336781
32 30 325 305 3.06286925810664 180.319781513095 5.33442780217054
32 31 325 315 5.30253973366009 180.253642584076 5.54898991493485
32 32 325 325 8.6010075507478 180.12644682222 5.77695076729974
32 33 325 335 11.8147103345005 180.008616655772 5.92288916512144
32 34 325 345 13.8833707756341 179.948299677823 5.98087266314167
32 35 325 355 14.7438573770996 179.930886891211 5.99525254358091
33 0 335 5 14.8668895886837 179.92958301561 5.9976807230632
33 1 335 15 14.6663153890997 179.938217956348 6.00098865552813
33 2 335 25 14.0610674355086 179.966043318632 6.00977225324302
33 3 335 35 13.3835469380694 180.008733542325 6.02243054663866
33 4 335 45 13.2024002225902 180.029614966754 6.02595008510886
33 5 335 55 13.4396289937436 180.005649074474 6.01032579583211
33 6 335 65 13.381996317767 179.963419193916 5.9862844807469
33 7 335 75 12.9796044342222 179.924627843262 5.97549117969474
33 8 335 85 12.9619773460095 179.890280491773 5.98541416035985
33 9 335 95 13.5592010127801 179.876491189356 6.00006455218493
33 10 335 105 14.212658899649 179.893639751619 6.00410318242479
33 11 335 115 14.4381067202628 179.923283998804 6.00029867397493
33 12 335 125 14.3555711026219 179.945227817041 5.99658293489755
33 13 335 135 14.3734448020095 179.95190129989 5.99537602808061
33 14 335 145 14.6096341806471 179.945051180765 5.99593443164079
33 15 335 155 14.8490095991259 179.935029562764 5.99677833707089
33 16 335 165 14.8751077512702 179.930909296719 5.99528155572045
33 17 335 175 14.3995751200924 179.939844136698 5.98202550242318
33 18 335 185 12.8633241985188 179.979564271531 5.93423228846456
33 19 335 195 10.0093370948503 180.064749026525 5.83442151712554
33 20 335 205 6.66001642564764 180.169237491681 5.71191641699764
33 21 335 215 4.0662185113639 180.251475216176 5.62381288998854
33 22 335 225 2.62598425529562 180.323350031442 5.57109986197555
33 23 335 235 1.9909444791987 180.406778520547 5.50770815530685
33 24 335 245 1.77264863313247 180.46723276158 5.41838842180538
33 25 335 255 1.70453753705992 180.478711324811 5.29929862532538
33 26 335 265 1.60170462363353 180.463183458732 5.13914175843439
33 27 335 275 1.41430958501749 180.438293490981 4.96976682371976
33 28 335 285 1.2685628208843 180.391446193073 4.86468596884584
33 29 335 295 1.47146384807195 180.305502886927 4.89616053678358
33 30 335 305 2.49567387862989 180.201492643043 5.09988618243646
33 31 335 315 4.72827654147479 180.110647306645 5.41821697920501
33 32 335 325 7.93634503392589 180.033986745056 5.71487333531568
33 33 335 335 11.1590673404431 179.974039342647 5.89680940969858
33 34 335 345 13.4479800499925 179.941108646113 5.97226875947047
33 35 335 355 14.5665677820534 179.930249764348 5.9933932634152
34 0 345 5 14.7920598041334 179.93006839948 5.99763247649907
34 1 345 15 14.4610447485139 179.941700318774 6.0021053969412
34 2 345 25 13.4446819000071 179.97890412969 6.01355258046671
34 3 345 35 12.2190232953631 180.035920467703 6.02920195412351
34 4 345 45 11.7260863804863 180.064230079221 6.0308705447663
34 5 345 55 11.9436031052028 180.032678770727 6.00545689013128
34 6 345 65 11.730292558984 179.970208712952 5.97013565163408
34 7 345 75 10.9496640195507 179.896578336255 5.95910689635376
34 8 345 85 10.8574607184962 179.822414766709 5.98288864348219
34 9 345 95 11.9403935517529 179.797441873291 6.01067083830247
34 10 345 105 13.1836828335027 179.844292148864 6.01501738229446
34 11 345 115 13.5534430215948 179.917389378072 6.00421985031102
34 12 345 125 13.2758463190911 179.970573191509 5.99510965074761
34 13 345 135 13.3168679041364 179.986705281378 5.99222627125862
34 14 345 145 13.949175080621 179.969862563334 5.99358042460386
34 15 345 155 14.5959278470564 179.945268027194 5.99561957347393
34 16 345 165 14.7542230683171 179.934604757144 5.99282867887603
34 17 345 175 14.0744556364679 179.949470142773 5.97028690487162
34 18 345 185 12.0852869767806 180.014015605755 5.9001850337196
34 19 345 195 8.90064857003702 180.145691868545 5.77291645645574
34 20 345 205 5.65349625087886 180.299170888634 5.63305088678573
34 21 345 215 3.35715672631711 180.400625332781 5.52714433649376
34 22 345 225 2.05594312180811 180.45342571262 5.42204125523981
34 23 345 235 1.37665625921196 180.507531307623 5.26521710351484
34 24 345 245 1.05750682641798 180.559320660173 5.08245162518968
34 25 345 255 0.908042164217099 180.581340078977 4.92527553016007
34 26 345 265 0.767889288338953 180.575618278609 4.79818363629059
34 27 345 275 0.591914998784421 180.540797392898 4.68170842461521
34 28 345 285 0.502396868063765 180.435765490275 4.60265858344549
34 29 345 295 0.786025155105533 180.236746493928 4.66410072647688
34 30 345 305 1.84586242323668 180.027397118978 4.93391093949779
34 31 345 315 3.98840634927547 179.922557043446 5.32402825544606
34 32 345 325 7.06467987567386 179.916246924266 5.66723319709108
34 33 345 335 10.3560170627911 179.930352270136 5.87468167884635
34 34 345 345 12.9555443201344 179.93214284102 5.96428393088725
34 35 345 355 14.379400563286 179.929479009932 5.99157056720118
35 0 355 5 14.7909017755079 179.929615402493 5.99743514056212
35 1 355 15 14.4363364488438 179.938368721052 6.00086604691584
35 2 355 25 13.2604653977861 179.966147110663 6.00828450433781
35 3 355 35 11.6088939430296 180.008783495788 6.0155046415743
35 4 355 45 10.5252971516035 180.032451872351 6.008387710593
35 5 355 55 10.3034492185014 180.014483884654 5.98398047271332
35 6 355 65 9.8885664992359 179.961771126265 5.96488026437826
35 7 355 75 9.0323407746675 179.8695140205 5.97524217141227
35 8 355 85 9.07856706944203 179.765241592784 6.00927779909954
35 9 355 95 10.6033547216932 179.736300107996 6.03257471274286
35 10 355 105 12.3019230689092 179.809419318405 6.02636309162746
35 11 355 115 12.741251628447 179.914476074866 6.00724721540996
35 12 355 125 12.256044328573 179.989173858095 5.9940884677439
35 13 355 135 12.3142283086143 180.011688905507 5.99012349355126
35 14 355 145 13.3217218483947 179.987648985486 5.99201803306128
35 15 355 155 14.3562299329752 179.952664924286 5.99479074779908
35 16 355 165 14.6494276519841 179.937648809453 5.99046598845169
35 17 355 175 13.8122377662731 179.957033408463 5.9586265791018
35 18 355 185 11.4618992179919 180.036986463329 5.86557751806645
35 19 355 195 8.01758855288719 180.196955888678 5.70586296506606
35 20 355 205 4.85727739272952 180.389628960832 5.53471050697452
35 21 355 215 2.79439542941737 180.530061008084 5.39633906721884
35 22 355 225 1.58698214629308 180.608651181963 5.2469354403855
35 23 355 235 0.850676750187587 180.675956747096 5.03185901339608
35 24 355 245 0.43889379078046 180.729374549335 4.78721826824383
35 25 355 255 0.221456507774038 180.738136564681 4.59764794811984
35 26 355 265 0.0442576851614821 180.709261088074 4.49643550905196
35 27 355 275 -0.135137748286357 180.630393196305 4.43782094508189
35 28 355 285 -0.187406328421423 180.439574135605 4.40558080014335
35 29 355 295 0.1522085187555 180.139058218497 4.51049442074724
35 30 355 305 1.22663062614678 179.869765365793 4.83909629561086
35 31 355 315 3.33993685216722 179.775507551002 5.28408986944171
35 32 355 325 6.47479990843976 179.827709406649 5.65526656114085
35 33 355 335 9.98425287329385 179.897124430948 5.87055607049603
35 34 355 345 12.8140196685301 179.92506176433 5.96252903104023
35 35 355 355 14.3516470070452 179.928763242779 5.99111155664634
