0 0 5 5 13.9724733475206 179.952351965454 5.9983538939962
0 1 5 15 13.1807401560939 179.963219044301 5.9805612552927
0 2 5 25 10.967929031594 180.00221078262 5.98080439202743
0 3 5 35 7.59302871755556 180.207438697462 6.06857447381631
0 4 5 45 4.31639347105122 180.678737411978 5.95632192712375
0 5 5 55 1.79922853742733 181.068200403799 5.24573754993739
0 6 5 65 0.0524672356737412 180.951960169832 4.48942006742392
0 7 5 75 -1.00474468845045 180.449460852078 4.17943625636991
0 8 5 85 -1.45763640846594 179.787016332918 4.15934776262422
0 9 5 95 -1.4057444449803 178.999695536012 4.29965267939343
0 10 5 105 -0.933874622382097 178.214606784648 4.63414525196702
0 11 5 115 -0.169503084761125 177.759839265437 5.07077586477995
0 12 5 125 0.667496609592355 177.971534991994 5.39544943189774
0 13 5 135 1.38533031287711 178.814306144461 5.58564734883389
0 14 5 145 1.91032316310367 179.851632210857 5.69690920259533
0 15 5 155 2.22576325209495 180.630151471865 5.59468670940695
0 16 5 165 2.29088639152117 180.92431168902 5.03674716451937
0 17 5 175 2.14664308357734 180.848299130357 4.4786223911235
0 18 5 185 2.00887740883488 180.598723629582 4.28486804267628
0 19 5 195 2.04880716762267 180.228960236279 4.44725004958156
0 20 5 205 2.21384427570003 180.065910383663 4.82010663282291
0 21 5 215 2.34842209356872 180.313947334416 5.17607798725486
0 22 5 225 2.28288526126777 180.959958595134 5.31095327721051
0 23 5 235 2.00835923872499 181.688347718298 5.4132543899227
0 24 5 245 1.65151773929107 181.965800893121 5.62319781665609
0 25 5 255 1.26797512766817 181.870247275966 5.72950493511973
0 26 5 265 0.841570218147597 181.58384892363 5.58334386503144
0 27 5 275 0.469703331846429 181.208411073542 5.47254602237533
0 28 5 285 0.356675604591837 180.898863509601 5.48094804053847
0 29 5 295 0.612426657612307 180.825189377105 5.41049806398381
0 30 5 305 1.32055304413747 180.886967684219 5.35226795461357
0 31 5 315 2.90502381390046 180.819285993241 5.47712465387947
0 32 5 325 6.08651189291258 180.459979693677 5.64780728131711
0 33 5 335 10.2134460285366 180.105565791388 5.83095808679425
0 34 5 345 12.9659554058718 179.972496164145 5.95460413971935
0 35 5 355 13.9238594427733 179.949943019263 5.99563219409659
1 0 15 5 12.2130096707117 179.892082924015 6.01311483332376
1 1 15 15 11.4061934517411 179.953664947617 5.96941202563419
1 2 15 25 9.26016436671754 180.022671062619 5.94648313509803
1 3 15 35 6.76763713060463 180.186870408492 6.03776709987761
1 4 15 45 4.31174315788774 180.468180217164 5.91443139994855
1 5 15 55 1.96608043524027 180.538009157669 5.15419191962478
1 6 15 65 0.20149133890001 180.137845420348 4.39311315105326
1 7 15 75 -0.820674666414751 179.414711750255 4.14112593895254
1 8 15 85 -1.23397697153457 178.553214198573 4.24302122098646
1 9 15 95 -1.13807663171261 177.727357894331 4.55928763507607
1 10 15 105 -0.61657348241128 177.177828409133 5.04613678519504
1 11 15 115 0.154843344647743 177.025814437039 5.53663435838808
1 12 15 125 0.958137520422351 177.408296643594 5.80419707184376
1 13 15 135 1.6471276095436 178.314885351171 5.85792040962087
1 14 15 145 2.17712580251824 179.351408812276 5.86640575457839
1 15 15 155 2.52886683369998 180.094709002313 5.82489849574962
1 16 15 165 2.61777469840459 180.307773259355 5.32044237698989
1 17 15 175 2.46549668230912 180.217210917929 4.65857886939464
1 18 15 185 2.33600158290122 179.993544511151 4.46351224987713
1 19 15 195 2.39001366424626 179.664120017725 4.66772580472798
1 20 15 205 2.52170261562912 179.525814297239 5.0287006778174
1 21 15 215 2.58678715455093 179.952076849544 5.42778357528687
1 22 15 225 2.45704500452864 180.744378437848 5.43238527405373
1 23 15 235 2.16377791800769 181.275957652098 5.17985877699245
1 24 15 245 1.80807098648587 181.336833828374 5.13527471036425
1 25 15 255 1.42943158192036 181.279071010931 5.31382089676252
1 26 15 265 1.00908326469461 181.174023218627 5.46517910113457
1 27 15 275 0.611615231229279 180.952273358323 5.53953199852438
1 28 15 285 0.435800402205736 180.746912672295 5.57371098912597
1 29 15 295 0.610084017960808 180.613880305835 5.4984731951236
1 30 15 305 1.28025432005888 180.435787832043 5.44500176345134
1 31 15 315 3.01888205969995 180.266866616729 5.54456677380627
1 32 15 325 6.39805128355256 180.143083811709 5.7106549499954
1 33 15 335 10.1146377189646 180.03731995784 5.87568045875073
1 34 15 345 11.8459302514814 179.951903440891 5.9719770971703
1 35 15 355 12.1739013734217 179.880845557954 6.01466767651931
2 0 25 5 9.47758807327303 179.813815040614 6.02799606265399
2 1 25 15 9.16926876345273 179.934754993702 5.9500279342919
2 2 25 25 8.11068722417366 180.023400260106 5.8929382730211
2 3 25 35 6.98542474263498 180.104498134158 5.9252371560458
2 4 25 45 4.99596863948746 180.212150327351 5.72477911562575
2 5 25 55 2.49342403574488 180.155266804522 5.02889186806973
2 6 25 65 0.63952988946693 179.701620774393 4.40198294032085
2 7 25 75 -0.370374865593004 178.913917207021 4.22693700682408
2 8 25 85 -0.752688235676829 177.965322629194 4.4367881320191
2 9 25 95 -0.597848165855234 177.161701098569 4.92141547792241
2 10 25 105 -0.0301323894716833 176.795485298112 5.53634932573804
2 11 25 115 0.705266859683807 176.756162222971 6.06353761969211
2 12 25 125 1.41766795673572 177.085101762627 6.28586221758414
2 13 25 135 2.03875958099176 177.946093932511 6.21022813429667
2 14 25 145 2.52311189836199 178.892922221101 6.07828854513746
2 15 25 155 2.8254238128805 179.474525589123 5.98041020808903
2 16 25 165 2.89528197786605 179.65253449536 5.54072502023991
2 17 25 175 2.7812753747971 179.760871998217 4.85648454157161
2 18 25 185 2.70176187230033 179.688441373447 4.58706881451872
2 19 25 195 2.80168443903662 179.449110732264 4.73118918360854
2 20 25 205 2.97080036303251 179.376009916129 5.0790462027864
2 21 25 215 2.99935968251369 179.859957301154 5.48253083981167
2 22 25 225 2.79799016364913 180.625502569561 5.39260125861527
2 23 25 235 2.49463652130528 180.974944072454 4.96887479629888
2 24 25 245 2.11548950798168 180.949536811633 4.82346306165178
2 25 25 255 1.68008473643865 180.895272634889 5.04894625705817
2 26 25 265 1.2362883294734 180.730603010254 5.32827155902239
2 27 25 275 0.839159351941712 180.396756680548 5.5064311831491
2 28 25 285 0.640360403930163 180.123550611959 5.65643419959016
2 29 25 295 0.770324876270664 179.931392847497 5.73861310731181
2 30 25 305 1.51373425825492 179.645666310729 5.82417084035435
2 31 25 315 3.54311090274482 179.542518771454 5.91714085431763
2 32 25 325 6.60025484669645 179.800486888892 5.94126219817541
2 33 25 335 8.71492176590528 179.994308098293 5.95056822064277
2 34 25 345 9.12894697540239 179.943788974932 5.97635715376735
2 35 25 355 9.19134666047075 179.797662779681 6.03046419656722
3 0 35 5 9.54970996306733 179.835165800723 6.01998167273059
3 1 35 15 9.51403052756657 179.944069297045 5.94780898722389
3 2 35 25 8.99718089165285 180.039306947208 5.89592930180004
3 3 35 35 7.91942212159343 180.095679410184 5.89231680589376
3 4 35 45 5.53505546922658 180.051622787046 5.66930702192385
3 5 35 55 2.88895968749695 179.854395296698 5.06198011505138
3 6 35 65 1.03106615539224 179.470507731048 4.41689150972037
3 7 35 75 -0.0712807361395131 178.793507589841 4.08287683748777
3 8 35 85 -0.519051826633078 177.871799997604 4.20415133966594
3 9 35 95 -0.298055490265944 177.083394102228 4.7699999827383
3 10 35 105 0.39168682663401 176.830732641428 5.57321106255088
3 11 35 115 1.17098051713722 176.965638193077 6.27103321979592
3 12 35 125 1.8359857153157 177.362513330777 6.55469466641371
3 13 35 135 2.40727683898233 178.220420428469 6.3872684429083
3 14 35 145 2.83786885241698 179.073424045454 6.0941307974218
3 15 35 155 3.05649233405239 179.49213781618 5.91784422734849
3 16 35 165 3.09420052263769 179.599130483912 5.61286314966633
3 17 35 175 3.04305641641364 179.7626337783 5.08151283122871
3 18 35 185 3.0307975127779 179.699710086743 4.81839576124343
3 19 35 195 3.15040875159243 179.451580813924 4.90657861986535
3 20 35 205 3.32900242991716 179.355933856496 5.16346546670659
3 21 35 215 3.32433561592425 179.773071122074 5.37611958233667
3 22 35 225 3.10684308626696 180.429078106914 5.25855863481749
3 23 35 235 2.83405363110598 180.681000190574 5.04390624350906
3 24 35 245 2.44729135235812 180.712890408562 5.00610655123588
3 25 35 255 1.96200265299286 180.727585911993 5.09925661703744
3 26 35 265 1.50233575376567 180.382904086983 5.24323260143522
3 27 35 275 1.13255338226825 179.716108175166 5.50604466123171
3 28 35 285 0.968141006486846 179.245023834253 5.90577326142103
3 29 35 295 1.13363818337538 179.212745889456 6.19458063448898
3 30 35 305 1.97435140466431 179.222994309749 6.31318861911631
3 31 35 315 4.114756208 179.349577170465 6.27422417077026
3 32 35 325 6.80455790730663 179.799048041755 6.14131378602425
3 33 35 335 8.2046049189424 180.085017444491 6.06724387298473
3 34 35 345 8.70943688499293 180.011740934665 6.0214271935593
3 35 35 355 9.14622611672863 179.835670560463 6.03021881092437
4 0 45 5 12.1279263625584 179.911953963217 5.99967646636672
4 1 45 15 12.0609469441788 179.968693390632 5.97544251846305
4 2 45 25 10.9516292487753 180.087014631793 5.97965053962163
4 3 45 35 8.52064669724106 180.231482840433 5.99642778269396
4 4 45 45 5.68443959583519 180.127572953557 5.79030520640168
4 5 45 55 3.24448061937278 179.707576493259 5.18805068283807
4 6 45 65 1.39931923260105 179.247718775139 4.40339421907278
4 7 45 75 0.141541168256713 178.614205639905 3.85435557405084
4 8 45 85 -0.409705906185341 177.757249875288 3.84888108855018
4 9 45 95 -0.147013482781934 177.094066815485 4.41947170367444
4 10 45 105 0.673040754957492 177.087683007658 5.30109222532054
4 11 45 115 1.54330557403037 177.601516565662 6.08449922576181
4 12 45 125 2.19374180628212 178.207280153728 6.47571908044553
4 13 45 135 2.71026672737211 179.027536662113 6.39232174178879
4 14 45 145 3.08699108851827 179.86733240595 6.01190209327253
4 15 45 155 3.23845392365647 180.287325598663 5.72995891139447
4 16 45 165 3.24294373441544 180.285982448725 5.56987944361296
4 17 45 175 3.23612338315966 180.199962226685 5.28105762361281
4 18 45 185 3.27608713151307 179.956287451357 5.07956088799227
4 19 45 195 3.35908206123265 179.667574344596 5.11767341996235
4 20 45 205 3.46533598206653 179.419246033166 5.24171576263748
4 21 45 215 3.45051426806715 179.538253442638 5.29195889016251
4 22 45 225 3.31973720028815 179.999883267149 5.34032778293858
4 23 45 235 3.13132628554199 180.258409494662 5.55953575051661
4 24 45 245 2.78059778553137 180.39170795849 5.62358637369974
4 25 45 255 2.29575400908051 180.566889224385 5.38660169452284
4 26 45 265 1.82824013766056 180.325252909998 5.27998739542388
4 27 45 275 1.4912911379668 179.600321516076 5.65420018666694
4 28 45 285 1.38818858019242 179.059054881615 6.24595663255362
4 29 45 295 1.61239677513763 179.244752448022 6.55403591865696
4 30 45 305 2.39081609006321 179.622332442557 6.5125905658341
4 31 45 315 4.02282556609714 179.907881307959 6.30641141695541
4 32 45 325 6.18108423450879 180.226559163363 6.20978700831251
4 33 45 335 8.39668884887703 180.333296361015 6.24163370157552
4 34 45 345 10.6033164993538 180.132814376009 6.13236000352845
4 35 45 355 11.7813698594444 179.939365649459 6.02966934248893
5 0 55 5 12.6757415194521 179.935268340884 5.96660965444709
5 1 55 15 13.2408374981858 179.967713178507 5.98510443962225
5 2 55 25 12.4911795432657 180.088031070642 6.04915445709328
5 3 55 35 9.97649812289936 180.279380308161 6.1158702347718
5 4 55 45 7.14164280129588 180.247010821455 5.92241971289425
5 5 55 55 4.31668610638435 179.85996956002 5.28851376015462
5 6 55 65 2.08583431422693 179.35545936737 4.52423149619344
5 7 55 75 0.759776058217625 178.646613047681 4.05558618119676
5 8 55 85 0.218943063765358 177.867922135888 4.12517388771233
5 9 55 95 0.457537018639312 177.510629629464 4.67447119754668
5 10 55 105 1.24421723340105 177.844642347355 5.35159833303965
5 11 55 115 2.06118165988271 178.610681625481 5.84525603564834
5 12 55 125 2.60461649135299 179.250920265261 6.08264270328015
5 13 55 135 3.01526566042435 179.884625545623 6.11221954862857
5 14 55 145 3.3395247250353 180.668696391421 5.87419555464214
5 15 55 155 3.46450959107536 181.095259981777 5.57918315599641
5 16 55 165 3.42758694593762 181.01215014939 5.45088279941241
5 17 55 175 3.39403465237231 180.757236279351 5.32906457825898
5 18 55 185 3.43219520408137 180.406733707234 5.21293835309386
5 19 55 195 3.47885505964005 180.030945110416 5.24290863108411
5 20 55 205 3.53494949000166 179.620781700735 5.245512404123
5 21 55 215 3.57370235771683 179.440856514893 5.25892998004298
5 22 55 225 3.57886241970905 179.636641270845 5.57811274898224
5 23 55 235 3.48887607223924 179.88876227739 6.18398279291061
5 24 55 245 3.15687480446205 180.118786334953 6.31061085094314
5 25 55 255 2.67439181679685 180.485666238048 5.86749051078793
5 26 55 265 2.20985607216028 180.687625331275 5.66664031386074
5 27 55 275 1.92155514013382 180.433558116885 6.04136385189832
5 28 55 285 1.88336468774614 180.155620434029 6.47986197367878
5 29 55 295 2.1151045570619 180.323600020211 6.55192229316492
5 30 55 305 2.7511007147059 180.587615411103 6.32865875421439
5 31 55 315 3.99972498768428 180.692888684767 6.11516738229443
5 32 55 325 6.14623667076837 180.637043661336 6.16868561198269
5 33 55 335 9.21983359151438 180.461916379548 6.30263905800751
5 34 55 345 11.8731128218392 180.169482049272 6.17361719682733
5 35 55 355 12.535288065735 179.976883557888 6.01232758223671
6 0 65 5 10.8689475254069 179.920682239079 5.92709758066903
6 1 65 15 12.7120186349604 179.946799025043 5.96423938092726
6 2 65 25 13.4614092234855 180.015359635098 6.02963777613314
6 3 65 35 12.2137603874212 180.111045772923 6.06786443261683
6 4 65 45 9.56885187797179 180.147540622161 5.90200860254686
6 5 65 55 5.81367698733629 180.101415905672 5.46778977600923
6 6 65 65 3.00074972683103 179.9157195195 5.09509843478591
6 7 65 75 1.73592486227192 179.354698557136 5.01031720022933
6 8 65 85 1.31694028760014 178.781477268172 5.23808316285764
6 9 65 95 1.500159060583 178.76847420297 5.62732447198661
6 10 65 105 2.11084506285211 179.200730479349 5.88638160432515
6 11 65 115 2.70324008620485 179.735610878456 5.9222649597241
6 12 65 125 3.04062282244145 180.188424619576 5.83810279880029
6 13 65 135 3.31919187707752 180.665386111759 5.83655776592115
6 14 65 145 3.57075455577213 181.273588318869 5.81033163101531
6 15 65 155 3.64522226239212 181.542850191495 5.61676724074159
6 16 65 165 3.5467190700395 181.417200233529 5.40793944277828
6 17 65 175 3.4142574074457 181.238546124157 5.26439452634868
6 18 65 185 3.38744512495659 180.943629111557 5.30055842558336
6 19 65 195 3.48736601434571 180.481050885367 5.53414124529369
6 20 65 205 3.64856037444619 179.961128614645 5.51500935044569
6 21 65 215 3.79114285581508 179.664746842103 5.4785879679359
6 22 65 225 3.87097054393316 179.728824966806 5.75218551507758
6 23 65 235 3.80805734862118 180.015983333985 6.21650439860776
6 24 65 245 3.46222096026386 180.38128404431 6.35741648624105
6 25 65 255 3.01286373953952 180.796700645212 6.20473096116944
6 26 65 265 2.61531619502997 181.293857286211 6.32343420842585
6 27 65 275 2.37003261894843 181.567946248858 6.61906779130994
6 28 65 285 2.34754093135771 181.683644527992 6.64747759780766
6 29 65 295 2.5562461846109 181.75059878257 6.39189019153506
6 30 65 305 3.14285235451915 181.560247121362 6.06999973006313
6 31 65 315 4.55981460652997 181.160923107466 5.95045884044573
6 32 65 325 7.41329569029878 180.643717869038 6.04784994887525
6 33 65 335 10.8508654483342 180.276849783285 6.14590181544366
6 34 65 345 12.1942729923151 180.065825593715 6.07737540360956
6 35 65 355 11.0429347372052 179.955218214481 5.96915774834803
7 0 75 5 9.66500180194782 179.951600706113 5.92589567476345
7 1 75 15 12.1282820731072 179.951247650103 5.95710871031963
7 2 75 25 13.3202626405241 179.956470399314 5.99109057199609
7 3 75 35 12.3169473375384 179.95154452508 5.99408317014401
7 4 75 45 9.77155707655304 180.068060893562 5.92892276841924
7 5 75 55 6.12820352019099 180.464300926478 5.86412527609434
7 6 75 65 3.50491677935794 180.756227559634 5.99699212368586
7 7 75 75 2.45700150777714 180.470233424597 6.268373054217
7 8 75 85 2.17441859411444 180.094751811635 6.47887003993253
7 9 75 95 2.32159233266103 180.170953439204 6.52481534171186
7 10 75 105 2.74396362176 180.335767663093 6.47391603141215
7 11 75 115 3.12199825746835 180.4119824266 6.33019528938826
7 12 75 125 3.33656468358779 180.735398832038 6.03930977539706
7 13 75 135 3.53756308775961 181.239040355384 5.89698123255808
7 14 75 145 3.6897347720771 181.732744087945 5.93876936545403
7 15 75 155 3.65060801806817 181.858928103026 5.79148063119831
7 16 75 165 3.51634930824667 181.660363662067 5.44854099199885
7 17 75 175 3.38709600228076 181.494465657019 5.17259403287041
7 18 75 185 3.36959485508795 181.299811198169 5.26304803651055
7 19 75 195 3.58129462632645 180.89245429878 5.68704588115146
7 20 75 205 3.90658955193037 180.317266477661 5.84743339661118
7 21 75 215 4.11707374643633 179.975419919533 5.89813543796723
7 22 75 225 4.12880871496153 180.117821611905 5.96931400865712
7 23 75 235 3.95210976995778 180.591201084621 5.99890146143653
7 24 75 245 3.59483651030652 181.128838903264 6.10366174507355
7 25 75 255 3.2452251159147 181.446963334332 6.34823884126903
7 26 75 265 2.94346672027697 181.813570633527 6.74668097724186
7 27 75 275 2.68698413233057 182.13237773856 6.8504872547127
7 28 75 285 2.60831268869168 182.359103302893 6.55437686943888
7 29 75 295 2.79222376768816 182.459156598263 6.19328726524876
7 30 75 305 3.4161957517452 182.06576233426 5.94457904631415
7 31 75 315 5.11372217139651 181.31578829469 5.92063781031756
7 32 75 325 8.50031229355342 180.522351510713 5.98894031365757
7 33 75 335 11.9447387049178 180.097032247534 6.02084803166535
7 34 75 345 12.2164352554579 179.995752550395 5.99954026269595
7 35 75 355 9.9230394491848 179.975380293508 5.9513533752294
8 0 85 5 9.35348773725879 180.02948999366 5.94721849877818
8 1 85 15 11.3688399246165 179.97924708181 5.95430918775497
8 2 85 25 11.6025453002097 179.932688609156 5.95136228847602
8 3 85 35 9.92959656586752 179.89780625324 5.9746836438398
8 4 85 45 7.70085424815819 180.152785598829 6.09187043032666
8 5 85 55 5.21748047989463 180.989551004629 6.36684260136174
8 6 85 65 3.40782168465629 181.716994149732 6.7316468031564
8 7 85 75 2.65434534586745 181.607746100326 6.99090280943692
8 8 85 85 2.50469018977002 181.215575183679 6.98058214634414
8 9 85 95 2.65442367386003 181.019127853579 6.70412515044072
8 10 85 105 2.94556359449733 180.763426947217 6.53862588196877
8 11 85 115 3.22782171452002 180.559567044355 6.51531453772659
8 12 85 125 3.45499295648075 180.880720239368 6.22677284261787
8 13 85 135 3.62805827421049 181.427320026161 5.96992587453606
8 14 85 145 3.69818262237301 181.913852295529 6.00860298918939
8 15 85 155 3.58176562381888 182.048899831416 5.87376680176497
8 16 85 165 3.4673374833931 181.808348822504 5.47668952994517
8 17 85 175 3.51167925756373 181.453855756816 5.17138455094397
8 18 85 185 3.68271358317749 181.150939858918 5.17492739506689
8 19 85 195 3.94309237047421 180.818508052802 5.46303534559513
8 20 85 205 4.22622950407035 180.399451305774 5.78307533160075
8 21 85 215 4.35205941088125 180.127742275214 6.08245494729555
8 22 85 225 4.24724642778846 180.357872031087 6.15748203903409
8 23 85 235 3.99044014885552 181.007835091988 6.02707966778455
8 24 85 245 3.66891271149747 181.658178350986 6.13591675203893
8 25 85 255 3.38431139095974 181.879534272504 6.3513580633602
8 26 85 265 3.09613140705367 181.955696750729 6.52296213763748
8 27 85 275 2.78887553884727 182.077882244813 6.42596854073147
8 28 85 285 2.64145280238063 182.313416547864 6.12147926940986
8 29 85 295 2.79005228272461 182.604228176972 5.96268437709527
8 30 85 305 3.43398500161346 182.309308148505 5.95701623707279
8 31 85 315 5.21972555599007 181.400036168949 5.98450221654586
8 32 85 325 8.71633335034738 180.467980712868 5.99570724771129
8 33 85 335 12.1349849068386 180.045249641144 5.99494011986223
8 34 85 345 12.1369742562579 180.008753195718 5.98228972610163
8 35 85 355 9.62666599591792 180.05023922414 5.95702756623305
9 0 95 5 9.29951503719926 180.058474272324 5.95218225384778
9 1 95 15 9.99908726845667 179.988613284318 5.9344677537082
9 2 95 25 9.49367595301602 179.93702583217 5.91395091462497
9 3 95 35 8.02276215648707 179.964248985566 5.98072924588858
9 4 95 45 6.34410326949276 180.370296802004 6.23354051615508
9 5 95 55 4.50576876104861 181.456266196164 6.62540794291583
9 6 95 65 3.09583545116641 182.539965242102 6.9017276420671
9 7 95 75 2.49079214875867 182.650227164842 6.94173307247314
9 8 95 85 2.42462710123411 182.048328650887 6.73677528769471
9 9 95 95 2.59197847011216 181.398363385294 6.32434580888985
9 10 95 105 2.83885226957917 180.966887151596 6.07089566189905
9 11 95 115 3.10358062395371 180.912781814376 6.16576208134172
9 12 95 125 3.3574195171826 181.274565134331 6.06422969592361
9 13 95 135 3.52883982218861 181.63575787739 5.8590470343361
9 14 95 145 3.6036687577013 181.968067608428 5.91379609158193
9 15 95 155 3.5278017157365 182.134753990174 5.86989071213999
9 16 95 165 3.47811218904859 181.949307978653 5.59907997752748
9 17 95 175 3.70694322794252 181.438378753739 5.40661190275583
9 18 95 185 4.08283349696698 180.932688437766 5.36752555859228
9 19 95 195 4.31884344300373 180.590615236523 5.4371438484356
9 20 95 205 4.41939078149662 180.45163504996 5.74717581671465
9 21 95 215 4.38189348761157 180.430648090467 6.1718970821479
9 22 95 225 4.18605032662631 180.675652312275 6.24131115559356
9 23 95 235 3.89646733232918 181.250104426882 6.08910518375873
9 24 95 245 3.60354225601056 181.758896385782 6.24001046640038
9 25 95 255 3.35072245707046 181.792847849228 6.25969468353272
9 26 95 265 3.06228272393245 181.727867061485 6.11325270523401
9 27 95 275 2.73291707739099 181.820821040554 6.00294530025776
9 28 95 285 2.55155618533208 182.095645359808 5.81381054886212
9 29 95 295 2.63336694347417 182.523639790472 5.75541482412462
9 30 95 305 3.24321677450078 182.360444360754 5.89552726112147
9 31 95 315 5.03520400750944 181.365271859008 5.9884431281071
9 32 95 325 8.54237426049328 180.375358379019 6.00641779389106
9 33 95 335 12.1072584093789 180.004918196312 6.00198458345666
9 34 95 345 12.4696345266045 180.013646886711 5.98463692753568
9 35 95 355 10.2219048229446 180.077009579397 5.96304969857731
10 0 105 5 9.66919658433825 180.01028976974 5.94086092217505
10 1 105 15 9.19315737733583 179.974172966893 5.91364977807936
10 2 105 25 9.30848944149941 179.961595272315 5.92138054703381
10 3 105 35 8.53087462194638 180.075896479938 6.00840056521657
10 4 105 45 6.4880808691449 180.572001421775 6.24279574518951
10 5 105 55 4.26751552170505 181.610585500791 6.49008734021025
10 6 105 65 2.75815951373038 182.622609503402 6.48260596894601
10 7 105 75 2.0697047270976 182.685778849927 6.33339348670584
10 8 105 85 1.94426545912482 181.908967755457 6.13126294270226
10 9 105 95 2.10196156538725 181.18752678526 5.81321963638116
10 10 105 105 2.39640947988286 181.056498027746 5.54454189841186
10 11 105 115 2.74994340227248 181.415614915816 5.72394377649442
10 12 105 125 3.10875654576047 181.769463639801 5.90593832418645
10 13 105 135 3.37861180290529 181.760048862098 5.788331244843
10 14 105 145 3.52002427078052 181.758791613072 5.70032986428678
10 15 105 155 3.48037264794569 181.802912764152 5.65375870010996
10 16 105 165 3.43235019700272 181.647876789346 5.5729661372938
10 17 105 175 3.6415220353129 181.283898058155 5.54198987216111
10 18 105 185 3.99877127151463 180.861161134106 5.49634215003007
10 19 105 195 4.20362095632367 180.538688817908 5.45888393814816
10 20 105 205 4.26818436177407 180.635494388398 5.73451295840468
10 21 105 215 4.22760505286292 180.888875476399 6.13457488313987
10 22 105 225 4.02590101668356 181.066884043469 6.09217492411172
10 23 105 235 3.67474988616731 181.357368768414 5.90051343955145
10 24 105 245 3.3252731547939 181.570183528995 6.12153420950131
10 25 105 255 3.06757588437269 181.419852188552 6.17845677664718
10 26 105 265 2.79164061131254 181.417908942798 5.99055368133301
10 27 105 275 2.4686756080177 181.640154019869 5.9262984831804
10 28 105 285 2.28480784843292 181.86471406919 5.74384099456336
10 29 105 295 2.31963007189958 182.113713093434 5.46758883042952
10 30 105 305 2.87245953838136 181.933198482139 5.43360278522283
10 31 105 315 4.60998686920445 181.069911370337 5.65696976676199
10 32 105 325 8.09088581637264 180.205730444548 5.92205988048383
10 33 105 335 11.9502508133748 179.933689519163 6.01408386612205
10 34 105 345 13.2080344721484 179.973747691726 5.99804174909047
10 35 105 355 11.6393742458747 180.019133122667 5.97145888904698
11 0 115 5 10.8571617211864 179.970757184852 5.9338386832181
11 1 115 15 10.2617335892705 179.963965731635 5.90580957737248
11 2 115 25 10.9894620809908 179.973891846926 5.93190892541962
11 3 115 35 10.1078707740258 180.091469758134 5.97614053959585
11 4 115 45 6.91441263365835 180.501144202002 6.05466553694608
11 5 115 55 3.9543221741593 181.212596835825 6.02717940657637
11 6 115 65 2.21504676712301 181.72594731172 5.67341664262627
11 7 115 75 1.30608463446324 181.505792935021 5.32571302835468
11 8 115 85 0.997538518502927 180.860880474164 5.18057658562552
11 9 115 95 1.11903411013469 180.546974355719 5.0676471485488
11 10 115 105 1.52626462345897 180.862414584423 5.01795726597573
11 11 115 115 2.10332787220549 181.518810277127 5.36509022621129
11 12 115 125 2.7137124177609 181.86606395768 5.75721206299663
11 13 115 135 3.18326118546058 181.625495195879 5.71764909689879
11 14 115 145 3.39681881675121 181.374752352943 5.47788249860424
11 15 115 155 3.32209111263179 181.282102881227 5.33281862487794
11 16 115 165 3.20122676603965 181.137853081625 5.30308384618395
11 17 115 175 3.2660886838465 180.959363069243 5.2981214261725
11 18 115 185 3.4549472414708 180.725074848809 5.19139915890574
11 19 115 195 3.59114524159019 180.534186396373 5.16754442756893
11 20 115 205 3.69920682984603 180.710091323075 5.47751825124935
11 21 115 215 3.76730124873153 180.95938778258 5.80822773109661
11 22 115 225 3.64258696610625 181.078733072696 5.7233147517748
11 23 115 235 3.29649252551994 181.181874629292 5.53595912944314
11 24 115 245 2.90603240924346 181.161051007262 5.7916476962973
11 25 115 255 2.60806873371196 181.012061701872 6.04789312645886
11 26 115 265 2.32328986888539 181.124531673294 5.94411626637666
11 27 115 275 2.00056674876008 181.365630187428 5.84260962111039
11 28 115 285 1.81958257110944 181.462615932888 5.65237648616175
11 29 115 295 1.89550903653796 181.498753658559 5.26204901023215
11 30 115 305 2.46917504662173 181.372559489896 5.09794103276792
11 31 115 315 4.10394654038858 180.795207981581 5.43012655443655
11 32 115 325 7.31367212310041 180.062889097334 5.90628860680981
11 33 115 335 11.191022168639 179.848393679527 6.05869960775103
11 34 115 345 13.3567226055966 179.928714957368 6.01901127155252
11 35 115 355 12.7944106216562 179.97076890444 5.97876177457347
12 0 125 5 12.6430290566814 179.964435118234 5.95825722438408
12 1 125 15 11.9021831942454 179.964820252894 5.92835774800812
12 2 125 25 11.4977468255713 179.971663728864 5.92818066851591
12 3 125 35 9.84799806420462 180.011354145834 5.92497915081173
12 4 125 45 6.39830063290033 180.125082210314 5.81828314569029
12 5 125 55 3.36134665691575 180.284778506057 5.47300112924786
12 6 125 65 1.51091108341788 180.30405800135 4.89561986766635
12 7 125 75 0.36936835036555 180.066132952054 4.43988039764859
12 8 125 85 -0.172647664596759 179.859187613738 4.28719019140212
12 9 125 95 -0.136998606433694 180.073327429593 4.30916994394678
12 10 125 105 0.370088320075801 180.719060909023 4.52139441865639
12 11 125 115 1.19097978853248 181.377745703641 5.05222251120463
12 12 125 125 2.05674069458568 181.499704294969 5.5914356089002
12 13 125 135 2.68435891541226 181.065135448347 5.6758830448864
12 14 125 145 2.96007376590663 180.738217190907 5.39675152847832
12 15 125 155 2.91384657678587 180.737859843907 5.11895716330224
12 16 125 165 2.79455257389799 180.784296704103 4.94010907226388
12 17 125 175 2.77546777869397 180.686600100072 4.82910684720372
12 18 125 185 2.81285381835938 180.480757554213 4.67544119890054
12 19 125 195 2.84001773155867 180.366663246719 4.69505817922074
12 20 125 205 2.96575612195426 180.43703986275 5.05917854095588
12 21 125 215 3.11738291879145 180.473353975246 5.38659384061144
12 22 125 225 3.05836158455038 180.5858511747 5.37977818301672
12 23 125 235 2.76885253702372 180.625038854104 5.23034387959398
12 24 125 245 2.40726655427416 180.456892299327 5.42314026924348
12 25 125 255 2.08344442632408 180.372082652373 5.74573167937642
12 26 125 265 1.77091678574421 180.516330548119 5.72829659073242
12 27 125 275 1.44713363696523 180.643782019724 5.665153196436
12 28 125 285 1.26555651617098 180.638258445829 5.60751149641588
12 29 125 295 1.38776630020083 180.645791230936 5.36210615174836
12 30 125 305 2.01693155456701 180.63321779867 5.21061261445186
12 31 125 315 3.5556115983677 180.306265545793 5.48743381017916
12 32 125 325 6.32537715834274 179.830859457817 5.96109692578796
12 33 125 335 9.93896287724486 179.77768306587 6.10348122003443
12 34 125 345 12.8881026942923 179.913719412782 6.03617544908357
12 35 125 355 13.5714764367907 179.961511286328 5.99050772695973
13 0 135 5 12.5347949293535 179.970754387859 5.96314921119636
13 1 135 15 11.1447333654886 179.97333674031 5.92212792385345
13 2 135 25 9.72620500078591 179.966918635567 5.92267093911782
13 3 135 35 8.00745161911377 179.912875388857 5.9987900237714
13 4 135 45 5.32373691699369 179.744792832207 5.87000536548674
13 5 135 55 2.77397345099286 179.485714921528 5.28711546093284
13 6 135 65 1.00729761919009 179.240891751955 4.63222594213777
13 7 135 75 -0.212366532743 179.129516523561 4.20939460495675
13 8 135 85 -0.896901164804258 179.286076914863 4.04044718174767
13 9 135 95 -0.95324656912533 179.794233949907 4.09702484741597
13 10 135 105 -0.411478859589334 180.47398473534 4.45364861579103
13 11 135 115 0.522419056639443 180.82403562676 5.13570192948073
13 12 135 125 1.44636779344965 180.526752011614 5.78659753198526
13 13 135 135 2.03493899742496 179.954452259983 5.91338755007827
13 14 135 145 2.29059774379093 179.720768247821 5.524901123076
13 15 135 155 2.32768029060658 179.926339354699 5.00939089272884
13 16 135 165 2.29802383106325 180.228323860027 4.62184099259976
13 17 135 175 2.29134280250453 180.219310110278 4.42284920162812
13 18 135 185 2.27340598459218 180.014924053656 4.28806056496759
13 19 135 195 2.24011428583279 179.913401677982 4.34625211349574
13 20 135 205 2.33866204311542 179.814773594244 4.77386548461388
13 21 135 215 2.48154103606745 179.63667929422 5.21968258405654
13 22 135 225 2.45359392383009 179.701511470239 5.37942150659804
13 23 135 235 2.24339513925743 179.729771718351 5.35443551340178
13 24 135 245 1.95029570099594 179.585706154057 5.53801444627366
13 25 135 255 1.6212568488032 179.517214594002 5.78418068301332
13 26 135 265 1.26087229923323 179.490888507369 5.75990101487352
13 27 135 275 0.9215527884627 179.380151782738 5.7302500950715
13 28 135 285 0.742666142202141 179.240977646635 5.73720159885684
13 29 135 295 0.879980579390168 179.256336268819 5.61598195684727
13 30 135 305 1.55710883079079 179.380764297886 5.51571972376064
13 31 135 315 3.10596517677254 179.469007377869 5.64704966384351
13 32 135 325 5.65429871350949 179.633220163362 5.95041871942563
13 33 135 335 9.0816391700917 179.876214043629 6.06827678867908
13 34 135 345 12.4240145378453 179.975596529843 6.02852357630417
13 35 135 355 13.4894432197133 179.972571970793 5.9924960578669
14 0 145 5 10.8426111973965 179.980621498868 5.93915268091119
14 1 145 15 9.43449863789313 179.984938486847 5.90075202749563
14 2 145 25 8.97242530909932 179.95629896657 5.95065178383668
14 3 145 35 7.76194126010774 179.820094012026 6.13300986018894
14 4 145 45 5.04964489308957 179.506417533595 6.05682215166788
14 5 145 55 2.47372067531575 179.100455518479 5.37351571375729
14 6 145 65 0.833051360389218 178.745753113513 4.74872489672196
14 7 145 75 -0.231445490505794 178.624506978818 4.49019336226543
14 8 145 85 -0.832768240822909 178.806252883015 4.43488585616801
14 9 145 95 -0.873380651026143 179.2051652361 4.56000115345887
14 10 145 105 -0.371429635183824 179.574039350905 4.94930974926012
14 11 145 115 0.43996443454103 179.582740935194 5.52739051119535
14 12 145 125 1.17206397984585 179.218033154204 5.92829027744394
14 13 145 135 1.59250526396226 178.917097128513 5.89140760157944
14 14 145 145 1.7992776932221 178.95830981048 5.45755528131828
14 15 145 155 1.90573258786671 179.289948608624 4.87630086841051
14 16 145 165 1.95034432444792 179.653412887208 4.43502011546128
14 17 145 175 1.96930639631023 179.704109077213 4.22170182036741
14 18 145 185 1.94116494500604 179.550829194408 4.14940433931454
14 19 145 195 1.90805572362341 179.440245527914 4.2809988727811
14 20 145 205 1.99141248922184 179.204521002915 4.81532336467869
14 21 145 215 2.1108300007012 178.982870176329 5.48041122873375
14 22 145 225 2.09060712851041 179.104539620824 5.83295516832524
14 23 145 235 1.93877043917035 179.16550648149 5.89742652518702
14 24 145 245 1.71261447449078 179.007833486698 6.01187150038286
14 25 145 255 1.38870386437223 178.846115889317 6.10056111432758
14 26 145 265 0.986809107844867 178.61381901135 6.05121955707531
14 27 145 275 0.619655636357491 178.249794783541 6.00838289145514
14 28 145 285 0.429784812173531 177.97499496512 5.93946790895177
14 29 145 295 0.553932737806606 177.976547760055 5.8272152949612
14 30 145 305 1.22510933877068 178.274565970797 5.75357383617434
14 31 145 315 2.74022405588015 178.897967659267 5.75243853992066
14 32 145 325 5.17989738438718 179.690920566588 5.88777506437043
14 33 145 335 8.60346486489988 180.097299090473 6.00279992852156
14 34 145 345 12.0847104488008 180.066798035055 6.01247273468666
14 35 145 355 12.7287315885489 179.987684623592 5.98287336009667
15 0 155 5 10.9577801491179 179.981593671675 5.9398607532128
15 1 155 15 10.2101322970058 179.983137828124 5.91991286213005
15 2 155 25 10.4692153894556 179.935386315678 5.99529000697509
15 3 155 35 8.80590824104516 179.769442714153 6.16701534836605
15 4 155 45 5.24923717535788 179.47082447487 6.07019591378389
15 5 155 55 2.3746377513292 179.118677173069 5.42916321971452
15 6 155 65 0.859421746031286 178.727631248569 4.92723023283349
15 7 155 75 0.0354325300510318 178.399261082089 4.83967294629661
15 8 155 85 -0.361691392365561 178.220517631603 4.94977829768199
15 9 155 95 -0.310213033705103 178.194534102947 5.17384643824415
15 10 155 105 0.109093854145209 178.199230222334 5.46409619336421
15 11 155 115 0.67719284743247 178.176344850355 5.68318307055986
15 12 155 125 1.15457490019161 178.244015912086 5.64349620708062
15 13 155 135 1.45183303478749 178.515441073192 5.40012868646563
15 14 155 145 1.66640344863966 178.867980488979 5.06378997948979
15 15 155 155 1.8387769875491 179.226357138165 4.7285331192075
15 16 155 165 1.93102266326392 179.497420328104 4.45095700726274
15 17 155 175 1.95612726802921 179.5543075462 4.27621749167343
15 18 155 185 1.91170929670452 179.49664287268 4.2306658991112
15 19 155 195 1.89258154742415 179.409029022306 4.37848309967049
15 20 155 205 1.99965731580808 179.119225962802 4.90748202300621
15 21 155 215 2.11677203532307 178.926776055888 5.61282360792842
15 22 155 225 2.06400346065711 179.090641275564 6.00315571735053
15 23 155 235 1.91607231020767 179.206276003402 6.11323487043684
15 24 155 245 1.72705621646118 179.046580351855 6.20274569975283
15 25 155 255 1.4180760605866 178.814931293095 6.25409595841927
15 26 155 265 1.01188884718123 178.48465555328 6.32704573972191
15 27 155 275 0.626487458037914 177.959972744254 6.33037703662589
15 28 155 285 0.407683216163499 177.623864823639 6.19164114724539
15 29 155 295 0.492427256177938 177.658597920099 6.03594001147407
15 30 155 305 1.10800619880076 178.0337326671 5.88399502021308
15 31 155 315 2.58075899054736 178.866398079643 5.75007538143951
15 32 155 325 5.19970739020305 179.852218745058 5.81583252243497
15 33 155 335 8.94656722807601 180.201577062718 5.95392826586603
15 34 155 345 12.3354600562871 180.079777963247 5.99904238727858
15 35 155 355 12.7683604819202 179.986000324097 5.98048336543703
16 0 165 5 12.97420890352 179.971679353435 5.97335132788117
16 1 165 15 12.6241310772089 179.968743302704 5.96868092608692
16 2 165 25 11.860846482584 179.920840413019 6.03003684402434
16 3 165 35 8.90006823224232 179.791654887135 6.16820359985712
16 4 165 45 5.09952445795749 179.628217363544 6.09015461401557
16 5 165 55 2.44626750554354 179.445775967296 5.54479750971133
16 6 165 65 1.06883221481819 179.091373002203 5.07772944994576
16 7 165 75 0.387034862792565 178.561920524417 4.9815586504338
16 8 165 85 0.120806252706768 177.99874886869 5.13064902430592
16 9 165 95 0.214334707533664 177.634914079945 5.4029052102948
16 10 165 105 0.572534413520853 177.51782886183 5.5670626960736
16 11 165 115 1.01666806896663 177.630756964398 5.51150658034942
16 12 165 125 1.39347457914108 178.052943603421 5.27934223046794
16 13 165 135 1.6714687357244 178.664847527306 4.99076464389369
16 14 165 145 1.91324873040753 179.104213711848 4.79413560991969
16 15 165 155 2.12143362523462 179.413247790446 4.74241367867164
16 16 165 165 2.22087297564195 179.645126466994 4.6610476196079
16 17 165 175 2.23075231174047 179.739632921703 4.53383215234484
16 18 165 185 2.19411090290034 179.755667973195 4.46212681129442
16 19 165 195 2.19475587619997 179.673654362594 4.49101501869368
16 20 165 205 2.3141703404109 179.421683994016 4.78514342291985
16 21 165 215 2.41206718628413 179.35709050837 5.24603518404347
16 22 165 225 2.30211958344926 179.567542409649 5.58217013536997
16 23 165 235 2.10281870309286 179.69422507686 5.81575248934758
16 24 165 245 1.88936379923802 179.603509595294 6.04051537184712
16 25 165 255 1.59394197611437 179.418707640308 6.22941838130108
16 26 165 265 1.21589481121835 179.064628203749 6.46587934272197
16 27 165 275 0.842681178145628 178.48409583756 6.54724356365986
16 28 165 285 0.616114242822876 178.199849472464 6.42984929395831
16 29 165 295 0.654470458107873 178.306651946657 6.25403680844225
16 30 165 305 1.18524816837774 178.610651783625 5.93865656586877
16 31 165 315 2.61471025551124 179.220197357096 5.64726906121128
16 32 165 325 5.42202698552204 179.956625556284 5.73609135091596
16 33 165 335 9.39321649539121 180.150934524464 5.93713817492216
16 34 165 345 12.6708404676815 180.028647109695 6.00322501441467
16 35 165 355 13.5889004560236 179.971224720868 5.99424291710366
17 0 175 5 14.1941529566384 179.962561745883 6.000135354713
17 1 175 15 14.0268822422418 179.962573849614 5.99417942196785
17 2 175 25 12.6719512657122 179.945039068481 6.01572653269165
17 3 175 35 9.34671320203129 179.926928241129 6.07642822029997
17 4 175 45 5.57867316988326 179.954059503617 6.00917674991418
17 5 175 55 2.95913706342913 179.923133502705 5.59112106057308
17 6 175 65 1.56632738098677 179.625084748487 5.12022069170057
17 7 175 75 0.9341130362059 179.105261296235 4.94609939137376
17 8 175 85 0.721054751385759 178.541640875677 5.06854218619751
17 9 175 95 0.802436159158716 178.166096884991 5.37067638655545
17 10 175 105 1.1304075450345 178.048109472056 5.51315671328758
17 11 175 115 1.57632345748007 178.149084604963 5.42268161851226
17 12 175 125 1.97285552257726 178.575449405122 5.22965199775155
17 13 175 135 2.28828401812105 179.210404834224 4.98488907951697
17 14 175 145 2.59163523480192 179.528451792169 4.86898867647496
17 15 175 155 2.84064975588985 179.621005078499 4.92494207339733
17 16 175 165 2.90129255502695 179.774735990574 4.95378914683835
17 17 175 175 2.8503863893847 179.975609334369 4.91635558330677
17 18 175 185 2.7998870033922 180.081029668988 4.80826443633586
17 19 175 195 2.79811560026743 179.988653521072 4.64483848935637
17 20 175 205 2.89775541756094 179.782561363696 4.66857247228712
17 21 175 215 2.95267661234547 179.808128187709 4.89030917305109
17 22 175 225 2.80910726955396 180.023180153023 5.21273448504125
17 23 175 235 2.58036863390347 180.159168138143 5.56294854144649
17 24 175 245 2.31692731363844 180.187595396253 5.87822223009173
17 25 175 255 1.98132476051245 180.106864675391 6.12816169645514
17 26 175 265 1.5816483561215 179.838473296709 6.38909805787179
17 27 175 275 1.21425467697778 179.359058268276 6.51937779110909
17 28 175 285 0.988910019499016 179.164429449437 6.51227317988092
17 29 175 295 0.966941646543099 179.359092609122 6.36273212600438
17 30 175 305 1.40314709883645 179.65662545965 5.90475732980655
17 31 175 315 2.66219856700058 179.929051373862 5.52217309518092
17 32 175 325 4.97969297195844 180.11141217625 5.73661037978252
17 33 175 335 8.32250566018997 180.005489637042 6.10403427371841
17 34 175 345 11.7225500966262 179.914147792212 6.14605593924969
17 35 175 355 13.6950420917416 179.939676368188 6.04671675893734
18 0 185 5 14.3196990796101 179.955050586797 6.0164326050553
18 1 185 15 14.4017927018568 179.963436114194 5.99812196201723
18 2 185 25 13.5708936484358 179.966003978123 5.99620415741586
18 3 185 35 11.0169152128814 180.02194776593 5.99339072456332
18 4 185 45 7.16801372445296 180.216306676477 5.92562121026223
18 5 185 55 4.02247093525987 180.398169940219 5.63318664409719
18 6 185 65 2.39248602662053 180.258551284842 5.21861803862875
18 7 185 75 1.77210286134904 179.921543428663 5.03796224865178
18 8 185 85 1.59406680425208 179.613933898537 5.11166462699679
18 9 185 95 1.65653051190253 179.394067692209 5.37857228531392
18 10 185 105 1.9581246969222 179.234492681597 5.53154770123873
18 11 185 115 2.41101389076194 179.204606672651 5.49732164179298
18 12 185 125 2.81464050224552 179.524905892627 5.41503131793865
18 13 185 135 3.17147440005306 180.008465040526 5.29126805251532
18 14 185 145 3.62891474907648 180.08549119402 5.24321860803787
18 15 185 155 4.09347796342027 179.929316216866 5.32954247885955
18 16 185 165 4.17165798744267 179.991179563027 5.40733771310397
18 17 185 175 3.89308835193584 180.247204642996 5.40366356163857
18 18 185 185 3.65239391874877 180.392782121458 5.24689304742108
18 19 185 195 3.58035126767426 180.289628018672 4.97241546985495
18 20 185 205 3.6784557354369 180.027105396086 4.87163872648839
18 21 185 215 3.77992525898468 179.901743002509 4.98422698985484
18 22 185 225 3.72213974998345 179.952139182337 5.23886253524965
18 23 185 235 3.51932518448922 180.162540203497 5.56450041940963
18 24 185 245 3.13910686460687 180.376054072719 5.84024484046291
18 25 185 255 2.67131443460553 180.431019397723 5.99952236940737
18 26 185 265 2.19043878162225 180.489757909538 6.13550555494788
18 27 185 275 1.7850234727777 180.399893048717 6.18193563073124
18 28 185 285 1.51926653664025 180.295417558309 6.20569055901661
18 29 185 295 1.42008007724253 180.450930957421 6.09223978297656
18 30 185 305 1.80921782436567 180.630989752316 5.6653109414354
18 31 185 315 2.94294311663904 180.520536126497 5.40485735930179
18 32 185 325 4.64007933451081 180.098493229776 5.92374360106874
18 33 185 335 7.00138314813656 179.636921373467 6.61065419724899
18 34 185 345 10.2540892402069 179.654553279026 6.53358134408407
18 35 185 355 13.1144917337898 179.869569677944 6.16589385843743
19 0 195 5 14.3085602952833 179.951646975924 6.02279180695562
19 1 195 15 14.4895639656019 179.963997914613 5.99859349450003
19 2 195 25 14.162307113391 179.967462604791 5.99575026195116
19 3 195 35 12.4972031855633 180.043871772389 5.99692080937659
19 4 195 45 8.94960627532096 180.378209843913 5.99763140479241
19 5 195 55 5.32665867349429 180.884784871882 5.87573220420808
19 6 195 65 3.36498973890397 181.127193209967 5.65834619001645
19 7 195 75 2.73650084138983 181.118920581511 5.58859056116397
19 8 195 85 2.59357619663229 180.943996893693 5.50162776605653
19 9 195 95 2.65643104256239 180.64671933169 5.53589318223419
19 10 195 105 2.94603060722917 180.323467466265 5.58909737581496
19 11 195 115 3.37989738783382 180.164694137382 5.5334524535687
19 12 195 125 3.76397789240676 180.349638912924 5.5537703660194
19 13 195 135 4.16024138921782 180.55206099856 5.6400398400683
19 14 195 145 4.75527571067897 180.452278818806 5.67678632350016
19 15 195 155 5.64411228895557 180.279951867537 5.75816213889997
19 16 195 165 6.01444543985955 180.31361689643 5.81711189350145
19 17 195 175 5.27209376044688 180.467047922353 5.74869472554847
19 18 195 185 4.53516501392132 180.512793311823 5.59018189172252
19 19 195 195 4.30591880818421 180.388211333761 5.41183929599913
19 20 195 205 4.48873288979421 180.088983356847 5.35913587688018
19 21 195 215 4.88140798022878 179.861552133931 5.43904246632694
19 22 195 225 5.07593113765062 179.857419636722 5.58115859672949
19 23 195 235 4.78256078649907 180.211432909671 5.77878188567534
19 24 195 245 4.09083769515009 180.583743872739 5.93484308170585
19 25 195 255 3.46473028244653 180.767163200402 5.96836313557577
19 26 195 265 2.94676484898765 181.225216162906 5.95900887149225
19 27 195 275 2.47890586402182 181.566362114277 5.84270841794166
19 28 195 285 2.1470565051437 181.4998113267 5.7654902051016
19 29 195 295 2.02560616973578 181.475040449946 5.74414537075892
19 30 195 305 2.48630257724584 181.305137198883 5.59541167645826
19 31 195 315 3.66613962150024 180.739718982985 5.54629658494349
19 32 195 325 5.09481913759998 179.969832564101 6.1524067290752
19 33 195 335 6.99659396126264 179.391946036078 6.90136121973274
19 34 195 345 10.0872098966009 179.506758354838 6.73180265299617
19 35 195 355 13.0364308228799 179.831333625707 6.22580878458895
20 0 205 5 14.4163781854162 179.957468388623 6.01140117419542
20 1 205 15 14.5058412821185 179.9640018 5.99880006
20 2 205 25 14.3328273196837 179.966351535803 5.99920861222691
20 3 205 35 13.1218912010173 180.045342586017 6.01856149383768
20 4 205 45 9.99105923486624 180.422909897834 6.07620994911747
20 5 205 55 6.29083311934392 181.08729801157 6.09554257406763
20 6 205 65 4.18268891327212 181.687030075742 6.13684895824445
20 7 205 75 3.49787101665581 182.10869777893 6.25131547974504
20 8 205 85 3.34699948175845 182.000103862967 6.00952890883431
20 9 205 95 3.43905336702238 181.458445060849 5.79402582948597
20 10 205 105 3.7665521531063 180.915279665709 5.77027520456246
20 11 205 115 4.28365808997235 180.562649085856 5.68508232078211
20 12 205 125 4.80636441937354 180.506361949718 5.65215135124358
20 13 205 135 5.31470732971463 180.494703734433 5.78539712132737
20 14 205 145 6.00513964272636 180.423055974375 5.88699576154507
20 15 205 155 7.15107490617822 180.362303852318 5.94841499228096
20 16 205 165 7.72343592092086 180.343563135771 5.94314455609953
20 17 205 175 6.48991372706378 180.362297011087 5.81720754284576
20 18 205 185 5.15894700610747 180.368939839149 5.68102866246443
20 19 205 195 4.67348131661833 180.352301006968 5.6683399311485
20 20 205 205 4.94145120774689 180.207448473905 5.79738963691199
20 21 205 215 5.73043052750386 180.056263606653 5.89124967508754
20 22 205 225 6.3204890250346 180.060758720883 5.90978373558432
20 23 205 235 5.96284198282663 180.465012316244 5.9643726084298
20 24 205 245 4.89847321706716 180.983782235916 6.01520206308065
20 25 205 255 4.10965105413269 181.266006034029 6.01933571041365
20 26 205 265 3.60472700418002 181.764071547413 6.01141544662215
20 27 205 275 3.12042780804816 182.168800594588 5.84083316676988
20 28 205 285 2.79073310721396 182.078069250766 5.74008213517792
20 29 205 295 2.75385455285543 181.932983835739 5.93857594211774
20 30 205 305 3.37480276984884 181.558467648374 6.06731948218666
20 31 205 315 4.74945910925746 180.791563679746 5.95833598751251
20 32 205 325 6.25489871323769 180.087239932405 6.11478302236842
20 33 205 335 8.22193870056683 179.71469155423 6.44133231230311
20 34 205 345 11.303499212478 179.749298694633 6.36220884210236
20 35 205 355 13.6484368121129 179.898946460356 6.11402867344262
21 0 215 5 14.4915095339332 179.962853484032 6.00100677514744
21 1 215 15 14.5058412821185 179.9640018 5.99880006
21 2 215 25 14.2966537880479 179.967229786335 6.00093883229777
21 3 215 35 12.9550729528723 180.041167295391 6.03138803573634
21 4 215 45 9.85029885961604 180.362121289274 6.12082608154521
21 5 215 55 6.5857281494197 180.897366138218 6.18026131010829
21 6 215 65 4.73514286690138 181.456932033006 6.19931642305946
21 7 215 75 3.94810104776454 182.040933086587 6.23427643886136
21 8 215 85 3.72165207577815 182.087621047334 5.98065325826055
21 9 215 95 3.82737079975515 181.552065652855 5.77198492140153
21 10 215 105 4.20606118918911 180.929750839293 5.83870193577268
21 11 215 115 4.96664629973311 180.461403911052 5.89676339685865
21 12 215 125 5.82218447303388 180.286413864589 5.83687403896248
21 13 215 135 6.43653108714627 180.243675442416 5.84891316390178
21 14 215 145 7.34874173006437 180.221110192839 5.92396681409762
21 15 215 155 8.32149566663745 180.250875417237 5.97120008122063
21 16 215 165 8.13617050043179 180.277761447877 5.93803016413059
21 17 215 175 6.71319203306942 180.23300597388 5.80708546804295
21 18 215 185 5.44743052351296 180.224462970289 5.66137371677051
21 19 215 195 4.90253818728834 180.367377130095 5.75659705329553
21 20 215 205 5.21918240025261 180.485332251272 6.11823086242649
21 21 215 215 6.25695053206309 180.40130219423 6.23534724563527
21 22 215 225 7.37665138751608 180.268649201305 6.10642525350854
21 23 215 235 7.3601962963664 180.520746842352 6.09036557543347
21 24 215 245 5.86372970906583 181.010855609729 6.15599897847492
21 25 215 255 4.57211101705152 181.242661690714 6.15640304819491
21 26 215 265 3.94048353967564 181.547468246377 6.12941499166372
21 27 215 275 3.54417657704042 181.871552073447 5.96574630716171
21 28 215 285 3.34862381519836 181.765356078608 5.9470985245827
21 29 215 295 3.42012479753789 181.492141899601 6.26501195929039
21 30 215 305 4.13279234841523 181.213224439795 6.41655983908213
21 31 215 315 5.90789413391501 180.702990805042 6.1822035655576
21 32 215 325 8.10613040942343 180.220641502972 6.01741596540944
21 33 215 335 10.2062694785193 180.011166838807 6.03059621154253
21 34 215 345 12.6619827862202 179.962044466587 6.03867414016785
21 35 215 355 14.1560269521412 179.958879082501 6.0148077206197
22 0 225 5 14.5058412821185 179.9640018 5.99880006
22 1 225 15 14.5058412821185 179.9640018 5.99880006
22 2 225 25 14.2547868686276 179.966941876016 6.00050465765564
22 3 225 35 12.7655423622892 180.016331650874 6.02324640437292
22 4 225 45 9.68082984762676 180.213041218817 6.08695731278879
22 5 225 55 6.81544988323066 180.537714369095 6.1015882999301
22 6 225 65 5.13096147828509 180.934319191536 6.00650165360638
22 7 225 75 4.32028861968948 181.388641597436 5.89569566329782
22 8 225 85 4.19142251543726 181.401582037058 5.69412007119332
22 9 225 95 4.36477552523279 180.937897133298 5.61152233322905
22 10 225 105 4.71207224830998 180.38213290859 5.80755717107406
22 11 225 115 5.76361802838113 180.044751320447 6.01075651604885
22 12 225 125 7.05477722989172 180.04109681581 5.9699767548675
22 13 225 135 7.55579228538235 180.105234644291 5.88715853955077
22 14 225 145 8.55965252172482 180.102215581291 5.91592594158854
22 15 225 155 9.27371855469612 180.198553325251 5.95472926960993
22 16 225 165 7.82724727901127 180.362416864218 5.92108382747614
22 17 225 175 6.2250324529931 180.334521650556 5.81942776482521
22 18 225 185 5.57121176073817 180.237275617621 5.70510988356793
22 19 225 195 5.5544245178724 180.34611393062 5.83047424885118
22 20 225 205 6.42679289326 180.540405282254 6.23827596153348
22 21 225 215 7.85940372142642 180.466739915605 6.34408843030972
22 22 225 225 9.21666768523678 180.241439913533 6.15311911754904
22 23 225 235 9.11758122740036 180.283414477155 6.09085898193266
22 24 225 245 6.77509613099889 180.53492203846 6.10917399808566
22 25 225 255 4.68203517935361 180.67621695589 5.99974914218772
22 26 225 265 3.82763901376554 180.985278796151 5.88204838330031
22 27 225 275 3.56776500783428 181.413482392453 5.8227638461451
22 28 225 285 3.55725980500169 181.272297540635 5.92212498398918
22 29 225 295 3.68581410425826 180.801318869981 6.1032475766645
22 30 225 305 4.38692533567954 180.734015612882 6.12015194411913
22 31 225 315 6.75794179957677 180.620019109923 6.01604724437969
22 32 225 325 10.2544728134725 180.257085854461 5.96858634543752
22 33 225 335 12.5608366754174 180.039384596726 5.9715712696571
22 34 225 345 13.8190598103385 179.982852757207 5.98653501714176
22 35 225 355 14.3958565626022 179.967336197095 5.99663782471966
23 0 235 5 14.5058412821185 179.9640018 5.99880006
23 1 235 15 14.5058412821185 179.9640018 5.99880006
23 2 235 25 14.2519577091215 179.965984384006 5.99852901597535
23 3 235 35 12.7643786498611 179.989077088293 5.99556651391131
23 4 235 45 9.73207829175737 180.073199717247 5.97233987635812
23 5 235 55 6.95616820964244 180.236243982776 5.89911921064506
23 6 235 65 5.3518260488326 180.506525124623 5.81514089246541
23 7 235 75 4.76277774125058 180.766361703653 5.76398000862078
23 8 235 85 4.94733273231205 180.634704052489 5.70140225210749
23 9 235 95 5.27714898480133 180.186021964716 5.79917672997324
23 10 235 105 5.62494844094623 179.701759150355 6.10059012622687
23 11 235 115 7.07802746439723 179.544697783887 6.27032987208851
23 12 235 125 9.00678923018277 179.778625940846 6.12837158439266
23 13 235 135 9.50434666821521 179.977946580768 5.97274779340663
23 14 235 145 10.0711808479081 180.030124844884 5.95128196726653
23 15 235 155 10.046397699729 180.140226031645 5.94909458828177
23 16 235 165 7.67831136777404 180.319122766917 5.88506487279638
23 17 235 175 5.86052674215803 180.334863694946 5.79729344287853
23 18 235 185 5.7189977211622 180.20201865147 5.74827982167684
23 19 235 195 6.64055443018413 180.154521284196 5.84156221792541
23 20 235 205 8.39564749542128 180.22726372558 6.07572195235757
23 21 235 215 9.75053759474587 180.201086956736 6.13521095055481
23 22 235 225 10.2023821542404 180.076613185403 6.01344438041749
23 23 235 235 9.23422439271713 180.000394501357 5.91846038321834
23 24 235 245 6.55052219056229 180.007160224656 5.80799822420781
23 25 235 255 4.39274773406621 180.174862536442 5.59403022314233
23 26 235 265 3.60162247183782 180.667404549366 5.43008408865626
23 27 235 275 3.48109664260357 181.211820422188 5.46589189174934
23 28 235 285 3.58858028694684 181.136478571364 5.61734226127461
23 29 235 295 3.71841096493145 180.70063153971 5.62809874214727
23 30 235 305 4.42356154984632 180.647406147475 5.61904391753185
23 31 235 315 7.18182459132026 180.563159204768 5.76156109966474
23 32 235 325 11.4234930478245 180.220937526723 5.92179308427551
23 33 235 335 13.8352911878419 180.007811182905 5.98610177032269
23 34 235 345 14.3996421893076 179.966882089862 5.99693537869809
23 35 235 355 14.488778945664 179.964514996995 5.99846742231812
24 0 245 5 14.5058412821185 179.9640018 5.99880006
24 1 245 15 14.5058412821185 179.9640018 5.99880006
24 2 245 25 14.2965814939214 179.965633517974 5.99727237013609
24 3 245 35 12.9936502637862 179.978458505053 5.976224608259
24 4 245 45 10.0793403499746 180.018383237426 5.8866652633044
24 5 245 55 7.11056772196481 180.103729582521 5.7371778040895
24 6 245 65 5.52235493376793 180.255067694701 5.66225268369072
24 7 245 75 5.1634922294667 180.350644531283 5.69514769243842
24 8 245 85 5.43676450315703 180.170581068073 5.78327992491042
24 9 245 95 5.87064947321089 179.794369115845 6.02476856215259
24 10 245 105 6.50735429179116 179.420391154294 6.33857597393283
24 11 245 115 8.14249894583749 179.357800062127 6.43513652443902
24 12 245 125 9.87073075869746 179.612509446348 6.28030989058034
24 13 245 135 10.428046143452 179.838204629071 6.12746559327149
24 14 245 145 10.6195680837735 179.999750656429 6.04045370994174
24 15 245 155 9.73340473270755 180.153886325674 5.96586679118251
24 16 245 165 7.30031821929299 180.217551348773 5.84947618874389
24 17 245 175 5.76653347974391 180.145114342815 5.74950500139213
24 18 245 185 5.85674443341867 180.036446634346 5.73786285742719
24 19 245 195 7.06411072218634 179.97557667992 5.79896363719794
24 20 245 205 8.59642458277194 179.989346314197 5.86777656248319
24 21 245 215 8.89159429834563 180.021025471809 5.86033952108814
24 22 245 225 8.23656931242886 180.002142737828 5.79011581190299
24 23 245 235 7.14492970852197 179.897624398721 5.71328356317017
24 24 245 245 5.51112737072357 179.817282352997 5.58477145735856
24 25 245 255 4.20536142381399 180.048451516667 5.40204761396808
24 26 245 265 3.70724202520049 180.578683799842 5.29714074520301
24 27 245 275 3.70352403481562 180.993940120054 5.35783490786001
24 28 245 285 3.84477033673447 180.917680231763 5.47005988383596
24 29 245 295 3.9126753371886 180.609354553724 5.41377723186146
24 30 245 305 4.66532013531446 180.543277885388 5.47474423488361
24 31 245 315 7.551100089916 180.451150671717 5.75478245408761
24 32 245 325 11.790053782131 180.17149789882 5.94906354445497
24 33 245 335 14.0945774043188 179.996172368939 5.99577548860691
24 34 245 345 14.5058412821185 179.9640018 5.99880006
24 35 245 355 14.5058412821185 179.9640018 5.99880006
25 0 255 5 14.5058412821185 179.9640018 5.99880006
25 1 255 15 14.5058412821185 179.9640018 5.99880006
25 2 255 25 14.4129415142015 179.964836208486 5.99788022631818
25 3 255 35 13.6233927249246 179.969939860023 5.97868309124664
25 4 255 45 11.1673612711752 179.98618289811 5.88902307915039
25 5 255 55 7.80431536197735 180.036375672304 5.74428662683028
25 6 255 65 5.86525279646297 180.132863933356 5.70152710245252
25 7 255 75 5.40644216468806 180.14987187479 5.78385913489221
25 8 255 85 5.46573807408849 179.945207933614 5.91209638270961
25 9 255 95 5.93986537605049 179.653483004553 6.127745182137
25 10 255 105 6.90254483892663 179.475341131395 6.30513022396813
25 11 255 115 8.14116657713692 179.505422690751 6.34268969509958
25 12 255 125 8.56397152052108 179.653853465441 6.3079836814967
25 13 255 135 8.71478394651319 179.823491389442 6.23622794982281
25 14 255 145 8.93238013233596 180.090038898565 6.11821909486242
25 15 255 155 8.02958470220152 180.334985462793 6.01094730975074
25 16 255 165 6.42746564142068 180.278137032776 5.8795945766746
25 17 255 175 5.59237019068256 180.029555268515 5.75163534089167
25 18 255 185 5.66998029115463 179.90737788285 5.69701773090397
25 19 255 195 6.31760298566915 179.908686656272 5.7162732271433
25 20 255 205 6.8392090816832 179.940829329095 5.7020510097748
25 21 255 215 6.56113385254105 179.994731196779 5.6457159044997
25 22 255 225 5.99871023318426 180.007116913851 5.60050679159442
25 23 255 235 5.54740123392591 179.953714455139 5.58037196412537
25 24 255 245 4.95199531071968 179.967453321584 5.51105681203254
25 25 255 255 4.36282273880691 180.211538002803 5.461741901334
25 26 255 265 4.0876900257873 180.488926658636 5.56859179224298
25 27 255 275 4.08463892065638 180.573095851124 5.7284530555952
25 28 255 285 4.14073174416328 180.482450322534 5.75852313064142
25 29 255 295 4.17081124956793 180.321560026931 5.64326426770052
25 30 255 305 5.11692276192196 180.314627404617 5.66354403805538
25 31 255 315 8.09583216537602 180.324363452163 5.88287241128397
25 32 255 325 11.9130388503958 180.145124086036 5.99923874325801
25 33 255 335 13.9195184098263 180.000635735792 6.0008426198369
25 34 255 345 14.3981291581189 179.967527337454 5.99693670937284
25 35 255 355 14.4885576078085 179.964628960277 5.99846803169917
26 0 265 5 14.4892986302627 179.964243274861 5.99847731380521
26 1 265 15 14.5058412821185 179.9640018 5.99880006
26 2 265 25 14.475096101896 179.964766101397 5.99882069784144
26 3 265 35 13.9462446873619 179.96644050089 5.98316273820688
26 4 265 45 11.667838884108 179.963330189225 5.8940207934986
26 5 265 55 7.99014531901481 179.977644753207 5.75709438832143
26 6 265 65 5.79863881432752 180.049491544345 5.80195652584758
26 7 265 75 5.25467078681162 180.022666453095 6.05169892763795
26 8 265 85 5.21605377721037 179.739395730412 6.23251652180406
26 9 265 95 5.63238002719583 179.502565801279 6.28209031973399
26 10 265 105 6.35077608747839 179.495384311352 6.24867871405953
26 11 265 115 6.94674481210286 179.605392827385 6.22494051242175
26 12 265 125 7.06534954028756 179.791842502108 6.21365020248426
26 13 265 135 7.61485675286126 179.973814805168 6.16812291362545
26 14 265 145 8.31684684924952 180.20333594462 6.1021303030807
26 15 265 155 7.65627003324514 180.39390506183 6.05743780806086
26 16 265 165 6.27614757648709 180.224898367964 5.97385754772181
26 17 265 175 5.64905002032081 179.907573299099 5.84124459071326
26 18 265 185 5.72929956367988 179.853883363885 5.73323441945214
26 19 265 195 5.91108788146353 179.940593503609 5.71010285795482
26 20 265 205 5.79456150060084 179.972132380801 5.65882439166712
26 21 265 215 5.46309137165056 179.988834900658 5.58205902908409
26 22 265 225 5.29450085422037 179.997954481085 5.56174310934132
26 23 265 235 5.24435325792682 180.036532887493 5.59099848799562
26 24 265 245 4.93632210408297 180.192588036598 5.58008771088456
26 25 265 255 4.59784563877354 180.372864928986 5.65686988533695
26 26 265 265 4.41587954882615 180.317978060046 5.96964505248958
26 27 265 275 4.29570985275149 180.141227675155 6.3096441245636
26 28 265 285 4.1900195390975 180.134485307417 6.31668442634419
26 29 265 295 4.28242646383676 180.072183041783 6.06260254075901
26 30 265 305 5.4652357402253 179.971621488423 5.88273994420027
26 31 265 315 8.24998806324638 180.037300526362 5.93050772683559
26 32 265 325 11.0464178863292 180.059902968444 5.98248105485986
26 33 265 335 12.5973853034821 180.023999422554 5.97590095281412
26 34 265 345 13.650981328737 179.989848453654 5.98216516554787
26 35 265 355 14.3035196196542 179.969497293264 5.99459060113941
27 0 275 5 14.401244916537 179.96541195296 5.99691693323857
27 1 275 15 14.5058412821185 179.9640018 5.99880006
27 2 275 25 14.4026986917859 179.967376397449 6.00034977429085
27 3 275 35 13.5387863892655 179.984176654505 5.99318787341806
27 4 275 45 10.9013297098726 180.004226778971 5.91582995269649
27 5 275 55 7.3799231823679 179.995709156894 5.78177186264317
27 6 275 65 5.39991136524713 179.932502376083 5.87441085757868
27 7 275 75 4.85866147941177 179.657699850866 6.27323494917512
27 8 275 85 4.80019884394341 179.204837179408 6.54517511359547
27 9 275 95 5.15914987713301 179.132814866084 6.46897874012458
27 10 275 105 5.60595171296168 179.398289912845 6.24236472217912
27 11 275 115 5.86124654927759 179.575618458717 6.1314488533173
27 12 275 125 6.44002301671297 179.799240250035 6.10264700731092
27 13 275 135 7.8434084721644 180.018206025267 6.08452894483797
27 14 275 145 9.01629633942079 180.183944016356 6.10062991271344
27 15 275 155 8.35873069171103 180.303009610606 6.14019039131795
27 16 275 165 6.72685006487935 180.158788379979 6.10292599265944
27 17 275 175 6.32564752775745 179.896939499501 5.97634963142736
27 18 275 185 6.72432179333877 179.904952331835 5.86223137757722
27 19 275 195 6.48929842260937 180.035148685325 5.8142609751353
27 20 275 205 5.89856546115415 180.033344938605 5.74382056324471
27 21 275 215 5.38881974343656 180.018723495134 5.66448198656736
27 22 275 225 5.29480454321956 180.069866627028 5.67781122074555
27 23 275 235 5.38980387934506 180.207825870073 5.7887006300598
27 24 275 245 5.08945401292211 180.509893153823 5.90360726748857
27 25 275 255 4.70932559552916 180.747097658981 6.02589334735361
27 26 275 265 4.45998238671019 180.626831054226 6.32270540488577
27 27 275 275 4.26934665767101 180.265867867556 6.7359312485293
27 28 275 285 4.15961336930928 180.087056100585 6.73365208360992
27 29 275 295 4.30496555852413 179.928515505772 6.27913841560671
27 30 275 305 5.25314034781993 179.718018288025 5.96721640189889
27 31 275 315 7.16699152508876 179.855644665046 5.95416193431689
27 32 275 325 8.70347587216146 180.052134873831 5.96409939351438
27 33 275 335 9.83142142156789 180.093422931196 5.9299758913017
27 34 275 345 11.7956382165715 180.036127068869 5.94482741653871
27 35 275 355 13.6598354257846 179.981875729671 5.98175694690215
28 0 285 5 14.2708813304295 179.966797097503 5.99507283873395
28 1 285 15 14.4905299998193 179.963194989388 5.99948099873862
28 2 285 25 14.157731643184 179.964385295739 6.00797823259819
28 3 285 35 12.508993355854 179.99531449366 6.02774292766445
28 4 285 45 9.26303853793005 180.078208090799 6.00127414747964
28 5 285 55 6.39320206152902 180.103162365606 5.89758009324786
28 6 285 65 5.01685294527439 179.845345631223 5.91110331864829
28 7 285 75 4.40444890468711 179.220726291162 6.16832724325435
28 8 285 85 4.18406625585141 178.638303585337 6.48159997516211
28 9 285 95 4.49263835947827 178.754719664296 6.58617830975425
28 10 285 105 4.99075163374489 179.31150546611 6.35364612897737
28 11 285 115 5.34590735482201 179.629294685218 6.05810996118757
28 12 285 125 6.11189597435595 179.845953604229 6.01407161622031
28 13 285 135 7.34346791063993 180.088021628007 6.13329003784769
28 14 285 145 7.94858430001772 180.264354948016 6.23220645078343
28 15 285 155 7.3063541579297 180.376024949746 6.27052975989901
28 16 285 165 6.43498313285041 180.306296438207 6.21752443526083
28 17 285 175 6.93995185360569 180.07783105778 6.07299309910453
28 18 285 185 7.73336678974989 180.033818365108 5.95911828772561
28 19 285 195 7.04389691056481 180.098194747156 5.89030438770728
28 20 285 205 5.987845263971 180.063446510794 5.80776844867145
28 21 285 215 5.31321162759801 180.122951597049 5.7752086093075
28 22 285 225 5.26004386905557 180.306902358296 5.8642648329357
28 23 285 235 5.41924266243744 180.50029092777 6.03012422175351
28 24 285 245 5.10880287504443 180.86612029741 6.25988890412845
28 25 285 255 4.6324572047059 181.29216917807 6.46375517236987
28 26 285 265 4.25366771890952 181.43580141518 6.73095756289659
28 27 285 275 4.04026385532066 180.982049517081 7.0198711289135
28 28 285 285 4.00201574956696 180.397345199634 6.85835286845445
28 29 285 295 4.14938361545276 180.115232438654 6.27635483501204
28 30 285 305 4.78518942773007 180.045721608436 6.0218880305126
28 31 285 315 6.04711771500878 180.212076308058 6.07989112382489
28 32 285 325 7.05898932407475 180.258777940014 6.04992096602486
28 33 285 335 7.93416549212646 180.166644337428 5.93754601697474
28 34 285 345 10.1005210996232 180.061119825524 5.92208549441507
28 35 285 355 12.8800276997983 179.990505796913 5.96977962616717
29 0 295 5 14.0112059983782 179.9800642937 6.00571159808127
29 1 295 15 14.0540530328436 179.951467861039 6.03062167486395
29 2 295 25 13.2936801947282 179.882193473485 6.08319390649124
29 3 295 35 10.975720144117 179.850764796978 6.15862582292289
29 4 295 45 7.68793907121933 179.972800733445 6.17591768986955
29 5 295 55 5.5118128096829 180.127479637253 6.0593520970431
29 6 295 65 4.51671344701642 179.924963975698 5.93999534986074
29 7 295 75 3.84767325133837 179.361167042595 6.00278566711146
29 8 295 85 3.55351520462587 178.900670750786 6.36421671089485
29 9 295 95 3.81754223071093 178.963526912992 6.72839928829709
29 10 295 105 4.41042847790293 179.457477759341 6.58449831424576
29 11 295 115 4.9743334877035 179.873817080934 6.10076722790397
29 12 295 125 5.6567819825383 180.142675549502 5.96831703626673
29 13 295 135 6.24700939769583 180.348219871996 6.20089159718345
29 14 295 145 6.15777847615671 180.431556493837 6.30161513058739
29 15 295 155 5.68307617389594 180.401304396222 6.19064006852956
29 16 295 165 5.5732700018346 180.273564149839 6.11136166361762
29 17 295 175 6.31575042868833 180.130129115981 6.04910478611944
29 18 295 185 6.99130114063501 180.146638262537 5.98935227472074
29 19 295 195 6.49889957302721 180.151526954686 5.92366509789112
29 20 295 205 5.6096993290895 180.119005293559 5.83881285750896
29 21 295 215 5.00190884729927 180.321265910772 5.87125092218213
29 22 295 225 4.9156688317722 180.648794142642 6.02421802391367
29 23 295 235 4.97007450405201 180.771054806696 6.09662792797197
29 24 295 245 4.72837574764534 180.963568748997 6.23072087816206
29 25 295 255 4.30663419009069 181.488376829392 6.44643694249757
29 26 295 265 3.85770180846766 182.041065477921 6.69560590957296
29 27 295 275 3.58977709191344 181.785625337883 6.8082717891723
29 28 295 285 3.5460001467288 181.041298517315 6.60785523842783
29 29 295 295 3.66904301192649 180.799997692036 6.17161008370064
29 30 295 305 4.19403434732934 180.924972772087 6.06055192589475
29 31 295 315 5.41605034401596 180.896039088744 6.20107085951431
29 32 295 325 7.02207690391577 180.537700363894 6.1911450463759
29 33 295 335 8.62726554643107 180.191672808088 6.03045942113333
29 34 295 345 10.6171186903914 180.03679244634 5.95768887849625
29 35 295 355 12.9030106140106 179.989804278707 5.98010206388503
30 0 305 5 12.6531080213474 180.038823033809 6.06236406804998
30 1 305 15 12.0169911757889 179.896140934418 6.18778841847896
30 2 305 25 10.8631503536836 179.569794340089 6.39625539941234
30 3 305 35 8.60395006776447 179.41404292023 6.55328128023487
30 4 305 45 6.1956329998577 179.674702359155 6.55560435344905
30 5 305 55 4.6091662298171 180.177590224738 6.35327990497332
30 6 305 65 3.62806061522186 180.360779444682 6.18085984360771
30 7 305 75 2.99488454293185 180.171853447505 6.18799640685606
30 8 305 85 2.78968757021185 179.89120486422 6.44014980215027
30 9 305 95 3.01855617610689 179.754365934765 6.67137122293742
30 10 305 105 3.56951063598732 180.027830966703 6.49398268469553
30 11 305 115 4.14241317752548 180.40977876866 6.01510039776264
30 12 305 125 4.67815486241509 180.604290392696 5.7939151277562
30 13 305 135 5.01966913529748 180.603796948235 5.95826386418488
30 14 305 145 4.82590579473626 180.523121126457 5.98049007593333
30 15 305 155 4.52357560414858 180.463841531918 5.7782992799804
30 16 305 165 4.56648627643529 180.353207617108 5.7422625725242
30 17 305 175 4.91185567328338 180.330414930409 5.83384180356841
30 18 305 185 5.23813090506846 180.46184276951 5.90461453007599
30 19 305 195 5.21658250898697 180.500782646016 5.97398325685375
30 20 305 205 4.85914707280372 180.550881251757 5.985212062247
30 21 305 215 4.42843647166175 180.821697019323 6.02730529115351
30 22 305 225 4.19725841152343 181.137533079316 6.18476681910235
30 23 305 235 4.07066586351079 181.036600550355 6.10144958449118
30 24 305 245 3.91794761375124 180.898020209743 5.96736955354088
30 25 305 255 3.5978356120783 181.401830630625 5.99520970901916
30 26 305 265 3.11734577842655 182.237382206174 6.12045946878758
30 27 305 275 2.8099322719012 182.409137965863 6.19619905387405
30 28 305 285 2.77064529998645 181.977922946064 6.15630559061925
30 29 305 295 2.91625196967111 181.780961904957 5.91417313886034
30 30 305 305 3.4892903335712 181.668144511758 5.85696919958322
30 31 305 315 4.96782137296872 181.237170073838 6.10960633124022
30 32 305 325 7.56660048336932 180.654679588332 6.27039428869624
30 33 305 335 10.4734829822573 180.183088212252 6.15237715867165
30 34 305 345 12.3118565702633 179.977379573067 6.0435193888269
30 35 305 355 13.0050644427883 179.991710377365 6.02716056100063
31 0 315 5 10.2307055152381 180.086456208682 6.15174292982533
31 1 315 15 8.96079921260464 179.793586402443 6.43127256132943
31 2 315 25 7.85207245835912 179.16704905844 6.8752158526818
31 3 315 35 6.39875091176567 179.022797822109 7.09713788975768
31 4 315 45 4.90555791200082 179.712899400961 7.05120761012363
31 5 315 55 3.59213908368226 180.859114490796 6.81766915273108
31 6 315 65 2.56072046658808 181.564549111275 6.64416844660191
31 7 315 75 1.99516894452543 181.573260213352 6.49234606583409
31 8 315 85 1.87879678228164 181.217196244321 6.39823488276201
31 9 315 95 2.07549475519347 180.831843168821 6.36030941117775
31 10 315 105 2.49288496434716 180.81894205874 6.2184556109081
31 11 315 115 2.94602623893715 180.913397765006 5.86332884518553
31 12 315 125 3.39076945954869 180.823738043056 5.53481384711083
31 13 315 135 3.74193747259359 180.666256834574 5.47174464652943
31 14 315 145 3.72881649005256 180.649863680873 5.42190287882466
31 15 315 155 3.60538132666534 180.827457649278 5.29455557966327
31 16 315 165 3.64179157115568 180.906252883889 5.26840307390203
31 17 315 175 3.71527915596927 180.960379971835 5.36110186361197
31 18 315 185 3.8212550778751 181.040457283577 5.57522694339325
31 19 315 195 3.94477664715142 181.090193979084 5.96310452547829
31 20 315 205 3.88624794184227 181.297969066958 6.19140835136217
31 21 315 215 3.63213012509279 181.582525981678 6.10946811096259
31 22 315 225 3.38346854611376 181.703407704531 6.17676220019081
31 23 315 235 3.19326324416232 181.397663263871 6.15078716199701
31 24 315 245 3.03229658104147 181.123588393674 5.91716595783943
31 25 315 255 2.68367932192863 181.583162453698 5.68950694270105
31 26 315 265 2.1465566042315 182.395961285418 5.56655313644418
31 27 315 275 1.79867482940495 182.773722797966 5.50759099276506
31 28 315 285 1.7852396665805 182.640125368142 5.46770708740312
31 29 315 295 2.0250499305521 182.341625290354 5.34839138509225
31 30 315 305 2.70143247191537 181.865698610821 5.44073460340694
31 31 315 315 4.28024629192081 181.245764139517 5.90157090447356
31 32 315 325 7.08691709882299 180.676819700621 6.2593338824693
31 33 315 335 10.2068019774637 180.111665485584 6.2675735849113
31 34 315 345 11.7835433213318 179.797692154277 6.2190044054069
31 35 315 355 11.6359163093545 179.922460004516 6.14073277198863
32 0 325 5 9.54026924671213 180.021919739939 6.15819879718277
32 1 325 15 8.24204082052939 179.753030363791 6.4428333930264
32 2 325 25 7.02257400216643 179.169667967727 6.97072248064007
32 3 325 35 5.83771907689259 179.18138305774 7.26568698811298
32 4 325 45 4.39656788291338 180.262227994982 7.19120519760348
32 5 325 55 2.87676297817373 181.873277317454 6.90040879713323
32 6 325 65 1.69971712109059 182.830512461597 6.65024015709554
32 7 325 75 1.08639541841132 182.866780298309 6.35487612256876
32 8 325 85 0.957507158562071 182.417325289397 6.10951964206064
32 9 325 95 1.15045380879553 181.830246591679 6.09827695274007
32 10 325 105 1.52297046042601 181.405967691975 6.11395076567199
32 11 325 115 1.91882629467045 181.008875778809 5.80292281966088
32 12 325 125 2.34237909920468 180.613544402259 5.37726190839777
32 13 325 135 2.76166230333872 180.479212815149 5.17548298595224
32 14 325 145 2.93999787574986 180.746375132126 5.13868508650495
32 15 325 155 2.92887511142604 181.228615509545 5.06313751762098
32 16 325 165 2.89826853403969 181.523606190296 4.87461596563548
32 17 325 175 2.8388718778213 181.661862423633 4.79760834203356
32 18 325 185 2.83685254900472 181.667149986689 5.07796878946148
32 19 325 195 2.92147348296517 181.584350914994 5.66331277309782
32 20 325 205 2.98168000936474 181.724657406522 6.00727955704467
32 21 325 215 2.91357155014294 181.963179152373 5.79218973391843
32 22 325 225 2.76454666179719 181.93271313949 5.74106875534434
32 23 325 235 2.57664370566702 181.677947653346 5.98758239700874
32 24 325 245 2.34470763771351 181.630254465719 5.96018110919968
32 25 325 255 1.91337666805665 182.007412201489 5.51971983765679
32 26 325 265 1.33129496553169 182.43936165518 5.07769697039047
32 27 325 275 0.940341117563877 182.572022800517 4.83309064182879
32 28 325 285 0.922592868625892 182.407738471158 4.72771860770075
32 29 325 295 1.25798544720363 182.044455353021 4.74691436863916
32 30 325 305 2.04754345313167 181.603327494249 5.08081361294274
32 31 325 315 3.5532323566582 181.181084504575 5.66171541601331
32 32 325 325 5.78216990394544 180.672068063685 6.04846864558388
32 33 325 335 7.93069574119769 180.003395529149 6.23578932624606
32 34 325 345 9.28378962328526 179.597349795133 6.35666553060679
32 35 325 355 10.0822191940384 179.787840919756 6.23133068748573
33 0 335 5 11.0156642685516 179.960517449475 6.06525339692759
33 1 335 15 9.55027727703643 179.835850269555 6.18637845822891
33 2 335 25 7.85060943014122 179.525335033284 6.55009188313367
33 3 335 35 6.36753730948308 179.616759800276 6.93660697641663
33 4 335 45 4.46912817235321 180.743932245771 6.95301222829384
33 5 335 55 2.50711483188706 182.429110626939 6.56392175713269
33 6 335 65 1.07667509843438 183.378390248143 6.14672354617174
33 7 335 75 0.294306570705745 183.49563744267 5.81412799987825
33 8 335 85 0.0595299169142372 183.158974516808 5.668629106362
33 9 335 95 0.25200263866045 182.532897772791 5.8024976841528
33 10 335 105 0.681106952099868 181.775236175935 5.90457940426257
33 11 335 115 1.15005778841313 180.943966648472 5.66745313725745
33 12 335 125 1.64403276344171 180.314528552766 5.38038419162346
33 13 335 135 2.13572720610892 180.20349668216 5.31025985170539
33 14 335 145 2.41026587445412 180.671190486523 5.34786756773545
33 15 335 155 2.42227849330341 181.416238214561 5.17827105293573
33 16 335 165 2.33133996974872 181.943198971037 4.76745255788103
33 17 335 175 2.23353731785339 182.123463721088 4.52439092156656
33 18 335 185 2.19439299014434 182.033391032899 4.66290058604467
33 19 335 195 2.24682197880089 181.820549515709 5.02505392992244
33 20 335 205 2.39755615304365 181.736561166489 5.32283851865977
33 21 335 215 2.49873943543205 181.763822426947 5.28190810263633
33 22 335 225 2.45101067770835 181.760906194208 5.33077142531403
33 23 335 235 2.2556349291225 181.906207461617 5.72495927867058
33 24 335 245 1.93796482195668 182.23550337386 5.87533377077659
33 25 335 255 1.44484583735401 182.413880784641 5.44704291472903
33 26 335 265 0.858201140375952 182.277419778063 4.87666052453734
33 27 335 275 0.465681626437441 181.96884276938 4.57484305435012
33 28 335 285 0.449442149798859 181.631339547569 4.50967875801097
33 29 335 295 0.834201880532474 181.321340116148 4.66621671738772
33 30 335 305 1.67158085767223 181.196516659879 5.11622079539796
33 31 335 315 3.04382652414734 181.172410979992 5.62060372618175
33 32 335 325 4.77567332305069 180.790936745915 5.85894637885507
33 33 335 335 6.39962359507844 180.114910310835 6.03389298659879
33 34 335 345 8.17036500524658 179.720736030851 6.19857382252197
33 35 335 355 10.4171730799899 179.816569283362 6.14122380863712
34 0 345 5 12.5704734326827 179.956085469338 5.99427082267605
34 1 345 15 10.957870210338 179.918939395534 5.99001098657965
34 2 345 25 9.09569861357574 179.832397398678 6.11354598423518
34 3 345 35 7.21371266199075 180.015719318795 6.368399458017
34 4 345 45 4.69284521970081 180.993536781867 6.38209488080184
34 5 345 55 2.26796332743999 182.366610925945 5.97895993333834
34 6 345 65 0.603589623010277 183.037417766381 5.4950055376204
34 7 345 75 -0.338682461021083 183.078312065089 5.19834801965161
34 8 345 85 -0.686846188924244 182.814646249679 5.14425728218576
34 9 345 95 -0.545396110227849 182.239964278461 5.26873015558873
34 10 345 105 -0.100235986456582 181.366734131479 5.36785570770539
34 11 345 115 0.480507728536276 180.373312217592 5.35877293699542
34 12 345 125 1.10891929292334 179.764678143694 5.406916776928
34 13 345 135 1.67327161023493 179.862298881348 5.54957887857272
34 14 345 145 2.00315211589639 180.506455395064 5.60312222393316
34 15 345 155 2.07356629385464 181.334095380098 5.31210457657628
34 16 345 165 2.02022902207407 181.921616491682 4.81741006512706
34 17 345 175 1.94830443270257 182.048678948595 4.50734889922347
34 18 345 185 1.88952106253119 181.854499343626 4.41359426048603
34 19 345 195 1.92380916161699 181.615630758529 4.46745849528989
34 20 345 205 2.12204884482947 181.432528939526 4.72293852071551
34 21 345 215 2.31218934107142 181.276351898969 4.95495778241718
34 22 345 225 2.31827642716613 181.433662688411 5.17480943942343
34 23 345 235 2.10829140079999 182.041194336897 5.53502711747686
34 24 345 245 1.73907991417079 182.582209334555 5.77174975415618
34 25 345 255 1.24216822442473 182.548857094897 5.59415956442171
34 26 345 265 0.695201413705099 182.037110966219 5.12727301535321
34 27 345 275 0.327828655418399 181.468196603475 4.83919486693731
34 28 345 285 0.313966422859965 181.028927016094 4.82863752964718
34 29 345 295 0.696119323084731 180.808219201283 5.00902437603199
34 30 345 305 1.51897994892391 180.911807802607 5.35504544670081
34 31 345 315 2.83696422914418 181.073856349564 5.68304455088734
34 32 345 325 4.5644560447311 180.773658980381 5.77272254059809
34 33 345 335 6.61778120446302 180.209357739949 5.84777968494849
34 34 345 345 9.23875912490562 179.92602479322 5.9699932996777
34 35 345 355 11.9463415843977 179.92461786484 6.01058118884175
35 0 355 5 13.7616661436197 179.962612210356 5.98754508430388
35 1 355 15 12.7139614525041 179.95326682792 5.96675242281521
35 2 355 25 10.8307018368878 179.957792112707 5.98016956145639
35 3 355 35 7.95125705722425 180.168325430462 6.06486969020585
35 4 355 45 4.67265899587664 180.879799845552 5.95947881181625
35 5 355 55 2.01385037470957 181.758126166729 5.43346053807182
35 6 355 65 0.249437699583917 182.033085398984 4.86409033738284
35 7 355 75 -0.784777949346941 181.812197671783 4.59513095656015
35 8 355 85 -1.21182272345215 181.403962766633 4.55719223697109
35 9 355 95 -1.146105460952 180.76281335892 4.6278886984948
35 10 355 105 -0.716354608513151 179.877884156325 4.78423300460324
35 11 355 115 -0.0364810194235431 179.053949055038 5.02802657392258
35 12 355 125 0.724449971607921 178.814838328936 5.30539473472423
35 13 355 135 1.37960565814516 179.327830661601 5.55065055640813
35 14 355 145 1.81303722245575 180.20812168161 5.64492657794904
35 15 355 155 2.01476795712046 180.999803419929 5.39150504912381
35 16 355 165 2.03345799899599 181.448483164782 4.85754218950427
35 17 355 175 1.94205969056357 181.482779054291 4.44901585160462
35 18 355 185 1.84068851308216 181.267225110587 4.24294344327895
35 19 355 195 1.87739769581544 180.991477479312 4.28400726661348
35 20 355 205 2.0811568223885 180.823848090289 4.60201897628504
35 21 355 215 2.26825495121707 180.785035405901 4.93521219927286
35 22 355 225 2.252044423289 181.192627073656 5.17998143931075
35 23 355 235 2.01267981937553 182.015915996135 5.48537143656147
35 24 355 245 1.64435995014858 182.497976286788 5.78499370004099
35 25 355 255 1.20346222208906 182.354426070752 5.80492004564264
35 26 355 265 0.725906749686368 181.839265835958 5.47048523090804
35 27 355 275 0.372681720898794 181.291706971644 5.23457901354909
35 28 355 285 0.324769439283288 180.870828909647 5.24000251738619
35 29 355 295 0.656638735660845 180.739821349911 5.30025458843975
35 30 355 305 1.43558783533999 180.882748749876 5.41500776024322
35 31 355 315 2.86065749296306 180.944805517493 5.60611149951357
35 32 355 325 5.20730103442998 180.6040096437 5.70181464816279
35 33 355 335 8.37793756251308 180.159670458812 5.80330584298893
35 34 355 345 11.4863587416918 179.980068946618 5.92005856081175
35 35 355 355 13.4716092329403 179.963348333726 5.97997053549845
