0 0 5 5 14.1151248382337 179.927221075236 5.99794136753637
0 1 5 15 13.9254670318264 179.926620020424 5.99712426594482
0 2 5 25 12.9474898877154 179.926678334112 5.98978632989574
0 3 5 35 10.4719970945662 179.948735916861 5.94238979705438
0 4 5 45 6.74025613577884 180.028911746502 5.77561340370431
0 5 5 55 3.18381215081828 180.146791410205 5.42622693934591
0 6 5 65 0.870197628356522 180.172417492867 4.97935208400523
0 7 5 75 -0.275697043657312 179.978311369072 4.63846777066384
0 8 5 85 -0.735194664810114 179.583494999882 4.50850849091984
0 9 5 95 -0.806857088090195 179.118434210022 4.53433442156685
0 10 5 105 -0.62541782890268 178.723828329441 4.6357629419558
0 11 5 115 -0.269718825025467 178.546352799194 4.79635644528885
0 12 5 125 0.191348212983756 178.69359354783 5.0215202456282
0 13 5 135 0.662607311896123 179.126199495878 5.24018036606079
0 14 5 145 1.03824961619289 179.686698654273 5.33344224255664
0 15 5 155 1.26058260554928 180.181001427084 5.27178660402452
0 16 5 165 1.35956458901714 180.466293973225 5.13560742109408
0 17 5 175 1.42578752505068 180.539081399341 5.03760080726754
0 18 5 185 1.53045635160281 180.462611904633 5.04264242185665
0 19 5 195 1.65207848482554 180.325482145126 5.13660476453761
0 20 5 205 1.67742335276912 180.280434807148 5.23897294595595
0 21 5 215 1.52401799303429 180.427690426102 5.27380595486766
0 22 5 225 1.22842111170725 180.722599930643 5.25988731748823
0 23 5 235 0.865567701829117 181.060623022519 5.23702250216535
0 24 5 245 0.449274641039427 181.3166180813 5.15210141214234
0 25 5 255 -0.029511593388931 181.381412287154 4.95099314020176
0 26 5 265 -0.519981250936505 181.250681548304 4.70854296723448
0 27 5 275 -0.893827670226485 180.961863370555 4.5716132288539
0 28 5 285 -0.995287127538278 180.543467534485 4.59042852993604
0 29 5 295 -0.641013838253757 180.072134673613 4.72894649175034
0 30 5 305 0.49146772834529 179.687026751476 5.00448418137329
0 31 5 315 2.86601997948726 179.525661905313 5.4085705158241
0 32 5 325 6.51966591232744 179.60034342066 5.77477571097443
0 33 5 335 10.3546089407289 179.765108069254 5.9596807498442
0 34 5 345 12.9055514422484 179.878604533106 6.00195480617171
0 35 5 355 13.9168720661077 179.919628928188 6.00048278052362
1 0 15 5 14.1151031106342 179.927148821163 5.99798364807287
1 1 15 15 13.9353799951817 179.927564460656 5.99778665526253
1 2 15 25 12.9924572927032 179.928707159439 5.99994589294019
1 3 15 35 10.581223700231 179.944875796958 5.99321477625143
1 4 15 45 6.89556008717103 180.00293740419 5.90327315648584
1 5 15 55 3.31598506615469 180.096867568758 5.59953295207165
1 6 15 65 0.92473227211644 180.132059546403 5.08970536981378
1 7 15 75 -0.307415757343051 179.988161438141 4.6205033960426
1 8 15 85 -0.819859402504813 179.649641907053 4.40665517801195
1 9 15 95 -0.881439150583872 179.216423903497 4.4293974734705
1 10 15 105 -0.638734424525155 178.84775980169 4.57075747095752
1 11 15 115 -0.221662014053715 178.712940473097 4.77685897407964
1 12 15 125 0.259761593921329 178.867043496613 5.03627536446421
1 13 15 135 0.705571143878399 179.217666904626 5.26445260370997
1 14 15 145 1.03745426346364 179.660114411214 5.33430140108925
1 15 15 155 1.25016361614409 180.092076341086 5.24706641178341
1 16 15 165 1.40308901271639 180.388870436984 5.13762185145697
1 17 15 175 1.54322487331251 180.498980680462 5.10955614776113
1 18 15 185 1.6845552039615 180.435023883339 5.15342415805751
1 19 15 195 1.81247237511744 180.277351956641 5.21901298074373
1 20 15 205 1.8413908337416 180.220466016715 5.2731256063487
1 21 15 215 1.67122665827936 180.410922954427 5.29436935708736
1 22 15 225 1.32293449957911 180.78745066142 5.30249757239093
1 23 15 235 0.907286309632438 181.174575590624 5.31593616946089
1 24 15 245 0.465792348556998 181.411393048088 5.26637616283965
1 25 15 255 -0.0247642578314658 181.412413777994 5.087061596639
1 26 15 265 -0.51450487402443 181.206017205616 4.86980287839134
1 27 15 275 -0.85958351372555 180.854274096049 4.78113218246788
1 28 15 285 -0.922173954862268 180.427781762637 4.82886600303678
1 29 15 295 -0.565867407140578 180.021982273 4.92284212283645
1 30 15 305 0.504733535055239 179.712556731687 5.10761098370946
1 31 15 315 2.78297419910642 179.565988746 5.44527562483375
1 32 15 325 6.38360327419676 179.611609340572 5.7882885808134
1 33 15 335 10.2486339135669 179.757342514294 5.96739284299955
1 34 15 345 12.8602990067311 179.871973539541 6.00546112894654
1 35 15 355 13.9067631677474 179.917774093032 6.00132295821699
2 0 25 5 14.1183220854228 179.927402831691 5.99780000017495
2 1 25 15 13.9662236567398 179.928399707824 5.9982020485787
2 2 25 25 13.1323105032916 179.930489304431 6.00693525799569
2 3 25 35 10.9204580698657 179.941772567986 6.02977120118749
2 4 25 45 7.37878039502338 179.981742050525 5.99951844047387
2 5 25 55 3.74456794999448 180.055959093792 5.73772362161935
2 6 25 65 1.1790270832498 180.098703267578 5.18164366286595
2 7 25 75 -0.196975320489625 180.001511468829 4.59504466829463
2 8 25 85 -0.759057404716194 179.725275250764 4.29712670349319
2 9 25 95 -0.771960627620135 179.332865950838 4.33679479095205
2 10 25 105 -0.420485810656669 178.989968584637 4.55681361937621
2 11 25 115 0.100475408763936 178.896154337921 4.82144620683018
2 12 25 125 0.635032566874996 179.068765795133 5.08778242621438
2 13 25 135 1.08301009723061 179.347986617182 5.2980149577373
2 14 25 145 1.41667368692284 179.652052348493 5.36031421695429
2 15 25 155 1.69850514376395 179.972540370201 5.29700877342694
2 16 25 165 1.98199623616187 180.228664234205 5.250067266864
2 17 25 175 2.21850513263496 180.341250219858 5.29016647395577
2 18 25 185 2.37938768074479 180.295203837371 5.35238583069161
2 19 25 195 2.51671995605741 180.15844034195 5.38287300113483
2 20 25 205 2.5512336255643 180.107424866141 5.40693974018881
2 21 25 215 2.3089252093148 180.279953119411 5.42734429634806
2 22 25 225 1.82918976167376 180.621998734929 5.4151827385294
2 23 25 235 1.30751611683212 180.97084321508 5.37396821740901
2 24 25 245 0.810289248697091 181.194149360527 5.29770918567055
2 25 25 255 0.293391176280674 181.218201464798 5.17109854022896
2 26 25 265 -0.197778546141996 181.033412501361 5.07751237643313
2 27 25 275 -0.518185583903661 180.695589862842 5.12487949169873
2 28 25 285 -0.551616301563818 180.338512190321 5.24021877853684
2 29 25 295 -0.198069241905476 180.069194174703 5.28762245379038
2 30 25 305 0.820264957759816 179.869797293493 5.3452762430766
2 31 25 315 3.01536854161029 179.732109668368 5.55318944294229
2 32 25 325 6.52945081447607 179.716961640504 5.81452753233748
2 33 25 335 10.3206739173309 179.801540466879 5.96405908376482
2 34 25 345 12.8847631794937 179.884165789267 6.00053834012795
2 35 25 355 13.9116107478721 179.919787977811 5.99985324879347
3 0 35 5 14.1219586928966 179.927745079933 5.99754900542637
3 1 35 15 13.9935144147042 179.928641880824 5.99798157597187
3 2 35 25 13.261115015658 179.931412062548 6.00481554218562
3 3 35 35 11.2524482700879 179.942099386653 6.02149480929272
3 4 35 45 7.89918162636132 179.971990362609 5.98352943208946
3 5 35 55 4.28365722026582 180.0153238528 5.72049415452231
3 6 35 65 1.59560706180776 180.013781096753 5.16005087948549
3 7 35 75 0.100474384864529 179.896309664319 4.54594136063441
3 8 35 85 -0.486679900421164 179.650279526797 4.22751754183998
3 9 35 95 -0.423357083360125 179.317884126607 4.31622260744986
3 10 35 105 0.0617811133475257 179.038942788334 4.64438652076355
3 11 35 115 0.71437916298417 179.00952354363 4.99046817511363
3 12 35 125 1.33198507261498 179.223416929233 5.26246867449688
3 13 35 135 1.81880165742437 179.479792824062 5.43814250615883
3 14 35 145 2.23816220845969 179.69446770833 5.48987935618349
3 15 35 155 2.73848419659378 179.90396489394 5.45820963086825
3 16 35 165 3.29734829858315 180.072413032938 5.44937927234022
3 17 35 175 3.70624273544304 180.139501552394 5.49576035892806
3 18 35 185 3.92613963261851 180.103368986823 5.53622530348107
3 19 35 195 4.08568387348355 180.009702945322 5.55155749562075
3 20 35 205 4.01646052762624 179.957031802903 5.58506589980458
3 21 35 215 3.4824307559512 180.044924631516 5.6154850145356
3 22 35 225 2.72739891560233 180.269942281247 5.57316298817759
3 23 35 235 2.08694459249134 180.540077476603 5.47057229328555
3 24 35 245 1.52944797419418 180.77537778296 5.37030106139943
3 25 35 255 0.937190017825466 180.90374188184 5.31686444034571
3 26 35 265 0.399373464915695 180.84042779289 5.38122834938767
3 27 35 275 0.080296874984122 180.594090135367 5.58555799442432
3 28 35 285 0.0578003537681504 180.333956939387 5.76544994841946
3 29 35 295 0.390122063306607 180.176535310338 5.75598882586114
3 30 35 305 1.34287963045406 180.046874275161 5.67201397575933
3 31 35 315 3.44639229048827 179.902467744486 5.71806007496809
3 32 35 325 6.84583599361618 179.832949683525 5.85990051095033
3 33 35 335 10.4993676438638 179.858826682514 5.96012013607389
3 34 35 345 12.9510467772612 179.903299240742 5.99272719533393
3 35 35 355 13.9254630647453 179.923540709675 5.99747201353845
4 0 45 5 14.1254527078215 179.927968299136 5.99741580273218
4 1 45 15 14.0075225774338 179.92874986729 5.99727747964593
4 2 45 25 13.3435417800645 179.932922598298 5.99645089819492
4 3 45 35 11.5241343737935 179.947287613061 5.98364912890803
4 4 45 45 8.45551053121529 179.973508210727 5.89769099211918
4 5 45 55 5.04013168824467 179.98165894479 5.6235010565187
4 6 45 65 2.34679211572208 179.909964093179 5.13294987464416
4 7 45 75 0.75899393893286 179.733859748279 4.61894115690516
4 8 45 85 0.156317118075831 179.494720541435 4.36753857531725
4 9 45 95 0.307298724265774 179.242786684827 4.50500616651908
4 10 45 105 0.918554705712045 179.075801329234 4.89044321229474
4 11 45 115 1.66155516852648 179.131658807784 5.27695821772612
4 12 45 125 2.29728962568671 179.37181775869 5.54042762192987
4 13 45 135 2.79496932364952 179.603063785108 5.67578822949721
4 14 45 145 3.3687012010814 179.758896745395 5.70504043870293
4 15 45 155 4.2038589909475 179.88840743196 5.67972069674218
4 16 45 165 5.11067915222049 179.979836983245 5.66525533937522
4 17 45 175 5.7580457166222 180.000750391355 5.67470839455433
4 18 45 185 6.13634335695964 179.965865858114 5.68442679170643
4 19 45 195 6.30167189043787 179.896721132516 5.70694333587356
4 20 45 205 5.91455284711485 179.823135841702 5.76408599058975
4 21 45 215 4.89518866408689 179.819355171173 5.80359436881892
4 22 45 225 3.89583033274166 179.93548575694 5.75535785486093
4 23 45 235 3.2830828659282 180.135939706268 5.64770813744755
4 24 45 245 2.6920784181484 180.373630261113 5.562288551231
4 25 45 255 1.90401119319151 180.596259733961 5.56652033295183
4 26 45 265 1.20565420802905 180.686050529196 5.72928348754354
4 27 45 275 0.853264559515944 180.584023953712 6.02373710027255
4 28 45 285 0.841259303487563 180.422392603367 6.22994801578145
4 29 45 295 1.15448639974934 180.314980353421 6.16528531428425
4 30 45 305 2.06472499570065 180.193472081383 5.96080309967056
4 31 45 315 4.11973628642563 180.026202706127 5.86393129863568
4 32 45 325 7.40399446639203 179.916676530102 5.90054473510175
4 33 45 335 10.8390652255408 179.901067572125 5.95904756993416
4 34 45 345 13.0818275762729 179.917525283392 5.98785851055177
4 35 45 355 13.9532811168882 179.926310224863 5.9960308838807
5 0 55 5 14.1321902533523 179.928038718626 5.99744161269439
5 1 55 15 14.0361770433567 179.928667535065 5.99693872524389
5 2 55 25 13.5107791424099 179.93282724626 5.99168838779943
5 3 55 35 12.0692234495317 179.946472285546 5.96305160983555
5 4 55 45 9.55334028594576 179.966223174272 5.86201796286255
5 5 55 55 6.49441419963079 179.95690287327 5.62936531020666
5 6 55 65 3.73198542811819 179.865333302725 5.27478454911977
5 7 55 75 1.90713063701226 179.684854185722 4.92696681755331
5 8 55 85 1.23043240200573 179.474867169166 4.77098806025896
5 9 55 95 1.5141600216715 179.304694696554 4.90856677030179
5 10 55 105 2.30287128873159 179.247255475141 5.24612647990077
5 11 55 115 3.06924760752982 179.365258123039 5.58178983071128
5 12 55 125 3.53877179745782 179.585252961878 5.79670562347412
5 13 55 135 3.88211578799081 179.75336538152 5.88425541967734
5 14 55 145 4.48690272155503 179.845437964119 5.88329430338286
5 15 55 155 5.42801621737514 179.920613185269 5.84300797450423
5 16 55 165 6.36287892392545 179.971931379083 5.80358861260018
5 17 55 175 7.11343015547499 179.970111875323 5.78487852811832
5 18 55 185 7.77015191532609 179.925305505395 5.79364892943993
5 19 55 195 8.04205014301062 179.849576849902 5.83554418528022
5 20 55 205 7.36744083398974 179.756235030913 5.90088238837468
5 21 55 215 6.0510565929959 179.709055492312 5.93870043860894
5 22 55 225 5.11254732734632 179.767266282203 5.90442869416178
5 23 55 235 4.72974539408385 179.909060014239 5.82947188401088
5 24 55 245 4.12827886842418 180.104145111799 5.77945260879002
5 25 55 255 3.06298772480377 180.346611337718 5.81072668293801
5 26 55 265 2.13865023166985 180.545829390237 5.9801425180065
5 27 55 275 1.74941350277879 180.583681671263 6.25524778089853
5 28 55 285 1.77157487809856 180.508750081939 6.4365972344881
5 29 55 295 2.10825157119375 180.422905690242 6.35294620222549
5 30 55 305 3.07572840095317 180.298326377944 6.10903967732497
5 31 55 315 5.20788946684024 180.119447320032 5.94551038580387
5 32 55 325 8.39314778586672 179.981253473884 5.92697684143745
5 33 55 335 11.4651199193617 179.931042311633 5.96303668856051
5 34 55 345 13.3261047951072 179.926046384426 5.98793195214704
5 35 55 355 14.0054265065964 179.927639161033 5.9960256261287
6 0 65 5 14.1417587037308 179.928032186092 5.99752757673827
6 1 65 15 14.0868182244182 179.928372423728 5.99715197759803
6 2 65 25 13.7855101426411 179.930727261699 5.99297800395982
6 3 65 35 12.9038311142769 179.938093246094 5.97082272576444
6 4 65 45 11.1279722301203 179.947641181034 5.89915680297033
6 5 65 55 8.46194372952887 179.940156704262 5.74857537808337
6 6 65 65 5.50859497503341 179.885275717212 5.53407100702618
6 7 65 75 3.30612968442442 179.76983116774 5.32977129181908
6 8 65 85 2.51413497353218 179.628523302413 5.24057305169019
6 9 65 95 3.02390782406204 179.533287296508 5.33526094786794
6 10 65 105 4.1558792832237 179.546978622234 5.56626408912168
6 11 65 115 5.03491545256222 179.682157794841 5.80298291951914
6 12 65 125 5.27603082602449 179.85229902999 5.94807445941699
6 13 65 135 5.27503879302399 179.946538148295 5.9849551778223
6 14 65 145 5.52368703037236 179.975676732588 5.95455323937682
6 15 65 155 5.94771768374056 180.007587909919 5.89742932358222
6 16 65 165 6.30521914852704 180.034056595294 5.83725404668143
6 17 65 175 6.89116001565003 180.013935465143 5.81055768087442
6 18 65 185 7.93169049200283 179.946773547314 5.84046125181665
6 19 65 195 8.63828254312057 179.853768770689 5.9028874673697
6 20 65 205 8.12420776119206 179.762128411124 5.96265086087352
6 21 65 215 6.90035854565001 179.720554774488 5.9908492175635
6 22 65 225 6.10125167926305 179.757101218872 5.97045916229742
6 23 65 235 5.81851181805464 179.842886017586 5.92843771561895
6 24 65 245 5.21539501187326 179.966002848403 5.91292797591257
6 25 65 255 4.07363461616574 180.164831727062 5.95521439512485
6 26 65 265 3.10766158275274 180.386633239726 6.07622568672036
6 27 65 275 2.76323288430038 180.482227825416 6.25442972775879
6 28 65 285 2.87152240330435 180.440833971319 6.37456246315343
6 29 65 295 3.32299369794162 180.368539276233 6.31421676355909
6 30 65 305 4.46503960963076 180.278153718505 6.12265450093426
6 31 65 315 6.72207954291152 180.140766029555 5.97768534544067
6 32 65 325 9.7216090982625 180.012473524612 5.94919143663301
6 33 65 335 12.2721194372849 179.947657871876 5.97291907210719
6 34 65 345 13.6311461967503 179.930339992648 5.99115303725609
6 35 65 355 14.0691035129474 179.928125297764 5.99670211252773
7 0 75 5 14.1491383995872 179.92801718189 5.99758205198617
7 1 75 15 14.1296341471217 179.928126463624 5.99744487460595
7 2 75 25 14.0120993793936 179.928829741566 5.99563293816984
7 3 75 35 13.5730322931791 179.930523118415 5.98442013852368
7 4 75 45 12.3512679848629 179.930917569621 5.94407579065171
7 5 75 55 9.94107497149837 179.923378133078 5.85341260518873
7 6 75 65 6.81110062606117 179.898387299792 5.72100364742642
7 7 75 75 4.330986654518 179.848922305794 5.59754871552528
7 8 75 85 3.46890494606883 179.79072783393 5.54746633036591
7 9 75 95 4.18318814576461 179.768546410717 5.60659701088264
7 10 75 105 5.73937369196387 179.817110979152 5.75123864751659
7 11 75 115 7.0475661597265 179.928984933175 5.90846764108456
7 12 75 125 7.45673304047937 180.040197955697 6.00193734060117
7 13 75 135 7.24572919697844 180.083046394282 6.00779497214479
7 14 75 145 6.84472867205684 180.081315437402 5.96431903578413
7 15 75 155 6.25733287853754 180.094246145852 5.90186922984342
7 16 75 165 5.69995600421308 180.105852762314 5.83237928835006
7 17 75 175 5.99729376225417 180.067748626759 5.80359456322509
7 18 75 185 7.45305491038983 179.981615355148 5.84773076235188
7 19 75 195 8.88845496917005 179.884837591323 5.92042067938386
7 20 75 205 8.96754179808893 179.812431316707 5.97078401476305
7 21 75 215 7.91455331691195 179.788672961577 5.98558271895666
7 22 75 225 6.84496450110359 179.810191677772 5.9675175893905
7 23 75 235 6.2813611568801 179.850847518934 5.94372816677033
7 24 75 245 5.78989504783923 179.917062010749 5.95341647244266
7 25 75 255 4.98379993146961 180.05675652578 6.00401731869941
7 26 75 265 4.21430595462687 180.229369385156 6.07469650584099
7 27 75 275 3.89821681861037 180.294010398155 6.14893877354191
7 28 75 285 4.05363722653383 180.235735725456 6.19916857656577
7 29 75 295 4.67148959430724 180.172913793725 6.16884557642665
7 30 75 305 6.02196074691772 180.138758988307 6.06346863088813
7 31 75 315 8.29881924060345 180.078014868277 5.97955522438849
7 32 75 325 10.9572099774682 179.998543259093 5.96545536412085
7 33 75 335 12.9492575148104 179.947795152486 5.98254207129223
7 34 75 345 13.8678655122747 179.930989336787 5.99416748316822
7 35 75 355 14.1158257020499 179.928200122714 5.99723068003366
8 0 85 5 14.1522462634232 179.928011687572 5.99759813454142
8 1 85 15 14.1483832810241 179.928031050646 5.99757246272842
8 2 85 25 14.1091487618694 179.928102052136 5.99682964404476
8 3 85 35 13.8460797742892 179.927550211769 5.98993155016965
8 4 85 45 12.8043109397169 179.922483977158 5.95858705894297
8 5 85 55 10.3985420401784 179.905384699216 5.87814855700967
8 6 85 65 7.11806692240092 179.874944152102 5.75665834928956
8 7 85 75 4.53237984033642 179.847128842613 5.65507462450781
8 8 85 85 3.64132150269188 179.845837866867 5.63197400050027
8 9 85 95 4.35494958312838 179.881752077297 5.69120847049305
8 10 85 105 6.12625419348297 179.945824201105 5.80339782405424
8 11 85 115 8.03057346977485 180.0192033251 5.92497499180011
8 12 85 125 9.10703409015997 180.075743913032 5.99817772967195
8 13 85 135 9.0999937706505 180.093528010974 6.00068477494231
8 14 85 145 8.24289344789357 180.096446639802 5.96425871815724
8 15 85 155 6.81173819287177 180.117274017076 5.9088404723497
8 16 85 165 5.52915257527662 180.127666193106 5.84150647534701
8 17 85 175 5.5690292481644 180.083457596367 5.81202052439737
8 18 85 185 7.29945393722755 179.998425602639 5.85542401583007
8 19 85 195 9.40829512067682 179.918254476802 5.92558470707076
8 20 85 205 10.138557106205 179.867375053322 5.96741286895005
8 21 85 215 9.16073665576705 179.846390723907 5.97141021808004
8 22 85 225 7.6162751179581 179.846353694476 5.95045804796666
8 23 85 235 6.76821291236935 179.862232051021 5.9328340971994
8 24 85 245 6.61490729861957 179.90702978205 5.94885380755676
8 25 85 255 6.29055685439062 180.002616123536 5.99204882530387
8 26 85 265 5.55684841301796 180.108968625282 6.02316510998729
8 27 85 275 4.93003234421004 180.133058266796 6.02813425211805
8 28 85 285 4.86619188761683 180.078304834062 6.02829039997791
8 29 85 295 5.51289262259891 180.037641975499 6.01761945633719
8 30 85 305 6.97707048277263 180.03402400696 5.98414879184696
8 31 85 315 9.22189165941061 180.014446617455 5.96112245649556
8 32 85 325 11.6259294404508 179.972057002245 5.9690743443405
8 33 85 335 13.2851311738738 179.94086984516 5.98645874582648
8 34 85 345 13.9761812855194 179.929960175678 5.99537063866909
8 35 85 355 14.1357816825733 179.928127696356 5.99741214531437
9 0 95 5 14.1529254749068 179.928010842989 5.99760027598304
9 1 95 15 14.1521516729399 179.928016682292 5.99759448910388
9 2 95 25 14.1243857094916 179.928168254245 5.99698828354979
9 3 95 35 13.8654069854634 179.928659477835 5.98998038955496
9 4 95 45 12.7571223544688 179.925789088703 5.95449245441439
9 5 95 55 10.1778002812087 179.904321837275 5.85670312200677
9 6 95 65 6.72646450902247 179.851306592774 5.70296583507382
9 7 95 75 4.0927312917454 179.795150219024 5.57704931838145
9 8 95 85 3.17313142932285 179.792269432873 5.56105097481141
9 9 95 95 3.72571915649625 179.857156537593 5.64666401738625
9 10 95 105 5.36510868545386 179.949064630698 5.77982633536335
9 11 95 115 7.49884108801966 180.020099034247 5.91044574144402
9 12 95 125 9.08102284127522 180.054482622573 5.98535894054586
9 13 95 135 9.41801754673729 180.061663748808 5.99067223112848
9 14 95 145 8.60367236589504 180.06955087965 5.96135126203833
9 15 95 155 7.08356552382837 180.093338865642 5.91543439693115
9 16 95 165 5.69211362315851 180.100530762585 5.85795999778199
9 17 95 175 5.60689413430725 180.058215604169 5.83102582741356
9 18 95 185 7.27737690731445 179.989917080815 5.86607253066707
9 19 95 195 9.59043897734119 179.935177679463 5.92642784331173
9 20 95 205 10.7416912013003 179.898629473479 5.96309893918926
9 21 95 215 10.0061942652105 179.869429292719 5.96502935306653
9 22 95 225 8.41261276266694 179.851265267315 5.94500792987887
9 23 95 235 7.58818358531475 179.861863751477 5.92497572403521
9 24 95 245 7.69904984024358 179.911223362949 5.92285421554841
9 25 95 255 7.51977503172148 179.990748871091 5.93318945076821
9 26 95 265 6.48841621176021 180.064525104858 5.93117294427859
9 27 95 275 5.3281191849788 180.08655705348 5.91167108552704
9 28 95 285 4.89043660051135 180.061926451257 5.90176406375562
9 29 95 295 5.42387377737554 180.036484467582 5.9092071790673
9 30 95 305 6.92368898107869 180.021615217614 5.91906318503887
9 31 95 315 9.25076621272824 179.99410341474 5.93526552236995
9 32 95 325 11.6996110237056 179.958451147429 5.9620523129417
9 33 95 335 13.3410543273586 179.936175852748 5.98496945070069
9 34 95 345 13.9977323539733 179.929130142235 5.99512564097111
9 35 95 355 14.1400290420008 179.928067280759 5.99739627523881
10 0 105 5 14.1529167732538 179.928010982251 5.99759975307496
10 1 105 15 14.1501619252515 179.928034567019 5.99756139932547
10 2 105 25 14.1016721382626 179.928739074168 5.99663028345971
10 3 105 35 13.7529909210258 179.933418873609 5.98782301462655
10 4 105 45 12.445088165518 179.943238481091 5.94490726728759
10 5 105 55 9.63275606439062 179.933651195925 5.82441074795084
10 6 105 65 6.06403016564211 179.859688073547 5.62503865747278
10 7 105 75 3.44265455078416 179.743971259486 5.44662345391079
10 8 105 85 2.52330610734874 179.699641739353 5.4092866019375
10 9 105 95 2.90635574735316 179.785625485206 5.52224538638775
10 10 105 105 4.18747354732952 179.931871922345 5.70946693870913
10 11 105 115 6.01155565744941 180.038172803992 5.88622504888419
10 12 105 125 7.59051391541726 180.0744324804 5.98135396970672
10 13 105 135 8.22239456126119 180.067395826417 5.98829862069099
10 14 105 145 7.90188863427553 180.058261263288 5.95891576324053
10 15 105 155 6.99081562037118 180.063067530972 5.92145293845727
10 16 105 165 6.06536064198495 180.055742303746 5.87829899089511
10 17 105 175 5.95028512516583 180.016301171746 5.85474555675416
10 18 105 185 7.07033365546634 179.96828243493 5.8735253587822
10 19 105 195 8.83940407466666 179.932068176637 5.91434923690179
10 20 105 205 10.0268827214897 179.899615965498 5.94404679693637
10 21 105 215 9.83211235888297 179.869262398401 5.9478742862051
10 22 105 225 8.73087223828397 179.855801566919 5.92682231584183
10 23 105 235 7.96502686477642 179.882055563679 5.8880427396093
10 24 105 245 7.78505676656938 179.957228328335 5.84132763583436
10 25 105 255 7.28363851110089 180.062315597775 5.80622687068736
10 26 105 265 6.05451066013053 180.156793550402 5.79912223701764
10 27 105 275 4.80565914016875 180.192810759212 5.8138657242612
10 28 105 285 4.35841107902178 180.156244232892 5.83733838728931
10 29 105 295 4.95840800800095 180.0878206219 5.86286611176106
10 30 105 305 6.62247315347052 180.028653519412 5.88916457397991
10 31 105 315 9.15986543998753 179.983149397166 5.9210820178107
10 32 105 325 11.7275341553156 179.950295907165 5.95690906577564
10 33 105 335 13.3745447654737 179.933672023175 5.98342109390361
10 34 105 345 14.0081937497821 179.928778878088 5.99479419111901
10 35 105 355 14.1411768713679 179.928050974776 5.99736344010603
11 0 115 5 14.1521675496029 179.92801304763 5.99759274659866
11 1 115 15 14.1406082243944 179.928085862609 5.997374098315
11 2 115 25 14.027916306032 179.929582006249 5.99484358847531
11 3 115 35 13.4628283907128 179.939398316192 5.9787607861752
11 4 115 45 11.7848737890334 179.964223437262 5.91589406888677
11 5 115 55 8.70183866893151 179.970231491818 5.75888493647844
11 6 115 65 5.17328324528226 179.880633524657 5.51053483798353
11 7 115 75 2.73086903043217 179.718140483501 5.28160237617386
11 8 115 85 1.87936120729173 179.661611985158 5.21130190247453
11 9 115 95 2.12587723338149 179.801655728631 5.33066522575191
11 10 115 105 3.02611347534586 180.005291650177 5.56313319197866
11 11 115 115 4.39964005768122 180.115535597521 5.79564132389738
11 12 115 125 5.89245594617297 180.118718622834 5.93391237694177
11 13 115 135 6.97018640326737 180.080167896253 5.96776693057051
11 14 115 145 7.3668272947699 180.049629401515 5.95289320155645
11 15 115 155 7.20690427558895 180.033723246342 5.92703571022254
11 16 115 165 6.82823253227632 180.012856837353 5.89814317382826
11 17 115 175 6.62255520220723 179.979971707749 5.87717867505552
11 18 115 185 6.82924209957182 179.946753279444 5.87409692907549
11 19 115 195 7.45696209954803 179.910028519386 5.88502096961757
11 20 115 205 8.21408097169422 179.869798890884 5.89940831071613
11 21 115 215 8.47394492319922 179.852737234479 5.89977192708478
11 22 115 225 7.9397665180381 179.873717493563 5.86766741244332
11 23 115 235 7.08590684908191 179.942533249046 5.79173028126193
11 24 115 245 6.29161825525835 180.070851296098 5.681656437306
11 25 115 255 5.41667592059458 180.237471732556 5.60455094950396
11 26 115 265 4.42567883129378 180.376905358315 5.63229444596326
11 27 115 275 3.71032597802767 180.402041181848 5.73040163637346
11 28 115 285 3.69271942161062 180.284848147127 5.80866521273799
11 29 115 295 4.58181287323405 180.116975975989 5.8484216305256
11 30 115 305 6.52495874636389 180.003871280667 5.88187645558367
11 31 115 315 9.27613602077915 179.957427998734 5.9217764374204
11 32 115 325 11.8677875003497 179.940421404559 5.95973647384574
11 33 115 335 13.4336884013297 179.932244964515 5.98476198474178
11 34 115 345 14.0162345271153 179.928869811765 5.9950610277634
11 35 115 355 14.1400623428264 179.928086943815 5.99738280442567
12 0 125 5 14.1488825161364 179.928022730293 5.99755927457473
12 1 125 15 14.1122072141837 179.928179995435 5.99676330167345
12 2 125 25 13.8581551244402 179.930132274659 5.98998368904947
12 3 125 35 12.9068277995241 179.94121631754 5.95693702639612
12 4 125 45 10.6915820276646 179.966162079512 5.85459012258791
12 5 125 55 7.35241244457074 179.961314098285 5.64443110253249
12 6 125 65 4.05481572481653 179.841602525214 5.357055520604
12 7 125 75 1.95585631635726 179.658122091852 5.10931057996498
12 8 125 85 1.21663355162451 179.644818625349 5.01887478597752
12 9 125 95 1.35534323010198 179.879792625393 5.11915629731604
12 10 125 105 2.00173461484361 180.132514419995 5.35612442566938
12 11 125 115 3.10745303360582 180.195417547705 5.6195059467761
12 12 125 125 4.61130079073414 180.118838337328 5.8079103523996
12 13 125 135 6.05630907929575 180.044366660985 5.89601095497096
12 14 125 145 6.91078613198641 180.016934326315 5.91303434201677
12 15 125 155 7.15647596722451 180.004372881073 5.8952580931451
12 16 125 165 7.08335709465847 179.984483133894 5.87278561938459
12 17 125 175 6.8114579541073 179.961212339141 5.85830966596606
12 18 125 185 6.34981505432311 179.931058379942 5.84607747398883
12 19 125 195 6.00772086041833 179.878006531002 5.83481512714775
12 20 125 205 6.16203432835001 179.825567800133 5.83252241767904
12 21 125 215 6.44292768499724 179.828063648729 5.82584374228221
12 22 125 225 6.13700433584242 179.89466819278 5.78338030256972
12 23 125 235 5.22665069840262 180.021005796999 5.68085092787284
12 24 125 245 4.16267080459928 180.21409064929 5.526517860503
12 25 125 255 3.28813411190179 180.432334307651 5.41990822221734
12 26 125 265 2.75696409983564 180.575333543193 5.47352758238659
12 27 125 275 2.63280745246216 180.538272147117 5.62628275063536
12 28 125 285 2.98069251642539 180.315565831796 5.7357880355366
12 29 125 295 3.99972632701477 180.063606901248 5.79348205554695
12 30 125 305 5.99480173908285 179.936763391463 5.85226020614471
12 31 125 315 8.80951521568026 179.924926180063 5.91214040832813
12 32 125 325 11.513664482307 179.936957702907 5.957304737721
12 33 125 335 13.2342843125038 179.935435631741 5.98390745587293
12 34 125 345 13.943640561287 179.93020127181 5.99480402346001
12 35 125 355 14.1252103886281 179.928252815582 5.99734990915527
13 0 135 5 14.1414898100649 179.928047264404 5.99747440250108
13 1 135 15 14.0552710725548 179.928338965834 5.99550873091806
13 2 135 25 13.5678862746533 179.930015971796 5.98168927598175
13 3 135 35 12.0925778716454 179.935662733193 5.92535453177153
13 4 135 45 9.30985497720618 179.937341043044 5.77916326110998
13 5 135 55 5.86073132353276 179.880765787313 5.52820194434613
13 6 135 65 2.95019609868023 179.696576530497 5.23839470496648
13 7 135 75 1.24726838351401 179.481139499814 5.01543287008667
13 8 135 85 0.62696514194528 179.501297787957 4.92922775432758
13 9 135 95 0.709015069850101 179.806829443495 5.00637876976656
13 10 135 105 1.24325424423832 180.09337041903 5.22225741147028
13 11 135 115 2.19061460936638 180.124020945989 5.48097032852708
13 12 135 125 3.50914358335553 180.005908445685 5.68180277217139
13 13 135 135 4.79002070943936 179.936879856069 5.79030784282669
13 14 135 145 5.54038747652841 179.946108311544 5.81323643381954
13 15 135 155 5.79356834770342 179.964150355253 5.7850028768417
13 16 135 165 5.83949175265096 179.964268151476 5.76044000972782
13 17 135 175 5.68921911207569 179.954939078215 5.76153499761582
13 18 135 185 5.21824492568858 179.924398307029 5.76577627458184
13 19 135 195 4.67993836945146 179.86099273549 5.75768691057184
13 20 135 205 4.5430457323894 179.808044785787 5.75144402947767
13 21 135 215 4.62924956321235 179.827614422037 5.74642579195114
13 22 135 225 4.31005497847428 179.923632080734 5.71563873675948
13 23 135 235 3.49528550716513 180.085868767416 5.63513960311031
13 24 135 245 2.59317970440894 180.310619877177 5.49877792652391
13 25 135 255 1.97141305280737 180.525005247807 5.37821157834739
13 26 135 265 1.74723381306173 180.600933163473 5.38383897972029
13 27 135 275 1.83946375790692 180.461634215155 5.48242123751599
13 28 135 285 2.19343913862999 180.164561824652 5.56885391946589
13 29 135 295 3.01265124817494 179.907547900804 5.65571403688519
13 30 135 305 4.71760029836251 179.84170410787 5.767854113398
13 31 135 315 7.42256282250988 179.903103268382 5.867105346495
13 32 135 325 10.4213067826422 179.948410469395 5.93485891576843
13 33 135 335 12.6612600392113 179.945428507842 5.97537160480765
13 34 135 345 13.7564730808343 179.93304500152 5.99289312392083
13 35 135 355 14.0909427628876 179.928560205615 5.99716645895252
14 0 145 5 14.1326810999281 179.928085062304 5.9973541144516
14 1 145 15 13.9839106247751 179.928621541426 5.9939153859056
14 2 145 25 13.2301781110824 179.93001984159 5.97245383508831
14 3 145 35 11.22711403347 179.927654319452 5.89523854190143
14 4 145 45 7.98968072570634 179.896139633027 5.72005927386293
14 5 145 55 4.59165704566694 179.772887848435 5.4612875838317
14 6 145 65 2.10673828206772 179.513559771355 5.20737143496724
14 7 145 75 0.753652667107525 179.242394978506 5.03555580569128
14 8 145 85 0.252382441560191 179.216663049754 4.97138579869982
14 9 145 95 0.333991384958979 179.473220824801 5.04374602564969
14 10 145 105 0.822245856303804 179.731857416834 5.24758978114667
14 11 145 115 1.60141448398716 179.794049142599 5.48002992131493
14 12 145 125 2.52702361382298 179.762935711808 5.63018104288425
14 13 145 135 3.30044377125283 179.784677897554 5.68045544929248
14 14 145 145 3.69202888121949 179.853923768584 5.66089474950142
14 15 145 155 3.8308321050527 179.9091787028 5.61346139895473
14 16 145 165 3.93235995638812 179.939654965411 5.59068506172109
14 17 145 175 3.97301887306925 179.953515891543 5.60817717383629
14 18 145 185 3.81882520116847 179.932686892534 5.63454424580343
14 19 145 195 3.55375587268174 179.875368795657 5.64514940602709
14 20 145 205 3.43741425590858 179.838335447192 5.65226458263027
14 21 145 215 3.40149640090597 179.877606542393 5.66362199889005
14 22 145 225 3.09795619388943 179.982100431396 5.66396001241952
14 23 145 235 2.49325794398274 180.132565657634 5.64365741202301
14 24 145 245 1.86601009894502 180.329856951983 5.57922004677986
14 25 145 255 1.44241906678694 180.497539552323 5.46763843837763
14 26 145 265 1.27135233397154 180.489672952371 5.3793363249793
14 27 145 275 1.28032021506327 180.263624591531 5.35197062605955
14 28 145 285 1.44055331175352 179.947233625006 5.37479653269208
14 29 145 295 1.96249670236559 179.750127537403 5.47359744116699
14 30 145 305 3.338349044861 179.77737836654 5.62847422624699
14 31 145 315 5.94619441595776 179.904981099068 5.773704087001
14 32 145 325 9.28581144474273 179.966596794935 5.88553397324413
14 33 145 335 12.0807514954222 179.955091742575 5.95787454995391
14 34 145 345 13.5715510051456 179.935319610923 5.98933821436175
14 35 145 355 14.0578714227158 179.928780994469 5.9968545842102
15 0 155 5 14.1277378813906 179.928129256069 5.99726794581236
15 1 155 15 13.9314019827579 179.929074163002 5.99283105746393
15 2 155 25 12.9881714179997 179.931633095275 5.96643975303013
15 3 155 35 10.6282071867483 179.927128896284 5.8774078441395
15 4 155 45 7.11627109153627 179.877322606304 5.691462834492
15 5 155 55 3.79478076765166 179.715079612317 5.44451539366896
15 6 155 65 1.60352499656204 179.415225896043 5.2318092677292
15 7 155 75 0.480323909428535 179.09622994642 5.10253158382369
15 8 155 85 0.0730407241136915 178.964093843817 5.05689545026224
15 9 155 95 0.165622127243428 179.065770988512 5.13196142460363
15 10 155 105 0.606567410017217 179.240759639601 5.32860422027788
15 11 155 115 1.22590438043419 179.387441690182 5.52195415710862
15 12 155 125 1.82034433797787 179.54163504862 5.59031477073401
15 13 155 135 2.21285533181626 179.703362052306 5.55428377076306
15 14 155 145 2.3885279646011 179.825937077833 5.49450677908257
15 15 155 155 2.49096115200716 179.899274696329 5.45397238079122
15 16 155 165 2.61727485091633 179.951022489458 5.44423702117071
15 17 155 175 2.72797359559413 179.990415192873 5.45627385373682
15 18 155 185 2.75116334132873 179.983881678234 5.47443877914298
15 19 155 195 2.6999967497281 179.930237792329 5.49615285641526
15 20 155 205 2.65909663664696 179.909023548695 5.52954789673951
15 21 155 215 2.60087838687538 179.978674879838 5.5656110701582
15 22 155 225 2.38438859454038 180.093749506256 5.58924103029641
15 23 155 235 2.0044535896725 180.209442587982 5.616451815881
15 24 155 245 1.59466489790493 180.351363650672 5.62779230839371
15 25 155 255 1.25453337445555 180.477766539258 5.55950420668873
15 26 155 265 1.01626248936262 180.437867129357 5.43276959473898
15 27 155 275 0.875452042880881 180.198030921667 5.32603320052689
15 28 155 285 0.861830041963561 179.915335983174 5.28248978495603
15 29 155 295 1.20755127454218 179.775487186274 5.33101045309455
15 30 155 305 2.47096741113927 179.834713109098 5.46051546051067
15 31 155 315 5.16251410715532 179.952366959734 5.63257282161612
15 32 155 325 8.79147259755705 179.987597272937 5.80738243383927
15 33 155 335 11.8812731314242 179.960026943184 5.93106185282417
15 34 155 345 13.5242903705783 179.935876156642 5.98415692565119
15 35 155 355 14.0522055800328 179.928821157386 5.99640986666059
16 0 165 5 14.1266709323397 179.928187674791 5.99726599168522
16 1 165 15 13.9118536446817 179.929707057499 5.99286578358645
16 2 165 25 12.8976574403237 179.935592991542 5.96600861726394
16 3 165 35 10.402085781491 179.939357975078 5.87480779220314
16 4 165 45 6.77978305682995 179.89891495078 5.68613116697508
16 5 165 55 3.47430996461723 179.743945012169 5.44149242735189
16 6 165 65 1.38487184841757 179.455931396555 5.23843682938931
16 7 165 75 0.350296986600317 179.129488066152 5.12196348271991
16 8 165 85 -0.0217697270083737 178.913923664784 5.08754693060344
16 9 165 95 0.0508988954910864 178.883609649643 5.16044877325485
16 10 165 105 0.421556510734978 179.006109716695 5.32487796863106
16 11 165 115 0.918152471306497 179.24705521192 5.45533167973515
16 12 165 125 1.34934367142309 179.551862208344 5.4574673666479
16 13 165 135 1.61455227069037 179.801078830358 5.390630165284
16 14 165 145 1.76816471127662 179.941993543953 5.35277120372945
16 15 165 155 1.90494816853676 180.01813078859 5.35752654474632
16 16 165 165 2.0297259595671 180.079715590721 5.36197944075601
16 17 165 175 2.09326745299242 180.131046212046 5.33899084548288
16 18 165 185 2.09801223237151 180.122143356747 5.31392613826489
16 19 165 195 2.09052738886366 180.050813885026 5.33232807116462
16 20 165 205 2.08833539381635 180.029515691933 5.3969303305367
16 21 165 215 2.04870381843859 180.133813740891 5.45909719078526
16 22 165 225 1.91593261496932 180.2867057422 5.49334981627968
16 23 165 235 1.6979162558762 180.407973773275 5.54294457241237
16 24 165 245 1.42875283872582 180.527348926277 5.60393204959671
16 25 165 255 1.1251940348038 180.634852493598 5.5911127652639
16 26 165 265 0.826779222356564 180.611051579096 5.50214037062719
16 27 165 275 0.5886996134484 180.436723356566 5.40855946570253
16 28 165 285 0.485239112493146 180.237262830503 5.32988005382404
16 29 165 295 0.77314672357161 180.122881304898 5.28359561609455
16 30 165 305 2.05821792519471 180.114204919864 5.32375063376839
16 31 165 315 4.88713644125596 180.113789965469 5.48823229745811
16 32 165 325 8.69719610434102 180.051814998009 5.72101506278096
16 33 165 335 11.8888219543329 179.97695737177 5.90025251425138
16 34 165 345 13.5434111364933 179.938777459534 5.97791423371533
16 35 165 355 14.0584538212439 179.929148103367 5.99580419196632
17 0 175 5 14.1246555185936 179.928241630547 5.99735279490558
17 1 175 15 13.9131272318778 179.930577506193 5.99385382474225
17 2 175 25 12.9015123869246 179.942391545678 5.97009869777963
17 3 175 35 10.4035757895142 179.966978506699 5.88260008053316
17 4 175 45 6.76210332499122 179.969023790989 5.68857945494444
17 5 175 55 3.42763233329548 179.873981927166 5.41907661192918
17 6 175 65 1.32715145107063 179.655093150882 5.18019720177103
17 7 175 75 0.302064176474951 179.380380899198 5.0482987801228
17 8 175 85 -0.0727179154924277 179.157556721696 5.03219907073036
17 9 175 95 -0.0406244371203604 179.085791718665 5.11378776190237
17 10 175 105 0.253331147997197 179.211442379862 5.23098856971796
17 11 175 115 0.65835904150667 179.506113692102 5.2854436817622
17 12 175 125 1.02441718833483 179.844351165193 5.2542882792621
17 13 175 135 1.2898815202899 180.076318356104 5.22338678342846
17 14 175 145 1.49720791911565 180.188425104604 5.25467029525473
17 15 175 155 1.68434393590048 180.259223824927 5.31199770782494
17 16 175 165 1.80797989193881 180.32487797467 5.32180102205889
17 17 175 175 1.81324665777471 180.367692081011 5.25867060755419
17 18 175 185 1.74854910050859 180.338171361689 5.18611123353072
17 19 175 195 1.71186270098463 180.247473226158 5.19511534092975
17 20 175 205 1.71554310240299 180.219500816169 5.28662068505297
17 21 175 215 1.69570874592156 180.34066613492 5.37580214528897
17 22 175 225 1.61224564576184 180.552484499868 5.43043403281732
17 23 175 235 1.47440877642273 180.761274870168 5.50754769291405
17 24 175 245 1.27238722401416 180.932306195049 5.59445038971336
17 25 175 255 0.989196348568355 181.030701668811 5.59803801152865
17 26 175 265 0.672037583692603 181.017199365898 5.53773147445661
17 27 175 275 0.402471794592774 180.936810195238 5.48903891877097
17 28 175 285 0.275024373599455 180.853236145494 5.42106530629393
17 29 175 295 0.542196430467323 180.757791712375 5.31582286406071
17 30 175 305 1.77834964085628 180.62322125187 5.28024584522235
17 31 175 315 4.52738902466727 180.418950458167 5.42095130795098
17 32 175 325 8.32037550759093 180.182975017142 5.67735963955918
17 33 175 335 11.6282434578904 180.01503057663 5.88436109442637
17 34 175 345 13.4361588094707 179.945549413407 5.97468291502291
17 35 175 355 14.0347773496341 179.929754452385 5.99549136266782
18 0 185 5 14.1196609820146 179.928156500578 5.99755329533937
18 1 185 15 13.9187620434751 179.931635708476 5.9950745191555
18 2 185 25 12.9287285161049 179.952289463752 5.97547942281563
18 3 185 35 10.46347004175 180.013372618447 5.89345875376057
18 4 185 45 6.8231234050255 180.10107068799 5.69255035205165
18 5 185 55 3.44154179868812 180.133071995888 5.38835072297953
18 6 185 65 1.30351004935818 180.048229522894 5.10081429980071
18 7 185 75 0.283208943955886 179.882770017097 4.94923240215903
18 8 185 85 -0.0848030875056153 179.719769686207 4.95631264693737
18 9 185 95 -0.0786567571349033 179.663675463083 5.05664927441551
18 10 185 105 0.1622018597724 179.792642365942 5.14698211557961
18 11 185 115 0.510273865556454 180.070410133044 5.15955478240727
18 12 185 125 0.851084307415978 180.339215612852 5.13114751723928
18 13 185 135 1.14623473946483 180.463764497322 5.15078924891214
18 14 185 145 1.41514903044091 180.478625343057 5.23098272592102
18 15 185 155 1.64926166011331 180.498656775539 5.30606666775699
18 16 185 165 1.77807183066015 180.549243659223 5.30822869694751
18 17 185 175 1.75107141118925 180.579821377589 5.22220659358216
18 18 185 185 1.6421813629136 180.5413001274 5.12465075503204
18 19 185 195 1.57551560530498 180.457514798192 5.12809030573964
18 20 185 205 1.57257412171878 180.426006360355 5.2344011929829
18 21 185 215 1.56345319534279 180.529305702963 5.3428041176555
18 22 185 225 1.49542822782856 180.787193443006 5.4240363967661
18 23 185 235 1.36751103414344 181.135523917717 5.53530955183458
18 24 185 245 1.17268967919906 181.429239669993 5.63612234614649
18 25 185 255 0.899127446879394 181.54849457979 5.62048962900321
18 26 185 265 0.590389856894407 181.535654304114 5.54214425893938
18 27 185 275 0.330399467613431 181.523286373736 5.50770630547903
18 28 185 285 0.22139179105503 181.529216708209 5.46890397215771
18 29 185 295 0.47833954361967 181.438562196154 5.37566658921887
18 30 185 305 1.56169969533717 181.163851727987 5.33976982338181
18 31 185 315 3.99003110835456 180.731052702364 5.47821575144567
18 32 185 325 7.57691599832847 180.301969247289 5.72161995152881
18 33 185 335 11.0507247803875 180.039553869947 5.90722669845045
18 34 185 345 13.1852399726126 179.946010987983 5.98190172741735
18 35 185 355 13.9777483431388 179.92891111954 5.9967501566522
19 0 195 5 14.1105823659059 179.92784928025 5.99779519044044
19 1 195 15 13.9046446826893 179.932466676734 5.99547890862455
19 2 195 25 12.9082645915802 179.962421177555 5.97777967643308
19 3 195 35 10.4554114943414 180.068354451032 5.8985841095309
19 4 195 45 6.82304148407788 180.272642203779 5.69596959445239
19 5 195 55 3.41859916929047 180.484369157554 5.38313585465941
19 6 195 65 1.26718449641642 180.577892153656 5.09448456160015
19 7 195 75 0.270141605331167 180.547116983493 4.9653505245967
19 8 195 85 -0.0755680976091653 180.475044283546 5.00141598460928
19 9 195 95 -0.0755509938335806 180.456263938848 5.10493461982928
19 10 195 105 0.14627884177098 180.556909142222 5.18027942516923
19 11 195 115 0.488909202155081 180.744203032998 5.19682449031745
19 12 195 125 0.857350140299464 180.872937257823 5.2026724124948
19 13 195 135 1.21420796645202 180.834385017433 5.25410603955256
19 14 195 145 1.54895706541359 180.697083476026 5.33080367109732
19 15 195 155 1.81109085979471 180.616165734864 5.37637739494013
19 16 195 165 1.92024130986224 180.63227129712 5.35194818247038
19 17 195 175 1.85907299777108 180.665261279323 5.25373632278396
19 18 195 185 1.73109826256789 180.643157107266 5.15252652197298
19 19 195 195 1.65745699942287 180.582046145322 5.15252218690226
19 20 195 205 1.65080844775732 180.549471136412 5.25330414962772
19 21 195 215 1.64000228989224 180.61943852743 5.35884703863931
19 22 195 225 1.56132256651579 180.872078078091 5.44313696293901
19 23 195 235 1.41040049862513 181.290732616911 5.56107440493556
19 24 195 245 1.20524488977174 181.691142879738 5.67631963702426
19 25 195 255 0.941533392390057 181.900309672031 5.6825480471283
19 26 195 265 0.641707154175551 181.965867644835 5.6117173137135
19 27 195 275 0.39485371738064 182.014232080355 5.55893165406369
19 28 195 285 0.321724668651123 182.031017483916 5.50644738641518
19 29 195 295 0.590601491271294 181.888075911273 5.43891914806284
19 30 195 305 1.52719619466765 181.485733389023 5.45749068054522
19 31 195 315 3.61147074600617 180.881917904561 5.62515413370147
19 32 195 325 6.94334704781828 180.325148767829 5.83916561724853
19 33 195 335 10.5288062052808 180.020535231465 5.96698491536923
19 34 195 345 12.9529090701698 179.932906778258 6.00055523656909
19 35 195 355 13.9239026865209 179.925575928861 6.0000024255242
20 0 205 5 14.0876395511856 179.927635491891 5.99767166985458
20 1 205 15 13.8156275482319 179.932771995928 5.99395045520235
20 2 205 25 12.7051932937576 179.967792655322 5.97330314921444
20 3 205 35 10.19427847789 180.105269249861 5.89130526002965
20 4 205 45 6.6297323033868 180.40598478422 5.69467436939439
20 5 205 55 3.34089496153411 180.781993744602 5.41117299649445
20 6 205 65 1.27567249336413 181.041467211398 5.1831193864623
20 7 205 75 0.329240611071677 181.128522798819 5.12999848335058
20 8 205 85 0.000186158241828042 181.142835389268 5.21599882761142
20 9 205 95 -0.00840086842890529 181.167569388589 5.31534121146843
20 10 205 105 0.210887027429428 181.216174043179 5.36748064352996
20 11 205 115 0.589344479224628 181.251822832333 5.39901700060169
20 12 205 125 1.03613622580394 181.188212679667 5.449931121085
20 13 205 135 1.48095268684958 180.985279846819 5.5135687713824
20 14 205 145 1.86654342408264 180.737914294244 5.54683064245279
20 15 205 155 2.12237599894946 180.593707426467 5.53098577785034
20 16 205 165 2.19786602054664 180.587343283798 5.46763477106797
20 17 205 175 2.11815356417125 180.627001905406 5.3628829389872
20 18 205 185 1.99129921569147 180.625650534435 5.26682745074125
20 19 205 195 1.91846769186949 180.588181404391 5.25570063122916
20 20 205 205 1.90330380007902 180.571407263011 5.33385829111055
20 21 205 215 1.87878014686359 180.623634337057 5.42551467756155
20 22 205 225 1.78287661235224 180.794014398282 5.49072448830939
20 23 205 235 1.61770037519628 181.100634951219 5.57584741846829
20 24 205 245 1.41351431027886 181.470353404379 5.69842274258206
20 25 205 255 1.15023022769441 181.799829239914 5.78315611862013
20 26 205 265 0.828343598660134 182.05974179515 5.77613387229075
20 27 205 275 0.566761805042584 182.212328478939 5.6886493323964
20 28 205 285 0.521198240113847 182.18969681546 5.56356924420379
20 29 205 295 0.815485216244595 181.962045315505 5.4900291886819
20 30 205 305 1.66507382410255 181.501882795356 5.5604501359784
20 31 205 315 3.52273278064698 180.863211836641 5.75485854048761
20 32 205 325 6.66797489733859 180.290740210911 5.93798103630316
20 33 205 335 10.2768049042844 179.99322431857 6.01445481866683
20 34 205 345 12.8369547453746 179.921159433101 6.01468079710269
20 35 205 355 13.8949962615457 179.922947523348 6.00235618825679
21 0 215 5 14.0430855881649 179.92787787021 5.99689030778197
21 1 215 15 13.6196138753365 179.932757327451 5.99064140976715
21 2 215 25 12.2501423089397 179.966123405128 5.96410114120597
21 3 215 35 9.60966555895155 180.103239695077 5.87952388599545
21 4 215 45 6.2416830700259 180.424524619703 5.70148669511538
21 5 215 55 3.2948628029293 180.864108001768 5.47029746817249
21 6 215 65 1.46121411358164 181.210314155102 5.31533083953217
21 7 215 75 0.601100329005299 181.368696844347 5.33202436355204
21 8 215 85 0.281906923332949 181.439187096359 5.46810123018241
21 9 215 95 0.258366606120117 181.491972027258 5.58254346646324
21 10 215 105 0.472608344641302 181.483645280157 5.6299638720565
21 11 215 115 0.875033202426011 181.36508184944 5.68850949459553
21 12 215 125 1.36361677036337 181.129829180463 5.78880953339914
21 13 215 135 1.83385805065406 180.838921923255 5.84376666608647
21 14 215 145 2.20788338367622 180.597789661796 5.79431490212644
21 15 215 155 2.44506694006998 180.478240924149 5.69165295692346
21 16 215 165 2.55005608100148 180.470992825826 5.59324303616943
21 17 215 175 2.53024741297461 180.502654994902 5.50074855464572
21 18 215 185 2.42958902379418 180.511406028671 5.42109301750794
21 19 215 195 2.35846981987186 180.503382572297 5.40109327010746
21 20 215 205 2.35147874410841 180.522790150924 5.4621470151713
21 21 215 215 2.31981976754922 180.568542505714 5.54957784028384
21 22 215 225 2.1877061423784 180.606714528005 5.59919067576962
21 23 215 235 1.98399558024468 180.673587304933 5.63813618455654
21 24 215 245 1.7467129127591 180.875313563454 5.73363088167364
21 25 215 255 1.43244299812427 181.256731266867 5.85345599179858
21 26 215 265 1.04501889456328 181.705792244921 5.87658473395051
21 27 215 275 0.749066289913346 181.974554781806 5.74015900452541
21 28 215 285 0.722565954130072 181.933460770209 5.54593404462627
21 29 215 295 1.04052965521094 181.678035484482 5.46817626564407
21 30 215 305 1.84894703129889 181.276495717468 5.56973723385501
21 31 215 315 3.60258722366923 180.749356818377 5.76726118864133
21 32 215 325 6.65842871504509 180.263364529174 5.93213210721068
21 33 215 335 10.2436307693712 179.997773547091 6.00188761602738
21 34 215 345 12.8189787739818 179.92646584241 6.00783631033832
21 35 215 355 13.8865798975802 179.924404446429 6.00063342717119
22 0 225 5 14.0027325057019 179.928304222802 5.99606546180575
22 1 225 15 13.443920303685 179.932354436278 5.98828589914129
22 2 225 25 11.8797994497149 179.958478771137 5.95982120239213
22 3 225 35 9.24031336207858 180.064816709222 5.88419709036467
22 4 225 45 6.21161450270806 180.322223989889 5.74244505565915
22 5 225 55 3.66790306173895 180.695427741688 5.56995997264488
22 6 225 65 2.03774305312107 181.016172002652 5.46175219718114
22 7 225 75 1.2240289814128 181.181715579971 5.49412440718178
22 8 225 85 0.907747095335973 181.253452320421 5.63847056020598
22 9 225 95 0.882351905532025 181.285896969466 5.7756198983721
22 10 225 105 1.09571817445642 181.239719530093 5.86405558882024
22 11 225 115 1.47639971139568 181.081223096493 5.99840323223683
22 12 225 125 1.89966442796637 180.833901085917 6.17192134442881
22 13 225 135 2.28720521467814 180.584090668771 6.2009952929384
22 14 225 145 2.60018391370112 180.414573582693 6.02759211403892
22 15 225 155 2.8435161093664 180.334989092188 5.81213547087176
22 16 225 165 3.06080726266189 180.314618337329 5.68182946855513
22 17 225 175 3.16488141076598 180.318531308529 5.61645923875551
22 18 225 185 3.09169455815505 180.325337170294 5.5672321116188
22 19 225 195 3.04315515208918 180.343234614626 5.55537855900995
22 20 225 205 3.1210372159522 180.390581617235 5.61059627003863
22 21 225 215 3.11170621460236 180.425883026113 5.68829615021834
22 22 225 225 2.86052224541532 180.363312040498 5.71982501767688
22 23 225 235 2.4826107221893 180.242332835533 5.71547513133074
22 24 225 245 2.09206053739746 180.279755410302 5.73815634140949
22 25 225 255 1.65332014310491 180.625446611494 5.78063261872088
22 26 225 265 1.1880937062357 181.125795605839 5.74161438032639
22 27 225 275 0.879814404709607 181.423274713848 5.56620471177493
22 28 225 285 0.885498474279528 181.375704443788 5.37644469924556
22 29 225 295 1.23801478287077 181.158886466315 5.34265289527519
22 30 225 305 2.06936547967233 180.891422248011 5.47940851661506
22 31 225 315 3.84221673724013 180.551698657709 5.68199848672221
22 32 225 325 6.88276660001179 180.213617022926 5.85424570873694
22 33 225 335 10.3906518845548 180.007214901577 5.95309436137858
22 34 225 345 12.8779426272829 179.937790423565 5.98936420512292
22 35 225 355 13.8954906660009 179.927660205397 5.99678752703309
23 0 235 5 14.0111420269689 179.92843309614 5.99605884581798
23 1 235 15 13.4965851004263 179.93121135386 5.98959492850685
23 2 235 25 12.1247320796746 179.947851741121 5.96767330265875
23 3 235 35 9.89200683076346 180.012822762992 5.91509204767974
23 4 235 45 7.30624739035469 180.170260264651 5.82177621169816
23 5 235 55 4.93806887204605 180.405602918887 5.70770033051286
23 6 235 65 3.20871360041922 180.619968968894 5.63079814106526
23 7 235 75 2.2613136387359 180.731742351478 5.64973581325019
23 8 235 85 1.8953673434162 180.74993982149 5.76555179824118
23 9 235 95 1.87693668039952 180.71670176939 5.90636487641344
23 10 235 105 2.12045126797728 180.665520120223 6.04873771187326
23 11 235 115 2.48236874026181 180.617057905766 6.2757321221928
23 12 235 125 2.80988996590444 180.542405584878 6.51952047170023
23 13 235 135 3.13179070939502 180.424566671986 6.51615567977601
23 14 235 145 3.4309259759239 180.303961080733 6.22812245372413
23 15 235 155 3.65274936356306 180.213000861249 5.91707456894223
23 16 235 165 3.886636135246 180.153412255844 5.76113330365556
23 17 235 175 4.02822390481281 180.120084383821 5.71761296130533
23 18 235 185 3.96170025633955 180.115450707908 5.69889931526165
23 19 235 195 4.02222842584325 180.144262736125 5.70264888252707
23 20 235 205 4.34426910773812 180.197988965274 5.74702291118953
23 21 235 215 4.45423400835353 180.22437263272 5.79086062272634
23 22 235 225 4.00545742291939 180.139749815389 5.78509044897666
23 23 235 235 3.24484329239993 179.976706376083 5.73490938120806
23 24 235 245 2.51755201305512 179.954993691718 5.66891692245796
23 25 235 255 1.88830271504385 180.232229017379 5.59292233133872
23 26 235 265 1.36733502723304 180.644393237977 5.48085747684355
23 27 235 275 1.07828300202599 180.848752597188 5.32245449252429
23 28 235 285 1.12619135849136 180.754183453189 5.20296793895871
23 29 235 295 1.55673079955472 180.574611461781 5.23469671265455
23 30 235 305 2.54636031728045 180.436420529435 5.40796298313944
23 31 235 315 4.4951675926979 180.283288475402 5.62511575840077
23 32 235 325 7.53691173930404 180.110018286035 5.80975284418925
23 33 235 335 10.815174528639 179.988662027921 5.92733431302456
23 34 235 345 13.0436219446316 179.939854118803 5.97995667614792
23 35 235 355 13.9307416414274 179.929159370642 5.99489578823226
24 0 245 5 14.055002529179 179.928325256046 5.99658619775147
24 1 245 15 13.7484640230928 179.929754097658 5.99323798655231
24 2 245 25 12.8903240563756 179.938638699348 5.9824178195853
24 3 245 35 11.3459874704492 179.972552128476 5.95807064582321
24 4 245 45 9.20444073268191 180.051212123279 5.91451348324346
24 5 245 55 6.79486889090955 180.16170797161 5.85610901381167
24 6 245 65 4.74852979029093 180.252362288999 5.81088076636356
24 7 245 75 3.54283422885265 180.279808694252 5.82274270650406
24 8 245 85 3.06817979675328 180.234444152364 5.90919879512316
24 9 245 95 3.02561726625209 180.145642836534 6.03196978348233
24 10 245 105 3.30431946867136 180.102385905295 6.17943926008632
24 11 245 115 3.70363784499854 180.174939829975 6.41317249705529
24 12 245 125 4.07331996394927 180.280836979708 6.64308022850415
24 13 245 135 4.56304066142488 180.290636769586 6.61072293795499
24 14 245 145 5.01288950945992 180.204489659447 6.30161099031338
24 15 245 155 5.08190923052881 180.098567102351 5.98600485237011
24 16 245 165 4.96269731539024 180.013480970321 5.83492367983224
24 17 245 175 4.88076998969717 179.958717858785 5.80401633881201
24 18 245 185 4.89697832347029 179.947790790269 5.80523816545029
24 19 245 195 5.34255775206131 179.981951994798 5.82036139705873
24 20 245 205 6.16271620043662 180.033378727741 5.85041160055435
24 21 245 215 6.55758806072292 180.055723736428 5.86021064411223
24 22 245 225 5.94108953603029 179.995781042238 5.82135247363403
24 23 245 235 4.66210495243557 179.880105453854 5.7385676310697
24 24 245 245 3.41857663792552 179.86910113818 5.62267324716094
24 25 245 255 2.49966742986823 180.068399458131 5.4980994678006
24 26 245 265 1.88524800798487 180.330799494953 5.39421216831037
24 27 245 275 1.57438056337306 180.400297077598 5.30769088207976
24 28 245 285 1.629016981054 180.255349153723 5.25665280867971
24 29 245 295 2.18903581910403 180.107827558308 5.31104464222215
24 30 245 305 3.49956405528958 180.062511585548 5.47958677294054
24 31 245 315 5.75815235142073 180.044575054211 5.68152353788417
24 32 245 325 8.73540388118631 180.000997930104 5.8437958710832
24 33 245 335 11.553732613681 179.956937535308 5.94139000690259
24 34 245 345 13.3155974289671 179.934969166236 5.98356287162768
24 35 245 355 13.9817355723592 179.928998671367 5.99535810481551
25 0 255 5 13.9933347315307 179.928717867257 5.99577576477535
25 1 255 15 13.9047744556008 179.92894838672 5.99538313935314
25 2 255 25 13.4727697748442 179.934158199031 5.99361048746304
25 3 255 35 12.3749919117704 179.957337827001 5.99251049159312
25 4 255 45 10.4356322261588 180.006454389552 5.9919744287925
25 5 255 55 7.97837176810087 180.052371589146 5.9829841055684
25 6 255 65 5.83413454949696 180.047721318532 5.96635750009214
25 7 255 75 4.60472260068056 179.990118241245 5.97357717284123
25 8 255 85 4.1318388685513 179.904354171213 6.02913405147452
25 9 255 95 4.01871585882559 179.805969833414 6.10892275605565
25 10 255 105 4.19555462927122 179.757121727876 6.2006887876917
25 11 255 115 4.61412855065437 179.834578997558 6.3438443780485
25 12 255 125 5.27369535226338 179.982066565253 6.47886732302958
25 13 255 135 6.30631618356631 180.064982469098 6.43781138471638
25 14 255 145 7.15061441090975 180.047117356606 6.21580369429766
25 15 255 155 6.99981391343658 179.981920761052 5.99145070226114
25 16 255 165 6.17495581360716 179.913233666631 5.87834797417258
25 17 255 175 5.61464873341172 179.865657937841 5.8550332207318
25 18 255 185 5.8847767899695 179.862665918289 5.86727436972796
25 19 255 195 7.0609058220858 179.901517719528 5.89265244557363
25 20 255 205 8.52620602507122 179.946745040362 5.91845860565709
25 21 255 215 9.23109543786524 179.96449393329 5.91877614467211
25 22 255 225 8.5569197127358 179.933070077806 5.8781468181659
25 23 255 235 6.88681509674582 179.873859431747 5.7994375973907
25 24 255 245 5.11324236582612 179.876893618548 5.69406951678366
25 25 255 255 3.7546177719211 179.993506063843 5.5995603817235
25 26 255 265 2.88101690107362 180.120307487452 5.55295829603931
25 27 255 275 2.44539092583447 180.103749505551 5.52802867473372
25 28 255 285 2.45768619044283 179.966264567829 5.49967106109168
25 29 255 295 3.11172867839205 179.875281302462 5.52826336965065
25 30 255 305 4.6837004882677 179.89042814227 5.64950398022562
25 31 255 315 7.14576038264653 179.934226012539 5.79942432767362
25 32 255 325 9.93957927707542 179.948275504745 5.90997950209544
25 33 255 335 12.2293716697918 179.940518537467 5.96786837988508
25 34 255 345 13.4960604091528 179.932375308418 5.98960178891936
25 35 255 355 13.9218326887815 179.929384926577 5.99489090455457
26 0 265 5 13.5237160990273 179.93113852359 5.98987344499314
26 1 265 15 13.674033270601 179.929337765584 5.9929368788276
26 2 265 25 13.4577077065107 179.932242586012 5.99598601307446
26 3 265 35 12.3407566774306 179.956605594004 6.00687108497901
26 4 265 45 10.2430078993575 180.011311513711 6.03378940070854
26 5 265 55 7.8079324660027 180.04773070208 6.06068913357057
26 6 265 65 5.97277330009271 179.994247496544 6.06602329950512
26 7 265 75 5.16130127212834 179.873649669291 6.06587914712083
26 8 265 85 4.9689946330067 179.769837553405 6.08153616014493
26 9 265 95 4.79498043214596 179.699342869539 6.10111004728404
26 10 265 105 4.64900108303235 179.654136364059 6.12317239125726
26 11 265 115 4.95540340328756 179.678019157863 6.17218505770112
26 12 265 125 6.06686932705914 179.776079725772 6.22152924976914
26 13 265 135 7.86204933160359 179.874859844236 6.19541570991994
26 14 265 145 9.20151261442926 179.918218978316 6.08769954262538
26 15 265 155 8.9078694709517 179.907814121755 5.97128044405594
26 16 265 165 7.42741563376701 179.871607038302 5.89940900351793
26 17 265 175 6.40084166405676 179.845711359761 5.87746129398689
26 18 265 185 6.97444778501223 179.855206478565 5.89240532615469
26 19 265 195 8.85954081799514 179.890020293766 5.92633317782953
26 20 265 205 10.741487679639 179.920078605959 5.95604454043928
26 21 265 215 11.5408565031915 179.929475321341 5.96267141949444
26 22 265 225 10.9598451469087 179.916392653416 5.94110947237247
26 23 265 235 9.32298846093053 179.893228346661 5.89405001275371
26 24 265 245 7.25516785291466 179.898705598051 5.83207396305412
26 25 265 255 5.35339208115742 179.956775218948 5.78493371069714
26 26 265 265 4.07204268739754 180.012452167966 5.77167070377054
26 27 265 275 3.53882051746612 179.981468124468 5.75770005890355
26 28 265 285 3.58158706492557 179.891808088342 5.72014926059375
26 29 265 295 4.16483853930718 179.857400928749 5.71804614505653
26 30 265 305 5.52870209435565 179.901047525804 5.79005965617008
26 31 265 315 7.72341814090674 179.95086943893 5.88636631895043
26 32 265 325 10.2354701863631 179.962181979891 5.95242496495704
26 33 265 335 12.2391909318767 179.949127084668 5.98129005591949
26 34 265 345 13.2161592144256 179.937205161584 5.98823797302294
26 35 265 355 13.4308625744319 179.932867106087 5.98825457975991
27 0 275 5 12.4681951264056 179.936619188777 5.97643396165267
27 1 275 15 13.0150716151947 179.930998269348 5.98531713704424
27 2 275 25 13.0790650777002 179.928298902401 5.99054459290878
27 3 275 35 11.8779280737031 179.947135488758 5.99963528011241
27 4 275 45 9.6011861783282 180.002894512269 6.02796705614119
27 5 275 55 7.2519359679588 180.04759566758 6.06363978076539
27 6 275 65 5.78236060346117 179.996150395617 6.07923728358041
27 7 275 75 5.44859818857454 179.869549183089 6.07896152806825
27 8 275 85 5.6346322131747 179.781088344171 6.07459873094927
27 9 275 95 5.46751762325787 179.762794099848 6.0633269175019
27 10 275 105 4.9756606815295 179.759860200148 6.05520143192853
27 11 275 115 5.08665293052837 179.764702761783 6.06159325075804
27 12 275 125 6.49334531061711 179.804655211813 6.06923057519674
27 13 275 135 8.7533986007199 179.862210292928 6.05493906774507
27 14 275 145 10.2917274076491 179.898231182922 6.01283762123874
27 15 275 155 9.89125417484763 179.898696127741 5.95807951092131
27 16 275 165 8.1736450049028 179.879922177827 5.90996123936616
27 17 275 175 7.06973274381326 179.872360301833 5.88590084536782
27 18 275 185 7.90210032160121 179.887941295991 5.89749334705833
27 19 275 195 10.0669645167127 179.907727751931 5.9342556362754
27 20 275 205 11.8700154085683 179.913954054342 5.96746510353486
27 21 275 215 12.4825055880967 179.9102714654 5.98057070790087
27 22 275 225 12.1210940881918 179.905001567046 5.97658065693271
27 23 275 235 10.9441600830674 179.898353972924 5.96112974285959
27 24 275 245 8.91645974363492 179.900098186257 5.93940878286239
27 25 275 255 6.57221381847589 179.932018270584 5.92261950349846
27 26 275 265 4.97029635696937 179.97602635901 5.91248116845494
27 27 275 275 4.55119414513078 179.973749766461 5.88637752284912
27 28 275 285 4.80083874554991 179.934733390129 5.8421166037089
27 29 275 295 5.18666310437325 179.936871086308 5.82816899524653
27 30 275 305 5.90361889346507 179.989873798058 5.86832081036959
27 31 275 315 7.45062931621902 180.0268845927 5.92642153798682
27 32 275 325 9.68962653053251 180.0117895682 5.96580538657671
27 33 275 335 11.6426176770244 179.973323113136 5.98005920998604
27 34 275 345 12.4106370037734 179.948289675348 5.97751383274578
27 35 275 355 12.3295444906682 179.940441682415 5.97249699033761
28 0 285 5 11.4220751251414 179.942257757504 5.96267160350867
28 1 285 15 12.3813781749522 179.933133649799 5.97765166810245
28 2 285 25 12.8546390463841 179.92394954069 5.98434702569853
28 3 285 35 11.8961570579149 179.928333927343 5.98447608008172
28 4 285 45 9.79798214593871 179.96404098287 5.99386099074289
28 5 285 55 7.54578356661613 180.006188427655 6.01043129103627
28 6 285 65 6.02108090388663 179.989714119055 6.01817494222596
28 7 285 75 5.62608866349797 179.918609103355 6.02103121380967
28 8 285 85 5.86249683698032 179.884398608196 6.02628057835062
28 9 285 95 5.75405727305306 179.927609758704 6.03446755864236
28 10 285 105 5.24158892790736 179.984406641836 6.04989751767322
28 11 285 115 5.286245478736 180.002474172168 6.06167772903224
28 12 285 125 6.56022365102273 179.99419563163 6.05428408547277
28 13 285 135 8.5463629578953 179.978183555414 6.02812738779497
28 14 285 145 9.7752364824424 179.955389046265 5.98819715046541
28 15 285 155 9.32958596737772 179.927135322964 5.94287944291627
28 16 285 165 7.9680044268854 179.903902827465 5.90398657345023
28 17 285 175 7.34954089073803 179.900340499898 5.88317497759385
28 18 285 185 8.38690411056056 179.912728957418 5.8921043596006
28 19 285 195 10.3227166758705 179.91628542931 5.92607792142997
28 20 285 205 11.6161686557335 179.900728821888 5.95963059462476
28 21 285 215 11.8539843505573 179.883453756437 5.97659994026086
28 22 285 225 11.6995066030661 179.881501922487 5.98255038817016
28 23 285 235 11.1087184056869 179.885590429749 5.9858861263238
28 24 285 245 9.37038524132008 179.887195260273 5.98773337861627
28 25 285 255 6.90784939782376 179.910385162097 5.98449380705727
28 26 285 265 5.23554354222366 179.958851477396 5.96853013642856
28 27 285 275 4.99820764984115 179.987117059573 5.93413675912055
28 28 285 285 5.4360619368924 179.99260986391 5.89657668784562
28 29 285 295 5.72000592721019 180.023439768586 5.88847238248074
28 30 285 305 6.07826919566406 180.075777870822 5.91480580705697
28 31 285 315 7.32909812803703 180.091817475457 5.94929622498526
28 32 285 325 9.48318291777555 180.049256300936 5.97165585828392
28 33 285 335 11.3238396537483 179.990003556495 5.97639544600378
28 34 285 345 11.7295297089069 179.95668864567 5.96611137540838
28 35 285 355 11.2626996106185 179.947606809183 5.95632232652808
29 0 295 5 11.4228800531366 179.942538244419 5.96209191859739
29 1 295 15 12.4074112351418 179.933826313849 5.97764715441304
29 2 295 25 13.0077402612924 179.924306401882 5.98412363504356
29 3 295 35 12.3412457419212 179.920499706781 5.97773755398968
29 4 295 45 10.5616419458762 179.933843229568 5.96797424588872
29 5 295 55 8.31397474321462 179.958761575066 5.9592721226491
29 6 295 65 6.35762942343774 179.963366922269 5.9504373779064
29 7 295 75 5.37795096685747 179.945633308879 5.94700115121015
29 8 295 85 5.25830134110042 179.965329045828 5.95366565566658
29 9 295 95 5.25208726755859 180.056683978311 5.97830194032493
29 10 295 105 5.17858362787298 180.156228223433 6.02654485662048
29 11 295 115 5.45715959573561 180.192064101793 6.07303596530523
29 12 295 125 6.29166433406997 180.161036795384 6.08286078932881
29 13 295 135 7.38306896882816 180.09468627577 6.04579073894101
29 14 295 145 8.00946727177586 180.021905032602 5.97825283013334
29 15 295 155 7.80115828477459 179.961778975437 5.91689095557646
29 16 295 165 7.34197665157687 179.923479785733 5.8855173435081
29 17 295 175 7.43062374987302 179.910804035381 5.87625968222668
29 18 295 185 8.35395917043606 179.914143138469 5.88206500445561
29 19 295 195 9.68081354399439 179.909020725468 5.90642393686035
29 20 295 205 10.4596593124284 179.884524843629 5.93898141553696
29 21 295 215 10.4712932686731 179.862040524929 5.96223171807864
29 22 295 225 10.4298679204094 179.868523167047 5.97485962677573
29 23 295 235 10.1523224159852 179.896859276204 5.9846658862773
29 24 295 245 8.6620081844199 179.927369402269 5.99232174416908
29 25 295 255 6.35714755163574 179.964948167488 5.98768243638984
29 26 295 265 4.78065683789106 180.005848173292 5.96196165419806
29 27 295 275 4.52492609381847 180.032367368832 5.92799811096152
29 28 295 285 4.9095368981096 180.063458285724 5.91440911406796
29 29 295 295 5.32363198361889 180.109108920808 5.93100849117726
29 30 295 305 6.08882891669896 180.132683450311 5.95610925409377
29 31 295 315 7.81538113397137 180.105680676268 5.97267339165042
29 32 295 325 10.1586000009503 180.041576216861 5.98080509841871
29 33 295 335 11.8085243725472 179.981850841668 5.97918687619696
29 34 295 345 11.9239814594494 179.95355280697 5.96641603458206
29 35 295 355 11.3001459872787 179.947220893517 5.95572281480293
30 0 305 5 12.4688609904299 179.937150208893 5.97538018048542
30 1 305 15 13.0376945074724 179.932530696777 5.98481252106754
30 2 305 25 13.2380981622173 179.929326228601 5.98636263077534
30 3 305 35 12.3804522302069 179.930201172846 5.97240038810346
30 4 305 45 10.5099452410285 179.935706434304 5.94539998534849
30 5 305 55 8.12677029427529 179.939662907374 5.91677412609392
30 6 305 65 5.89834440638074 179.929847455286 5.89595646400255
30 7 305 75 4.49928304898032 179.915850837532 5.87501712148121
30 8 305 85 4.04760209809954 179.950529901908 5.84437627311271
30 9 305 95 4.16415717019149 180.058543961799 5.83065825646239
30 10 305 105 4.64124462520279 180.169501247917 5.87303960689611
30 11 305 115 5.30921195812361 180.210980768616 5.96059280547769
30 12 305 125 5.80340728615862 180.178424998617 6.03009597077949
30 13 305 135 6.02252544229632 180.106119261792 6.02434726432755
30 14 305 145 6.15644192324081 180.030380608595 5.95237258943952
30 15 305 155 6.43147347460232 179.970549342552 5.88552368335735
30 16 305 165 6.94558228575064 179.933656930521 5.86640272215597
30 17 305 175 7.39992401550841 179.921431365866 5.86588215958169
30 18 305 185 7.73823886715592 179.922449914915 5.8593181349622
30 19 305 195 8.35960856549946 179.914517636667 5.86792779432699
30 20 305 205 9.01848595009173 179.889971399853 5.90321869425627
30 21 305 215 9.24063315610086 179.873882158415 5.94025612248212
30 22 305 225 9.24917331146726 179.902180200794 5.95993942417435
30 23 305 235 8.82423253680036 179.981489349522 5.96630831088996
30 24 305 245 7.31152712077092 180.085158411305 5.96405433271036
30 25 305 255 5.24690449001565 180.165442318039 5.94375698490913
30 26 305 265 3.84368962672977 180.181500176852 5.90395692730019
30 27 305 275 3.44993432462587 180.167781009694 5.88353187949193
30 28 305 285 3.65181759779438 180.193028831048 5.92372997998416
30 29 305 295 4.28046114060564 180.220414485563 5.9907555022191
30 30 305 305 5.73577247288323 180.175682050688 6.01511310360449
30 31 305 315 8.21746775758328 180.083614310896 6.00095613182431
30 32 305 325 10.9170577731488 180.004119945011 5.98941363074063
30 33 305 335 12.5774276865919 179.958750958906 5.98550174566689
30 34 305 345 12.7995409042864 179.942409242941 5.97800457993531
30 35 305 355 12.4074437176492 179.93968377361 5.97143607026416
31 0 315 5 13.524409334854 179.931537224818 5.98922812285873
31 1 315 15 13.6297902698413 179.931292940493 5.99137875086312
31 2 315 25 13.2283536075232 179.936709881376 5.98368176097484
31 3 315 35 11.7357224668057 179.951747297347 5.95142296307848
31 4 315 45 9.28716116331921 179.969146915617 5.89114286412556
31 5 315 55 6.66356550118416 179.971415862746 5.82906553488442
31 6 315 65 4.5385151248686 179.947903526285 5.78930725780479
31 7 315 75 3.2320414582877 179.912769533289 5.74145631977387
31 8 315 85 2.7503518005333 179.915563513001 5.65320429217473
31 9 315 95 2.92570098480284 179.985490428536 5.57474004761583
31 10 315 105 3.62133123177744 180.064435284916 5.58629767487404
31 11 315 115 4.49537404119396 180.084366176906 5.70069549907154
31 12 315 125 4.94679135940679 180.042848735036 5.83975233332062
31 13 315 135 4.86549800293869 179.987242539668 5.90474750657318
31 14 315 145 4.8697361645552 179.95180563518 5.88057407101167
31 15 315 155 5.49709273183058 179.933040841793 5.84221805467039
31 16 315 165 6.45553104135247 179.930296499918 5.83573805164069
31 17 315 175 6.81785755987118 179.945715494666 5.82634731073787
31 18 315 185 6.52409011316426 179.958553729456 5.79539158772469
31 19 315 195 6.6166840535625 179.947178827307 5.78940520919562
31 20 315 205 7.31591932909117 179.922489192661 5.83668453876147
31 21 315 215 7.85370750463308 179.922733487622 5.89645353803444
31 22 315 225 7.87005502811216 179.990399658772 5.92234125516113
31 23 315 235 7.17765672005656 180.14457615168 5.91339543126537
31 24 315 245 5.65108419018318 180.343951886511 5.88635478955615
31 25 315 255 3.92619297304997 180.47400518605 5.83805961759118
31 26 315 265 2.77997032464607 180.4575963381 5.77526933136329
31 27 315 275 2.3277374511543 180.386176875417 5.76674780964032
31 28 315 285 2.38495872283161 180.369623207301 5.87190655224361
31 29 315 295 3.08179390104149 180.339048204097 6.00636480372391
31 30 315 305 4.8788222300374 180.211137118175 6.04096779835941
31 31 315 315 7.82867480910904 180.060509787333 6.00369186249438
31 32 315 325 10.9346687207757 179.972297547184 5.98265432882031
31 33 315 335 12.9181912623275 179.940692426615 5.98591766594718
31 34 315 345 13.5328796980721 179.933183710871 5.98866438490993
31 35 315 355 13.5012688054815 179.932293793628 5.98771866458278
32 0 325 5 14.0105070163256 179.928922352242 5.99573704649294
32 1 325 15 13.8754607911231 179.931179659273 5.99375543693937
32 2 325 25 13.0700356105062 179.943815017381 5.97659729005509
32 3 325 35 10.9870666421827 179.977454578343 5.9162430195492
32 4 325 45 7.90219752187507 180.027829521762 5.79712333785692
32 5 325 55 4.99149455426 180.069450239516 5.6614509317628
32 6 325 65 3.0325175699384 180.073356463207 5.56515838142051
32 7 325 75 2.00162984136352 180.022091519199 5.48160633686042
32 8 325 85 1.64677605999165 179.940011549445 5.36533311470914
32 9 325 95 1.79641384656547 179.887715833819 5.26594154174827
32 10 325 105 2.35878221557024 179.86978055109 5.26377141646306
32 11 325 115 3.11646572927899 179.840531156698 5.37666253314047
32 12 325 125 3.6206213076819 179.800604975255 5.54379711214873
32 13 325 135 3.71907832669715 179.800303008132 5.67506255989739
32 14 325 145 3.88041610282065 179.845330102014 5.73430098309096
32 15 325 155 4.521371245624 179.896197882588 5.75422477178289
32 16 325 165 5.29889408013993 179.946317470284 5.75498911733468
32 17 325 175 5.40658098795653 179.997849540503 5.71836023050858
32 18 325 185 4.87952084884865 180.020529174423 5.66112043062674
32 19 325 195 4.71196027034371 180.00246312454 5.65370624298425
32 20 325 205 5.22041290209125 179.984473144063 5.72697544667547
32 21 325 215 5.72648820435889 180.012526756337 5.81523948185505
32 22 325 225 5.71161540245919 180.122927781406 5.8364998599588
32 23 325 235 5.04038502535518 180.339616671088 5.7852347958476
32 24 325 245 3.83693614841062 180.604738120723 5.703205560578
32 25 325 255 2.6027381910842 180.763910720351 5.60487627727088
32 26 325 265 1.76093058521136 180.729264957378 5.50178484560632
32 27 325 275 1.34390875846413 180.610688198677 5.47910597215399
32 28 325 285 1.32128832678151 180.520708128029 5.61497483921643
32 29 325 295 1.94022691946676 180.401997690856 5.80678834910934
32 30 325 305 3.70679664924724 180.206805555918 5.89643005580344
32 31 325 315 6.77762307217248 180.029995082911 5.91178432445767
32 32 325 325 10.2345938280119 179.947162069472 5.93945981911268
32 33 325 335 12.6928300111131 179.929027520886 5.97459681989484
32 34 325 345 13.7441332180182 179.928441128305 5.99165813782962
32 35 325 355 13.9850312799572 179.928852446223 5.99522667082993
33 0 335 5 14.1180184433353 179.928267586801 5.99727489315427
33 1 335 15 13.9233425754124 179.930819180136 5.99423438513506
33 2 335 25 12.9794822656203 179.945568033031 5.97175449657465
33 3 335 35 10.6231897474133 179.992216717813 5.88669466761973
33 4 335 45 7.15616152633068 180.082200769134 5.70161526104575
33 5 335 55 3.96237226272334 180.188706471645 5.46195107650763
33 6 335 65 1.9719723430994 180.241066068435 5.26903695215739
33 7 335 75 1.05433821310066 180.161729133353 5.14543457984194
33 8 335 85 0.772141422884039 179.951265967122 5.0509142904027
33 9 335 95 0.857668086827639 179.717354431055 4.99369978864897
33 10 335 105 1.19950611969562 179.545077761167 5.0058979189952
33 11 335 115 1.70858705360701 179.444180889838 5.09486857773271
33 12 335 125 2.19131873952775 179.446384075295 5.24201621017086
33 13 335 135 2.53558489500435 179.579021737726 5.40421986546239
33 14 335 145 2.89161754698571 179.773596521414 5.53515879547709
33 15 335 155 3.37379522977704 179.937292799404 5.6067523778951
33 16 335 165 3.76326551058852 180.049029754551 5.60183686936069
33 17 335 175 3.70535003018892 180.115275151635 5.53402724470711
33 18 335 185 3.30476061707827 180.123769228614 5.46702601059252
33 19 335 195 3.11994883907843 180.094993061065 5.48059515758458
33 20 335 205 3.32982062023896 180.096554949202 5.58864766215356
33 21 335 215 3.56121361595176 180.157179493072 5.69588397145877
33 22 335 225 3.48746237311432 180.283971310827 5.69105434212313
33 23 335 235 3.02278099695625 180.506348160604 5.57088607673679
33 24 335 245 2.26356515543751 180.772593542652 5.4062407215526
33 25 335 255 1.47546058230463 180.932052998202 5.23908681515003
33 26 335 265 0.868077921242968 180.905127776658 5.08851832991053
33 27 335 275 0.494484680851506 180.770283803204 5.03409718421484
33 28 335 285 0.43155803172393 180.603828905866 5.15660564815022
33 29 335 295 0.951388628530142 180.384775597751 5.37777106690178
33 30 335 305 2.54684259052873 180.130054667236 5.56599816469702
33 31 335 315 5.50637866098337 179.949559222657 5.7224259893156
33 32 335 325 9.15064847791695 179.896008472958 5.86475129801511
33 33 335 335 12.0817351208099 179.908742866737 5.95603064271919
33 34 335 345 13.583716275339 179.923541128344 5.99003789560576
33 35 335 355 14.0532543731649 179.927707800898 5.99680298009427
34 0 345 5 14.1231189725951 179.92799114175 5.99752646693635
34 1 345 15 13.9311873502834 179.929178039907 5.99500768319061
34 2 345 25 12.9775603764113 179.939479440488 5.97331104187997
34 3 345 35 10.5654189233257 179.984673610796 5.88087263298017
34 4 345 45 6.94127352745895 180.095105058665 5.65728282086182
34 5 345 55 3.5240403998972 180.244388652158 5.33199278079616
34 6 345 65 1.36852118764853 180.313367939793 5.03897321977967
34 7 345 75 0.386992683191944 180.177295485521 4.86872469385753
34 8 345 85 0.0719639787428693 179.843400206837 4.80348317829783
34 9 345 95 0.0867202980583184 179.451959185009 4.80206206299172
34 10 345 105 0.292539434760185 179.129981104557 4.84206711385604
34 11 345 115 0.64570700307037 178.955785417631 4.92064829958137
34 12 345 125 1.08982478769607 179.021936228487 5.05268964679088
34 13 345 135 1.55362821723361 179.330564332159 5.2250159727141
34 14 345 145 1.99607620995839 179.729553080843 5.37805245049675
34 15 345 155 2.3464671808169 180.053509160897 5.44739631959743
34 16 345 165 2.4996716767121 180.236524745846 5.40768412230327
34 17 345 175 2.424159034419 180.294225643045 5.31220670990017
34 18 345 185 2.25306523467615 180.265601272428 5.25838927403797
34 19 345 195 2.18887886048957 180.214354106619 5.31070981144204
34 20 345 205 2.24168767522647 180.224872620707 5.44385585276046
34 21 345 215 2.24750829217846 180.307148814597 5.54115918085902
34 22 345 225 2.09447357267354 180.43605960542 5.50206954928063
34 23 345 235 1.7517115843744 180.640440135552 5.34072173176802
34 24 345 245 1.24849799372823 180.884775233851 5.12898662218877
34 25 345 255 0.692285809399014 181.03555146702 4.91585274034768
34 26 345 265 0.187479328984945 181.020635989244 4.73264240073314
34 27 345 275 -0.182038102189904 180.875656669598 4.64967064713599
34 28 345 285 -0.276303649368956 180.634392304793 4.73572526283799
34 29 345 295 0.163894355281416 180.307369247208 4.95384190196846
34 30 345 305 1.56474241272809 179.981384929765 5.23099669355857
34 31 345 315 4.29361414918086 179.80128782113 5.53709772350344
34 32 345 325 7.97684482431936 179.800651328462 5.79897982747933
34 33 345 335 11.3267060141133 179.869467159699 5.94318565035405
34 34 345 345 13.2940862743863 179.913792370435 5.98951085734462
34 35 345 355 14.0007987595371 179.926375025801 5.9971858284644
35 0 355 5 14.118347314589 179.92759509651 5.99773072303448
35 1 355 15 13.9306627896409 179.9271959024 5.99616167385744
35 2 355 25 12.971305618645 179.930516167639 5.98028389781339
35 3 355 35 10.5318148539183 179.963564080413 5.90177372572287
35 4 355 45 6.83574095706909 180.066161869586 5.68541794144031
35 5 355 55 3.3036206503281 180.212252429418 5.32433649659706
35 6 355 65 1.02684323436552 180.258129110686 4.94883833679564
35 7 355 75 -0.0542286063185701 180.067597587902 4.70953929745293
35 8 355 85 -0.447451336012594 179.666644122918 4.63364746359088
35 9 355 95 -0.490893008382784 179.201004824698 4.65858666308819
35 10 355 105 -0.326205586295613 178.803679109785 4.72945805660522
35 11 355 115 -0.00204159104905002 178.600158420245 4.83842972987468
35 12 355 125 0.442875677703455 178.720268902719 5.00439430067387
35 13 355 135 0.931355865977585 179.150143504437 5.1962541017884
35 14 355 145 1.35999977750611 179.702885478621 5.3263659568524
35 15 355 155 1.63180501244812 180.162123804224 5.33470824022267
35 16 355 165 1.72091994715959 180.407713576528 5.23505512883944
35 17 355 175 1.71101740118721 180.45883100538 5.11962640710698
35 18 355 185 1.719448650944 180.394163094057 5.09132070397327
35 19 355 195 1.78166065902436 180.302111271779 5.1792648930322
35 20 355 205 1.80738159416761 180.289582652611 5.3121149380125
35 21 355 215 1.70129054821859 180.392193428573 5.37620478162911
35 22 355 225 1.46558798576624 180.573344913498 5.33100668934114
35 23 355 235 1.13026346469682 180.818968096889 5.21377161485648
35 24 355 245 0.704258594497104 181.068478177969 5.0441809537772
35 25 355 255 0.217539555057686 181.197436699192 4.8294415595548
35 26 355 265 -0.269473831791337 181.153000035825 4.61825990089357
35 27 355 275 -0.651495968748073 180.954851287071 4.50320799749119
35 28 355 285 -0.766643574810326 180.619528410743 4.54496750111221
35 29 355 295 -0.386662767933651 180.190765389005 4.72980260907899
35 30 355 305 0.851160348658858 179.806108957664 5.03927884780473
35 31 355 315 3.36713674733292 179.631571173048 5.43327781887451
35 32 355 325 7.04223391181294 179.684577831488 5.77142565607093
35 33 355 335 10.7066302161781 179.814836025266 5.94593755388056
35 34 355 345 13.0469776798947 179.897226369954 5.99399287321703
35 35 355 355 13.9475181390602 179.92349025882 5.99846787487865
