0 0 5 5 14.5171558018134 179.965822895363 5.99796029322401
0 1 5 15 14.1745049408683 179.953168944187 6.00107259390847
0 2 5 25 12.447999610296 179.905625407596 5.99134101217435
0 3 5 35 8.77778073241605 179.944944697329 5.8073519269081
0 4 5 45 4.9470191470279 180.04753296993 5.25111007915508
0 5 5 55 2.67263447979244 179.664307368465 4.70093581469569
0 6 5 65 2.16683270634353 178.883943176768 4.83848500031585
0 7 5 75 2.91987494579039 178.588905355602 5.47545025903821
0 8 5 85 4.68507700928503 179.120191826351 5.89756248995598
0 9 5 95 8.05464002806319 179.721843534619 5.97956518062366
0 10 5 105 12.1869941350865 179.941133541148 5.98461094157198
0 11 5 115 14.3115188567976 179.96463664042 5.99547541983735
0 12 5 125 14.5978323385628 179.961015650666 5.99908211999343
0 13 5 135 14.34745071653 179.931585246397 6.04066013317566
0 14 5 145 13.5031792118425 179.796191164367 6.26061696703238
0 15 5 155 11.3420471399614 179.608410868885 6.58190637320764
0 16 5 165 8.57487554352796 179.668368754673 6.52007634430352
0 17 5 175 6.51923248396838 179.97466674811 6.04466360232593
0 18 5 185 4.68684062430071 180.208344717214 5.57876660499691
0 19 5 195 3.08249533285313 180.189027471015 5.27576498630121
0 20 5 205 2.11074404623767 179.863580588343 5.17637533750717
0 21 5 215 1.6886070444259 179.37482523847 5.26608566587999
0 22 5 225 1.5518672429303 179.134634579048 5.42117344026592
0 23 5 235 1.46030783413655 179.451158576825 5.54949573528565
0 24 5 245 1.28410706902531 180.068829290393 5.54155466367636
0 25 5 255 1.06971252417253 180.589801591672 5.50928620923536
0 26 5 265 0.871526409292527 180.828671751695 5.57668417129931
0 27 5 275 0.703972163369452 180.690810117623 5.71916691537124
0 28 5 285 0.587042175092519 180.512198215791 5.86647009902533
0 29 5 295 0.598556754030919 180.598582990932 5.9702950348396
0 30 5 305 0.940269123306322 180.875685517349 5.8712728562948
0 31 5 315 2.03317013437447 180.85802112561 5.70795272259518
0 32 5 325 4.55775100865617 180.467772955194 5.71402528834873
0 33 5 335 8.62271841184961 180.116858928632 5.83840793132499
0 34 5 345 12.444640724737 179.98609609676 5.94684373643898
0 35 5 355 14.192506828231 179.965607071589 5.99077805170213
1 0 15 5 14.0924506991196 179.9736125331 5.99637376478542
1 1 15 15 12.9372024609208 179.982521754237 5.99328098310565
1 2 15 25 11.1493558853128 179.956861058365 6.00289596034465
1 3 15 35 8.2501705552173 180.021877835613 5.92266405730351
1 4 15 45 4.85884365956789 180.084708752723 5.44293798869043
1 5 15 55 2.54905507878222 179.404984524375 4.75415923995754
1 6 15 65 1.95160676571676 178.246651958177 4.73158570762728
1 7 15 75 2.71662692786811 177.853282038643 5.34618269181118
1 8 15 85 4.56951866391712 178.688727000474 5.81203057443286
1 9 15 95 7.98523101699784 179.596879419872 5.93217127182464
1 10 15 105 12.1530753458399 179.924506611577 5.96687102885975
1 11 15 115 14.3214677521885 179.964207841927 5.99267057728633
1 12 15 125 14.7031065804288 179.9640018 5.99880006
1 13 15 135 14.451198546302 179.915928016536 6.07768160928551
1 14 15 145 12.9835566080091 179.659371878294 6.50074660476236
1 15 15 155 10.1715253398069 179.2803727411 7.13385262179072
1 16 15 165 8.17475508922318 179.313063389906 7.08023905001635
1 17 15 175 7.17323945248703 179.721648333784 6.32321678016319
1 18 15 185 5.476788048411 179.99784611918 5.69248592396226
1 19 15 195 3.74183775564643 180.037237864278 5.39334676759053
1 20 15 205 2.76046412006554 179.817459474359 5.37720021470645
1 21 15 215 2.31041847323824 179.448044460915 5.55638308058325
1 22 15 225 2.08388365002959 179.337639676896 5.60374521548162
1 23 15 235 1.92696530044984 179.708159475114 5.65134320009876
1 24 15 245 1.78662277590464 180.257756313329 5.8026844578772
1 25 15 255 1.66091297061399 180.686440200268 5.92512515981307
1 26 15 265 1.51104456646363 180.869140007279 6.00013236931417
1 27 15 275 1.2882871615509 180.613758219269 6.00565571730894
1 28 15 285 1.00746460191894 180.372313872619 5.90779912670374
1 29 15 295 0.794970623865991 180.347193576139 5.87655584912293
1 30 15 305 0.966392740094889 180.333175614644 5.88507325335372
1 31 15 315 1.96464352220479 180.152780178633 5.78875261168603
1 32 15 325 4.25964457374956 180.002481741608 5.69541199554404
1 33 15 335 8.14470789079836 179.985814860778 5.78485867735518
1 34 15 345 12.3222624315531 179.981786751003 5.92898223818807
1 35 15 355 14.2664687422991 179.968608306279 5.99008671383175
2 0 25 5 13.3145698792874 179.984434544992 5.99367308686909
2 1 25 15 11.1800399466877 180.035809006485 5.97989515119143
2 2 25 25 9.92906022155229 180.102090834707 6.00445220746008
2 3 25 35 8.81720064012379 180.258128779157 6.07873107783308
2 4 25 45 5.77078071462011 180.219100155373 5.82140055319298
2 5 25 55 3.04487188577707 179.208081189545 5.13244406367764
2 6 25 65 2.28191194253032 177.872414118515 5.00457873561718
2 7 25 75 3.02332895049758 177.513883135392 5.56050782538081
2 8 25 85 4.96349981187569 178.496983751398 5.93380834362281
2 9 25 95 8.41271539429125 179.537512750336 5.9693427164196
2 10 25 105 12.3666499899697 179.91631843092 5.97280621222695
2 11 25 115 14.3583463646667 179.963916683187 5.99317661576013
2 12 25 125 14.7031065804288 179.9640018 5.99880006
2 13 25 135 14.4636196619705 179.929816425493 6.05739075386329
2 14 25 145 13.1483891650521 179.746916088207 6.37189605980975
2 15 25 155 10.9347402399174 179.473738126121 6.84488538785409
2 16 25 165 9.82018882396983 179.49431047185 6.82128702366556
2 17 25 175 8.98398549884273 179.824842560722 6.31329374397421
2 18 25 185 6.63711862462979 180.126199733674 5.92074920085967
2 19 25 195 4.47407063682679 180.200419717136 5.70169384696067
2 20 25 205 3.48130901947154 179.985750070038 5.65165574263058
2 21 25 215 3.09103034093828 179.760664995384 5.79058244782568
2 22 25 225 2.82110421932384 179.804318966644 5.72718404637636
2 23 25 235 2.58268556201879 180.085183077437 5.65789117106164
2 24 25 245 2.42538332072766 180.397672130728 5.76669722023916
2 25 25 255 2.31306583231162 180.662659336753 5.88315257651219
2 26 25 265 2.14513193555173 180.743527693789 5.91790660839726
2 27 25 275 1.87312527640445 180.436189643119 5.77814952160973
2 28 25 285 1.49860841380268 180.121271689325 5.58336823001599
2 29 25 295 1.14783314739623 179.955393757773 5.63417938893152
2 30 25 305 1.22817332177758 179.715525305669 5.83696993954027
2 31 25 315 2.33485537803266 179.513951172021 5.83679201326383
2 32 25 325 5.06482271375196 179.611967870357 5.7345453984455
2 33 25 335 9.23056707211933 179.85286197677 5.81910285117728
2 34 25 345 12.9059575875463 179.960425804407 5.9492738700973
2 35 25 355 14.2554890848109 179.968451658739 5.99394388922512
3 0 35 5 13.3375182253994 179.98227953523 5.9942568053271
3 1 35 15 11.3328346119773 180.035149283733 5.98057779933321
3 2 35 25 10.561080088046 180.125493718085 6.00948908314438
3 3 35 35 10.0046593456544 180.268071172132 6.14281155433276
3 4 35 45 6.86491147143627 180.084925052752 6.04256480729234
3 5 35 55 3.87799035764237 179.015991946717 5.50469062173994
3 6 35 65 3.02629343823255 177.866155371018 5.4121638786036
3 7 35 75 3.76373652689236 177.631421342345 5.88755656926995
3 8 35 85 6.03478668955059 178.567647400325 6.12484508053215
3 9 35 95 9.72071746454506 179.550055523114 6.05225779375452
3 10 35 105 13.0572523039011 179.915304658029 5.99702478511561
3 11 35 115 14.4808957822234 179.963518992131 5.99643532031127
3 12 35 125 14.7031065804288 179.9640018 5.99880006
3 13 35 135 14.6034269444296 179.953940172457 6.01725296460544
3 14 35 145 14.0625792884418 179.900071614898 6.1162663667853
3 15 35 155 13.1822210767485 179.819373879252 6.26519127687812
3 16 35 165 12.5849599576384 179.843625354595 6.2703788451895
3 17 35 175 11.052230988145 180.053700292723 6.17118034937832
3 18 35 185 7.70332480314084 180.346542390929 6.1063452123895
3 19 35 195 5.03115512023491 180.402487311098 5.93634406668022
3 20 35 205 4.06741499959688 180.133861702436 5.74480212467898
3 21 35 215 3.86380345865751 179.963405086829 5.72863260348799
3 22 35 225 3.62531515429631 180.013763158908 5.66444739595852
3 23 35 235 3.31524603176379 180.073568989982 5.58803093217057
3 24 35 245 3.09393799809366 180.174562163185 5.61241932312541
3 25 35 255 2.95701762947965 180.365085510385 5.63715468236206
3 26 35 265 2.7741272114778 180.515097900539 5.61588521608148
3 27 35 275 2.48834173465396 180.448537369372 5.43408585197
3 28 35 285 2.08803207115036 180.203614638085 5.29227721991284
3 29 35 295 1.70661707840952 179.997593445096 5.4748655927005
3 30 35 305 1.82602714370137 179.686000445348 5.72200704875941
3 31 35 315 3.14657562784738 179.403064982467 5.7415407491793
3 32 35 325 6.43493226703781 179.49547994569 5.74366117944505
3 33 35 335 10.8997757255054 179.789413008011 5.87519221104813
3 34 35 345 13.7780798578593 179.941922650837 5.97534776216882
3 35 35 355 14.4130077194792 179.966033054547 5.99762121291084
4 0 45 5 14.1182028496264 179.971194470082 5.99702872689751
4 1 45 15 13.2662489397815 179.99265666019 5.99157023217921
4 2 45 25 12.7785356621731 180.033392402931 6.00398823066216
4 3 45 35 11.4505839466403 180.061097991279 6.04621460005622
4 4 45 45 7.83584312266755 179.779032496029 5.92986546772954
4 5 45 55 4.73955199580507 178.969852657656 5.6142834678657
4 6 45 65 3.79745099759469 178.217969443012 5.65637383936984
4 7 45 75 4.42148549969092 178.057978383234 6.05729314694153
4 8 45 85 6.95103451335979 178.798918899119 6.26413024373579
4 9 45 95 10.8756793214052 179.657175288885 6.20342562416955
4 10 45 105 13.5929199795056 179.968360961184 6.08881843878709
4 11 45 115 14.5190960495389 179.97839333228 6.0219565767
4 12 45 125 14.6873733739863 179.965388147358 6.00139304533326
4 13 45 135 14.6881129900779 179.962984346148 6.00086942056515
4 14 45 145 14.6067520631986 179.957538701298 6.01196012652923
4 15 45 155 14.4747983055471 179.949387261829 6.0286024515188
4 16 45 165 14.1466278078394 179.971022941077 6.04189613867126
4 17 45 175 12.4609606702065 180.113646505639 6.0893838528635
4 18 45 185 8.86840800786977 180.383667279785 6.12291867701278
4 19 45 195 5.69695112632415 180.469539255071 5.97171954070949
4 20 45 205 4.48723372243285 180.233610044258 5.7710271350324
4 21 45 215 4.35114500007696 180.082979812124 5.73639423635094
4 22 45 225 4.13866685612362 180.071596409133 5.71339564951206
4 23 45 235 3.79124003134902 180.010301334464 5.68609141957727
4 24 45 245 3.55917605023441 180.120194999467 5.73098523902921
4 25 45 255 3.46349890780755 180.314130792097 5.65523916867666
4 26 45 265 3.29440827145594 180.469942383493 5.52253094545822
4 27 45 275 2.98709593070388 180.582565337678 5.36645868446092
4 28 45 285 2.60868091435189 180.563188784321 5.3839818181849
4 29 45 295 2.29872785382455 180.546776983643 5.64004946081397
4 30 45 305 2.57169550113506 180.237999355687 5.77397859188917
4 31 45 315 4.21774134119228 179.76108330429 5.72991692892005
4 32 45 325 7.84789396444283 179.684139834453 5.77654718414913
4 33 45 335 12.0904782430753 179.857183117451 5.91237841243113
4 34 45 345 14.2705306701112 179.950403917561 5.98629523806841
4 35 45 355 14.6040669940783 179.964552459774 5.99865525271835
5 0 55 5 14.61315418828 179.96503434473 5.99854785785333
5 1 55 15 14.4819749690654 179.968122240409 5.99777130838097
5 2 55 25 14.1842598442899 179.974958483984 5.99719129799252
5 3 55 35 12.6119378542439 179.950284276508 5.97204633809595
5 4 55 45 9.11687935855218 179.740739437948 5.84191662728666
5 5 55 55 5.97588687928346 179.30163544058 5.67259969268151
5 6 55 65 4.737935688254 178.868150216797 5.74307580956085
5 7 55 75 4.93484122500686 178.711800796851 6.04287602938227
5 8 55 85 6.90086101130319 179.302316489264 6.41375759917308
5 9 55 95 10.1729690278133 180.079576819183 6.63946843396727
5 10 55 105 12.6556234865011 180.213692916244 6.43416636256688
5 11 55 115 14.0437695421547 180.045651713236 6.1306163336161
5 12 55 125 14.6059567063013 179.971722084838 6.0132791361752
5 13 55 135 14.6888852512962 179.964338128114 5.99910098909309
5 14 55 145 14.613045646766 179.965991175992 6.00058212653373
5 15 55 155 14.4818450094832 179.969276292523 6.00247716022288
5 16 55 165 14.1805371318745 179.982768530982 6.00674261854428
5 17 55 175 12.769001190984 180.053663205972 6.01813947027576
5 18 55 185 9.53752454563668 180.231605082277 5.98462505797944
5 19 55 195 6.1656705971089 180.402160080866 5.85769621078803
5 20 55 205 4.60878161898921 180.399655115797 5.78752285795718
5 21 55 215 4.35891186214262 180.349193623199 5.82838649337333
5 22 55 225 4.18499144101976 180.317462722695 5.81435097549137
5 23 55 235 3.89998188960126 180.342639846017 5.91406195497545
5 24 55 245 3.79022622965777 180.551529495968 6.14392163620654
5 25 55 255 3.82811858478904 180.672497467772 6.03242828473551
5 26 55 265 3.64511012406762 180.763996083149 5.75656223715791
5 27 55 275 3.2569611926697 180.9488783732 5.6029539478815
5 28 55 285 2.90355463060661 181.206690635152 5.78855115825785
5 29 55 295 2.70743553210075 181.411992932972 6.08254152610313
5 30 55 305 3.11427936352337 180.983839140781 6.08789058469669
5 31 55 315 4.94173061553443 180.251890495256 5.96975545477514
5 32 55 325 8.64802008484257 179.976565164159 5.9206490234696
5 33 55 335 12.5683749661295 179.971089258705 5.95529558803105
5 34 55 345 14.4010588801699 179.968181006523 5.99093635316905
5 35 55 355 14.6898245940708 179.964075880424 5.99878307148861
6 0 65 5 14.6096696650994 179.964812734016 5.99850805951073
6 1 65 15 14.6888740392354 179.96410528761 5.99876301135163
6 2 65 25 14.4989711175331 179.965403756314 5.99689840987414
6 3 65 35 13.1918877522505 179.958805895489 5.97526822766187
6 4 65 45 10.2201962714423 179.896278290033 5.90119564475489
6 5 65 55 7.29046990252103 179.749120075716 5.82166599558649
6 6 65 65 5.90032940808688 179.539338309059 5.85784479677503
6 7 65 75 5.66972213407275 179.429312669511 6.07053561372729
6 8 65 85 6.63780657569979 179.884380042232 6.59908406338472
6 9 65 95 8.54689324614995 180.53299952928 7.09582120523326
6 10 65 105 10.907973175483 180.462306820873 6.78929997137078
6 11 65 115 13.2938499237329 180.112534455072 6.24138351007269
6 12 65 125 14.4923075798658 179.978007066117 6.02520870497498
6 13 65 135 14.6069093041042 179.968845869377 6.00263439615302
6 14 65 145 14.0935051010391 179.992730697027 6.02167782591691
6 15 65 155 13.2105794934862 180.030243197269 6.04621376954383
6 16 65 165 12.42251891007 180.055333679599 6.03591222912425
6 17 65 175 10.9329562460835 180.090880028091 5.98706367984508
6 18 65 185 8.18214962165118 180.256637186924 5.93974316333252
6 19 65 195 5.55958271346309 180.665600240165 5.96944201181242
6 20 65 205 4.30914514235983 181.019952909726 6.08154651797518
6 21 65 215 3.98617537403902 181.046866910413 6.11975435375161
6 22 65 225 3.83625990099647 180.919830779651 6.02695781972373
6 23 65 235 3.71356595826329 180.903994286525 6.16962667657411
6 24 65 245 3.77430266108212 180.920821816446 6.52278556276412
6 25 65 255 3.87559143109923 180.883765027993 6.46905744072254
6 26 65 265 3.65165618471502 181.152975086097 6.15754055463659
6 27 65 275 3.23494965391666 181.647613798828 6.0153779028556
6 28 65 285 2.90636810285982 182.170136388858 6.24269737218551
6 29 65 295 2.77800659764434 182.480161947597 6.52497787961594
6 30 65 305 3.15984994174241 181.9540815754 6.48449139724943
6 31 65 315 4.65133895759891 180.981668634154 6.30453244271999
6 32 65 325 7.98030028385433 180.364622205771 6.10743422397965
6 33 65 335 11.9781623679796 180.083679802728 6.01009957203519
6 34 65 345 14.0202974565339 179.980923836536 5.99778868091928
6 35 65 355 14.4652733540812 179.965374160022 5.99846087416255
7 0 75 5 14.0675597224909 179.971264581989 5.99583813105458
7 1 75 15 14.5004043849269 179.965018232387 5.99670430807113
7 2 75 25 14.1906136110244 179.968878096429 5.99331253804519
7 3 75 35 12.6132955320931 179.99413642929 5.97681189963634
7 4 75 45 9.59786081746541 180.030287469169 5.9312964468755
7 5 75 55 7.20880381765997 180.032673408141 5.91387436694889
7 6 75 65 6.38763367779519 180.028901856637 6.02936696598874
7 7 75 75 6.58748267078963 180.055776747284 6.23090253196445
7 8 75 85 7.81917480731318 180.187858545351 6.51071548618877
7 9 75 95 9.3552213362556 180.414819252979 6.7767149208883
7 10 75 105 11.2520177164261 180.30130145096 6.54472311193025
7 11 75 115 13.3995994774645 180.062494979708 6.16433232597194
7 12 75 125 14.5087353465532 179.973235572834 6.01643960461402
7 13 75 135 14.4669712442098 179.9835587048 6.01357980549548
7 14 75 145 13.2053969793106 180.080082856915 6.08724717050532
7 15 75 155 11.0513602038439 180.21776553959 6.18242137280193
7 16 75 165 9.54216763816844 180.257099143273 6.15041063485996
7 17 75 175 8.14204560075883 180.2770314757 6.03043821774719
7 18 75 185 6.21632332517945 180.585626673683 6.05559424112315
7 19 75 195 4.54450720637138 181.436926945283 6.37662319590697
7 20 75 205 3.67852688916695 182.193795178801 6.67277171142994
7 21 75 215 3.33524138920364 182.227659078679 6.58988723007709
7 22 75 225 3.20791661648933 181.942442032381 6.36198245867601
7 23 75 235 3.21067233703784 181.76002090619 6.42220669777385
7 24 75 245 3.30014593902959 181.557245131984 6.73205677020605
7 25 75 255 3.30845088358632 181.501913042574 6.74942280315559
7 26 75 265 3.10601700511737 181.957568561709 6.50229833178806
7 27 75 275 2.79816664909481 182.661473291734 6.41039768339289
7 28 75 285 2.54033886374468 183.141646929749 6.58826462160895
7 29 75 295 2.49360444579734 183.257860138055 6.85355534942398
7 30 75 305 2.87828771094764 182.727720655601 6.90243482015391
7 31 75 315 4.04723631912734 181.702262490882 6.69059066723717
7 32 75 325 6.731453922826 180.689759875572 6.34522542061902
7 33 75 335 10.2235519175586 180.116393508219 6.10426511294271
7 34 75 345 12.2021893816322 179.981255566713 6.01262244122992
7 35 75 355 13.1382045230954 179.979404824007 5.99392677243682
8 0 85 5 13.0941812516423 179.987839313035 5.98729302817639
8 1 85 15 13.7617713452928 179.968572409778 5.98209403029407
8 2 85 25 12.7280657789005 179.977975952312 5.96327552693417
8 3 85 35 10.7284012904129 180.046689314412 5.94008631037245
8 4 85 45 7.88727671014659 180.18728895648 5.88745281770214
8 5 85 55 6.03135693720644 180.295291265813 5.89470927391357
8 6 85 65 5.77951545684686 180.414246023288 6.13386306441856
8 7 85 75 6.77228169769374 180.542148586927 6.38524267753235
8 8 85 85 9.12583972157829 180.359119176974 6.33878177993228
8 9 85 95 11.4231777871376 180.150601497519 6.26391559046429
8 10 85 105 12.932716738957 180.037449551284 6.16520383243141
8 11 85 115 14.0601021773495 179.979097158427 6.05111878270813
8 12 85 125 14.606424347067 179.964569144123 6.00463397022616
8 13 85 135 14.4486551524722 179.994155675917 6.02108374592867
8 14 85 145 13.0875192592533 180.143045817788 6.13234971695853
8 15 85 155 10.7817642190241 180.345410301291 6.27629213625004
8 16 85 165 9.24828174870993 180.371289678576 6.23046331877484
8 17 85 175 7.8387120826363 180.404834098842 6.05799575789347
8 18 85 185 5.73237324283317 180.940287681764 6.10059818293118
8 19 85 195 3.93543543242326 182.179749445362 6.58222343233201
8 20 85 205 3.03614783682307 183.211041180021 6.98511375036665
8 21 85 215 2.68530491184595 183.352150139021 6.77324914394331
8 22 85 225 2.55973899355492 183.304328893942 6.49015974046211
8 23 85 235 2.54594286313571 183.408680755585 6.47788403020941
8 24 85 245 2.53947990792038 183.372635036627 6.62697137520159
8 25 85 255 2.4389623394268 183.342206139406 6.69656431225185
8 26 85 265 2.27983456820611 183.57159785741 6.64612257410186
8 27 85 275 2.09627101300837 183.918633483431 6.61517437040366
8 28 85 285 1.94087130113169 183.930533112003 6.65199653055274
8 29 85 295 1.99850765739368 183.6737139163 6.80809280245394
8 30 85 305 2.48520158471536 183.18338572821 6.91121982857871
8 31 85 315 3.60029369852774 182.196299567025 6.74524051273862
8 32 85 325 5.58673156457666 180.841378459926 6.41968165852372
8 33 85 335 7.78649978836567 180.067627453834 6.16047696651413
8 34 85 345 9.16381530531813 179.990107113984 6.01701706216641
8 35 85 355 10.8712382841947 180.019627857842 5.97951256882182
9 0 95 5 12.7609871867358 179.999221743731 5.97723664310368
9 1 95 15 12.6820450882693 179.975082803053 5.94768534276293
9 2 95 25 10.2547280684982 179.993415642088 5.88764547094901
9 3 95 35 8.0619295868521 180.10267878155 5.85139639643681
9 4 95 45 6.16844020084973 180.381601888359 5.79679562266245
9 5 95 55 4.91044717683945 180.632227348499 5.77786048882272
9 6 95 65 4.79164521294928 180.682282766131 5.95553493005747
9 7 95 75 5.76651480981374 180.674822518582 6.16407806232303
9 8 95 85 8.06074444741231 180.384349335292 6.12758893848445
9 9 95 95 10.706820712705 180.009616700837 6.09145432750265
9 10 95 105 12.4441859763325 179.865385284609 6.10407919049793
9 11 95 115 13.6256383153011 179.923472953766 6.06906152740851
9 12 95 125 14.2559599326846 179.980304940735 6.03248747008291
9 13 95 135 14.381585219061 179.994038363352 6.02345862804272
9 14 95 145 13.8938612582332 180.06559410567 6.07434599841406
9 15 95 155 12.8991771798947 180.173498724126 6.15156410590612
9 16 95 165 11.9851314634185 180.200493050912 6.12164470504823
9 17 95 175 9.96699447131256 180.379468959052 5.99736767538142
9 18 95 185 6.36498151090087 181.170011966781 5.97042079491982
9 19 95 195 3.62530510124601 182.520162646047 6.23902466427025
9 20 95 205 2.52419978628612 183.511675259967 6.51832788644865
9 21 95 215 2.16592815568995 183.861369391445 6.48266945743281
9 22 95 225 1.99120093294055 184.392245823095 6.4824863848462
9 23 95 235 1.87000017938625 184.990957594433 6.44432877989607
9 24 95 245 1.76447358676234 185.036125153899 6.35361210794276
9 25 95 255 1.62193944531217 184.821092129727 6.4094104784792
9 26 95 265 1.47994903412399 184.701871558128 6.52987846689855
9 27 95 275 1.33805178835871 184.633532447661 6.50990019501489
9 28 95 285 1.23745478424913 184.350946523693 6.365898091168
9 29 95 295 1.36174864721263 183.976610216225 6.24060956149838
9 30 95 305 1.94802402454422 183.529782029242 6.19974271811412
9 31 95 315 3.15654112863008 182.483114184555 6.21973891900249
9 32 95 325 4.84545742305977 180.893285152446 6.26336878272202
9 33 95 335 6.30487566709655 179.96867335696 6.22036769545106
9 34 95 345 7.58757627190058 179.95422050743 6.05700779611659
9 35 95 355 10.0897875045814 180.039493598239 5.97541498748606
10 0 105 5 13.353859442875 179.987954729206 5.97858171643685
10 1 105 15 12.3625222828474 179.977581520111 5.93048806109673
10 2 105 25 9.11275757723906 180.001100677691 5.83745904002673
10 3 105 35 6.64425613701335 180.116039658351 5.75068549512667
10 4 105 45 5.10131329997516 180.47297616431 5.62753758410231
10 5 105 55 4.08940855102098 180.857977536027 5.52343793643503
10 6 105 65 3.9642441203786 180.832796396265 5.56909148119769
10 7 105 75 4.62697459982662 180.613870936643 5.74230263731995
10 8 105 85 6.0850628020141 180.300130587462 5.89583004181264
10 9 105 95 8.04148987604835 179.897144386456 6.09124966072892
10 10 105 105 9.73652839550496 179.747407813467 6.23137586982606
10 11 105 115 11.2855950735814 179.950945569863 6.22688186645369
10 12 105 125 12.3742584544221 180.094837557558 6.16476943251989
10 13 105 135 13.3506528560558 180.042078008773 6.0723727008585
10 14 105 145 14.1403173573144 179.994270300258 6.02374632043803
10 15 105 155 14.3551539818829 180.00152374947 6.02619114618871
10 16 105 165 13.8769245909591 180.041636621474 6.01492148989652
10 17 105 175 11.3599991642683 180.346118143654 5.95240537590548
10 18 105 185 6.70140606460972 181.267701983553 5.84206426915422
10 19 105 195 3.31701480972583 182.526432336817 5.76551275173046
10 20 105 205 2.04796818298106 183.292237202611 5.83675154857459
10 21 105 215 1.63794417323939 183.660564780937 6.12801034970762
10 22 105 225 1.39793359525672 184.385192071265 6.42447601620981
10 23 105 235 1.18404744950655 185.07564630276 6.32309572040856
10 24 105 245 0.998356741078886 185.056000155392 6.05659690034231
10 25 105 255 0.809662317341525 184.726813308114 6.01308561449394
10 26 105 265 0.648459715338108 184.502404965451 6.08366361994864
10 27 105 275 0.505533276978635 184.312933763004 6.02832807300949
10 28 105 285 0.416346867519622 184.065719376895 5.88313559618597
10 29 105 295 0.558277236946122 183.857153045799 5.68094114904164
10 30 105 305 1.16894643452216 183.52795302691 5.52539059714857
10 31 105 315 2.42101780709735 182.481800413593 5.69291222823346
10 32 105 325 4.04923987659213 180.77424238697 6.17435060527914
10 33 105 335 5.56952892310478 179.699312436132 6.43736567246515
10 34 105 345 7.72311938381702 179.76619325239 6.21211823665085
10 35 105 355 11.0957007711276 179.981808793421 6.0115574623449
11 0 115 5 13.5749312150956 179.99636058963 6.01504052630775
11 1 115 15 12.884590329641 179.977873311262 5.97179037725953
11 2 115 25 9.99063926945581 179.972047903551 5.88302100595193
11 3 115 35 6.84480551443263 180.041015708914 5.69885097418619
11 4 115 45 4.48196096806399 180.366699839474 5.39697513208351
11 5 115 55 3.18530207371063 180.789144820782 5.16870073915237
11 6 115 65 3.01772486843398 180.810466923883 5.16824451376307
11 7 115 75 3.62959652074274 180.57319461722 5.40073990735808
11 8 115 85 4.86806050977582 180.287962434929 5.68940457837415
11 9 115 95 6.63722641455489 179.927006019721 6.01516473467486
11 10 115 105 8.05092728368108 179.813861382343 6.25593030882475
11 11 115 115 8.73062570451632 180.080392686927 6.34546675112721
11 12 115 125 9.56982853398748 180.234025451453 6.3044665624567
11 13 115 135 11.5668660794333 180.103663547534 6.13645567600735
11 14 115 145 13.6438989918379 179.986684708589 6.02128349529312
11 15 115 155 14.4919657417146 179.965035126902 5.99925901382813
11 16 115 165 14.0380534726698 180.016090066194 6.00404218905311
11 17 115 175 11.3278205720367 180.33832697606 5.98088276978839
11 18 115 185 6.46780645202293 181.148803075144 5.79052363606078
11 19 115 195 2.95923374430802 182.085580491937 5.46740458549227
11 20 115 205 1.58857350148857 182.543244858743 5.49498611491116
11 21 115 215 1.07793417938111 182.744570696908 5.95743983038829
11 22 115 225 0.760851578127591 183.291394102308 6.24184781728751
11 23 115 235 0.469855949635003 183.825523415319 6.07619730899367
11 24 115 245 0.212357583751342 183.845795773058 5.81764270106689
11 25 115 255 -0.0109090669038785 183.607583249389 5.69846645290485
11 26 115 265 -0.18337125298305 183.375664265872 5.61274396811037
11 27 115 275 -0.326238332843115 183.15368627224 5.49154830378061
11 28 115 285 -0.405094414489755 183.035032964832 5.38886528574809
11 29 115 295 -0.259553918898813 183.047453319828 5.25767468623897
11 30 115 305 0.332917469288969 182.886690571356 5.12847254897651
11 31 115 315 1.57547720701895 182.040265954769 5.32774974644642
11 32 115 325 3.27956173135648 180.550336619096 5.9658302642015
11 33 115 335 5.16416261096277 179.562320908684 6.4409825818844
11 34 115 345 7.92794665417181 179.676199170876 6.28166400308025
11 35 115 355 11.5149906741276 179.957278679438 6.06410689245793
12 0 125 5 12.320621464823 180.136999807317 6.17545219900403
12 1 125 15 13.0963972985089 180.013612449707 6.0622808534546
12 2 125 25 11.1523616008137 179.882328032758 5.94205576477258
12 3 125 35 7.16504296778335 179.807042992944 5.68154799144469
12 4 125 45 3.86782730837247 180.023554865783 5.22707326286017
12 5 125 55 2.33705299336592 180.433841525773 4.88936340637573
12 6 125 65 2.0964672846047 180.606979203064 4.86176670850334
12 7 125 75 2.64212497527422 180.555719261605 5.09175804029388
12 8 125 85 3.94759035133654 180.3845173811 5.40791036031263
12 9 125 95 6.04548178348213 180.120120070051 5.79341204686324
12 10 125 105 7.72127817259848 179.980810119911 6.07926704152482
12 11 125 115 8.16863374004168 180.094494510356 6.21826882516587
12 12 125 125 9.12292657750847 180.161890335044 6.2234865388356
12 13 125 135 11.3238877531268 180.056443210129 6.10955324274361
12 14 125 145 13.3183128130315 179.967609572956 6.03470066761723
12 15 125 155 13.8150942529381 179.962402950911 6.02192371776871
12 16 125 165 12.8117206658846 180.049009315974 6.03777546973987
12 17 125 175 9.99393212600831 180.347827740521 6.05688493341832
12 18 125 185 5.69037151209255 180.906535791531 5.81254361948258
12 19 125 195 2.59570794556669 181.410740974973 5.34330709459655
12 20 125 205 1.2639531153349 181.535434087081 5.41603697185256
12 21 125 215 0.655287162629738 181.47485144271 5.89086264043306
12 22 125 225 0.230105730344129 181.719522941142 6.00462594521642
12 23 125 235 -0.151834915942534 182.079811299063 5.77606383213399
12 24 125 245 -0.454213967965297 182.179130749073 5.57881604666705
12 25 125 255 -0.663473342168609 182.069619568429 5.46905325674102
12 26 125 265 -0.818949957203281 181.894367725373 5.36654148354656
12 27 125 275 -0.957418097812153 181.751607612964 5.24365323525873
12 28 125 285 -1.01900042787046 181.778621632959 5.09700440066053
12 29 125 295 -0.865967904338423 181.906649924207 4.92602435871092
12 30 125 305 -0.30644233413262 181.828562324713 4.79356984976215
12 31 125 315 0.889084422447956 181.237034023367 4.91895579699092
12 32 125 325 2.67888567353762 180.253980951915 5.43136745952327
12 33 125 335 4.74740007736815 179.689121375775 5.98982178105379
12 34 125 345 7.19935666299829 179.879398253741 6.15730372786226
12 35 125 355 10.0521747069157 180.146097544401 6.20129361135087
13 0 135 5 10.0417353210194 180.455472312202 6.49348817654162
13 1 135 15 12.4424867531023 180.097837215795 6.19705218019164
13 2 135 25 11.4572896189766 179.744845910469 6.03996641246621
13 3 135 35 7.1060416462825 179.510424332135 5.85360361737356
13 4 135 45 3.51594160138685 179.725493675127 5.38288482354943
13 5 135 55 1.98592875066138 180.132632397946 4.90409173936873
13 6 135 65 1.63815752523959 180.339584690025 4.72587695813456
13 7 135 75 1.97502476161531 180.473473638883 4.83033189361748
13 8 135 85 3.01398971578057 180.526194135719 5.1222598135648
13 9 135 95 4.83599296733151 180.358611669721 5.5799130769204
13 10 135 105 6.82995618265932 180.09574314743 5.90234851605125
13 11 135 115 8.61124514840359 180.013069407893 6.02715441062801
13 12 135 125 10.7211088159782 180.016448744227 6.06338003634121
13 13 135 135 12.2133285035126 179.951637667676 6.08911248066004
13 14 135 145 12.4439351133801 179.862990576051 6.16200978551937
13 15 135 155 11.7474977097528 179.884552535852 6.17490459092081
13 16 135 165 10.1695122784534 180.06154991396 6.0952158394648
13 17 135 175 7.67983896580346 180.280962519228 6.01757324881825
13 18 135 185 4.69000900928347 180.548037718124 5.7140687948104
13 19 135 195 2.45850668059951 180.828460349763 5.27469203040543
13 20 135 205 1.24808534356897 180.811019716917 5.41238448973283
13 21 135 215 0.543918544951908 180.478766546169 5.88884667162398
13 22 135 225 0.0183639283869312 180.371555783185 5.96015871141334
13 23 135 235 -0.415799448703314 180.539496699731 5.68909858183437
13 24 135 245 -0.708949536759412 180.670225379264 5.43587010738951
13 25 135 255 -0.879616012028118 180.658833938679 5.31430817866911
13 26 135 265 -1.02120692395993 180.583489779598 5.28919784114656
13 27 135 275 -1.16884448965352 180.549828927001 5.22559757371183
13 28 135 285 -1.22783983137387 180.651495920603 5.04732265045825
13 29 135 295 -1.08085852251412 180.799596526549 4.79508146874457
13 30 135 305 -0.572507416948106 180.758043950625 4.58465309682944
13 31 135 315 0.536541987180786 180.36054315184 4.65084814503144
13 32 135 325 2.26135342430175 179.834780216295 5.14698770508075
13 33 135 335 4.13726147895514 179.759893095961 5.81213425135763
13 34 135 345 5.79168340148804 180.208355899472 6.26684296422669
13 35 135 355 7.56065535954973 180.580657985931 6.56816341210405
14 0 145 5 8.81282243243597 180.704984422239 6.71658836641934
14 1 145 15 11.9784684019064 180.160904803084 6.28218149981661
14 2 145 25 11.4524109491515 179.676529687614 6.16324128274806
14 3 145 35 7.14723565100683 179.406838199671 6.13741367742124
14 4 145 45 3.61375439149057 179.628137306619 5.72836553295294
14 5 145 55 2.12042988231845 179.794643793201 5.16724623640441
14 6 145 65 1.72380725383422 179.707896563608 4.9015690996219
14 7 145 75 1.97202132424497 179.860792915338 4.97463502571531
14 8 145 85 2.82760984405342 180.195960167566 5.23358404508494
14 9 145 95 4.43230546860493 180.268372063473 5.61772445916625
14 10 145 105 6.70209521301309 180.061526634123 5.90048286579219
14 11 145 115 9.04418876686424 179.93950849283 6.00310235506026
14 12 145 125 10.8989018791063 179.939799698335 6.03295304046107
14 13 145 135 11.3071374249184 179.840521273172 6.18228024173004
14 14 145 145 10.28670573721 179.629141406401 6.47195983051766
14 15 145 155 9.35047110894069 179.634978340701 6.52271689279878
14 16 145 165 8.44776509400263 179.94247310697 6.2136221954397
14 17 145 175 6.66776544911561 180.132341813273 5.91925112239611
14 18 145 185 4.52688713860985 180.237749259635 5.59609748801855
14 19 145 195 2.76232083855122 180.433217339359 5.26454528970644
14 20 145 205 1.55109161708145 180.339776620247 5.36452168458271
14 21 145 215 0.766235109286317 179.886017702715 5.82788474027505
14 22 145 225 0.208245516418849 179.631463409328 6.02791883009131
14 23 145 235 -0.204272744752325 179.682710307083 5.80900714587137
14 24 145 245 -0.453554855053414 179.764239631773 5.49119248548616
14 25 145 255 -0.603987301782576 179.73956896683 5.34266293590277
14 26 145 265 -0.763972530946646 179.689505827635 5.33994879185854
14 27 145 275 -0.947593529222759 179.678766042424 5.28281119085238
14 28 145 285 -1.03855979741565 179.738727024383 5.13537910687164
14 29 145 295 -0.925720572599101 179.837317946248 4.93491199832282
14 30 145 305 -0.469279351289772 179.857099545744 4.75854501555703
14 31 145 315 0.56968162950614 179.700472961115 4.89282700415053
14 32 145 325 2.2008328995185 179.557464173758 5.49297578178888
14 33 145 335 3.86794160387465 179.75981570289 6.18834876081015
14 34 145 345 5.02634194949508 180.384875636674 6.65033845583129
14 35 145 355 6.2055914372083 180.910526509788 6.93668725763542
15 0 155 5 9.58495786416463 180.582046357404 6.59660554897155
15 1 155 15 12.4164846482123 180.131533373186 6.22136292477559
15 2 155 25 11.7164058389397 179.752641585678 6.12928190206774
15 3 155 35 7.54113047498734 179.53733889737 6.07111016045318
15 4 155 45 3.98146272559674 179.537799864447 5.65669687019664
15 5 155 55 2.37507817744062 179.233545978899 5.21285308721687
15 6 155 65 1.99442305545597 178.739698265078 5.19540444363844
15 7 155 75 2.38802667920544 178.724116000306 5.49965786177085
15 8 155 85 3.44705246901639 179.200564563618 5.76244623334537
15 9 155 95 5.28397988187438 179.657066424931 5.91971481996831
15 10 155 105 7.57637832550967 179.770783367744 6.09338990941341
15 11 155 115 8.92269100170589 179.728251775681 6.23207196266976
15 12 155 125 9.27215829196595 179.797633308611 6.20061629937654
15 13 155 135 9.60040687084321 179.757585147357 6.28439448107434
15 14 155 145 9.6122233141046 179.507491671737 6.61425035269031
15 15 155 155 9.79304738622887 179.468271981354 6.68016638420572
15 16 155 165 9.66930238487113 179.77957570029 6.28515423801908
15 17 155 175 7.72542269486461 179.969407018825 5.91777450023446
15 18 155 185 5.22947318546431 180.060219955823 5.60600904063154
15 19 155 195 3.28826115677038 180.196155420633 5.24532448332781
15 20 155 205 1.95767225137416 180.033039906026 5.16907243487644
15 21 155 215 1.12992964035665 179.636800849346 5.56046244790439
15 22 155 225 0.598955455371201 179.475242315871 5.92954125857174
15 23 155 235 0.234137112827043 179.50704979698 5.91213376918243
15 24 155 245 0.00457303025541822 179.415626988082 5.68607313860761
15 25 155 255 -0.175099897057991 179.203665103779 5.55650383398639
15 26 155 265 -0.387597352826701 179.084284924475 5.52275275675201
15 27 155 275 -0.618204536387236 179.072842329986 5.42552341875945
15 28 155 285 -0.758322612635044 179.116418237652 5.31197592452455
15 29 155 295 -0.683572393483813 179.21041145324 5.20877461970805
15 30 155 305 -0.235618440602776 179.322989344322 5.14136614627353
15 31 155 315 0.802005295553923 179.394553869889 5.36731715744547
15 32 155 325 2.42821510595239 179.496779979509 5.93111236359861
15 33 155 335 4.15553417517421 179.683847356612 6.43258197560206
15 34 155 345 5.4828101009809 180.171047440751 6.7173942064878
15 35 155 355 6.87621707901099 180.700620781175 6.85954494061225
16 0 165 5 11.8856289985522 180.198048508935 6.25398176009308
16 1 165 15 13.528033806783 180.028871116968 6.0842897924311
16 2 165 25 12.4959741446171 179.87093823423 6.01651933569813
16 3 165 35 8.68904907013112 179.760146413111 5.877463535707
16 4 165 45 4.80777373809172 179.59073638224 5.5011000023474
16 5 165 55 2.70087165609298 179.009169568477 5.22491950209478
16 6 165 65 2.2066931424189 178.28479585627 5.450433278247
16 7 165 75 2.76742927035016 178.074001445621 5.93533450222377
16 8 165 85 4.26563816368362 178.549065263217 6.19485892832961
16 9 165 95 6.58791653543378 179.228243186071 6.18543284131078
16 10 165 105 8.48755644571107 179.524840959365 6.2944342237812
16 11 165 115 8.59041612594089 179.486645204628 6.50679228820088
16 12 165 125 8.60460627069485 179.62200773474 6.4088602569905
16 13 165 135 10.1112126489647 179.773583400756 6.25138523232127
16 14 165 145 11.7045743265586 179.71572255583 6.32668314704392
16 15 165 155 12.4910945628749 179.691599887397 6.34882794009295
16 16 165 165 12.056369644629 179.826574287176 6.14811264884475
16 17 165 175 9.59179877017251 179.909855839714 5.93853566572662
16 18 165 185 6.5006799454444 179.978575437486 5.67007449655427
16 19 165 195 4.07448810103982 180.079283551064 5.25892381253918
16 20 165 205 2.49383017023205 179.953105795538 5.04836326478848
16 21 165 215 1.58901194783729 179.677932454268 5.30534357751105
16 22 165 225 1.06991912393237 179.617204987425 5.7283858353386
16 23 165 235 0.711619588023643 179.655490104677 5.95064633402815
16 24 165 245 0.459749743094188 179.412522092947 5.9257224177942
16 25 165 255 0.238070493282153 179.053340748247 5.82536234566175
16 26 165 265 -0.0114065548916698 178.871240065864 5.73517954735841
16 27 165 275 -0.264947423341251 178.876197369329 5.5918574581512
16 28 165 285 -0.441062016800193 179.022487596367 5.43516127010252
16 29 165 295 -0.398609212584799 179.270740265748 5.29893452542673
16 30 165 305 0.0553176499044236 179.500798195546 5.23389169245202
16 31 165 315 1.13373534410803 179.633643907621 5.43711031267589
16 32 165 325 2.89381927625819 179.770216255298 5.8595110968559
16 33 165 335 5.16224828753795 179.816275294705 6.18105233995558
16 34 165 345 7.48353714781019 179.939671823958 6.34547218328456
16 35 165 355 9.54360421581396 180.190725247475 6.39505633902864
17 0 175 5 13.8664353442063 179.987294055009 6.0444577936864
17 1 175 15 14.3862257950567 179.970282330542 6.01066524382731
17 2 175 25 13.5821075135509 179.948380101586 5.98095409010677
17 3 175 35 10.5609808634782 179.95217605708 5.86266658411531
17 4 175 45 6.24199978101801 179.845668438359 5.57200257184526
17 5 175 55 3.38353759182433 179.329873740437 5.3705038999174
17 6 175 65 2.61935225415595 178.595269999069 5.61652352730561
17 7 175 75 3.17115755508272 178.280918223533 6.04872703532814
17 8 175 85 5.01851770454901 178.732645972602 6.273807998529
17 9 175 95 8.08490137474316 179.399658035647 6.21539243574497
17 10 175 105 10.2721395406113 179.662457506292 6.23816135660446
17 11 175 115 10.2092043810657 179.617652580941 6.38545609806902
17 12 175 125 10.4831869692536 179.707393485016 6.30904323073214
17 13 175 135 12.2582061279613 179.865091517662 6.12663491373977
17 14 175 145 13.773973277845 179.912866170988 6.06602016090747
17 15 175 155 14.2594857670425 179.914590250288 6.05908408249773
17 16 175 165 13.7833084868137 179.931641922718 6.02270401876891
17 17 175 175 11.927354278811 179.941089742136 5.96222515193835
17 18 175 185 8.94063979812262 179.984210098368 5.80103294228214
17 19 175 195 5.86144615898332 180.095610052362 5.50861740559755
17 20 175 205 3.63150176412057 180.124852809441 5.30830132726085
17 21 175 215 2.4323319887195 179.967808611622 5.40140029000614
17 22 175 225 1.85144110610727 179.848411970184 5.73472547577853
17 23 175 235 1.47844089613733 179.809204194576 6.05398181763271
17 24 175 245 1.21678779372427 179.56685215369 6.16785183671975
17 25 175 255 0.989253326998972 179.287398315653 6.10769750842745
17 26 175 265 0.750265244114913 179.212046481261 5.94962358633822
17 27 175 275 0.513058254774151 179.320202450323 5.70428127020658
17 28 175 285 0.323254509497694 179.571025807611 5.46562967301165
17 29 175 295 0.314820128321329 179.975560445152 5.26751901505493
17 30 175 305 0.713048119860858 180.244861025689 5.16149617227672
17 31 175 315 1.8121628701864 180.186802966465 5.28538491262551
17 32 175 325 3.87762964523966 180.114385807795 5.60571699758509
17 33 175 335 7.04122549903074 180.031805406869 5.88647691353132
17 34 175 345 10.4717909977579 179.948363838305 6.03650196073792
17 35 175 355 12.642640589079 179.964576925621 6.07448625401076
18 0 185 5 14.6030978439382 179.960749207393 6.0004523763052
18 1 185 15 14.6693543482994 179.962975497807 5.99859858052461
18 2 185 25 14.1828477337808 179.981297726172 5.99240695541538
18 3 185 35 11.739139776 180.069497813744 5.93010936502131
18 4 185 45 7.37890189675915 180.113215156381 5.72036750472593
18 5 185 55 4.35657269879667 179.801497653438 5.5378541626831
18 6 185 65 3.71217251167316 179.223725178088 5.72612305455157
18 7 185 75 4.34962254800396 178.906224272855 6.09405006879394
18 8 185 85 6.04634199528176 179.198963268599 6.30529603035724
18 9 185 95 9.22902150896316 179.679853486421 6.20046810862982
18 10 185 105 12.0957785415523 179.871997838284 6.10008639810338
18 11 185 115 12.8859362536267 179.862782512406 6.12125172650276
18 12 185 125 13.1800760610615 179.885082744284 6.09696696640953
18 13 185 135 13.9775280165327 179.937146005448 6.03351313042721
18 14 185 145 14.5451823408767 179.960731587516 6.00323613228662
18 15 185 155 14.6756261176026 179.963806430303 5.99870204328518
18 16 185 165 14.5222878652767 179.962866629863 5.99812328731386
18 17 185 175 13.6934746938894 179.959476206294 5.9883929435951
18 18 185 185 11.3830024397541 179.962734893853 5.93286059608617
18 19 185 195 7.87011216285629 180.036546306527 5.79742415919816
18 20 185 205 4.99931320809868 180.187401245341 5.65115223817316
18 21 185 215 3.5825933014088 180.187066585123 5.67925884010753
18 22 185 225 3.06326741420288 179.983654445777 5.96346716402553
18 23 185 235 2.79755253144344 179.813889110566 6.23384383115647
18 24 185 245 2.6122963961379 179.697542627806 6.31411959085686
18 25 185 255 2.42051886218851 179.678924900963 6.32782249619986
18 26 185 265 2.13863161944711 179.855032507012 6.18298396058077
18 27 185 275 1.86122868707127 180.089589382191 5.87705949571591
18 28 185 285 1.64187262262449 180.312400324001 5.63980932815384
18 29 185 295 1.57020204750176 180.713435979673 5.48240962971369
18 30 185 305 1.92787702089216 180.900944459589 5.39314502202394
18 31 185 315 3.18792427674102 180.518495574054 5.42849636133243
18 32 185 325 5.76910748228479 180.162140482283 5.6335461295879
18 33 185 335 9.41544683153008 180.036975550901 5.85584240629373
18 34 185 345 12.6949730269663 179.979002999436 5.97108670103501
18 35 185 355 14.220580603981 179.958179274412 6.00006119643716
19 0 195 5 14.7031065804288 179.9640018 5.99880006
19 1 195 15 14.7031065804288 179.9640018 5.99880006
19 2 195 25 14.3243816787189 179.992181849843 6.00099648250007
19 3 195 35 12.199319704895 180.127967997411 5.98359956306254
19 4 195 45 8.29497467657485 180.27494253647 5.86322682215209
19 5 195 55 5.81415293687217 180.125458589027 5.70999542717223
19 6 195 65 5.90923749248361 179.764369118614 5.80488618968624
19 7 195 75 7.19429676129435 179.512740462918 6.08135224232198
19 8 195 85 8.630538925834 179.560965791812 6.25199544786294
19 9 195 95 10.9147514786601 179.801904214637 6.15305864614394
19 10 195 105 13.2883593977395 179.9386052945 6.03565846939267
19 11 195 115 14.2991535760052 179.95483297603 6.0128463416855
19 12 195 125 14.4882404021064 179.955609108856 6.0097729441851
19 13 195 135 14.612192295815 179.961045421246 6.00270837555946
19 14 195 145 14.6892550169215 179.963621006691 5.99930952077665
19 15 195 155 14.7031065804288 179.9640018 5.99880006
19 16 195 165 14.689262673759 179.964127323448 5.99881806020048
19 17 195 175 14.2715077614253 179.943905271575 6.00437874829263
19 18 195 185 12.1912778003452 179.853583849862 6.01497301352656
19 19 195 195 8.38657376010041 179.802339857184 5.95848975448585
19 20 195 205 5.51340169459931 180.001777679391 5.81045478484727
19 21 195 215 4.4724590476839 180.178596356848 5.81857533194743
19 22 195 225 4.39127258651392 180.047341597032 6.09422562539329
19 23 195 235 4.46987033791518 179.890962069393 6.33019162780274
19 24 195 245 4.55733557626359 179.913259170985 6.32987543522411
19 25 195 255 4.56442886535491 180.062008984544 6.307074121667
19 26 195 265 4.01305007276539 180.334287526712 6.191536244896
19 27 195 275 3.40084459048918 180.511106740821 5.9964568139725
19 28 195 285 3.07405943261619 180.572645092359 5.88659074227187
19 29 195 295 2.99298844809012 180.821754405446 5.77905127298957
19 30 195 305 3.49597962624544 180.901003654005 5.71539815541919
19 31 195 315 5.30052689311395 180.43456063776 5.71718411950447
19 32 195 325 8.54219808107406 180.054583151438 5.81903290294966
19 33 195 335 11.8976860873585 179.973621845985 5.93609574899027
19 34 195 345 13.9455627302077 179.968539008657 5.98795009755168
19 35 195 355 14.614729640873 179.964818167149 5.99803416868232
20 0 205 5 14.7031065804288 179.9640018 5.99880006
20 1 205 15 14.7031065804288 179.9640018 5.99880006
20 2 205 25 14.4444930317014 179.98091294518 6.00128845638181
20 3 205 35 12.9933612205252 180.063812367442 6.00064384154586
20 4 205 45 10.3340225240355 180.163887547258 5.95224128796562
20 5 205 55 8.76544164310453 180.116704389148 5.86862504653138
20 6 205 65 9.37246386648266 179.973423908566 5.89263156721707
20 7 205 75 11.0646820927083 179.85617718175 6.01804029015101
20 8 205 85 12.2433272013456 179.823019316449 6.09832335462249
20 9 205 95 13.2283480053433 179.894330180513 6.05955626985247
20 10 205 105 14.1873759679534 179.953307779889 6.01045837553778
20 11 205 115 14.6320031609626 179.964372568643 5.99896793037524
20 12 205 125 14.7031065804288 179.9640018 5.99880006
20 13 205 135 14.7031065804288 179.9640018 5.99880006
20 14 205 145 14.7031065804288 179.9640018 5.99880006
20 15 205 155 14.7031065804288 179.9640018 5.99880006
20 16 205 165 14.7031065804288 179.9640018 5.99880006
20 17 205 175 14.3350805514966 179.928549328781 6.0133136578836
20 18 205 185 12.2655103167499 179.770746949817 6.06460946651985
20 19 205 195 8.41725948521202 179.649046214879 6.04685148872873
20 20 205 205 5.69735668788301 179.875544192903 5.86155039314445
20 21 205 215 4.98074480798344 180.105487167777 5.8082048308486
20 22 205 225 5.2659756390237 180.088151706181 6.05629269961907
20 23 205 235 5.74356248084329 180.126306618662 6.31204831702104
20 24 205 245 6.44669447590148 180.218722049602 6.28942821063392
20 25 205 255 6.95156985289634 180.243831579853 6.15788509944398
20 26 205 265 5.86238770154948 180.350990485962 6.03547092343592
20 27 205 275 4.59091607199809 180.385230309955 5.98684935976224
20 28 205 285 4.17306891101382 180.329495295267 5.98863892668873
20 29 205 295 4.21619996785861 180.433504060658 5.86208974633913
20 30 205 305 4.9687403977968 180.441401439755 5.78946513347332
20 31 205 315 7.43948048721698 180.15912754171 5.84679658073214
20 32 205 325 11.0980178984775 179.974648597853 5.9336404698125
20 33 205 335 13.6426991631355 179.957087601557 5.98342345596163
20 34 205 345 14.5321128101526 179.963701497919 5.99726350664182
20 35 205 355 14.6904402589732 179.964029637683 5.99877195131837
21 0 215 5 14.7031065804288 179.9640018 5.99880006
21 1 215 15 14.7031065804288 179.9640018 5.99880006
21 2 215 25 14.6063201855336 179.967814356223 5.99951740523065
21 3 215 35 14.0602223643714 179.986781537547 5.99972952708511
21 4 215 45 13.0492479767028 180.011266730685 5.98731503147142
21 5 215 55 12.4639274153904 180.005690032563 5.96369484130463
21 6 215 65 12.8295765266191 179.979611637108 5.96624219608816
21 7 215 75 13.7245124963356 179.955516612002 5.99436761957564
21 8 215 85 14.2673880236903 179.943558646376 6.01227755682406
21 9 215 95 14.4811875349597 179.952284417654 6.007629463181
21 10 215 105 14.6257770772035 179.961994491905 6.00046426378661
21 11 215 115 14.6925210760596 179.964039871806 5.99881740227885
21 12 215 125 14.7031065804288 179.9640018 5.99880006
21 13 215 135 14.7031065804288 179.9640018 5.99880006
21 14 215 145 14.7031065804288 179.9640018 5.99880006
21 15 215 155 14.7031065804288 179.9640018 5.99880006
21 16 215 165 14.7031065804288 179.9640018 5.99880006
21 17 215 175 14.4275127647336 179.941820299058 6.00902466512732
21 18 215 185 12.8001400804168 179.850030686456 6.04463885382351
21 19 215 195 9.49581276848464 179.808852505929 6.0253636637043
21 20 215 205 6.74062015519059 179.986551146275 5.87230683909623
21 21 215 215 5.84052865801388 180.092281899561 5.82486964315043
21 22 215 225 6.06090292571934 180.081115213915 6.06125051324611
21 23 215 235 6.59669974273578 180.236480369369 6.31809839736964
21 24 215 245 7.69609501001184 180.323673831191 6.27796425344683
21 25 215 255 8.39338081673993 180.26302229107 6.13738958650121
21 26 215 265 6.79495391346405 180.258332263075 6.12921705112578
21 27 215 275 5.13264250777073 180.17266172964 6.20639895396696
21 28 215 285 4.80470999561638 180.111760561412 6.18571886700427
21 29 215 295 5.00320789140003 180.241293719247 5.98244077444628
21 30 215 305 5.84503450027191 180.245431572893 5.83939304972553
21 31 215 315 8.58116543409128 180.065922405163 5.88811775503001
21 32 215 325 12.283998655113 179.967114274977 5.96840389561266
21 33 215 335 14.2859358082557 179.960713624894 5.9955601510879
21 34 215 345 14.6881673191473 179.963955431745 5.99870098936441
21 35 215 355 14.7031065804288 179.9640018 5.99880006
22 0 225 5 14.7031065804288 179.9640018 5.99880006
22 1 225 15 14.7031065804288 179.9640018 5.99880006
22 2 225 25 14.688990746897 179.964190546411 5.99885664251959
22 3 225 35 14.6088484996771 179.965185435716 5.9987741651059
22 4 225 45 14.458692292087 179.966728482676 5.9972811520397
22 5 225 55 14.371249962118 179.967042820508 5.99469002403873
22 6 225 65 14.4370290354193 179.965975324843 5.99482531802263
22 7 225 75 14.5948138378811 179.964697498209 5.99718313932499
22 8 225 85 14.6864102542081 179.964100831448 5.99856410747633
22 9 225 95 14.7031065804288 179.9640018 5.99880006
22 10 225 105 14.7031065804288 179.9640018 5.99880006
22 11 225 115 14.7031065804288 179.9640018 5.99880006
22 12 225 125 14.7031065804288 179.9640018 5.99880006
22 13 225 135 14.7031065804288 179.9640018 5.99880006
22 14 225 145 14.7031065804288 179.9640018 5.99880006
22 15 225 155 14.6877369371011 179.964585423851 5.99930444857111
22 16 225 165 14.6004934032335 179.970394933872 6.00381859296504
22 17 225 175 14.2568888173768 179.980295953277 6.0178740717883
22 18 225 185 13.0144863692296 179.966465115143 6.02912817280392
22 19 225 195 10.517840767174 179.959040592059 5.99682813439953
22 20 225 205 8.36107822986155 180.029603109028 5.92005143347099
22 21 225 215 7.8796705363995 180.057236095632 5.90775134248711
22 22 225 225 8.16479787788356 180.056983292029 6.05320411708021
22 23 225 235 8.23615912626033 180.166881618079 6.20899521618732
22 24 225 245 8.37362135465105 180.235721080514 6.19081446379005
22 25 225 255 8.12106820071627 180.308268562066 6.21832295751329
22 26 225 265 6.47450116163881 180.347743905977 6.48865809484733
22 27 225 275 5.27285597553745 180.143701191203 6.68613498856717
22 28 225 285 5.2018982577298 180.143719890626 6.49781072203013
22 29 225 295 5.33338448660399 180.375344128574 6.16514849152565
22 30 225 305 6.0146664071519 180.364430319301 5.95564678430552
22 31 225 315 8.67857383619508 180.141248409908 5.94237617399736
22 32 225 325 12.4074329585662 179.998626346083 5.98468697718727
22 33 225 335 14.362453673351 179.966136242727 5.99817185541241
22 34 225 345 14.7031065804288 179.9640018 5.99880006
22 35 225 355 14.7031065804288 179.9640018 5.99880006
23 0 235 5 14.7031065804288 179.9640018 5.99880006
23 1 235 15 14.7031065804288 179.9640018 5.99880006
23 2 235 25 14.7031065804288 179.9640018 5.99880006
23 3 235 35 14.7031065804288 179.9640018 5.99880006
23 4 235 45 14.7031065804288 179.9640018 5.99880006
23 5 235 55 14.7031065804288 179.9640018 5.99880006
23 6 235 65 14.7031065804288 179.9640018 5.99880006
23 7 235 75 14.7031065804288 179.9640018 5.99880006
23 8 235 85 14.7031065804288 179.9640018 5.99880006
23 9 235 95 14.7031065804288 179.9640018 5.99880006
23 10 235 105 14.7031065804288 179.9640018 5.99880006
23 11 235 115 14.7031065804288 179.9640018 5.99880006
23 12 235 125 14.7031065804288 179.9640018 5.99880006
23 13 235 135 14.7031065804288 179.9640018 5.99880006
23 14 235 145 14.7031065804288 179.9640018 5.99880006
23 15 235 155 14.6067048135598 179.967342310732 6.00169200065694
23 16 235 165 14.0589812404989 180.000660800875 6.02772660494422
23 17 235 175 12.8871949624647 180.089922823592 6.09478834561788
23 18 235 185 11.3207195182452 180.122056496351 6.12058856397686
23 19 235 195 9.53092690555417 180.009858098648 6.03254521776144
23 20 235 205 8.70948770472761 179.963508378721 5.9604173999655
23 21 235 215 9.27618562903116 180.007661252598 5.9605262462119
23 22 235 225 9.75824482659047 180.073874234509 6.03172633294269
23 23 235 235 9.24228902062301 180.167935660432 6.11445911850561
23 24 235 245 8.05709357610444 180.240580595307 6.10633793927559
23 25 235 255 6.82013666894978 180.37862381959 6.17802377903241
23 26 235 265 5.67668659471678 180.417884498304 6.50788765413495
23 27 235 275 5.30357270245278 180.157164959067 6.70750858225746
23 28 235 285 5.45898664131261 180.208461608355 6.47064068021605
23 29 235 295 5.4789121944206 180.484564973145 6.17774789912003
23 30 235 305 6.04750038152759 180.48207762914 6.0411068593194
23 31 235 315 8.60185843616272 180.234694675847 6.01497813429089
23 32 235 325 12.3398862117022 180.037028111232 6.00903403591146
23 33 235 335 14.3478853746995 179.971970714045 6.00112024693987
23 34 235 345 14.7031065804288 179.9640018 5.99880006
23 35 235 355 14.7031065804288 179.9640018 5.99880006
24 0 245 5 14.7031065804288 179.9640018 5.99880006
24 1 245 15 14.7031065804288 179.9640018 5.99880006
24 2 245 25 14.7031065804288 179.9640018 5.99880006
24 3 245 35 14.7031065804288 179.9640018 5.99880006
24 4 245 45 14.7031065804288 179.9640018 5.99880006
24 5 245 55 14.7031065804288 179.9640018 5.99880006
24 6 245 65 14.7031065804288 179.9640018 5.99880006
24 7 245 75 14.7031065804288 179.9640018 5.99880006
24 8 245 85 14.7031065804288 179.9640018 5.99880006
24 9 245 95 14.7031065804288 179.9640018 5.99880006
24 10 245 105 14.7031065804288 179.9640018 5.99880006
24 11 245 115 14.7031065804288 179.9640018 5.99880006
24 12 245 125 14.7031065804288 179.9640018 5.99880006
24 13 245 135 14.7031065804288 179.9640018 5.99880006
24 14 245 145 14.7031065804288 179.9640018 5.99880006
24 15 245 155 14.4890378201465 179.970389550668 6.00434751494437
24 16 245 165 13.2596918287882 180.034337227803 6.05481634335895
24 17 245 175 10.8963456449571 180.208987615562 6.18639567683444
24 18 245 185 9.05422078571394 180.278684549973 6.24241465869701
24 19 245 195 8.1573060372524 180.044392683488 6.08542433631802
24 20 245 205 7.76940344976225 179.900497866382 5.96606942719542
24 21 245 215 8.03331336888949 179.980016893405 5.96285621611042
24 22 245 225 8.26253808728038 180.126418190669 6.0352560662766
24 23 245 235 7.83068773159232 180.274782132723 6.12724910240211
24 24 245 245 6.80824778285448 180.330767629187 6.07890642947359
24 25 245 255 5.79959813359758 180.355410599917 5.97345624573118
24 26 245 265 5.20735678282703 180.384213221209 6.0557139920043
24 27 245 275 5.15377742798827 180.310322927202 6.16246557428278
24 28 245 285 5.27995630474767 180.381398793735 6.08994241894159
24 29 245 295 5.39521173932685 180.497227880183 6.01907226708364
24 30 245 305 6.11596611301827 180.433469610513 6.01878027464489
24 31 245 315 8.64469417337624 180.220786222191 6.02549627189748
24 32 245 325 12.3360755455227 180.040545498842 6.01278583187636
24 33 245 335 14.3444384095049 179.973294679018 6.00128036616625
24 34 245 345 14.7031065804288 179.9640018 5.99880006
24 35 245 355 14.7031065804288 179.9640018 5.99880006
25 0 255 5 14.7031065804288 179.9640018 5.99880006
25 1 255 15 14.7031065804288 179.9640018 5.99880006
25 2 255 25 14.7031065804288 179.9640018 5.99880006
25 3 255 35 14.7031065804288 179.9640018 5.99880006
25 4 255 45 14.7031065804288 179.9640018 5.99880006
25 5 255 55 14.7031065804288 179.9640018 5.99880006
25 6 255 65 14.7031065804288 179.9640018 5.99880006
25 7 255 75 14.7031065804288 179.9640018 5.99880006
25 8 255 85 14.7031065804288 179.9640018 5.99880006
25 9 255 95 14.7031065804288 179.9640018 5.99880006
25 10 255 105 14.6848860334259 179.965231382931 5.99899886475558
25 11 255 115 14.5900328938749 179.970850605411 5.99991470223846
25 12 255 125 14.4559089293199 179.97643159866 6.00084944483805
25 13 255 135 14.4726989249225 179.972205625347 6.00019503103583
25 14 255 145 14.6088705664678 179.966109240163 5.99918047733226
25 15 255 155 14.4737894853766 179.968900554696 6.00295580986564
25 16 255 165 13.1995429255014 180.016489058885 6.04121739558921
25 17 255 175 10.6408829694098 180.148052936354 6.14126855481375
25 18 255 185 8.76244617213183 180.192807887231 6.18027641772125
25 19 255 195 8.01509030009131 179.967862361058 6.05408725167768
25 20 255 205 7.03734278347754 179.792645914178 5.96626397780946
25 21 255 215 6.45100595309254 179.862579246991 5.97811296220484
25 22 255 225 6.49313270698066 180.04163572588 6.04666335701785
25 23 255 235 6.49396789605665 180.233732133628 6.10718452102088
25 24 255 245 6.07753380700717 180.301094699655 6.02880301815608
25 25 255 255 5.46512160658731 180.29238248407 5.85135577836896
25 26 255 265 4.98572031077416 180.364446199637 5.77878213011769
25 27 255 275 4.82766079642062 180.418758297079 5.78670520965333
25 28 255 285 4.88273036318477 180.389570827397 5.78926049307438
25 29 255 295 5.1765279871463 180.292180964646 5.83802933528503
25 30 255 305 6.07846331085123 180.21684057602 5.9016063891076
25 31 255 315 8.60132424427461 180.116424362171 5.95628842925632
25 32 255 325 12.2438804741694 180.013589209662 5.98884938640501
25 33 255 335 14.29041944345 179.970255302583 5.99797187672688
25 34 255 345 14.6933401627669 179.964012666417 5.99879573607664
25 35 255 355 14.7031065804288 179.9640018 5.99880006
26 0 265 5 14.6051133516381 179.964320402514 5.99804678823627
26 1 265 15 14.4742930916743 179.964821363667 5.99686079999645
26 2 265 25 14.4704386870037 179.964929338706 5.99660353833949
26 3 265 35 14.5814987819304 179.964079342256 5.99700103954936
26 4 265 45 14.5656322628364 179.961866737069 5.99435710592717
26 5 265 55 14.4185780431175 179.959149905487 5.99092159009689
26 6 265 65 14.3558484941398 179.958749469568 5.99370019037684
26 7 265 75 14.3916523000761 179.959795727636 5.99832143580245
26 8 265 85 14.4823278089423 179.96104464927 5.99983081351272
26 9 265 95 14.6137797756935 179.962763523033 5.99933871695029
26 10 265 105 14.5716987801151 179.97162677852 6.00013796657644
26 11 265 115 13.9705380418592 180.007150101578 6.00558651098505
26 12 265 125 13.0895360271098 180.040768436157 6.0104528588692
26 13 265 135 13.1828905302842 180.012213796678 6.00543021456491
26 14 265 145 14.0753017491669 179.975106985162 5.99995038421698
26 15 265 155 14.4431049570181 179.966118281536 5.99924773742615
26 16 265 165 13.4927527552123 179.979907582731 6.00725762461842
26 17 265 175 11.1667699743062 180.012612098353 6.02747525001396
26 18 265 185 8.82782886387258 179.977641153575 6.01129441329189
26 19 265 195 7.29082813729002 179.782892103576 5.94207809176825
26 20 265 205 6.15295375935805 179.615492646683 5.93973696995164
26 21 265 215 5.72866508533997 179.673755953032 6.00617116238924
26 22 265 225 5.90028287566296 179.877784432054 6.06106405642377
26 23 265 235 6.01707702589755 180.1201780602 6.05075586360453
26 24 265 245 5.72228683680033 180.219144115573 5.98836684821851
26 25 265 255 5.1524767304253 180.22713939846 5.94479143760913
26 26 265 265 4.65035834634219 180.268269190956 5.9769405087917
26 27 265 275 4.43385377808906 180.228654957095 5.88472997190632
26 28 265 285 4.5097809788548 180.083580841617 5.76139670286867
26 29 265 295 4.87685197438117 179.980903740274 5.76509495246619
26 30 265 305 5.76179497633962 180.053990856339 5.81170827432479
26 31 265 315 8.08454011222736 180.086220996216 5.89083626887566
26 32 265 325 11.5459483775004 180.021093244161 5.96568547112112
26 33 265 335 13.8405106549902 179.974940386466 5.99471991578397
26 34 265 345 14.5680860712735 179.964856485368 5.99874722581844
26 35 265 355 14.6761121283941 179.964097764398 5.99869666434171
27 0 275 5 14.0578139089189 179.966663147794 5.99248225182871
27 1 275 15 13.1969337523714 179.970834193952 5.98255922852081
27 2 275 25 13.159318951018 179.971675819859 5.98041410808938
27 3 275 35 13.8359413295589 179.964345834417 5.98558015021896
27 4 275 45 13.690498920737 179.942516697855 5.97432420474561
27 5 275 55 12.7713872637403 179.905677226296 5.96377885279311
27 6 275 65 12.3731377581954 179.88604766693 5.98792487296396
27 7 275 75 12.5814834851304 179.899560438181 6.00753031371475
27 8 275 85 13.1886255182635 179.923633634799 6.00888128743923
27 9 275 95 14.0911417423601 179.948278407364 6.00339425644277
27 10 275 105 14.3220799121407 179.979144969503 6.00233142400324
27 11 275 115 12.9027504263917 180.059143916726 6.01248222917695
27 12 275 125 10.6772867812625 180.125750144752 6.01801826024211
27 13 275 135 10.8164024624432 180.053175080719 6.00251731777239
27 14 275 145 12.9807741898903 179.977254119107 5.99508437582802
27 15 275 155 13.9884230271856 179.963357238048 5.99321957739836
27 16 275 165 12.8283860920979 179.963598759801 5.9727667411204
27 17 275 175 10.1388288191263 179.927475174095 5.93222325306917
27 18 275 185 7.60094669523309 179.787792546145 5.87968616866634
27 19 275 195 5.97810412929386 179.59122601242 5.83388394256447
27 20 275 205 5.34122954620483 179.556434855397 5.86909812600444
27 21 275 215 5.46765572021246 179.71047303117 5.95383589485946
27 22 275 225 5.6408243116592 179.896892322108 5.98733594651126
27 23 275 235 5.47252317741856 180.094467520742 5.98054611279387
27 24 275 245 5.10593998568224 180.191878103708 6.05663608174026
27 25 275 255 4.59133345227458 180.22467537235 6.26965062352574
27 26 275 265 4.09867647854278 180.235837211254 6.50896968771563
27 27 275 275 3.86380699020752 180.112861611052 6.27700187693587
27 28 275 285 3.97480608181125 180.045161960465 5.93708307731849
27 29 275 295 4.33023181178444 180.12872850493 5.87516932133303
27 30 275 305 5.03389850662986 180.2468555545 5.87507478389444
27 31 275 315 6.81143769643349 180.263709636098 5.88980330838046
27 32 275 325 9.72235806333039 180.135854638159 5.95052463963321
27 33 275 335 12.4440570958058 180.01453621199 5.99057366274015
27 34 275 345 14.0643695338019 179.971421100469 5.9986868785392
27 35 275 355 14.5238308719411 179.964903972492 5.99793637799719
28 0 285 5 13.1713717111912 179.972045155805 5.9796440273343
28 1 285 15 11.1294676948924 179.984618368657 5.9496148259566
28 2 285 25 10.9821069718957 179.987466487802 5.94275916160122
28 3 285 35 12.3063836371006 179.965158793609 5.96269424554176
28 4 285 45 11.6283965779728 179.878600781911 5.9623821241581
28 5 285 55 9.46118467997636 179.688663642391 5.99387175346406
28 6 285 65 8.53125062641753 179.544185708803 6.08649010707315
28 7 285 75 8.97931629504992 179.604976559778 6.10752659958065
28 8 285 85 10.5901524011605 179.753597068682 6.07615575752106
28 9 285 95 13.0480505767081 179.887899552324 6.03176347287761
28 10 285 105 14.0860326129442 179.96924126084 6.0067818127981
28 11 285 115 12.3868290389787 180.049613520333 6.00765490956829
28 12 285 125 9.38098471192897 180.09103733291 5.99938087850808
28 13 285 135 9.30517883513157 180.001094767314 5.97452029098643
28 14 285 145 11.7835464683491 179.943133992781 5.97994400050093
28 15 285 155 12.4928836087492 179.949563418158 5.98611853561551
28 16 285 165 10.836176902541 179.960788504896 5.94358470035556
28 17 285 175 8.14598440354837 179.894273299584 5.85860797884254
28 18 285 185 6.04887619097643 179.667246968717 5.78962775708335
28 19 285 195 4.9389578267389 179.493303487671 5.76169798228744
28 20 285 205 4.69341553049551 179.707363862977 5.77475545813761
28 21 285 215 4.97392252282208 180.009971523626 5.80075940939543
28 22 285 225 5.01609119751229 180.014070870868 5.78967817079247
28 23 285 235 4.60530732353847 179.969114863619 5.81376278526865
28 24 285 245 4.17405062100633 180.086853990877 6.02182974798142
28 25 285 255 3.78794353787567 180.301130878341 6.39765152124578
28 26 285 265 3.41080638629469 180.494008727397 6.71643784291426
28 27 285 275 3.18060924735935 180.5421090456 6.4656105103829
28 28 285 285 3.18576888870944 180.726231324181 6.12955951074782
28 29 285 295 3.40839410067987 180.925297141369 6.14507519554499
28 30 285 305 3.97754973096568 180.836378275951 6.13371856782296
28 31 285 315 5.27478889782301 180.642660889338 5.99354778520052
28 32 285 325 7.56616668468789 180.358146684352 5.95632032211361
28 33 285 335 10.6049196622749 180.099352918988 5.98658441801292
28 34 285 345 13.3101932066919 179.988106552841 5.99857745030748
28 35 285 355 14.2729539808442 179.966971449487 5.99618975093494
29 0 295 5 13.1143075264935 179.974458428566 5.97383714123488
29 1 295 15 10.9885818259174 179.990774083158 5.93475289806239
29 2 295 25 10.6369411196405 179.99588364081 5.9242388386679
29 3 295 35 11.1494464849422 179.965029405927 5.95351837784593
29 4 295 45 9.20173849146603 179.782483548624 6.00756494390604
29 5 295 55 6.4303427124094 179.298802980668 6.17101261253483
29 6 295 65 5.36635034840669 178.860846934847 6.37851243573089
29 7 295 75 5.93966522728757 178.983832178572 6.40965638494552
29 8 295 85 8.40753789179746 179.417171762714 6.29995955670218
29 9 295 95 12.1944824382175 179.783557985091 6.12404870505897
29 10 295 105 13.9944052497848 179.944832910245 6.01934003314745
29 11 295 115 12.5801634755174 179.989065091093 5.9945335428367
29 12 295 125 9.67878337257215 179.97542989285 5.97025253924243
29 13 295 135 9.28629943955675 179.912212069519 5.94708338279214
29 14 295 145 10.8980088986923 179.896877046048 5.96960266406389
29 15 295 155 10.3557597853089 179.910988241065 5.98625157551445
29 16 295 165 8.4128926746548 179.94706536622 5.94182087335833
29 17 295 175 6.60602739328577 179.923717029053 5.82955368677554
29 18 295 185 5.16626192587324 179.720332693253 5.71322687605764
29 19 295 195 4.18435337292519 179.576234692236 5.66558509717098
29 20 295 205 3.73730284771621 179.900362713835 5.64330656749775
29 21 295 215 3.70044929897563 180.3085240086 5.6052383561724
29 22 295 225 3.64982769121245 180.190437974553 5.56558444341635
29 23 295 235 3.3769418150297 179.952013919742 5.60742379049299
29 24 295 245 3.04458627329862 180.13974010996 5.81240590579677
29 25 295 255 2.73083594343331 180.60083170702 6.10103440694093
29 26 295 265 2.44681597842543 181.031899929181 6.27764706207096
29 27 295 275 2.23479320735966 181.339153050969 6.19438347588474
29 28 295 285 2.11196445696836 181.6539790978 6.13474438724605
29 29 295 295 2.20828201342958 181.742898323618 6.24753117335953
29 30 295 305 2.80613336893281 181.427715353329 6.24367479628418
29 31 295 315 4.14563964674586 180.970286212033 6.04296607766884
29 32 295 325 6.50485769880537 180.504434187852 5.94313943942623
29 33 295 335 9.92628204513964 180.151918600909 5.96948977510038
29 34 295 345 13.0837748659856 179.999192969432 5.99451523434593
29 35 295 355 14.2346524611733 179.96812148429 5.995167123371
30 0 305 5 13.7875715001814 179.97450806732 5.98999667796119
30 1 305 15 12.8959042701153 179.97931131359 5.96681170906422
30 2 305 25 12.2453868802828 179.980216442759 5.95584785524156
30 3 305 35 10.6685313948813 179.943961008743 5.96540253462303
30 4 305 45 7.25087495449218 179.706829011367 6.03968689070143
30 5 305 55 4.50770659752186 179.059257408941 6.264359068897
30 6 305 65 3.71530422008352 178.390425251355 6.54399610902836
30 7 305 75 4.46096583614392 178.470001717943 6.67244460346205
30 8 305 85 7.36441817777218 179.142560726227 6.51938852852442
30 9 305 95 11.7076460970895 179.716976036837 6.20649550491212
30 10 305 105 13.9080360037051 179.931854791099 6.02864793219876
30 11 305 115 12.8458846558052 179.954065688618 5.98306674604516
30 12 305 125 10.3050596492407 179.922107970907 5.94819095360575
30 13 305 135 9.8744513516147 179.89072710272 5.93068821692859
30 14 305 145 11.0755998162708 179.887130754469 5.96529033021946
30 15 305 155 10.2261340762505 179.881661201081 5.98976157666756
30 16 305 165 8.20319773774964 179.920235291606 5.9562066450993
30 17 305 175 6.3413869648606 179.967409423336 5.84870094059399
30 18 305 185 4.72148663166955 179.915669444177 5.67978468581589
30 19 305 195 3.42348597123846 179.871261153603 5.5275073084683
30 20 305 205 2.61933458984391 180.107271160183 5.44749562601143
30 21 305 215 2.30685125329473 180.461959005815 5.41414530337331
30 22 305 225 2.22313086840858 180.506638509916 5.41662734473713
30 23 305 235 2.10035762122774 180.527099761951 5.55171038753168
30 24 305 245 1.85983962771999 180.959299124757 5.80805521903437
30 25 305 255 1.55973516987077 181.58753611221 5.98859300694836
30 26 305 265 1.29387295257079 182.039967878902 5.99816913161751
30 27 305 275 1.10252464780649 182.245659471706 5.94375634852832
30 28 305 285 0.988341299814424 182.262355062124 5.90717389031995
30 29 305 295 1.09278821783195 182.08672716057 5.89894357369331
30 30 305 305 1.74594894373427 181.699286075513 5.8711463190529
30 31 305 315 3.30815591270964 181.117293880791 5.76735961584755
30 32 305 325 6.13330373904324 180.513980671479 5.77579911495982
30 33 305 335 9.98773068493506 180.129211966185 5.89979159246287
30 34 305 345 13.109311456119 179.993934282734 5.98228006086856
30 35 305 355 14.1794828279483 179.973509700004 6.00135058496539
31 0 315 5 13.1937217526977 180.016881787321 6.03274375501771
31 1 315 15 13.6801584648114 179.982054938072 6.00315111500236
31 2 315 25 12.8619096093808 179.958386780355 5.97961797802447
31 3 315 35 9.77049659337287 179.881896085687 5.95346621518273
31 4 315 45 5.85382314559387 179.658371201504 5.96868213986121
31 5 315 55 3.45232499644518 179.201522710642 6.08538552485696
31 6 315 65 2.91988367603786 178.608079877552 6.2746831528164
31 7 315 75 3.75662013949525 178.468404510402 6.43023731000228
31 8 315 85 6.52060928851369 179.046142499284 6.34446078977781
31 9 315 95 10.7666491279534 179.665208895778 6.12892419360485
31 10 315 105 13.4727584650652 179.914810953734 6.01430101162928
31 11 315 115 13.0926403756034 179.944671571585 5.97702414641104
31 12 315 125 11.0531726096175 179.912519583122 5.93581298215127
31 13 315 135 10.6724670781018 179.889606440707 5.92011205572917
31 14 315 145 12.1033769551136 179.900659772015 5.96078640719191
31 15 315 155 12.2751816942211 179.907867236212 5.99127540121244
31 16 315 165 10.4618486542 179.93378783908 5.98751379034593
31 17 315 175 7.42264234066715 180.043009478721 5.95931748529308
31 18 315 185 4.71152599297576 180.243456501807 5.80901167105353
31 19 315 195 2.89118383905364 180.413199074632 5.50130833352119
31 20 315 205 1.85515781713154 180.524570558597 5.31241899240209
31 21 315 215 1.43327082045135 180.662261216966 5.31315022691659
31 22 315 225 1.29879668066106 180.830580778032 5.39561682127637
31 23 315 235 1.15361939638121 181.181040621276 5.58201310737945
31 24 315 245 0.919983690777846 181.81718684716 5.85282031392063
31 25 315 255 0.638749531926315 182.455104672886 5.98660581570462
31 26 315 265 0.394536028688524 182.783713627398 5.87448424347837
31 27 315 275 0.254605092371331 182.777834002613 5.6405307195825
31 28 315 285 0.227899934643301 182.520644574545 5.4056392037252
31 29 315 295 0.386262735863763 182.205025757183 5.23731121105821
31 30 315 305 1.01710928645347 181.842202037161 5.20739416826824
31 31 315 315 2.55864286638019 181.232145004872 5.27208577267812
31 32 315 325 5.41060312704244 180.519232924101 5.51482163896672
31 33 315 335 9.25826449293696 180.106224448369 5.81403370956947
31 34 315 345 12.1435951838004 180.020105638432 5.98415082874883
31 35 315 355 12.893489285911 180.038414416242 6.04270889619155
32 0 325 5 11.1770064469002 180.143095088726 6.1136888341432
32 1 325 15 13.028994726086 180.017847314939 6.03426520042385
32 2 325 25 12.5114915812176 179.954845434674 5.98049038287557
32 3 325 35 8.96360011554291 179.855565192117 5.91657826745521
32 4 325 45 5.16365863730031 179.678133684129 5.84763011593848
32 5 325 55 3.06714807741893 179.445387149588 5.82870153415959
32 6 325 65 2.62285208412318 179.032857545936 5.85690162005875
32 7 325 75 3.30688527529514 178.746065202245 5.92413779429276
32 8 325 85 5.38790778096918 179.05343613466 5.9878871887781
32 9 325 95 9.12870023256026 179.577330822416 6.00442180149377
32 10 325 105 12.6968977492993 179.87171483424 5.99872499348895
32 11 325 115 13.6530052116057 179.941048558433 5.98702702355455
32 12 325 125 12.3881393994735 179.907803568983 5.96658966975048
32 13 325 135 11.384597135959 179.860094163731 5.96128569702996
32 14 325 145 12.2051662582586 179.872943060949 5.98305895056109
32 15 325 155 13.3361076801879 179.919687789267 5.99751031216906
32 16 325 165 12.4114221226021 179.96984280989 6.0139253510853
32 17 325 175 9.0499782811382 180.165592289429 6.05364080786571
32 18 325 185 5.3432940555066 180.585412018499 5.94070269509393
32 19 325 195 2.87501338984764 180.896222851544 5.56766603753247
32 20 325 205 1.6407798352651 180.903483816924 5.35586190828579
32 21 325 215 1.15198175423083 180.873202421459 5.42289300229211
32 22 325 225 0.963839036943441 181.008534940445 5.56563000222291
32 23 325 235 0.775059028027915 181.350175349968 5.67377358314404
32 24 325 245 0.531353615865626 181.911559327842 5.73643658324083
32 25 325 255 0.245452618265796 182.414260051017 5.67498300381143
32 26 325 265 -0.00479240577199274 182.599515808802 5.40079541063876
32 27 325 275 -0.1182432222713 182.519433754331 5.05629461328165
32 28 325 285 -0.0824232071102651 182.300479426926 4.83162726408224
32 29 325 295 0.12743737995832 182.060918484134 4.73664321261156
32 30 325 305 0.748935974352421 181.745518708415 4.7919335236249
32 31 325 315 2.27051589962474 181.132200128124 5.01749928209702
32 32 325 325 5.21833476935051 180.401040599998 5.4264101580263
32 33 325 335 8.76847681493087 180.063552405729 5.80110301500525
32 34 325 345 10.3787596089409 180.113763327252 6.01650617322345
32 35 325 355 10.2134569430684 180.220763677385 6.13587444633799
33 0 335 5 10.5016765144058 180.218841031997 6.15213541112956
33 1 335 15 12.8864668580664 180.040857706917 6.04942746808193
33 2 335 25 12.5146998876355 179.979959421894 5.98459162632283
33 3 335 35 9.0067312867057 179.968984496161 5.88944735539449
33 4 335 45 5.22825682528458 179.875835456163 5.69680753474073
33 5 335 55 3.12938447851289 179.61067325492 5.53893336442139
33 6 335 65 2.65935379201424 179.282525903212 5.58292424653821
33 7 335 75 3.17841509131413 179.17986090971 5.73993289318589
33 8 335 85 4.70511741336519 179.398378518315 5.89219879919545
33 9 335 95 8.04229197333713 179.690820721331 5.97655190582142
33 10 335 105 12.1772932512688 179.882066228027 5.99787962426893
33 11 335 115 13.9634815463415 179.941076809228 5.99775231007839
33 12 335 125 12.7992269150667 179.892323360501 5.9979730400923
33 13 335 135 10.6638795328163 179.805839591617 6.00349112538395
33 14 335 145 10.8105991674562 179.811579612511 6.00722708686666
33 15 335 155 12.8542856234206 179.899094709902 6.00306242343264
33 16 335 165 13.1984347587183 179.98423697871 6.00453482200896
33 17 335 175 10.4843846494655 180.212192442193 5.99750861757246
33 18 335 185 6.22642507267549 180.696192686629 5.84980218873622
33 19 335 195 3.12213712155214 181.016789018948 5.55268810192855
33 20 335 205 1.71133393598794 180.885726669542 5.43845132258944
33 21 335 215 1.2112828556679 180.755809336677 5.54427946018193
33 22 335 225 1.04028886649598 180.816473268632 5.68920345297845
33 23 335 235 0.872566573563033 180.96955479224 5.72315593242537
33 24 335 245 0.611342628436137 181.321674554488 5.53305169149403
33 25 335 255 0.250204695891987 181.679936876563 5.1860294322541
33 26 335 265 -0.0937810503490849 181.784232720334 4.77361154752117
33 27 335 275 -0.253482148909311 181.704208123543 4.50139924570381
33 28 335 285 -0.180427723817406 181.607478216204 4.52836622687768
33 29 335 295 0.115814037643922 181.553399459645 4.70234062714002
33 30 335 305 0.785057992670576 181.419181076083 4.86323629025509
33 31 335 315 2.39280319974903 180.948192072857 5.130918160722
33 32 335 325 5.68600881209142 180.301529165888 5.52504957195871
33 33 335 335 8.994540594478 180.042176456 5.83568199519049
33 34 335 345 9.23034107397703 180.177168261063 6.024276689758
33 35 335 355 8.76361513366002 180.332351335873 6.17217240799633
34 0 345 5 12.1503089033329 180.102035032468 6.07617249186061
34 1 345 15 13.6805832037247 180.005400078661 6.02574221461894
34 2 345 25 12.8885465531008 179.998868418306 5.98126562468735
34 3 345 35 9.43888533152334 180.110200005958 5.83838914820081
34 4 345 45 5.46880868170664 180.147688326276 5.49171188924654
34 5 345 55 3.17078986249686 179.812101668813 5.21964821815499
34 6 345 65 2.69301397279824 179.439698958342 5.43343787012834
34 7 345 75 3.25242488519587 179.485382601127 5.87064672323116
34 8 345 85 4.69291741039201 179.759145015261 6.05460485697142
34 9 345 95 7.91788821784562 179.924403013109 6.03756540069754
34 10 345 105 12.1112057907145 179.962305504976 6.00759822434553
34 11 345 115 14.0654905976205 179.955211104646 6.00042600416384
34 12 345 125 13.0974060122322 179.906362506524 6.00377628478425
34 13 345 135 11.0116983792565 179.833261705669 6.01013964551182
34 14 345 145 10.9255390231946 179.836416323705 6.00946836756188
34 15 345 155 12.4606848960601 179.914361556461 5.99900974315968
34 16 345 165 12.4020208306549 180.005984978387 5.97579446906177
34 17 345 175 9.93015432200487 180.235340087141 5.89678232983336
34 18 345 185 6.0066982085979 180.649564011836 5.69484962891304
34 19 345 195 3.0496545466665 180.805577782133 5.45263657706834
34 20 345 205 1.71453279440872 180.505141458403 5.38147847918176
34 21 345 215 1.27557405873474 180.272689688686 5.46217765020376
34 22 345 225 1.16896577523719 180.235691308086 5.57558584947508
34 23 345 235 1.05920566209566 180.310413523879 5.59415561684201
34 24 345 245 0.796689534822243 180.596245124093 5.32900905806892
34 25 345 255 0.382722166277083 180.929278594007 4.9001511953103
34 26 345 265 -0.0273726822551616 181.026073649767 4.52564944070226
34 27 345 275 -0.220603513181233 180.923929142767 4.429033557402
34 28 345 285 -0.120923700209926 180.84855470657 4.72110296925593
34 29 345 295 0.225317807633715 180.986865412527 5.12764897192488
34 30 345 305 0.885101436224955 181.216282141676 5.28929239156373
34 31 345 315 2.47163493644007 181.079964207225 5.41501881225446
34 32 345 325 5.95117674713992 180.517844795704 5.67126226193613
34 33 345 335 9.60091348627585 180.123690847454 5.88294842987815
34 34 345 345 10.2306258938877 180.098289880691 5.99407636880691
34 35 345 355 10.4059802920873 180.166251230383 6.07852183945291
35 0 355 5 13.9368744181939 179.989347049644 6.01065595576577
35 1 355 15 14.317385965535 179.965517057635 6.00480803277221
35 2 355 25 13.0960600210874 179.96240047538 5.97795034891434
35 3 355 35 9.6229639767652 180.070000821959 5.78271680030728
35 4 355 45 5.4860156115068 180.176768005049 5.2967032451275
35 5 355 55 3.01358438704759 179.875032190458 4.91637371781078
35 6 355 65 2.51877288333499 179.387342834371 5.18980546547781
35 7 355 75 3.20019399669468 179.294527825919 5.8132050282676
35 8 355 85 4.79338814284015 179.608224470007 6.09335195278662
35 9 355 95 8.06593130604066 179.898465245106 6.05610402137256
35 10 355 105 12.1847533296276 179.975969852278 6.00600179395285
35 11 355 115 14.2209403616744 179.965001987567 5.99875378078062
35 12 355 125 14.0171954697157 179.942321785122 6.00076177625137
35 13 355 135 13.1080690262197 179.910301150697 6.01046444859978
35 14 355 145 12.7901194191519 179.888578083531 6.04773626515489
35 15 355 155 12.2643701630795 179.892187130674 6.09271463038742
35 16 355 165 10.2706963044565 179.973374904435 6.04665056763245
35 17 355 175 7.68955664218244 180.207998600813 5.87014679881933
35 18 355 185 4.96266485943858 180.494890311552 5.60394853428951
35 19 355 195 2.85567203061112 180.479807153224 5.33776505442521
35 20 355 205 1.7554634364503 180.102120759074 5.220688509675
35 21 355 215 1.35805895185007 179.717879026134 5.27276724405453
35 22 355 225 1.27459304800511 179.546377571692 5.40459396810636
35 23 355 235 1.19909498082512 179.726156328819 5.47377176191458
35 24 355 245 0.970529862561734 180.177570504303 5.29912120653229
35 25 355 255 0.623928651092156 180.60515693729 5.0404339742437
35 26 355 265 0.294509528317753 180.751677674697 4.90263130631233
35 27 355 275 0.127665748642984 180.619740959688 4.98676588805666
35 28 355 285 0.172276266651846 180.479107847456 5.32682648210937
35 29 355 295 0.410932008591322 180.661918620921 5.68757770297227
35 30 355 305 0.9350429093559 181.108289703971 5.70522330248211
35 31 355 315 2.29836227163427 181.203945494011 5.62600682635046
35 32 355 325 5.49184035557857 180.704335756878 5.7429552993393
35 33 355 335 9.68200601527404 180.188850743017 5.89714783199643
35 34 355 345 12.0698674182027 180.012465768342 5.97236615336039
35 35 355 355 13.0463076181723 180.001977034829 6.00518431054063
