0 0 5 5 14.8854372986679 179.928683017296 5.99816384832051
0 1 5 15 14.8901560571275 179.929184049388 5.99865875578509
0 2 5 25 14.8607704482153 179.929656176835 5.99838419793023
0 3 5 35 14.7339264235066 179.932505551988 5.997306262071
0 4 5 45 14.4293922313514 179.944145479647 5.99800457068662
0 5 5 55 14.0283350403917 179.964915421265 6.00300357321556
0 6 5 65 13.7643408695528 179.977681694238 6.00701912566298
0 7 5 75 13.7832099886144 179.968159775457 6.00288413688158
0 8 5 85 14.0609952916883 179.948489605116 5.99576142340594
0 9 5 95 14.4488849864972 179.935122900509 5.99377165970401
0 10 5 105 14.7447686014309 179.929830815665 5.99562044586276
0 11 5 115 14.8729553736199 179.928338589665 5.99713896999875
0 12 5 125 14.9021989734706 179.928040241363 5.99755861997586
0 13 5 135 14.9049230619894 179.92801079928 5.997600359976
0 14 5 145 14.8950345133561 179.928019442008 5.99757133996104
0 15 5 155 14.7851064239879 179.928177444064 5.99703590567825
0 16 5 165 14.274039772284 179.928843956563 5.9932946071731
0 17 5 175 12.9618306827563 179.927938060448 5.97923576212684
0 18 5 185 10.8367719856405 179.912009365936 5.94438004595915
0 19 5 195 8.36088482033963 179.847972567875 5.87532275724112
0 20 5 205 5.95873297178855 179.687527590528 5.75793841825537
0 21 5 215 3.87627772918057 179.403283634665 5.60574256736011
0 22 5 225 2.31258267546602 179.08187957921 5.47403786422994
0 23 5 235 1.3870227150512 178.939324520952 5.39718585271868
0 24 5 245 1.02970094190578 179.09845514936 5.35176087141579
0 25 5 255 1.02152453307529 179.437078391939 5.31828328517375
0 26 5 265 1.12181175952428 179.765455956487 5.31429908245914
0 27 5 275 1.1573036439328 180.009365569388 5.33489960921366
0 28 5 285 1.09686614887453 180.176720170918 5.3506172589353
0 29 5 295 1.18358799792108 180.257510019508 5.3849425596522
0 30 5 305 2.09391159064743 180.219612381815 5.49367467824395
0 31 5 315 4.56944780643842 180.09974976173 5.67033696678183
0 32 5 325 8.34441084920319 179.993115274509 5.84083715923922
0 33 5 335 11.9050464544645 179.943458073909 5.94558403335644
0 34 5 345 14.0006251556213 179.930372024253 5.98658979640845
0 35 5 355 14.7439828382476 179.928481942787 5.9964961648501
1 0 15 5 14.8118728534004 179.935306163871 6.00460186768123
1 1 15 15 14.7620525783894 179.941055762207 6.00999303497609
1 2 15 25 14.7547232771681 179.942402374016 6.01093608081854
1 3 15 35 14.7822694834202 179.938348808883 6.00620526826277
1 4 15 45 14.7751546895712 179.935208393782 6.00102609647394
1 5 15 55 14.7195644991852 179.936845831071 5.99944104185648
1 6 15 65 14.6730250572388 179.938885701172 5.99973024694448
1 7 15 75 14.6788860404342 179.936668389096 5.99888392978916
1 8 15 85 14.7357521746691 179.9323380841 5.997396116292
1 9 15 95 14.8137811534504 179.929457559379 5.99691464182106
1 10 15 105 14.872957120438 179.928364058496 5.99723117443723
1 11 15 115 14.8985452180916 179.928072676882 5.99751352123611
1 12 15 125 14.9043796091095 179.928016352954 5.99759250125163
1 13 15 135 14.9049230619894 179.92801079928 5.997600359976
1 14 15 145 14.894923285251 179.928020339851 5.99756831802
1 15 15 155 14.7838221993717 179.928194126769 5.99697847771284
1 16 15 165 14.2735258129257 179.929162747947 5.99300128073514
1 17 15 175 13.0134386331926 179.930616093257 5.97934385972945
1 18 15 185 11.1533667633729 179.923910695052 5.95114786570795
1 19 15 195 9.2863682679985 179.882813522109 5.90759131591517
1 20 15 205 7.54794789291212 179.770957173151 5.8425346359244
1 21 15 215 5.60543423427675 179.582618656161 5.75226209081684
1 22 15 225 3.5918922507653 179.396273932507 5.65287448847078
1 23 15 235 2.17942580212195 179.341272444411 5.56079402093242
1 24 15 245 1.73331374368696 179.449771358746 5.4883743027261
1 25 15 255 1.98585326971519 179.613245547242 5.46325892123026
1 26 15 265 2.34210519134967 179.732394921213 5.493787862454
1 27 15 275 2.35270706058705 179.81644656039 5.52208647185821
1 28 15 285 2.04814316425754 179.908649228783 5.49342394386837
1 29 15 295 1.9099559036274 179.999128615241 5.45422834331083
1 30 15 305 2.80797058470991 180.040859102176 5.5003795209894
1 31 15 315 5.4798645819903 180.021615144563 5.65190693735029
1 32 15 325 9.33222548837357 179.977330593115 5.82746783325144
1 33 15 335 12.6013594474621 179.944705919757 5.94227802767529
1 34 15 345 14.2839649612091 179.931837652413 5.98721602650572
1 35 15 355 14.7790553906438 179.930793492562 5.99892671965039
2 0 25 5 14.4751294113655 179.961593918491 6.03014619592366
2 1 25 15 14.2033063354067 179.988153165817 6.05505725448983
2 2 25 25 14.1962497716046 179.994016581134 6.05983380694578
2 3 25 35 14.4627084517659 179.972086386654 6.038645416933
2 4 25 45 14.7341412775305 179.94558061945 6.01357427256585
2 5 25 55 14.8568650978981 179.932385699557 6.00105680144684
2 6 25 65 14.882476824987 179.929302145367 5.99808111649115
2 7 25 75 14.8858080495932 179.928783192579 5.99772444031886
2 8 25 85 14.8906801378788 179.928390971105 5.99759489141783
2 9 25 95 14.897269184058 179.928134107017 5.99754846095596
2 10 25 105 14.9022416704336 179.92803971434 5.9975712539597
2 11 25 115 14.9043882768201 179.928015735503 5.99759345209688
2 12 25 125 14.9048774963056 179.928011241996 5.99759973462549
2 13 25 135 14.9049230619894 179.92801079928 5.997600359976
2 14 25 145 14.8987082133191 179.928017189803 5.99757889363349
2 15 25 155 14.8296722073256 179.928133328724 5.99718441297769
2 16 25 165 14.5140068135482 179.928833560086 5.99455379679793
2 17 25 175 13.7461899866446 179.930338751698 5.98582280835869
2 18 25 185 12.6476178623948 179.92807885681 5.96950403377634
2 19 25 195 11.5357061926159 179.906743207567 5.94964962661889
2 20 25 205 10.1720683433116 179.849607526594 5.9270314993615
2 21 25 215 7.94852367286439 179.76988436114 5.89511046351283
2 22 25 225 5.17630720049188 179.717344135657 5.84902936541505
2 23 25 235 3.15886514839141 179.719262387934 5.78933119786814
2 24 25 245 2.71123828021494 179.743483977389 5.73186044372538
2 25 25 255 3.44399805048933 179.751112255618 5.70772925527884
2 26 25 265 4.20254236728439 179.739590083516 5.72213120725877
2 27 25 275 4.11282308398764 179.738106927222 5.72302682669793
2 28 25 285 3.38636986038728 179.769207246419 5.66866467542968
2 29 25 295 2.90695861233635 179.822045563803 5.60463434883376
2 30 25 305 3.69071588252322 179.875241859261 5.61613901763636
2 31 25 315 6.3849195464279 179.915429700361 5.72430818049891
2 32 25 325 10.1650417041075 179.933072426998 5.86181417153306
2 33 25 335 13.1388898383308 179.933339936544 5.95409217341508
2 34 25 345 14.4739455605548 179.931672399811 5.99149652521584
2 35 25 355 14.7014023449903 179.939417704801 6.00794707366501
3 0 35 5 13.7553449382989 180.010761356613 6.07829546461612
3 1 35 15 13.0196656863502 180.076252305333 6.14014682278149
3 2 35 25 13.0018506481906 180.090722694566 6.15212999582065
3 3 35 35 13.7240341598217 180.036517677249 6.09962590157745
3 4 35 45 14.4681220798793 179.970574314397 6.03731447272269
3 5 35 55 14.8167620194873 179.937015459224 6.00595284866709
3 6 35 65 14.8974576697764 179.928802640286 5.9983315138925
3 7 35 75 14.9049230619894 179.92801079928 5.997600359976
3 8 35 85 14.9049230619894 179.92801079928 5.997600359976
3 9 35 95 14.9049230619894 179.92801079928 5.997600359976
3 10 35 105 14.9049230619894 179.92801079928 5.997600359976
3 11 35 115 14.9049230619894 179.92801079928 5.997600359976
3 12 35 125 14.9049230619894 179.92801079928 5.997600359976
3 13 35 135 14.9049230619894 179.92801079928 5.997600359976
3 14 35 145 14.9026212429306 179.928013314301 5.99759191065758
3 15 35 155 14.8770555495773 179.928058942449 5.99743683919176
3 16 35 165 14.7603728162591 179.928340475638 5.99640711417196
3 17 35 175 14.4782437653135 179.928992824073 5.99304075694783
3 18 35 185 14.0658573966502 179.92813088231 5.98727545735257
3 19 35 195 13.5111440078895 179.918875872929 5.98324823658737
3 20 35 205 12.2957057522567 179.896107601363 5.98636195648706
3 21 35 215 9.74222722322783 179.877691783046 5.99294258192538
3 22 35 225 6.38123210480713 179.89345798038 5.9829267024037
3 23 35 235 3.98266917700074 179.922688579495 5.94101946890848
3 24 35 245 3.69814693350921 179.909652165768 5.89102807656989
3 25 35 255 5.0328932874499 179.856667636059 5.87034738887435
3 26 35 265 6.27163962056329 179.801856111789 5.87365609165238
3 27 35 275 6.0727347544999 179.762108896374 5.86062464396551
3 28 35 285 4.86853954632845 179.741926082866 5.8164292220686
3 29 35 295 4.01413774149444 179.748834469461 5.77535666197746
3 30 35 305 4.60368738506575 179.793280616144 5.78105154682607
3 31 35 315 7.12731675609703 179.861653625683 5.84115847694034
3 32 35 325 10.6841173243125 179.911919957812 5.91890163871125
3 33 35 335 13.4098363898172 179.928811521977 5.97246321145579
3 34 35 345 14.5188527402726 179.934124423401 5.99794240279432
3 35 35 355 14.4583824262915 179.955799868389 6.02456636682666
4 0 45 5 13.0660520525215 180.046491018386 6.11410584701001
4 1 45 15 11.8878568805331 180.140335060456 6.2036394401167
4 2 45 25 11.8588935044894 180.161133862801 6.22119137548538
4 3 45 35 13.0145304464175 180.083512519708 6.14534800727711
4 4 45 45 14.2055861818503 179.989021356892 6.0551506148159
4 5 45 55 14.7637558071345 179.940920225803 6.00971041568356
4 6 45 65 14.8929677994563 179.929146168073 5.99866088242864
4 7 45 75 14.9049230619894 179.92801079928 5.997600359976
4 8 45 85 14.9049230619894 179.92801079928 5.997600359976
4 9 45 95 14.9049230619894 179.92801079928 5.997600359976
4 10 45 105 14.9049230619894 179.92801079928 5.997600359976
4 11 45 115 14.9049230619894 179.92801079928 5.997600359976
4 12 45 125 14.9049230619894 179.92801079928 5.997600359976
4 13 45 135 14.9049230619894 179.92801079928 5.997600359976
4 14 45 145 14.9044579983298 179.928011332631 5.99759856798001
4 15 45 155 14.899251347307 179.928021452038 5.99756560653745
4 16 45 165 14.8752435314151 179.928086237331 5.99734675484579
4 17 45 175 14.8159348046015 179.928248324025 5.99662881389072
4 18 45 185 14.7051846273909 179.927704946111 5.99567414693925
4 19 45 195 14.3654729102177 179.921979261806 5.99790859135518
4 20 45 205 13.1661183854715 179.904338646434 6.01149799920039
4 21 45 215 10.4538948325423 179.883550052876 6.03596938866186
4 22 45 225 6.893739376208 179.886803581358 6.03967353041335
4 23 45 235 4.44915366233088 179.909379185926 5.99134350560742
4 24 45 245 4.40566211947605 179.910375805804 5.92852985449958
4 25 45 255 6.18821163288029 179.886129166447 5.9116861430948
4 26 45 265 7.72482380438309 179.85597818542 5.92459133559875
4 27 45 275 7.3944815492656 179.818686466662 5.91720111551575
4 28 45 285 5.84410643584939 179.783063258176 5.89157489218448
4 29 45 295 4.78328488712025 179.784665178556 5.88304327332466
4 30 45 305 5.27790161579905 179.841640314614 5.90259874363247
4 31 45 315 7.63136019687527 179.914345787127 5.93670507151487
4 32 45 325 10.9613491837217 179.947279325882 5.96884192183694
4 33 45 335 13.5140391084904 179.942793046117 5.98909280116738
4 34 45 345 14.4979554699119 179.939198875469 6.00326910103137
4 35 45 355 14.2121630444229 179.967967040382 6.03690973541126
5 0 55 5 13.0972897987428 180.029532286527 6.09858877957105
5 1 55 15 11.9385900455297 180.110036762321 6.1764817388898
5 2 55 25 11.9096267941731 180.127955929401 6.19199546106763
5 3 55 35 13.0457358524864 180.061427900949 6.12620278637808
5 4 55 45 14.2170405093468 179.980370155516 6.0477375388316
5 5 55 55 14.7660526938797 179.939091828093 6.00815764688063
5 6 55 65 14.8931612419344 179.928985502974 5.99852538211017
5 7 55 75 14.9049230619894 179.92801079928 5.997600359976
5 8 55 85 14.9049230619894 179.92801079928 5.997600359976
5 9 55 95 14.9049230619894 179.92801079928 5.997600359976
5 10 55 105 14.9049230619894 179.92801079928 5.997600359976
5 11 55 115 14.9049230619894 179.92801079928 5.997600359976
5 12 55 125 14.9049230619894 179.92801079928 5.997600359976
5 13 55 135 14.9049230619894 179.92801079928 5.997600359976
5 14 55 145 14.904883649404 179.928010846264 5.99760020210445
5 15 55 155 14.9039445854598 179.928018306763 5.99759575918561
5 16 55 165 14.896511809683 179.928093662328 5.99756019512597
5 17 55 175 14.865378215304 179.928413811722 5.99739391846187
5 18 55 185 14.7576171605681 179.928711763731 5.9970168341569
5 19 55 195 14.3429590772539 179.925495116707 5.99819250326948
5 20 55 205 13.0107911673971 179.910565540102 6.00885222858399
5 21 55 215 10.2377230801363 179.883143685536 6.03533772887395
5 22 55 225 6.79766815885145 179.861396342161 6.05214220237891
5 23 55 235 4.61489470297784 179.857227884281 6.01573848826651
5 24 55 245 4.84920967686947 179.862751284681 5.95077837283734
5 25 55 255 6.76362640531563 179.881725652185 5.93110465069485
5 26 55 265 8.17256203624006 179.91144249281 5.95061078621554
5 27 55 275 7.56591480731232 179.919841707448 5.94886372788007
5 28 55 285 5.86356280223657 179.902808911202 5.92471239392033
5 29 55 295 4.87512882634498 179.912632677586 5.92364551504654
5 30 55 305 5.48358746634582 179.972527931067 5.95220623974617
5 31 55 315 7.82166532908085 180.022184283957 5.98101542613308
5 32 55 325 11.0567988103715 180.008314446615 5.99452953243708
5 33 55 335 13.5420319168336 179.964227965967 5.99811903007711
5 34 55 345 14.5050460884885 179.942373374979 6.00406000529093
5 35 55 355 14.2241274068521 179.962637589405 6.03174884004044
6 0 65 5 13.8112877012546 179.980575437904 6.0506767994179
6 1 65 15 13.1099695969697 180.022322111669 6.09180679102752
6 2 65 25 13.0921547807597 180.031666601259 6.1001618392157
6 3 65 35 13.7795782203154 179.997208017623 6.06554826503051
6 4 65 45 14.488509619275 179.955176001182 6.02411991258755
6 5 65 55 14.8208500842388 179.933761218039 6.00318918163269
6 6 65 65 14.8978019480749 179.928516697368 5.99809035786747
6 7 65 75 14.9049230619894 179.92801079928 5.997600359976
6 8 65 85 14.9049230619894 179.92801079928 5.997600359976
6 9 65 95 14.9049230619894 179.92801079928 5.997600359976
6 10 65 105 14.9049230619894 179.92801079928 5.997600359976
6 11 65 115 14.9049230619894 179.92801079928 5.997600359976
6 12 65 125 14.9049230619894 179.92801079928 5.997600359976
6 13 65 135 14.9049230619894 179.92801079928 5.997600359976
6 14 65 145 14.9049230619894 179.92801079928 5.997600359976
6 15 65 155 14.9023497404006 179.928051072499 5.99759066314493
6 16 65 165 14.8744299275593 179.928480908288 5.99748570258637
6 17 65 175 14.7452895581124 179.930386226353 5.99694497204699
6 18 65 185 14.382528709505 179.935143736742 5.99511217516445
6 19 65 195 13.5670549057533 179.944060182751 5.99176653044604
6 20 65 205 11.882455019739 179.962387915862 5.99440323417793
6 21 65 215 9.09854349313304 179.998766871536 6.02069191440614
6 22 65 225 6.08331451216991 180.040887361848 6.06344979742229
6 23 65 235 4.4853601176707 180.046212082816 6.06809682979908
6 24 65 245 5.07481705939935 180.011124893441 6.02173021942823
6 25 65 255 6.86218708123741 180.011826669648 5.99663171459081
6 26 65 265 7.78426691649503 180.090888018045 6.01698576808925
6 27 65 275 6.81370653800017 180.172993391839 6.01940775379546
6 28 65 285 5.14773315956191 180.178191550708 5.97507523529818
6 29 65 295 4.42319809576276 180.146006205382 5.93847760941341
6 30 65 305 5.26914475445987 180.138166453163 5.94615894473244
6 31 65 315 7.73370987098548 180.121350005212 5.97315344631232
6 32 65 325 11.0212477095179 180.054105336951 5.99083043825865
6 33 65 335 13.5338733676434 179.978357893365 5.99685599647082
6 34 65 345 14.5540185171803 179.942006931799 6.00086804796162
6 35 65 355 14.4838243075949 179.946499966266 6.01550380111621
7 0 75 5 14.5093868273385 179.94409624051 6.01414626854717
7 1 75 15 14.2556924140063 179.956895957901 6.02704109586281
7 2 75 25 14.2491533040084 179.959781172931 6.02972231055885
7 3 75 35 14.4977812382713 179.949231541846 6.01891854863163
7 4 75 45 14.7542548728683 179.936344932212 6.00593169339864
7 5 75 55 14.874501821361 179.929775497311 5.99935787393135
7 6 75 65 14.902346258954 179.928166080693 5.99775456427523
7 7 75 75 14.9049230619894 179.92801079928 5.997600359976
7 8 75 85 14.9049230619894 179.92801079928 5.997600359976
7 9 75 95 14.9049230619894 179.92801079928 5.997600359976
7 10 75 105 14.9049230619894 179.92801079928 5.997600359976
7 11 75 115 14.9049230619894 179.92801079928 5.997600359976
7 12 75 125 14.9049230619894 179.92801079928 5.997600359976
7 13 75 135 14.9049230619894 179.92801079928 5.997600359976
7 14 75 145 14.9049230619894 179.92801079928 5.997600359976
7 15 75 155 14.8974359361802 179.928146105614 5.99756671478931
7 16 75 165 14.8160838051238 179.929612873957 5.9971847089572
7 17 75 175 14.4472565149688 179.936263773531 5.99532778848025
7 18 75 185 13.5120321545224 179.954249837645 5.99031912382778
7 19 75 195 11.9255189064985 179.995732605039 5.98385413000468
7 20 75 205 9.74173463953727 180.096671841296 5.99097146015384
7 21 75 215 7.11523361564001 180.296282793246 6.03922922124288
7 22 75 225 4.8016473284853 180.529479114481 6.1208922565558
7 23 75 235 3.91230914322939 180.620740715555 6.16154168302193
7 24 75 245 4.73601273942642 180.524601768474 6.12649325678876
7 25 75 255 6.163240070267 180.433632064953 6.0923375799912
7 26 75 265 6.52967778858876 180.503551416031 6.10695591005323
7 27 75 275 5.40620184750457 180.632603823792 6.10405497194052
7 28 75 285 4.03519929539571 180.62640736045 6.02103499426334
7 29 75 295 3.67167509627299 180.485410022789 5.9215203293257
7 30 75 305 4.78254400262664 180.336400776596 5.89259110720587
7 31 75 315 7.46106818985605 180.211035947189 5.92527062978227
7 32 75 325 10.907662017109 180.084367461972 5.96586110877017
7 33 75 335 13.5058111599469 179.985162643591 5.98857961888742
7 34 75 345 14.5986725766638 179.940730459757 5.99707079251743
7 35 75 355 14.7372880492989 179.934389571147 6.00304615528986
8 0 85 5 14.8261848456853 179.93068604361 6.00041240529925
8 1 85 15 14.775838057861 179.932828139227 6.00261222197962
8 2 85 25 14.7723077905527 179.933355052358 6.00304775708547
8 3 85 35 14.8167253616542 179.931694042862 6.00112780002782
8 4 85 45 14.8627342638298 179.92964507194 5.99882068787373
8 5 85 55 14.8865118027562 179.928556951931 5.99768648019742
8 6 85 65 14.8967744288088 179.928195832306 5.99749033015436
8 7 85 75 14.9021133130792 179.928070588182 5.99754900878852
8 8 85 85 14.9043586588154 179.928023024575 5.99758985228286
8 9 85 95 14.9048754630477 179.928011845624 5.99759946010136
8 10 85 105 14.9049230619894 179.92801079928 5.997600359976
8 11 85 115 14.9049230619894 179.92801079928 5.997600359976
8 12 85 125 14.9049230619894 179.92801079928 5.997600359976
8 13 85 135 14.9049230619894 179.92801079928 5.997600359976
8 14 85 145 14.9049230619894 179.92801079928 5.997600359976
8 15 85 155 14.89090481414 179.928290011736 5.99752723907245
8 16 85 165 14.7380887416366 179.93140339945 5.99663196556418
8 17 85 175 14.0499145728925 179.946059495083 5.99213930342927
8 18 85 185 12.3730379519229 179.987490637926 5.98113525950424
8 19 85 195 9.86974795674824 180.083958319446 5.97334271354632
8 20 85 205 7.24175244087167 180.305823948613 6.00422211760233
8 21 85 215 4.95236451200354 180.719235746302 6.10472809510072
8 22 85 225 3.35349200047161 181.195316246091 6.2285651749677
8 23 85 235 2.90016375670414 181.424506526751 6.27094523914181
8 24 85 245 3.56241499180919 181.312204404451 6.21685457942754
8 25 85 255 4.43758831313524 181.119153702126 6.15838569583479
8 26 85 265 4.46184022920558 181.09236516812 6.13825487848397
8 27 85 275 3.59645179127795 181.165895116247 6.09677930700124
8 28 85 285 2.77398378432996 181.094040772617 5.97240994290149
8 29 85 295 2.80781592452017 180.833394366061 5.83789477867886
8 30 85 305 4.16568335014794 180.543581888563 5.80659755998578
8 31 85 315 7.07835773730513 180.305656844295 5.86793583577315
8 32 85 325 10.7216438795345 180.114775309792 5.94026227517949
8 33 85 335 13.4358856824659 179.99106914447 5.98097916878069
8 34 85 345 14.600195926248 179.940467224854 5.9948846431304
8 35 85 355 14.8485484676592 179.929930787471 5.99831579318338
9 0 95 5 14.8951984485599 179.928223920035 5.99777079015235
9 1 95 15 14.8852328418732 179.928538376406 5.99778056831851
9 2 95 25 14.8556471680271 179.929152003186 5.99729785040962
9 3 95 35 14.8011431161067 179.930153563833 5.99618513198812
9 4 95 45 14.7507235737228 179.931064470775 5.99511552223598
9 5 95 55 14.7555231094783 179.930970070255 5.99506362413655
9 6 95 65 14.8140001870646 179.929839502689 5.99601485200315
9 7 95 75 14.8716385905633 179.92869259852 5.99700810948763
9 8 95 85 14.898246197112 179.928149933189 5.99747944748345
9 9 95 95 14.9043598853639 179.928022711289 5.99759000053664
9 10 95 105 14.9049230619894 179.92801079928 5.997600359976
9 11 95 115 14.9049230619894 179.92801079928 5.997600359976
9 12 95 125 14.9049230619894 179.92801079928 5.997600359976
9 13 95 135 14.9049230619894 179.92801079928 5.997600359976
9 14 95 145 14.9049230619894 179.92801079928 5.997600359976
9 15 95 155 14.886380388347 179.928391774028 5.997491191502
9 16 95 165 14.6828533769994 179.932828816554 5.99602321471216
9 17 95 175 13.7624923518847 179.954832956105 5.98808874740074
9 18 95 185 11.5356636367504 180.020305106407 5.96770006659632
9 19 95 195 8.35140160442432 180.17328180427 5.95185544933292
9 20 95 205 5.41688525444583 180.502699960968 5.9978758880666
9 21 95 215 3.38816512670599 181.075696745348 6.13491456985101
9 22 95 225 2.20234654912121 181.718194911239 6.26960480863818
9 23 95 235 1.79609360572618 182.069646603252 6.28160156088279
9 24 95 245 2.03187058957586 182.016386178101 6.20014122576578
9 25 95 255 2.38713162873081 181.785438791523 6.12178943217138
9 26 95 265 2.33336935994841 181.62853934486 6.05479553462386
9 27 95 275 1.92147649643049 181.570586733019 5.95716202933145
9 28 95 285 1.63979283765898 181.423910928377 5.81526743393774
9 29 95 295 1.97442424407126 181.114387777567 5.71169396966567
9 30 95 305 3.47287988292418 180.758364527923 5.73371740151908
9 31 95 315 6.5136021486094 180.433366601301 5.83782611948737
9 32 95 325 10.3110398756686 180.167536419386 5.93071845792468
9 33 95 335 13.2027468640116 180.004781961122 5.978317270483
9 34 95 345 14.5169967007554 179.942291857133 5.99411781608671
9 35 95 355 14.8557091374976 179.929222235489 5.99735607930502
10 0 105 5 14.8889896575272 179.928220780081 5.99733856531357
10 1 105 15 14.8436301638882 179.929402185289 5.99624649011005
10 2 105 25 14.6737279384815 179.932798554693 5.99309436637133
10 3 105 35 14.3662065038146 179.938512186802 5.98797699143168
10 4 105 45 14.1024707487089 179.943222408267 5.98392144361139
10 5 105 55 14.1375802906783 179.942515552431 5.98469552299448
10 6 105 65 14.4412900498211 179.936847305534 5.98977532795951
10 7 105 75 14.7325392189533 179.931280830942 5.99470769528812
10 8 105 85 14.8647190700194 179.928676154322 5.99701020149872
10 9 105 95 14.8957347159256 179.928067441931 5.99754873827298
10 10 105 105 14.901113380295 179.92801059191 5.99759976040272
10 11 105 115 14.9035551031592 179.928010734045 5.99760017136421
10 12 105 125 14.9046540035612 179.928010788069 5.99760032756217
10 13 105 135 14.9049007785877 179.928010798469 5.9976003576319
10 14 105 145 14.9049230619894 179.92801079928 5.997600359976
10 15 105 155 14.8863450442045 179.928384183854 5.99747833157851
10 16 105 165 14.6792979928586 179.932965961195 5.99568971755198
10 17 105 175 13.7250360630072 179.957043306985 5.98525000583238
10 18 105 185 11.3637360038273 180.032755220856 5.95550974014998
10 19 105 195 7.91604601826917 180.212746070528 5.91997697432579
10 20 105 205 4.74021896064588 180.584651633921 5.93699452475803
10 21 105 215 2.66015571989124 181.197075025228 6.03134131144874
10 22 105 225 1.49477488750451 181.86326116156 6.10829066928728
10 23 105 235 0.927437178446297 182.245375311774 6.08133648792992
10 24 105 245 0.78826616214726 182.240605674153 6.01177306552308
10 25 105 255 0.826315565175656 182.020599353501 5.96289276001
10 26 105 265 0.802492903277411 181.807881261421 5.88972444851002
10 27 105 275 0.71222186535268 181.691541320073 5.76096741560057
10 28 105 285 0.737587859059963 181.55711746903 5.62957528812193
10 29 105 295 1.19294568374667 181.310048541523 5.59731171830228
10 30 105 305 2.65585624595194 180.979254126612 5.695755840994
10 31 105 315 5.61405842787139 180.601463512142 5.83384740161879
10 32 105 325 9.47060902658348 180.251015723351 5.92964836082639
10 33 105 335 12.655209971352 180.030433546319 5.97597904415835
10 34 105 345 14.2972489163 179.946547584658 5.99289814487382
10 35 105 355 14.80870852735 179.929396280487 5.99701824027406
11 0 115 5 14.8472708299584 179.928723894084 5.99648444756529
11 1 115 15 14.6710579309466 179.933223651479 5.99239044062741
11 2 115 25 14.1086181065488 179.944279260857 5.98181733696621
11 3 115 35 13.1881308079489 179.960519563996 5.96682683575194
11 4 115 45 12.481103859729 179.971792368406 5.95698745309278
11 5 115 55 12.657816662728 179.967869696301 5.96107350726426
11 6 115 65 13.55675942808 179.951690311698 5.97593021252642
11 7 115 75 14.3725905394704 179.9366217258 5.98949104624438
11 8 115 85 14.7259104085958 179.929666960812 5.99568074992262
11 9 115 95 14.8155808271571 179.928068231443 5.99718444526013
11 10 115 105 14.8560500255853 179.927960643714 5.99745170883067
11 11 115 115 14.8873444673405 179.927994806551 5.99755312956936
11 12 115 125 14.9014603361176 179.928008007781 5.99759214938485
11 13 115 135 14.9046358909665 179.928010593822 5.99759975839931
11 14 115 145 14.9049230619894 179.92801079928 5.997600359976
11 15 115 155 14.8907331304652 179.928292281311 5.99749548046065
11 16 115 165 14.7264144619767 179.931897187495 5.99584772898136
11 17 115 175 13.9300522966675 179.951837550416 5.98547976795804
11 18 115 185 11.8234228085168 180.0183891368 5.95194422430051
11 19 115 195 8.46641811385068 180.184192199899 5.8936610323733
11 20 115 205 5.03427310523939 180.528312548637 5.84326157202077
11 21 115 215 2.57170917214457 181.07932229403 5.82232370370491
11 22 115 225 1.12657646124432 181.651124522545 5.79462173678446
11 23 115 235 0.341014440441781 181.936595301093 5.74937410013136
11 24 115 245 -0.0196731707014028 181.857955697574 5.74349816897739
11 25 115 255 -0.126781440806339 181.606688662136 5.76716900619648
11 26 115 265 -0.131232406329046 181.419255373079 5.7217735317001
11 27 115 275 -0.0926582071340402 181.377080999316 5.58416646508791
11 28 115 285 0.0434681784757607 181.367637434066 5.46592326844084
11 29 115 295 0.506344643628508 181.276582412709 5.49026818758182
11 30 115 305 1.81518992552419 181.058380282791 5.64175785424855
11 31 115 315 4.51178424386677 180.70168983484 5.80072227923285
11 32 115 325 8.30424148272415 180.311334984495 5.90537472925828
11 33 115 335 11.8271725342884 180.049466501685 5.96292136713381
11 34 115 345 13.9344471190769 179.948296418189 5.98855433163853
11 35 115 355 14.7148964639815 179.928719885843 5.99608312350609
12 0 125 5 14.7555487353146 179.929096057521 5.99486811886576
12 1 125 15 14.3427506824916 179.939415930293 5.98605191916007
12 2 125 25 13.1380023199829 179.961589310965 5.96451432876729
12 3 125 35 11.358277374634 179.990593142522 5.93696624024216
12 4 125 45 10.1769300119839 180.007024072466 5.92212883471671
12 5 125 55 10.6782764012616 179.996573345094 5.93243756520753
12 6 125 65 12.3666395695302 179.967396240052 5.95921174546276
12 7 125 75 13.7547989465129 179.941581022845 5.98175126763126
12 8 125 85 14.2831384768961 179.929780354517 5.99150176903405
12 9 125 95 14.4503975256665 179.927267788034 5.99441691283356
12 10 125 105 14.6397867406337 179.927479848418 5.99602567547755
12 11 125 115 14.8093987846837 179.927841427015 5.99709987966378
12 12 125 125 14.886077709116 179.927981221308 5.99751332347057
12 13 125 135 14.9033580833092 179.928008621122 5.99759398029202
12 14 125 145 14.9049230619894 179.92801079928 5.997600359976
12 15 125 155 14.8971886568025 179.928168857764 5.99753625879926
12 16 125 165 14.7974972219373 179.930254317809 5.99641915114136
12 17 125 175 14.2513009113545 179.942476864175 5.98847902457021
12 18 125 185 12.5903901985387 179.987267468355 5.95767373646868
12 19 125 195 9.50434667658915 180.110704216384 5.88391307502742
12 20 125 205 5.82096615989186 180.37994159644 5.76509487102698
12 21 125 215 2.83504638603295 180.803350431006 5.62643916644056
12 22 125 225 1.00095458332665 181.198862052391 5.51379124391306
12 23 125 235 0.0124642688901644 181.291193284059 5.48703980780167
12 24 125 245 -0.46770069985805 181.03945063831 5.5637647633109
12 25 125 255 -0.637339898069355 180.701723356004 5.65174191061761
12 26 125 265 -0.642833812186729 180.552996082166 5.62351958106986
12 27 125 275 -0.569554797387134 180.629285619802 5.47681299295328
12 28 125 285 -0.399993511968656 180.779529251676 5.35569701466831
12 29 125 295 0.0446586566969409 180.877544207832 5.38515150081981
12 30 125 305 1.18893402827426 180.836367974706 5.53448117609241
12 31 125 315 3.56346934058256 180.601997954144 5.70167196296952
12 32 125 325 7.14681750868029 180.271106326387 5.83945638402228
12 33 125 335 10.8663683449632 180.029622129192 5.93333271812173
12 34 125 345 13.4246261710303 179.937445196639 5.97937096772474
12 35 125 355 14.5450049300974 179.924612372858 5.99390043300716
13 0 135 5 14.6286349874556 179.928311692974 5.99345164004542
13 1 135 15 13.9797077957658 179.943690653061 5.9819126326034
13 2 135 25 12.1625187447049 179.973233807576 5.95372112681581
13 3 135 35 9.72737600386594 180.009126015379 5.91948082204889
13 4 135 45 8.40044112605926 180.025874050556 5.90346705574424
13 5 135 55 9.33959189324432 180.009141434765 5.91812618726836
13 6 135 65 11.5225973753678 179.972185745759 5.94916853775041
13 7 135 75 12.9989673634877 179.940692393331 5.97162092191757
13 8 135 85 13.3606398070836 179.926250426776 5.97962579202794
13 9 135 95 13.5780719399459 179.923916625755 5.98433703120225
13 10 135 105 14.1145436799563 179.925671336495 5.99066044700889
13 11 135 115 14.6196958483966 179.927264385319 5.99539434739485
13 12 135 125 14.8485699773531 179.927880424561 5.99721665881631
13 13 135 135 14.9002372732227 179.928001196173 5.99757222996795
13 14 135 145 14.9049230619894 179.92801079928 5.997600359976
13 15 135 155 14.9021969770703 179.928069775122 5.99757549410699
13 16 135 165 14.8533911148834 179.928879439584 5.99702802384292
13 17 135 175 14.5086682474203 179.934262642482 5.9921164687286
13 18 135 185 13.2222670533595 179.958115577304 5.96770302649876
13 19 135 195 10.4012943721426 180.035117445087 5.89202830882693
13 20 135 205 6.57664131537754 180.210813762294 5.73858744676926
13 21 135 215 3.21506274570831 180.465861851576 5.53776982604373
13 22 135 225 1.10333291056252 180.631817774959 5.39498874541825
13 23 135 235 -0.0110176383068669 180.495453471195 5.41060349141127
13 24 135 245 -0.549466019665617 180.068730969038 5.55931260541385
13 25 135 255 -0.745489003805718 179.649098226879 5.68549535705821
13 26 135 265 -0.758587127271418 179.520451871914 5.65380415737276
13 27 135 275 -0.68842693107693 179.679489914646 5.49093026338928
13 28 135 285 -0.523239826854625 179.950673022759 5.35296851411057
13 29 135 295 -0.104963215060208 180.205177796788 5.34518629294437
13 30 135 305 0.917815127497699 180.340780560872 5.44365141186965
13 31 135 315 3.00070370515381 180.285856286858 5.59709325315111
13 32 135 325 6.23956433959323 180.105937763187 5.76814158827261
13 33 135 335 9.89613705592775 179.957945705383 5.90118951982863
13 34 135 345 12.7790045850529 179.910150995468 5.96849594675158
13 35 135 355 14.2843851239152 179.916208875749 5.99086290836522
14 0 145 5 14.5361334716592 179.926861905694 5.99342207718331
14 1 145 15 13.7729959981737 179.943155188582 5.98352950077644
14 2 145 25 11.6779078580256 179.972511803837 5.95789255806236
14 3 145 35 9.108387891422 180.007711986861 5.92645039209177
14 4 145 45 8.0537472740729 180.022131118196 5.91219951154506
14 5 145 55 9.3692166256969 180.002470770492 5.92566680139921
14 6 145 65 11.5023729099214 179.964736220685 5.94969330093369
14 7 145 75 12.4755854165966 179.933488380288 5.96061686640295
14 8 145 85 12.3532294281349 179.91901711303 5.96054584825294
14 9 145 95 12.5584413074218 179.918060284813 5.96714551205168
14 10 145 105 13.4949148686392 179.922566479042 5.98144823234599
14 11 145 115 14.3953099475635 179.92627360283 5.99246562571726
14 12 145 125 14.8041005186692 179.92770733256 5.99670717098446
14 13 145 135 14.8965296223093 179.927988443827 5.99753487146963
14 14 145 145 14.9049230619894 179.92801079928 5.997600359976
14 15 145 155 14.9043784154923 179.928023335959 5.99759500633798
14 16 145 165 14.8782678227939 179.928233433485 5.99740469959615
14 17 145 175 14.626591892085 179.930255064723 5.99485999433167
14 18 145 185 13.5243452471936 179.942346908931 5.97805699349273
14 19 145 195 10.8620039479288 179.986280488579 5.91484166839023
14 20 145 205 7.02862011744084 180.07950977753 5.77049911836454
14 21 145 215 3.55398339705691 180.170852750905 5.57329078958587
14 22 145 225 1.37089729847654 180.106979220371 5.44804134327175
14 23 145 235 0.243563898581435 179.751490372929 5.51381517530109
14 24 145 245 -0.290412589517408 179.184694818029 5.72419819834802
14 25 145 255 -0.481562297299865 178.715674570777 5.87802898654575
14 26 145 265 -0.506009055858486 178.603364165996 5.83332023582379
14 27 145 275 -0.472919607606696 178.819631478346 5.65172791297703
14 28 145 285 -0.356047583063032 179.175416890185 5.49962714491213
14 29 145 295 0.0251427471919001 179.525157282356 5.44679096680409
14 30 145 305 1.01821596840148 179.770395025325 5.47209720295649
14 31 145 315 2.9927155252619 179.873493914618 5.57952051754972
14 32 145 325 5.96377582843155 179.878482084481 5.74718890002255
14 33 145 335 9.38361747172703 179.866613514939 5.89019202664707
14 34 145 345 12.3310800677711 179.882080055139 5.96377765156281
14 35 145 355 14.0735499296105 179.909094704556 5.9891658356419
15 0 155 5 14.5470665142886 179.926693327106 5.99454955733462
15 1 155 15 13.8096680318537 179.940424722652 5.98786745191406
15 2 155 25 11.8534081393951 179.965831503979 5.96913228473878
15 3 155 35 9.63396299051919 179.996922293632 5.94527009067489
15 4 155 45 9.03917666457928 180.00825806921 5.93469983693275
15 5 155 55 10.5048627894678 179.987847277052 5.94520248928936
15 6 155 65 12.256270303653 179.953391182828 5.95929995557708
15 7 155 75 12.6707406547571 179.926507121667 5.95806218718834
15 8 155 85 12.2099387620992 179.91431528262 5.95066649875412
15 9 155 95 12.3502835712494 179.91473060705 5.95762038762832
15 10 155 105 13.3629430261765 179.920833881439 5.97630666623084
15 11 155 115 14.3468709452396 179.925720649174 5.99083087229753
15 12 155 125 14.7943877504682 179.92761071633 5.99642275254
15 13 155 135 14.8957116539124 179.927981324599 5.99751401364393
15 14 155 145 14.9049230619894 179.92801079928 5.997600359976
15 15 155 155 14.9048766637263 179.928011929311 5.99759987693432
15 16 155 165 14.8841768069057 179.928134606099 5.99758371519794
15 17 155 175 14.6560787860958 179.929747279405 5.996622018878
15 18 155 185 13.6058339927281 179.939036181302 5.98673380435982
15 19 155 195 11.0041251543409 179.967021668144 5.94105272488748
15 20 155 205 7.21190043759268 180.004792866746 5.82510063475196
15 21 155 215 3.77747563089199 179.974063967028 5.66148639303267
15 22 155 225 1.66502608172627 179.732882769486 5.57758766833388
15 23 155 235 0.62685732924704 179.212995056387 5.70433492648307
15 24 155 245 0.173192155505283 178.567008469905 5.97949479452416
15 25 155 255 0.0284110512601873 178.099827733466 6.161328011291
15 26 155 265 -0.00567544472879435 178.026013672154 6.1166150041394
15 27 155 275 -0.0360658933015463 178.320018096081 5.95501598774691
15 28 155 285 -0.00357841051518824 178.777605238631 5.83235103508784
15 29 155 295 0.342698904192631 179.184655866908 5.74617488798922
15 30 155 305 1.45504814834088 179.441979500128 5.66803331477517
15 31 155 315 3.68962541338535 179.599117335196 5.67487137854877
15 32 155 325 6.78256106042089 179.722501460541 5.78641702916481
15 33 155 335 9.98163028957928 179.815665840043 5.90536479761123
15 34 155 345 12.5875878495507 179.875903224534 5.96887289889784
15 35 155 355 14.1339548129133 179.91028363885 5.99050937480321
16 0 165 5 14.6557296040931 179.927725079251 5.9958523558657
16 1 165 15 14.0778354726072 179.93732084697 5.99151660073773
16 2 165 25 12.6261122973547 179.956821392823 5.97920668361224
16 3 165 35 11.0726204643918 179.980879421549 5.96338062522717
16 4 165 45 10.841191927468 179.988423879664 5.95724224064387
16 5 165 55 12.0804714837088 179.97057904217 5.96556021103989
16 6 165 65 13.3289716078504 179.943938795887 5.97403285421913
16 7 165 75 13.5244162757835 179.925119105097 5.97001581862955
16 8 165 85 13.1426445093808 179.917209545591 5.96265641162881
16 9 165 95 13.2107752676139 179.917930056511 5.96743671183866
16 10 165 105 13.8796404083488 179.922587421434 5.9815087834454
16 11 165 115 14.5334793450509 179.926280192145 5.99248467719875
16 12 165 125 14.8312829146262 179.927708465239 5.99671044580117
16 13 165 135 14.8987814979935 179.927988525762 5.9975351083553
16 14 165 145 14.9049230619894 179.92801079928 5.997600359976
16 15 165 155 14.9049230619894 179.92801079928 5.997600359976
16 16 165 165 14.8854650656873 179.928236061521 5.99766382747302
16 17 165 175 14.6671307684001 179.930760426554 5.99759804929501
16 18 165 185 13.6527829306147 179.942204681123 5.99208610158155
16 19 165 195 11.1219337673472 179.966931899931 5.95816601511559
16 20 165 205 7.41083595515897 179.976896347636 5.86130971469907
16 21 165 215 4.04608718020643 179.878431998876 5.72018765920382
16 22 165 225 2.01525565721436 179.547090699537 5.66761728619746
16 23 165 235 1.09351544893655 178.973712185585 5.84354593233349
16 24 165 245 0.770585838311168 178.361376777405 6.16579133482648
16 25 165 255 0.720323411744903 177.973909051609 6.3731067847272
16 26 165 265 0.710919912172041 177.964672234131 6.37588985429061
16 27 165 275 0.639221251222421 178.346188683809 6.32453262293177
16 28 165 285 0.586188021364983 178.913708115388 6.30852513588685
16 29 165 295 0.888845272355095 179.351437832666 6.20893388621855
16 30 165 305 2.18974238395798 179.540669227295 5.9926810631491
16 31 165 315 4.90980623071276 179.623502574797 5.84380133124589
16 32 165 325 8.41236430781362 179.727787228344 5.8570702251293
16 33 165 335 11.4525734701961 179.831088355173 5.93221191010745
16 34 165 345 13.4355557957151 179.892052990117 5.97863735427265
16 35 165 355 14.4356628309901 179.917753342305 5.9935192373045
17 0 175 5 14.7850810203132 179.928348155313 5.99681778876172
17 1 175 15 14.4569543046895 179.933438807335 5.99437600549734
17 2 175 25 13.6755736213638 179.944739202243 5.98775051499517
17 3 175 35 12.8679002424468 179.958598615232 5.97939839646699
17 4 175 45 12.8069962486743 179.962399306738 5.97672903669185
17 5 175 55 13.5275909014472 179.951439531525 5.98206603364226
17 6 175 65 14.2193062978266 179.936445052717 5.98729460661762
17 7 175 75 14.3655541194064 179.926912194371 5.9859927521222
17 8 175 85 14.220053958141 179.923348100733 5.98274338376632
17 9 175 95 14.2429806984071 179.923692836202 5.98471591092238
17 10 175 105 14.5036433301069 179.925692516859 5.99072168616143
17 11 175 115 14.7594323640458 179.92727104932 5.99541361481442
17 12 175 125 14.876059679342 179.927881570039 5.99721997063777
17 13 175 135 14.9025145087749 179.92800127903 5.99757246952135
17 14 175 145 14.9049230619894 179.92801079928 5.997600359976
17 15 175 155 14.9049230619894 179.92801079928 5.997600359976
17 16 175 165 14.8876160911906 179.928300789804 5.99766073500055
17 17 175 175 14.6913413368114 179.931375589479 5.99766538329277
17 18 175 185 13.7672132224049 179.944321195762 5.99311029584908
17 19 175 195 11.4223836846015 179.969347152712 5.9636071126568
17 20 175 205 7.91266228035329 179.973475155349 5.87697767201561
17 21 175 215 4.65967351487101 179.866525875883 5.74871668016503
17 22 175 225 2.67613678997786 179.54935680108 5.70277399492229
17 23 175 235 1.82870193147551 179.053087946459 5.86922446716147
17 24 175 245 1.64765327158901 178.587346764641 6.16635878169926
17 25 175 255 1.76434998084386 178.340917736495 6.37006503899003
17 26 175 265 1.88945782856929 178.3933294475 6.44901153065327
17 27 175 275 1.89765967953216 178.786454803177 6.54826295210308
17 28 175 285 1.82303300134499 179.351059897719 6.65873750150712
17 29 175 295 2.02218590645788 179.745284141345 6.56866503566353
17 30 175 305 3.33686726431653 179.846529207261 6.25856303697178
17 31 175 315 6.28962072045815 179.822874193441 5.99434822993669
17 32 175 325 9.97785954764018 179.834177297201 5.92538243964412
17 33 175 335 12.7951155140572 179.879653522605 5.95799886492559
17 34 175 345 14.210440582058 179.912057610079 5.98708090344982
17 35 175 355 14.7196850791231 179.924300446268 5.99588699952891
18 0 185 5 14.8676406946276 179.92826495382 5.99735374082607
18 1 185 15 14.7482475278514 179.930052141465 5.99642521132784
18 2 185 25 14.4751867549708 179.934255996021 5.99401243361729
18 3 185 35 14.1975863991193 179.939378360528 5.99102912194338
18 4 185 45 14.1863993503285 179.940675343946 5.99020849138397
18 5 185 55 14.4485685771159 179.936525107796 5.99237040330388
18 6 185 65 14.7030067263018 179.931133526652 5.9946599628342
18 7 185 75 14.7814260098176 179.92799908279 5.99488741849996
18 8 185 85 14.7601213871984 179.926976387214 5.99425931219848
18 9 185 95 14.7652856519544 179.927039066344 5.99470512623529
18 10 185 105 14.8201746558091 179.927489667615 5.99605406589348
18 11 185 115 14.8741784778068 179.927844516309 5.99710881164244
18 12 185 125 14.8988208194763 179.927981752301 5.99751485868403
18 13 185 135 14.9044136491106 179.928008659529 5.99759409133208
18 14 185 145 14.9049230619894 179.92801079928 5.997600359976
18 15 185 155 14.9049230619894 179.92801079928 5.997600359976
18 16 185 165 14.8896902546268 179.928244004761 5.99758603087213
18 17 185 175 14.7155349550523 179.930716504046 5.9969585398616
18 18 185 185 13.8890850201276 179.941241716111 5.99087423112001
18 19 185 195 11.7786747051529 179.96241298891 5.9631396942506
18 20 185 205 8.60976809055024 179.969517422998 5.89250100574415
18 21 185 215 5.67030902072616 179.892050815839 5.79444619205684
18 22 185 225 3.85992272168441 179.658293484417 5.75784526455976
18 23 185 235 3.09640023776118 179.315583741605 5.86913334226092
18 24 185 245 3.09823673062831 179.040838912139 6.06709629619829
18 25 185 255 3.53203574743475 178.939911278341 6.21130601513134
18 26 185 265 3.98168410453004 179.017252346596 6.31266225215443
18 27 185 275 4.24903649199218 179.302840853809 6.47114278549581
18 28 185 285 4.26467643269749 179.700094873811 6.62019732812787
18 29 185 295 4.29267221904046 179.96867131225 6.55480855268677
18 30 185 305 5.28872738704415 180.018391898594 6.2801588964925
18 31 185 315 7.88920817992877 179.961718946967 6.04121075063845
18 32 185 325 11.180102198759 179.920438195225 5.96521574818078
18 33 185 335 13.5650147872948 179.916885794206 5.97675221237576
18 34 185 345 14.590783275733 179.92379498902 5.99252275393901
18 35 185 355 14.8525315127739 179.927191628279 5.99701454093597
19 0 195 5 14.8982399296566 179.928079020014 5.99755406321992
19 1 195 15 14.8739029966885 179.928435962595 5.99735756440478
19 2 195 25 14.8197617984882 179.929305376273 5.99685980481074
19 3 195 35 14.7650595949467 179.930361896211 5.99624987737983
19 4 195 45 14.7635334106181 179.930621395023 5.99609367474726
19 5 195 55 14.8165532309683 179.929762216321 5.99656673327448
19 6 195 65 14.8695579008429 179.928677146414 5.99711507733531
19 7 195 75 14.8906322244513 179.92808890558 5.99730689115615
19 8 195 85 14.8919542547653 179.927922308272 5.99728980660759
19 9 195 95 14.8926702338792 179.927921418228 5.99733429807972
19 10 195 105 14.8974804336409 179.927962898902 5.99745822929498
19 11 195 115 14.9022219240992 179.927995516036 5.99755518088002
19 12 195 125 14.9043867509699 179.928008129721 5.99759250193815
19 13 195 135 14.9048782787922 179.928010602641 5.99759978389725
19 14 195 145 14.9049230619894 179.92801079928 5.997600359976
19 15 195 155 14.9049230619894 179.92801079928 5.997600359976
19 16 195 165 14.8905502567963 179.928143769898 5.99750679829645
19 17 195 175 14.7280639988158 179.929595509465 5.99621517154262
19 18 195 185 13.9717434820012 179.936098649994 5.98867355439022
19 19 195 195 12.1025631801906 179.950188548988 5.96432126633209
19 20 195 205 9.43844270869024 179.956140447041 5.91741395422384
19 21 195 215 7.11853481917782 179.904100441892 5.86787560410472
19 22 195 225 5.6910083425772 179.74967717364 5.8627232571847
19 23 195 235 5.04306585577052 179.548950351685 5.9285878170035
19 24 195 245 5.28638548657172 179.43386769199 6.0196706306694
19 25 195 255 6.21161091782458 179.4383597277 6.07608182187445
19 26 195 265 7.13589508182092 179.510743740733 6.12790767029621
19 27 195 275 7.71653524618855 179.65461323746 6.22994844280831
19 28 195 285 7.86701170955538 179.846469802367 6.32403592469288
19 29 195 295 7.76087718308108 179.982194012522 6.28665692034409
19 30 195 305 8.26495954080774 180.013165094684 6.13431394719006
19 31 195 315 10.0220796281462 179.981250308276 6.01141709642338
19 32 195 325 12.3574399036468 179.945741592092 5.97856197143845
19 33 195 335 14.0425401602058 179.930410839866 5.98740759045427
19 34 195 345 14.7350827970698 179.92779487439 5.9954556669816
19 35 195 355 14.8884295742337 179.92792332461 5.99741855326123
20 0 205 5 14.9044022083462 179.928017490924 5.9975965656604
20 1 205 15 14.9023047808721 179.928047836926 5.99757925444514
20 2 205 25 14.8977245012754 179.928123356793 5.99753592114834
20 3 205 35 14.8931007000055 179.928215196683 5.99748285027745
20 4 205 45 14.8929763077687 179.928237779203 5.9974694013985
20 5 205 55 14.8975031148041 179.928163547923 5.99751198557221
20 6 205 65 14.9021764945916 179.928071126382 5.997565384555
20 7 205 75 14.9043684109995 179.928023626591 5.99759291160258
20 8 205 85 14.9048760763126 179.928011931545 5.99759970173083
20 9 205 95 14.9049230619894 179.92801079928 5.997600359976
20 10 205 105 14.9049230619894 179.92801079928 5.997600359976
20 11 205 115 14.9049230619894 179.92801079928 5.997600359976
20 12 205 125 14.9049230619894 179.92801079928 5.997600359976
20 13 205 135 14.9049230619894 179.92801079928 5.997600359976
20 14 205 145 14.9049230619894 179.92801079928 5.997600359976
20 15 205 155 14.9049230619894 179.92801079928 5.997600359976
20 16 205 165 14.8928673667597 179.928077706066 5.99748963659583
20 17 205 175 14.7589130404363 179.928836480708 5.9961541161037
20 18 205 185 14.1524999541995 179.932397123187 5.98947160588622
20 19 205 195 12.7200493629166 179.940134457371 5.97187429536264
20 20 205 205 10.8150286569326 179.940424852179 5.94754853901464
20 21 205 215 9.25984485214917 179.897961984066 5.93787302617827
20 22 205 225 8.19374717500372 179.791440723777 5.96160689986298
20 23 205 235 7.57662985499507 179.681714406847 6.00505424825647
20 24 205 245 7.97597868650773 179.660264902959 6.03093156998979
20 25 205 255 9.2974555091164 179.714549251674 6.02754942808195
20 26 205 265 10.5629864454449 179.773554235518 6.02734129790608
20 27 205 275 11.2773596402698 179.829077007478 6.05649829640578
20 28 205 285 11.4806728637439 179.894629193107 6.0873253256213
20 29 205 295 11.3687218406596 179.946501680694 6.07161185306953
20 30 205 305 11.5165756176596 179.964421931839 6.02038999896741
20 31 205 315 12.3671260811402 179.955589878305 5.98697168149288
20 32 205 325 13.5740337439904 179.940068252394 5.98529878884245
20 33 205 335 14.4570841362977 179.930998366464 5.99299846679302
20 34 205 345 14.8191450818251 179.928372032848 5.99680468455764
20 35 205 355 14.8978164007603 179.928024667482 5.99754732439916
21 0 215 5 14.9049230619894 179.92801079928 5.997600359976
21 1 215 15 14.9049230619894 179.92801079928 5.997600359976
21 2 215 25 14.9049230619894 179.92801079928 5.997600359976
21 3 215 35 14.9049230619894 179.92801079928 5.997600359976
21 4 215 45 14.9049230619894 179.92801079928 5.997600359976
21 5 215 55 14.9049230619894 179.92801079928 5.997600359976
21 6 215 65 14.9049230619894 179.92801079928 5.997600359976
21 7 215 75 14.9049230619894 179.92801079928 5.997600359976
21 8 215 85 14.9049230619894 179.92801079928 5.997600359976
21 9 215 95 14.9049230619894 179.92801079928 5.997600359976
21 10 215 105 14.9049230619894 179.92801079928 5.997600359976
21 11 215 115 14.9049230619894 179.92801079928 5.997600359976
21 12 215 125 14.9049230619894 179.92801079928 5.997600359976
21 13 215 135 14.9049230619894 179.92801079928 5.997600359976
21 14 215 145 14.9049230619894 179.92801079928 5.997600359976
21 15 215 155 14.9049230619894 179.92801079928 5.997600359976
21 16 215 165 14.8978116249368 179.928042232333 5.99752967621325
21 17 215 175 14.8196466793729 179.928404077098 5.99670863126348
21 18 215 185 14.472278378709 179.930113813379 5.99281502210606
21 19 215 195 13.6754726965889 179.933465530463 5.98357166983026
21 20 215 205 12.6497169943038 179.930210562203 5.9743317554404
21 21 215 215 11.7680829140743 179.898033431471 5.98027268317822
21 22 215 225 10.9539813528385 179.829543718897 6.00724730990871
21 23 215 235 10.3449643411888 179.773703979781 6.03391587569549
21 24 215 245 10.6811366791478 179.785388395328 6.03516952876854
21 25 215 255 11.9118106256349 179.839246180748 6.01657772067414
21 26 215 265 13.0627585262043 179.8797170323 6.00186651200108
21 27 215 275 13.6433709895767 179.899872360663 6.0013511611287
21 28 215 285 13.7978835983328 179.916672248146 6.00534710743475
21 29 215 295 13.7489635254654 179.931308815396 6.00092721630792
21 30 215 305 13.7661576425901 179.937884467413 5.99145794477919
21 31 215 315 14.0364117836743 179.936426227454 5.9885401723843
21 32 215 325 14.4454090329731 179.932076219293 5.99231472899105
21 33 215 335 14.7496669455326 179.929154729249 5.99601267599609
21 34 215 345 14.8751220523811 179.928181569725 5.99736217713884
21 35 215 355 14.9024656572902 179.928020966037 5.99758667278458
22 0 225 5 14.9049230619894 179.92801079928 5.997600359976
22 1 225 15 14.9049230619894 179.92801079928 5.997600359976
22 2 225 25 14.9049230619894 179.92801079928 5.997600359976
22 3 225 35 14.9049230619894 179.92801079928 5.997600359976
22 4 225 45 14.9049230619894 179.92801079928 5.997600359976
22 5 225 55 14.9049230619894 179.92801079928 5.997600359976
22 6 225 65 14.9049230619894 179.92801079928 5.997600359976
22 7 225 75 14.9049230619894 179.92801079928 5.997600359976
22 8 225 85 14.9049230619894 179.92801079928 5.997600359976
22 9 225 95 14.9049230619894 179.92801079928 5.997600359976
22 10 225 105 14.9049230619894 179.92801079928 5.997600359976
22 11 225 115 14.9049230619894 179.92801079928 5.997600359976
22 12 225 125 14.9049230619894 179.92801079928 5.997600359976
22 13 225 135 14.9049230619894 179.92801079928 5.997600359976
22 14 225 145 14.9049230619894 179.92801079928 5.997600359976
22 15 225 155 14.9049230619894 179.92801079928 5.997600359976
22 16 225 165 14.9023300225343 179.928021758078 5.99757416775665
22 17 225 175 14.8739694723692 179.928147617156 5.99727356620763
22 18 225 185 14.7491314015924 179.928735596682 5.99587465650271
22 19 225 195 14.4656417617615 179.929695042311 5.99273796506262
22 20 225 205 14.0904304770341 179.926916647757 5.99056732052947
22 21 225 215 13.6907636027193 179.910047790231 5.99610776670969
22 22 225 225 13.1789917513784 179.877284895385 6.01078788179799
22 23 225 235 12.7436438763413 179.854270127085 6.02249618527777
22 24 225 245 12.9062599937267 179.865757036219 6.01963968632709
22 25 225 255 13.6307669690118 179.895377401304 6.00798422598118
22 26 225 265 14.3035143425509 179.91531256023 5.99923619123284
22 27 225 275 14.618357200906 179.922499111782 5.99633231071964
22 28 225 285 14.6949438296083 179.9257982088 5.99593161630816
22 29 225 295 14.6869100812164 179.928470528559 5.99519743569554
22 30 225 305 14.6852400103844 179.92975589284 5.99448202497341
22 31 225 315 14.7348516859832 179.929541590933 5.99507125519518
22 32 225 325 14.8142380821059 179.928768425101 5.9963937656865
22 33 225 335 14.8741591480077 179.928233304807 5.99727190326958
22 34 225 345 14.8990039079704 179.928046576568 5.99755393345355
22 35 225 355 14.9044341518831 179.928013207946 5.99759780665979
23 0 235 5 14.9049230619894 179.92801079928 5.997600359976
23 1 235 15 14.9049230619894 179.92801079928 5.997600359976
23 2 235 25 14.9049230619894 179.92801079928 5.997600359976
23 3 235 35 14.9049230619894 179.92801079928 5.997600359976
23 4 235 45 14.9049230619894 179.92801079928 5.997600359976
23 5 235 55 14.9049230619894 179.92801079928 5.997600359976
23 6 235 65 14.9049230619894 179.92801079928 5.997600359976
23 7 235 75 14.9049230619894 179.92801079928 5.997600359976
23 8 235 85 14.9049230619894 179.92801079928 5.997600359976
23 9 235 95 14.9049230619894 179.92801079928 5.997600359976
23 10 235 105 14.9049230619894 179.92801079928 5.997600359976
23 11 235 115 14.9049230619894 179.92801079928 5.997600359976
23 12 235 125 14.9049230619894 179.92801079928 5.997600359976
23 13 235 135 14.9049230619894 179.92801079928 5.997600359976
23 14 235 145 14.9049230619894 179.92801079928 5.997600359976
23 15 235 155 14.9049230619894 179.92801079928 5.997600359976
23 16 235 165 14.9044030255228 179.928013005012 5.99759508791446
23 17 235 175 14.8987245521117 179.928038234716 5.99753478998301
23 18 235 185 14.8738360273992 179.928155068412 5.99725580229859
23 19 235 195 14.8167341632332 179.928285610017 5.99666151470087
23 20 235 205 14.7319454438255 179.927169364537 5.99649569223961
23 21 235 215 14.6039479304713 179.921717088442 5.99855954104336
23 22 235 225 14.3957478454509 179.911606785843 6.00311341524851
23 23 235 235 14.2078133159665 179.904995253146 6.00640389531931
23 24 235 245 14.2485891561786 179.909276542237 6.00506051826193
23 25 235 255 14.5026825827961 179.918860523171 6.00125025754131
23 26 235 265 14.7425009472127 179.925125908686 5.99854473940956
23 27 235 275 14.8524725070768 179.927138233537 5.99750992169552
23 28 235 285 14.8763370278243 179.927525904519 5.99718782158069
23 29 235 295 14.8742817939775 179.927666099259 5.99704671058462
23 30 235 305 14.8743959874731 179.927820397118 5.99707064421824
23 31 235 315 14.8831939327379 179.927954858113 5.99726014969141
23 32 235 325 14.894555447791 179.928013992019 5.9974616128107
23 33 235 335 14.9017769386782 179.928018784372 5.99756648174311
23 34 235 345 14.9043750728146 179.92801307035 5.9975959355618
23 35 235 355 14.904881437016 179.928011015481 5.99760013075623
24 0 245 5 14.9023150863532 179.927876839227 5.99771210140591
24 1 245 15 14.8977756764418 179.927620508532 5.99792352796342
24 2 245 25 14.8932263529287 179.927329763915 5.9981601632724
24 3 245 35 14.893146785101 179.927280721619 5.99819643426843
24 4 245 45 14.897634065992 179.927533225748 5.99798808109012
24 5 245 55 14.90223302769 179.927826261684 5.99774950784937
24 6 245 65 14.9043812000399 179.927972211878 5.9976314379537
24 7 245 75 14.9048772568653 179.928007436924 5.9976030605162
24 8 245 85 14.9049230619894 179.92801079928 5.997600359976
24 9 245 95 14.9049230619894 179.92801079928 5.997600359976
24 10 245 105 14.9049230619894 179.92801079928 5.997600359976
24 11 245 115 14.9049230619894 179.92801079928 5.997600359976
24 12 245 125 14.9049230619894 179.92801079928 5.997600359976
24 13 245 135 14.9049230619894 179.92801079928 5.997600359976
24 14 245 145 14.9049230619894 179.92801079928 5.997600359976
24 15 245 155 14.9049230619894 179.92801079928 5.997600359976
24 16 245 165 14.9048792641821 179.928010985614 5.99759991459181
24 17 245 175 14.9044009914696 179.928013114359 5.99759482220037
24 18 245 185 14.9023078971098 179.928022947502 5.99757127745019
24 19 245 195 14.8971816874266 179.928020085971 5.99752665457159
24 20 245 205 14.8864382343549 179.927789009719 5.99756686942089
24 21 245 215 14.8595299149532 179.926785777907 5.99796137175755
24 22 245 225 14.8036831124559 179.924816538232 5.99885441435873
24 23 245 235 14.7338299651056 179.922925003077 5.99995573825889
24 24 245 245 14.6901841363742 179.922265532911 6.00084768948039
24 25 245 255 14.6947017902349 179.922806450431 6.00110616127956
24 26 245 265 14.737508385351 179.924039907964 6.00025165645683
24 27 245 275 14.778428202347 179.92481088173 5.99855336441025
24 28 245 285 14.7747024618977 179.924124245049 5.99688666776603
24 29 245 295 14.7463756679458 179.92319970819 5.99596284252688
24 30 245 305 14.757667592946 179.923947629938 5.99606290767246
24 31 245 315 14.8168288902292 179.925883801299 5.99675085891531
24 32 245 325 14.8731140344467 179.927347406745 5.99732125294995
24 33 245 335 14.8986204146513 179.927897748202 5.99755009537781
24 34 245 345 14.9043535305049 179.928000681789 5.997598242471
24 35 245 355 14.9044028186034 179.92798553666 5.99762158313106
25 0 255 5 14.8739645486876 179.926426614116 5.99892227317958
25 1 255 15 14.8200828394685 179.923395477891 6.00142342352324
25 2 255 25 14.766085550987 179.919957469062 6.00422286677004
25 3 255 35 14.765140781516 179.919377468554 6.00465218920668
25 4 255 45 14.8184013117309 179.922363176198 6.00218754399322
25 5 255 55 14.8729900861511 179.925828384542 5.99936508891622
25 6 255 65 14.8984902283153 179.92755441244 5.99796811151089
25 7 255 75 14.9043792286133 179.927971027746 5.99763231932063
25 8 255 85 14.9049230619894 179.92801079928 5.997600359976
25 9 255 95 14.9049230619894 179.92801079928 5.997600359976
25 10 255 105 14.9049230619894 179.92801079928 5.997600359976
25 11 255 115 14.9049230619894 179.92801079928 5.997600359976
25 12 255 125 14.9049230619894 179.92801079928 5.997600359976
25 13 255 135 14.9049230619894 179.92801079928 5.997600359976
25 14 255 145 14.9049230619894 179.92801079928 5.997600359976
25 15 255 155 14.9049230619894 179.92801079928 5.997600359976
25 16 255 165 14.9048822121553 179.928011024339 5.99760018506458
25 17 255 175 14.9044346146358 179.928013737174 5.99759807236614
25 18 255 185 14.9024230728251 179.928026784241 5.99758725938799
25 19 255 195 14.8971408336521 179.928053336327 5.99755357979607
25 20 255 205 14.8851805401348 179.928042376284 5.99746631003951
25 21 255 215 14.8536205751835 179.927750901919 5.99733900609368
25 22 255 225 14.7720853906512 179.926186843905 5.99784463209101
25 23 255 235 14.6009918873713 179.921049674288 6.00111279853465
25 24 255 245 14.3428393550103 179.911696339939 6.00816558270104
25 25 255 255 14.1247882094603 179.904202474233 6.01399851735093
25 26 255 265 14.1052234559952 179.904989892295 6.0119962426806
25 27 255 275 14.1983224753833 179.908601418956 6.00394528676125
25 28 255 285 14.1676335576036 179.906601105952 5.99636765101777
25 29 255 295 14.0572716177483 179.903624565252 5.99236042753261
25 30 255 305 14.1458166134267 179.908562146791 5.99215961622524
25 31 255 315 14.4581715217828 179.918364825337 5.9943281838232
25 32 255 325 14.7447237681061 179.925177134763 5.99643304169747
25 33 255 335 14.8732679859026 179.927560756751 5.99737313397129
25 34 255 345 14.9017660624167 179.927957371904 5.99760193627896
25 35 255 355 14.8987469764134 179.927712032005 5.99785143988256
26 0 265 5 14.7505913801566 179.920148908852 6.00416351089668
26 1 265 15 14.4820025185117 179.905106810169 6.01658151574686
26 2 265 25 14.2127992462155 179.888046233697 6.03048041245961
26 3 265 35 14.2075832041476 179.885172646832 6.03260497024041
26 4 265 45 14.4708738181981 179.900010572777 6.02033284190298
26 5 265 55 14.7382767644703 179.917252890267 6.00624364507162
26 6 265 65 14.8607664276637 179.925861626157 5.99923717785989
26 7 265 75 14.8901628374397 179.927925742321 5.99757570075827
26 8 265 85 14.8975343966798 179.928077751072 5.99749115482936
26 9 265 95 14.9022184970129 179.92803467103 5.9975614470865
26 10 265 105 14.9043820738037 179.928015464868 5.99759275899457
26 11 265 115 14.9048776004682 179.928011183528 5.99759973428939
26 12 265 125 14.9049230619894 179.92801079928 5.997600359976
26 13 265 135 14.9049230619894 179.92801079928 5.997600359976
26 14 265 145 14.9049230619894 179.92801079928 5.997600359976
26 15 265 155 14.9049230619894 179.92801079928 5.997600359976
26 16 265 165 14.9044280825582 179.928011884736 5.99759719838319
26 17 265 175 14.8990066483449 179.928025635028 5.99755982227611
26 18 265 185 14.8746553316683 179.928093217879 5.99737293953649
26 19 265 195 14.8147767547552 179.928231709531 5.9968305869291
26 20 265 205 14.7138809264966 179.928189591421 5.99568521684421
26 21 265 215 14.546316342787 179.926981254929 5.9938493722628
26 22 265 225 14.2270702137704 179.921240434102 5.99356041154189
26 23 265 235 13.6717984721034 179.903464110425 6.00244397217112
26 24 265 245 12.9365080041102 179.871584091819 6.02466876406998
26 25 265 255 12.3529668747086 179.845610485175 6.04390686238767
26 26 265 265 12.2850174211203 179.847464467407 6.03894917791177
26 27 265 275 12.5076235281613 179.862097633488 6.01757164054842
26 28 265 285 12.4582163076919 179.864559569705 6.00069048496496
26 29 265 295 12.2738152905749 179.865675249002 5.99240089177063
26 30 265 305 12.6494939292674 179.884535341552 5.98938566551285
26 31 265 315 13.6014072539002 179.909604128461 5.99112374939026
26 32 265 325 14.4387097511152 179.923698578101 5.99474690933018
26 33 265 335 14.811820037676 179.927544345534 5.99693011994956
26 34 265 345 14.8942492966934 179.927880559878 5.99763039278178
26 35 265 355 14.8740839154898 179.926527978482 5.99884555142128
27 0 275 5 14.4846358588786 179.90671532782 6.01538695930401
27 1 275 15 13.7533259278225 179.865971729056 6.04904202932557
27 2 275 25 13.0198996826879 179.819764631238 6.08670651125827
27 3 275 35 13.0011050171785 179.812024140026 6.09239604017788
27 4 275 45 13.6980893377662 179.852403743656 6.05882646357008
27 5 275 55 14.3834031982835 179.899504845091 6.01999112233712
27 6 275 65 14.674879877941 179.923192661408 6.00039905841639
27 7 275 75 14.7552711665892 179.928752400096 5.99594823473443
27 8 275 85 14.8176790994458 179.928771376646 5.99636031542757
27 9 275 95 14.8729868397598 179.928281986914 5.99715848633434
27 10 275 105 14.8985345505016 179.928063802987 5.99751404344539
27 11 275 115 14.9043861679505 179.928015164783 5.99759325425327
27 12 275 125 14.9049230619894 179.92801079928 5.997600359976
27 13 275 135 14.9049230619894 179.92801079928 5.997600359976
27 14 275 145 14.9049230619894 179.92801079928 5.997600359976
27 15 275 155 14.904878861904 179.928011479227 5.99760007924438
27 16 275 165 14.9018617984539 179.928015048292 5.99757406326779
27 17 275 175 14.8719562283079 179.928005315556 5.9972938445274
27 18 275 185 14.7423070278975 179.92787241716 5.99595161648319
27 19 275 195 14.4350562752493 179.927298238615 5.99223137973333
27 20 275 205 13.9757324110058 179.925531970126 5.98513331873593
27 21 275 215 13.4097348168515 179.920510792974 5.97471850278646
27 22 275 225 12.6225196440714 179.905714362016 5.96643317531363
27 23 275 235 11.5087308377613 179.867878832715 5.97756544583665
27 24 275 245 10.2436538614946 179.804991360405 6.01818246294827
27 25 275 255 9.32601896409963 179.755113696781 6.05641172879063
27 26 275 265 9.19925587115915 179.760076188285 6.05267541008029
27 27 275 275 9.50478018770337 179.798903829281 6.02569415139471
27 28 275 285 9.49087669809838 179.832434852316 6.01172603744965
27 29 275 295 9.44603248421237 179.867295943318 6.00475426561497
27 30 275 305 10.4216194041261 179.909755604331 5.99342131389287
27 31 275 315 12.3335445938135 179.93444249741 5.98780572449924
27 32 275 325 13.961274579385 179.935305828143 5.99118558656331
27 33 275 335 14.7014360472143 179.930231594228 5.99557769381411
27 34 275 345 14.8755715283413 179.927919131365 5.99756299130524
27 35 275 355 14.8201095263563 179.923992153809 6.00096095920318
28 0 285 5 14.2216771633056 179.893616659667 6.02634339536376
28 1 285 15 13.0338095964005 179.827812440338 6.08073518511031
28 2 285 25 11.8403282125986 179.753199020996 6.14158458506278
28 3 285 35 11.7899346099802 179.740876663353 6.15049020425922
28 4 285 45 12.8361919052493 179.806869031729 6.09497021776572
28 5 285 55 13.764465153851 179.884561974274 6.02956156942019
28 6 285 65 14.056051901788 179.924322889625 5.99544873588936
28 7 285 75 14.188157492368 179.933172477348 5.98847120034087
28 8 285 85 14.4727311259556 179.931601069744 5.99175007406594
28 9 285 95 14.7467121337005 179.929290911413 5.99551567673346
28 10 285 105 14.8732731760964 179.928260999571 5.99719312372527
28 11 285 115 14.9022630311166 179.928031406853 5.99756683426571
28 12 285 125 14.9049230619894 179.92801079928 5.997600359976
28 13 285 135 14.9049230619894 179.92801079928 5.997600359976
28 14 285 145 14.9049230619894 179.92801079928 5.997600359976
28 15 285 155 14.9044057946719 179.928018300921 5.9975972642107
28 16 285 165 14.8915897938248 179.928063518054 5.99747304302492
28 17 285 175 14.7878897832346 179.927975859194 5.99628905965796
28 18 285 185 14.3763809478504 179.92648607792 5.99092169048798
28 19 285 195 13.4553379695273 179.920944044553 5.97653751267321
28 20 285 205 12.1897599968171 179.909909247679 5.95013879225145
28 21 285 215 10.9318067407476 179.893699643153 5.91318752595858
28 22 285 225 9.66859723516932 179.866355002747 5.87796403484037
28 23 285 235 8.25493672947795 179.813982795641 5.87510078730228
28 24 285 245 6.88246243364825 179.741153152067 5.92223281723163
28 25 285 255 5.97461521552332 179.694032890729 5.97903092940587
28 26 285 265 5.80698106882511 179.717426506418 5.99888363577412
28 27 285 275 6.03145464756794 179.803034797541 6.00442298260939
28 28 285 285 6.09202885855099 179.920901840445 6.02157752647035
28 29 285 295 6.41999256427947 180.034071025249 6.02039089842822
28 30 285 305 8.08401000016604 180.080440272403 5.99209298279176
28 31 285 315 10.8710079039672 180.038897140963 5.97396233886618
28 32 285 325 13.2728119725653 179.972852751062 5.97976650663975
28 33 285 335 14.4727901294482 179.937372549066 5.99107635262304
28 34 285 345 14.8211137057861 179.928211141131 5.99682047815038
28 35 285 355 14.7612398474775 179.921502960461 6.00296423046475
29 0 295 5 14.2205129636742 179.893858129662 6.02615615119458
29 1 295 15 13.0350483744737 179.828517681999 6.08020546858109
29 2 295 25 11.8373381734164 179.754466941344 6.1406113752916
29 3 295 35 11.7348577021054 179.742672170981 6.14877177499755
29 4 295 45 12.5575492675826 179.810086904331 6.09063724748222
29 5 295 55 13.0094983428441 179.891153708555 6.01944719584225
29 6 295 65 12.834701212119 179.934262299903 5.9797640890595
29 7 295 75 12.9697662699385 179.942745490563 5.97324186498513
29 8 295 85 13.7224232826055 179.937339921734 5.98257907832629
29 9 295 95 14.4693672570627 179.931373909989 5.99217806641389
29 10 295 105 14.8165658167152 179.928686229689 5.99651219716195
29 11 295 115 14.8971711640239 179.928071425106 5.99750340470116
29 12 295 125 14.9048752500885 179.928011537305 5.99759930350529
29 13 295 135 14.9049230619894 179.92801079928 5.997600359976
29 14 295 145 14.9049230619894 179.92801079928 5.997600359976
29 15 295 155 14.9023882833528 179.928044836057 5.99758632297116
29 16 295 165 14.8622857731115 179.928332554955 5.99721178488184
29 17 295 175 14.6025689734215 179.928836816301 5.99403247471365
29 18 295 185 13.7008467088301 179.926148826365 5.98039468867311
29 19 295 195 11.8579394873299 179.911237287483 5.9446957754964
29 20 295 205 9.53328668662168 179.879262336497 5.87955247803361
29 21 295 215 7.5621467961014 179.838954707997 5.78943740054455
29 22 295 225 6.11324608912727 179.794171957847 5.7019729398096
29 23 295 235 4.90987775816869 179.738027630572 5.66938967831809
29 24 295 245 3.9365326219217 179.692101234533 5.71803487460872
29 25 295 255 3.34428779735466 179.701383547232 5.80856374447571
29 26 295 265 3.17698988906335 179.785821873935 5.89669755131295
29 27 295 275 3.23249704798238 179.957605595655 5.98101174155313
29 28 295 285 3.32851537128622 180.205026234277 6.03827103032646
29 29 295 295 3.93985844320486 180.3971497085 6.02280732715671
29 30 295 305 5.92750421758708 180.378620649713 5.96271053682224
29 31 295 315 9.12767895098228 180.191260650106 5.93432922473095
29 32 295 325 12.1510355664328 180.018313683619 5.95341865584387
29 33 295 335 13.9688948804161 179.943863842521 5.98105392077847
29 34 295 345 14.6770428557766 179.928247859168 5.99472792838153
29 35 295 355 14.737965728011 179.9214752496 6.0027364782946
30 0 305 5 14.4797454587735 179.907142736868 6.01505058504536
30 1 305 15 13.7551631716354 179.867227161131 6.04809764315084
30 2 305 25 13.0070777396258 179.822063410226 6.0849311370191
30 3 305 35 12.8438231319627 179.815685026825 6.08894474957469
30 4 305 45 12.9538772702985 179.860313406762 6.04931897825034
30 5 305 55 12.4195815573528 179.916818443298 5.99718564565343
30 6 305 65 11.5293959276022 179.94942326803 5.96442854033998
30 7 305 75 11.6114586113 179.954007788257 5.96008898629638
30 8 305 85 12.8531116730216 179.944155950573 5.9737858233431
30 9 305 95 14.1222623723881 179.934156380107 5.98830652595366
30 10 305 105 14.7339006677697 179.929413773078 5.99545118921001
30 11 305 115 14.8866978598507 179.928183234131 5.99733874042255
30 12 305 125 14.904357422088 179.928019269872 5.99758824285943
30 13 305 135 14.9049230619894 179.92801079928 5.997600359976
30 14 305 145 14.9049230619894 179.92801079928 5.997600359976
30 15 305 155 14.8981607102381 179.92809278568 5.99756658051326
30 16 305 165 14.8098900609953 179.928968333198 5.99681921959585
30 17 305 175 14.3216975564462 179.932209878589 5.99091484864499
30 18 305 185 12.8335210957308 179.934822045058 5.96637880097211
30 19 305 195 10.1003756476607 179.919686799769 5.90245629634224
30 20 305 205 6.95902536710063 179.867999470743 5.78485248426832
30 21 305 215 4.59147073024604 179.789355438514 5.62427325735979
30 22 305 225 3.22378343825531 179.705905263392 5.47721082306547
30 23 305 235 2.41955019477716 179.632050721644 5.42680646826598
30 24 305 245 1.92193664041728 179.619245007864 5.50092555117992
30 25 305 255 1.64949361980555 179.720018115343 5.65355699720305
30 26 305 265 1.52602154086857 179.916689751156 5.83310149232691
30 27 305 275 1.48977732356915 180.207646170848 5.99074445796076
30 28 305 285 1.58947303262288 180.56195920846 6.05151054683909
30 29 305 295 2.22277744165029 180.755099913505 5.99072965129157
30 30 305 305 4.04694235537061 180.604970341543 5.89745270417153
30 31 305 315 7.15976595133452 180.270722643002 5.87342399197194
30 32 305 325 10.6001819398843 180.027267520053 5.91824008032865
30 33 305 335 13.1556170302067 179.940393502117 5.96833902020249
30 34 305 345 14.4172660873269 179.927081875919 5.99191786608522
30 35 305 355 14.7424800109957 179.923824570542 6.00037495739116
31 0 315 5 14.7404650866133 179.920389488927 6.00396130384569
31 1 315 15 14.481099513876 179.905835599662 6.01602146256987
31 2 315 25 14.1764697468155 179.889546453379 6.02931200595732
31 3 315 35 13.9325822343156 179.889073705227 6.0299221945883
31 4 315 45 13.3743014430319 179.912652054998 6.01267858456609
31 5 315 55 12.0857530040989 179.947112932241 5.98777292655741
31 6 315 65 10.7665624999049 179.970138302787 5.96807530854002
31 7 315 75 10.7759971657053 179.969535104158 5.96204228418683
31 8 315 85 12.1953411892297 179.953883026076 5.97036654446063
31 9 315 95 13.7570515229451 179.93888819906 5.9839818818522
31 10 315 105 14.6036536504 179.931065301691 5.99333442177896
31 11 315 115 14.8604886993115 179.928531741877 5.99684357310689
31 12 315 125 14.9021147570827 179.928051313255 5.99754245618348
31 13 315 135 14.9049230619894 179.92801079928 5.997600359976
31 14 315 145 14.9049230619894 179.92801079928 5.997600359976
31 15 315 155 14.8941934791097 179.928124331552 5.99755365036336
31 16 315 165 14.7632859671107 179.9295807651 5.99651666499619
31 17 315 175 14.0885472229482 179.936738893537 5.98821176297841
31 18 315 185 12.1735800884229 179.951829351425 5.95297730508122
31 19 315 195 8.89149069479944 179.953947082466 5.85935773379211
31 20 315 205 5.35051400251132 179.897912233569 5.68782396120678
31 21 315 215 2.84871248486288 179.767949184331 5.46751339307205
31 22 315 225 1.56757570503825 179.602371417577 5.29656391807234
31 23 315 235 0.9889008874455 179.463211582784 5.27767806414965
31 24 315 245 0.742463144153888 179.450862336364 5.40514797919561
31 25 315 255 0.644540758400713 179.641236248227 5.59642899802
31 26 315 265 0.587267428881353 179.98072639481 5.79044619076016
31 27 315 275 0.568730564202697 180.394833855886 5.92499025679996
31 28 315 285 0.689258107585818 180.783057691103 5.93401521365084
31 29 315 295 1.22964485210736 180.895414745662 5.84813778162221
31 30 315 305 2.71411878912601 180.621754526288 5.78404050741479
31 31 315 315 5.50963171940731 180.225165482406 5.81118756271872
31 32 315 325 9.13045111953625 179.989932608014 5.8937398361158
31 33 315 335 12.3051271251608 179.926745320749 5.96147175097676
31 34 315 345 14.1211684014598 179.924721496876 5.99048361801337
31 35 315 355 14.7367571412039 179.926105021674 5.99814255576557
32 0 325 5 14.8595382857956 179.926475581541 5.99885662301066
32 1 325 15 14.8141641762149 179.923592275621 6.00122452144797
32 2 325 25 14.6839661458831 179.920845987503 6.00349633456865
32 3 325 35 14.2910127018792 179.925479102931 6.00292069896371
32 4 325 45 13.2523445394454 179.948135178818 6.00032680458218
32 5 325 55 11.5556441995447 179.987384095638 5.99822783824959
32 6 325 65 10.1192109023005 180.015058925976 5.99149052712232
32 7 325 75 10.0747092787948 180.00606453161 5.97737508203694
32 8 325 85 11.4663623058587 179.975088221285 5.96976361269545
32 9 325 95 13.2256167195806 179.948380363011 5.97738566696362
32 10 325 105 14.3751453552377 179.934273108762 5.9894631540852
32 11 325 115 14.8086194901909 179.92921485827 5.99587884736278
32 12 325 125 14.8973128720555 179.928115663322 5.99745065474218
32 13 325 135 14.9049230619894 179.92801079928 5.997600359976
32 14 325 145 14.9048867089471 179.928010821567 5.99760028522875
32 15 325 155 14.8940333533203 179.928103883794 5.99756085610453
32 16 325 165 14.7630765720751 179.929460964522 5.99646939365644
32 17 325 175 14.0834992301733 179.937054284291 5.98676394924751
32 18 325 185 12.1297244622864 179.955922121763 5.9428646850514
32 19 325 195 8.72435903444912 179.964468866623 5.82304738582594
32 20 325 205 4.97853220223451 179.895678470129 5.60969582393736
32 21 325 215 2.28811288351443 179.698007526166 5.36478570463936
32 22 325 225 0.928621344633562 179.414256981472 5.22751799201828
32 23 325 235 0.378912931259739 179.168605389321 5.29046763858611
32 24 325 245 0.199042799966512 179.12844080652 5.47005976790949
32 25 325 255 0.157321716075456 179.400490958328 5.61467575775945
32 26 325 265 0.143402905322275 179.894952852039 5.67839911632982
32 27 325 275 0.164298920907769 180.429360997836 5.67149320086281
32 28 325 285 0.302834480885962 180.819290154036 5.61058367698057
32 29 325 295 0.764105157734761 180.854883290784 5.57466120592398
32 30 325 305 2.00399846566163 180.526586486846 5.63728493397401
32 31 325 315 4.53347268413759 180.138882191625 5.77067025167762
32 32 325 325 8.18104544370464 179.943902498301 5.89503357763375
32 33 325 335 11.7129325328085 179.911632835483 5.9660704830067
32 34 325 345 13.9004868443844 179.921923033014 5.99164757761037
32 35 325 355 14.7155077792925 179.926982730916 5.99726926627354
33 0 335 5 14.8853737779386 179.927862998457 5.99767844683632
33 1 335 15 14.8872139621118 179.927651201058 5.99778709505414
33 2 335 25 14.7631344641337 179.928401189775 5.99715881217327
33 3 335 35 14.2055865227183 179.937863539997 5.99600614881652
33 4 335 45 12.8242029500449 179.973783895462 6.00012457268844
33 5 335 55 10.8663993191397 180.037123110234 6.01331675498921
33 6 335 65 9.40229665734595 180.079388269579 6.01751448409776
33 7 335 75 9.35777952584023 180.057671370082 5.9955503841133
33 8 335 85 10.7492411598097 180.002066592949 5.97163325992802
33 9 335 95 12.708022203644 179.958551935166 5.97228826841117
33 10 335 105 14.1527675659904 179.937231227834 5.98618890148439
33 11 335 115 14.7580762303282 179.929805330978 5.99504946655662
33 12 335 125 14.892626517578 179.928171138355 5.99737178605049
33 13 335 135 14.9049230619894 179.92801079928 5.997600359976
33 14 335 145 14.9044882189845 179.928011088687 5.99759938904081
33 15 335 155 14.8933891168868 179.928061253823 5.99756298713485
33 16 335 165 14.7841777865288 179.928649364585 5.99651122883071
33 17 335 175 14.2195586010759 179.931249401762 5.98651790385747
33 18 335 185 12.4989889122643 179.933689444916 5.93944850189665
33 19 335 195 9.25503613352425 179.909943072251 5.80945184420362
33 20 335 205 5.39588742523643 179.791995089436 5.58420162022178
33 21 335 215 2.44535981549938 179.51639573326 5.348244115471
33 22 335 225 0.91227918613361 179.125173922842 5.25822628551749
33 23 335 235 0.309925038435405 178.794298670513 5.38394522882167
33 24 335 245 0.11416304328831 178.751312572871 5.57335641697025
33 25 335 255 0.0536696680705894 179.110811843663 5.61806075540319
33 26 335 265 0.0301740396793305 179.736276473095 5.51101050632262
33 27 335 275 0.0514880054114068 180.359717548361 5.37065488386626
33 28 335 285 0.177277632301322 180.753535063954 5.29035288623402
33 29 335 295 0.577493643729945 180.768502081891 5.3473729611647
33 30 335 305 1.68046832923373 180.452067606138 5.54570356541213
33 31 335 315 4.05505048090063 180.092202895581 5.77051281059529
33 32 335 325 7.68612795268781 179.919453765072 5.91616637246502
33 33 335 335 11.3874887017592 179.901953055453 5.97668381435167
33 34 335 345 13.7732339710386 179.919639251573 5.99376725672327
33 35 335 355 14.6939908296975 179.926999859209 5.99715281011881
34 0 345 5 14.8869933080126 179.928002257737 5.99754248375077
34 1 345 15 14.8938931197849 179.928025252417 5.99744412771679
34 2 345 25 14.7718503214348 179.929246029794 5.99632723712785
34 3 345 35 14.2179062284764 179.940471667048 5.99463405162297
34 4 345 45 12.891950886554 179.982334170476 5.99984397295997
34 5 345 55 11.1093417977793 180.055483990248 6.01795406265435
34 6 345 65 9.86340763572055 180.102221635967 6.02828107573121
34 7 345 75 9.86352718113359 180.073206900596 6.00755616170503
34 8 345 85 11.0818657822407 180.006996197604 5.97973983495197
34 9 345 95 12.8383945981875 179.95852315486 5.97589569590972
34 10 345 105 14.181477314047 179.936742165321 5.98725593681545
34 11 345 115 14.7610768567282 179.929676349229 5.99524125534788
34 12 345 125 14.8927081776341 179.928160402543 5.99738745920183
34 13 345 135 14.9049230619894 179.92801079928 5.997600359976
34 14 345 145 14.9027359529821 179.928012388351 5.99759502719915
34 15 345 155 14.8761724060327 179.928054127062 5.99749102249495
34 16 345 165 14.7204416906698 179.928003644069 5.99615262713801
34 17 345 175 14.1218758765539 179.924998489539 5.98621919093228
34 18 345 185 12.5007372500364 179.906021615193 5.9429519116875
34 19 345 195 9.48068269880524 179.838531303307 5.82560528389661
34 20 345 205 5.76578356817917 179.665591701375 5.62140419307326
34 21 345 215 2.79553693973145 179.334059849325 5.405086070888
34 22 345 225 1.18637911022168 178.894549273569 5.31804708413412
34 23 345 235 0.530289616703235 178.563190429248 5.41720264942597
34 24 345 245 0.290461541685539 178.584976558249 5.5499219599418
34 25 345 255 0.185893766433208 179.019413076735 5.52202354877612
34 26 345 265 0.133008671224536 179.67789465332 5.3595384629279
34 27 345 275 0.135975125590136 180.285319406928 5.21822206033746
34 28 345 285 0.22864797753244 180.647895963991 5.18844650476098
34 29 345 295 0.558559765349284 180.674875596478 5.30543941216737
34 30 345 305 1.56002121795616 180.414908466298 5.54298435480688
34 31 345 315 3.84983970242385 180.096241546456 5.78117060845719
34 32 345 325 7.47519047537022 179.929164951055 5.92346939146358
34 33 345 335 11.2516656071664 179.905783214925 5.9781632912525
34 34 345 345 13.7207417998701 179.920427219042 5.99336130471019
34 35 345 355 14.6834314440552 179.927142212834 5.99690133536105
35 0 355 5 14.8883469182075 179.92802333342 5.99752063921222
35 1 355 15 14.8978871609366 179.928021536714 5.99748425242726
35 2 355 25 14.8204357879428 179.928891871293 5.9966342254124
35 3 355 35 14.4715845753606 179.936863262069 5.99518873934703
35 4 355 45 13.6466363754913 179.966498036993 5.99844826428759
35 5 355 55 12.5597448977551 180.017962617342 6.01135282201664
35 6 355 65 11.8282282074522 180.049947573217 6.02031525243779
35 7 355 75 11.8553773102185 180.027820634073 6.00835413833463
35 8 355 85 12.5980432753722 179.980330712128 5.98992909766845
35 9 355 95 13.6552081134291 179.947070082854 5.9858502934196
35 10 355 105 14.4657641008637 179.933156608922 5.9917615341644
35 11 355 115 14.8172816888553 179.928965034973 5.99625305823909
35 12 355 125 14.8974582061385 179.928096556314 5.99747854895616
35 13 355 135 14.9049230619894 179.92801079928 5.997600359976
35 14 355 145 14.8989061709918 179.92801559187 5.9975842719182
35 15 355 155 14.8315818178529 179.928105276733 5.99728595931659
35 16 355 165 14.5052106663208 179.928171675744 5.9949039202348
35 17 355 175 13.5690594108679 179.924305401195 5.98347702628552
35 18 355 185 11.7037851723803 179.899757419542 5.94533148780843
35 19 355 195 8.89459730494596 179.819376687939 5.85169634976814
35 20 355 205 5.71754324079819 179.632178869451 5.68600463752238
35 21 355 215 3.13216587367389 179.296853852361 5.49202714054987
35 22 355 225 1.59561116503108 178.884319712486 5.37308503895141
35 23 355 235 0.878001073921292 178.634782676152 5.37818475532188
35 24 355 245 0.590472453338746 178.752962690928 5.41425128013132
35 25 355 255 0.484418641463966 179.192929252215 5.36948126092137
35 26 355 265 0.455720960089598 179.736841369634 5.2749845402666
35 27 355 275 0.465920872839709 180.191650798769 5.22395409643191
35 28 355 285 0.509786877387352 180.463892214911 5.24667030458047
35 29 355 295 0.739983961308637 180.514245566347 5.35167723427862
35 30 355 305 1.66756683392482 180.354588476643 5.53787092356071
35 31 355 315 3.97636901232584 180.117915734201 5.74220676536635
35 32 355 325 7.64666484670703 179.966968284703 5.88940956337888
35 33 355 335 11.391502450577 179.92523960487 5.96309372057968
35 34 355 345 13.7834361599805 179.92537684258 5.98967370744473
35 35 355 355 14.6979189529519 179.927729573721 5.99643933470571
