0 0 5 5 15.031165746463 179.9640018 5.99880006
0 1 5 15 14.7652844477878 179.962701080244 5.99095920144862
0 2 5 25 13.2460520806771 179.962006918443 5.94267390589724
0 3 5 35 10.1597217001431 180.012311688925 5.80809237827491
0 4 5 45 6.98125155674484 180.169102735861 5.5692071423192
0 5 5 55 4.50312265486968 180.216274431631 5.40616650747745
0 6 5 65 3.49978678787851 179.969936760719 5.66328854150682
0 7 5 75 3.84371481422313 179.757564619669 6.08276189038345
0 8 5 85 4.91980246159329 179.624368216398 6.15621471239191
0 9 5 95 6.5073057707576 179.557018948788 6.00757767263944
0 10 5 105 8.39729481702674 179.622372072976 5.92416358903539
0 11 5 115 10.7480623667908 179.791047016139 5.93878782124289
0 12 5 125 13.3936009689128 179.918600016994 5.9774606531747
0 13 5 135 14.5321268841821 179.928359504562 6.02417496048176
0 14 5 145 13.4800892347103 179.791327911167 6.15745214641451
0 15 5 155 11.6377708429762 179.649999827947 6.29024570410674
0 16 5 165 11.5092596736241 179.758354698153 6.1842794408984
0 17 5 175 11.4457832360189 179.938081382831 5.95425885226917
0 18 5 185 8.56036142309913 180.133038995478 5.68047189981191
0 19 5 195 4.85653987829307 180.573792676191 5.40256641899863
0 20 5 205 2.75288995450296 181.130726868098 5.29201787518415
0 21 5 215 2.07311028994817 181.359571743966 5.47960510435453
0 22 5 225 1.85739215543636 181.627069852361 5.87645607631536
0 23 5 235 1.62005571347851 182.324187601368 6.06414957050254
0 24 5 245 1.28944560198047 182.929352479558 5.92174489059094
0 25 5 255 0.944531907746546 182.947519696188 5.90492353388797
0 26 5 265 0.670222518944142 182.530936161258 6.05636190350901
0 27 5 275 0.492995002002949 181.974843091886 6.15389655868488
0 28 5 285 0.453287350821851 181.342440894299 6.1589763926359
0 29 5 295 0.6275822248299 180.938669688615 6.16425446175697
0 30 5 305 1.18045926794137 180.989297083797 6.02041496098654
0 31 5 315 2.48372291108294 181.068194246855 5.745030272146
0 32 5 325 5.20827973211174 180.7806777346 5.69562163664357
0 33 5 335 9.41237526894156 180.235875379852 5.86947736030325
0 34 5 345 13.1794844960333 179.970752686335 5.98171411743635
0 35 5 355 14.7815398763104 179.954965563643 5.99950281260042
1 0 15 5 15.031165746463 179.9640018 5.99880006
1 1 15 15 14.9269472173533 179.96369175547 5.99685059816698
1 2 15 25 14.2117113128825 179.963104722455 5.98280275776581
1 3 15 35 12.1703218802053 179.971657091514 5.91992030495173
1 4 15 45 8.79442531914306 179.946461770129 5.75577280292528
1 5 15 55 5.35748404200607 179.659255316486 5.64687736092164
1 6 15 65 3.71787515222587 179.143831063652 5.93853781241291
1 7 15 75 3.81574555743395 179.034520389084 6.37429018780392
1 8 15 85 4.83018451169976 179.306939474984 6.37405945703888
1 9 15 95 6.44126570603385 179.45401680978 6.08677715216083
1 10 15 105 8.39204972040809 179.568536578357 5.93579727657315
1 11 15 115 10.8001998474857 179.777111680836 5.9443455353758
1 12 15 125 13.4315637190718 179.920754185713 5.98099399755234
1 13 15 135 14.6864901929748 179.95164394326 6.00490831615956
1 14 15 145 14.3898318707835 179.915846188248 6.04594446438259
1 15 15 155 13.6386742683419 179.876548514021 6.08507148643357
1 16 15 165 13.5541485133026 179.906270990305 6.05339011867479
1 17 15 175 12.9916314949061 179.937567680219 5.99141587381059
1 18 15 185 10.017558818404 179.954071011142 5.91654535506663
1 19 15 195 5.97864808128858 180.184214750368 5.74108117994177
1 20 15 205 3.49335980407643 180.589192228963 5.47898047270903
1 21 15 215 2.68895433905362 180.663908650262 5.52874387966489
1 22 15 225 2.52428633651934 180.909634404944 6.03709608570695
1 23 15 235 2.40320390314645 181.867044750128 6.36103632449558
1 24 15 245 2.16948183630059 182.826417602816 6.24719577202225
1 25 15 255 1.90766129301806 183.251410865356 6.33526876843831
1 26 15 265 1.71393924989402 183.22277475093 6.66333167902233
1 27 15 275 1.54772753713296 182.845534781867 6.72230866737342
1 28 15 285 1.39781432430368 182.135005624288 6.40501609239133
1 29 15 295 1.36914882029084 181.357250022994 6.05844039440519
1 30 15 305 1.70819742312795 180.856132866922 5.76970971584298
1 31 15 315 2.84862096012329 180.629308946781 5.59446030848354
1 32 15 325 5.44297954043828 180.458364924336 5.64633857808032
1 33 15 335 9.5249856510897 180.136563115289 5.8546141502133
1 34 15 345 13.2109689218159 179.962459369393 5.97879586173109
1 35 15 355 14.7852222124757 179.955956599672 5.99944703289339
2 0 25 5 15.031165746463 179.9640018 5.99880006
2 1 25 15 15.0157031634208 179.963982684257 5.99866241369018
2 2 25 25 14.6702323313734 179.962142424887 5.99432935148964
2 3 25 35 12.9175897493791 179.938080028757 5.95776614504129
2 4 25 45 9.30880949278916 179.77785664191 5.85910000439163
2 5 25 55 5.8284988720902 179.24566728018 5.86505121040446
2 6 25 65 4.18699552509461 178.47447082839 6.25197992693864
2 7 25 75 4.40544923646846 178.330622790906 6.6730223906707
2 8 25 85 6.08544037230318 179.009616323347 6.53366307615559
2 9 25 95 8.74415902359155 179.548988619875 6.15051838272866
2 10 25 105 11.314824362053 179.750521174454 5.98193899612596
2 11 25 115 13.0999224130161 179.876086303993 5.97637358948281
2 12 25 125 14.3498426282016 179.945970258443 5.9922862113556
2 13 25 135 14.9136583277817 179.961922180367 5.99887081795621
2 14 25 145 14.9202179246311 179.960368155529 6.00483691260254
2 15 25 155 14.7272419749301 179.960907370294 6.01507029538741
2 16 25 165 14.3792009725816 179.968528908615 6.01705373338376
2 17 25 175 12.9593029420886 179.957329696027 5.98666041496187
2 18 25 185 9.59695626320786 179.927030546252 5.89784805901533
2 19 25 195 5.90447837247835 179.985102447368 5.69330444804585
2 20 25 205 3.79713126507681 180.08176290855 5.40894232612531
2 21 25 215 3.16310151257665 180.004665988155 5.46936921543562
2 22 25 225 3.14384983946418 180.299867637382 6.01966532819207
2 23 25 235 3.153110443371 181.358555519362 6.36488229359489
2 24 25 245 2.99185081179246 182.448172825537 6.32653533663187
2 25 25 255 2.75586987783137 183.151560300323 6.42730363403291
2 26 25 265 2.60704253224635 183.361663795592 6.69112535822006
2 27 25 275 2.47347708950128 182.945993545855 6.67924611921209
2 28 25 285 2.27880459171906 182.149652093402 6.24797029781739
2 29 25 295 2.13997980064284 181.23555430065 5.74628465508256
2 30 25 305 2.37287568079974 180.386016144711 5.5247255089481
2 31 25 315 3.64705508110726 179.96202894132 5.62882240314663
2 32 25 325 6.79653389967883 180.059120897582 5.79327078198544
2 33 25 335 11.1181814383503 180.060521219208 5.92362599619861
2 34 25 345 14.0206301337565 179.976209880762 5.98779954630047
2 35 25 355 14.9256778552608 179.960850560176 5.99906170015717
3 0 35 5 15.031165746463 179.9640018 5.99880006
3 1 35 15 15.026158038385 179.964007442122 5.99881008443577
3 2 35 25 14.7460386882978 179.962404811555 5.99602189894548
3 3 35 35 13.2341684746976 179.943769858671 5.97230144828679
3 4 35 45 10.2217069011534 179.822138718994 5.92579510054094
3 5 35 55 7.34975660378484 179.387530598785 6.02153819077368
3 6 35 65 5.71235345344524 178.683869875549 6.43819883145501
3 7 35 75 6.19109884425722 178.491635411099 6.75468286096607
3 8 35 85 8.77986459361517 179.14923665922 6.49856244592163
3 9 35 95 11.8606923769015 179.730765994897 6.1328778224115
3 10 35 105 13.8747332063198 179.909738238241 6.00485971455277
3 11 35 115 14.6671336244388 179.948372833425 5.99516618223097
3 12 35 125 14.9268262061489 179.961285840003 5.99792707313543
3 13 35 135 15.0156280443953 179.963839484722 5.9986999688395
3 14 35 145 14.931510249881 179.971878138026 6.00978117806261
3 15 35 155 14.3923926399618 180.013245423119 6.06766881666622
3 16 35 165 13.219534835752 180.07137571622 6.14351248697678
3 17 35 175 11.2060138137289 180.071276143017 6.07122786608023
3 18 35 185 8.0152643810913 180.068820243723 5.8015156034071
3 19 35 195 5.19034864117551 180.109515687825 5.52143531466834
3 20 35 205 3.77905118363404 179.984493367151 5.41342473850908
3 21 35 215 3.39803076976251 179.726286616341 5.54160497741338
3 22 35 225 3.43644084913218 179.895780842657 5.83092946587453
3 23 35 235 3.49730659358349 180.787248460487 5.99935557289202
3 24 35 245 3.45594056681173 181.93752334162 6.20957464948746
3 25 35 255 3.32051509342885 182.817817295761 6.49070796737731
3 26 35 265 3.23385298311671 182.897303445806 6.55898717360827
3 27 35 275 3.15908367892491 182.214040235936 6.36012082098638
3 28 35 285 2.99344262374529 181.456983665588 5.9830940389667
3 29 35 295 2.82192924795432 180.793603792745 5.54801999355326
3 30 35 305 3.05115741719139 180.041279283308 5.44825556182867
3 31 35 315 4.6223367775023 179.598906193472 5.74657680654993
3 32 35 325 8.2405268108683 179.806072052783 5.96222965895189
3 33 35 335 12.4349581973652 179.98728184169 5.99969042816913
3 34 35 345 14.588570924608 179.97703507003 5.99880453293155
3 35 35 355 15.0149270226522 179.963551287081 5.99883850549525
4 0 45 5 15.031165746463 179.9640018 5.99880006
4 1 45 15 14.988966208344 179.964875503636 6.00024402138076
4 2 45 25 14.5915474873245 179.974248610989 6.01156526882742
4 3 45 35 13.2401926764387 179.996872979367 6.03129444661404
4 4 45 45 11.0493264462218 179.960285752935 6.02113304641429
4 5 45 55 8.87178552781975 179.71965780373 6.04701574968717
4 6 45 65 7.39136789782054 179.346306705498 6.25663315014351
4 7 45 75 8.24337116135397 179.254210740058 6.4001536053251
4 8 45 85 11.2682182030968 179.591005753617 6.23648273250785
4 9 45 95 13.8139202489763 179.879456688963 6.05415660896617
4 10 45 105 14.8168094552597 179.956933258236 6.00218207150667
4 11 45 115 15.0146221316876 179.96362418194 5.99871015824164
4 12 45 125 15.031165746463 179.9640018 5.99880006
4 13 45 135 15.031165746463 179.9640018 5.99880006
4 14 45 145 14.7915289041235 179.990964971672 6.03441619824159
4 15 45 155 13.4780203638378 180.132598711037 6.22220173690164
4 16 45 165 11.0215004123772 180.338282562817 6.48334225942116
4 17 45 175 8.71632749783085 180.361470733059 6.36426832155488
4 18 45 185 6.48063821008906 180.321614858585 5.82747669894299
4 19 45 195 4.60581638636894 180.296938588334 5.43215570868834
4 20 45 205 3.61174239947634 179.931095315458 5.48939959394403
4 21 45 215 3.26903265095273 179.527034163634 5.68049717960768
4 22 45 225 3.21099457653904 179.690380042815 5.72835680265582
4 23 45 235 3.28371883753546 180.424378506013 5.74416367135376
4 24 45 245 3.42125269572839 181.506684256799 6.07078625411919
4 25 45 255 3.45487156469928 182.537079170009 6.44716949252821
4 26 45 265 3.42180830619148 182.523371892959 6.37973359593317
4 27 45 275 3.35869014378715 181.532047611827 5.99116559014089
4 28 45 285 3.22634322884546 180.72463297832 5.70783932158862
4 29 45 295 3.10266929465698 180.250157223344 5.56675747630906
4 30 45 305 3.45721003912987 179.683038567076 5.69000817295358
4 31 45 315 5.33748617965274 179.390059459057 5.99695308410211
4 32 45 325 9.12859331937222 179.677171330265 6.08078813549898
4 33 45 335 12.9867575413319 179.931789268875 6.0244611692926
4 34 45 345 14.7454288153045 179.968841308557 6.00029829283985
4 35 45 355 15.031165746463 179.9640018 5.99880006
5 0 55 5 15.0224915210043 179.964004952421 5.99879580045054
5 1 55 15 14.9027335981924 179.968639771708 6.0064510655041
5 2 55 25 14.0323419986526 180.021420866372 6.0732839177247
5 3 55 35 11.8600869343328 180.170874467624 6.23483272238236
5 4 55 45 9.30294034879649 180.208835598226 6.26525091719754
5 5 55 55 7.57785175314429 179.916078143453 6.02656979314091
5 6 55 65 6.99103960090245 179.673225556331 5.92446436782724
5 7 55 75 8.36501390833926 179.703124347125 5.97774910525331
5 8 55 85 11.4416823715694 179.852894972427 5.99314248671823
5 9 55 95 13.9720286883311 179.942734144734 5.99171441462572
5 10 55 105 14.9034191401573 179.962846104245 5.99694884629533
5 11 55 115 15.031165746463 179.9640018 5.99880006
5 12 55 125 15.031165746463 179.9640018 5.99880006
5 13 55 135 15.031165746463 179.9640018 5.99880006
5 14 55 145 14.7788484024534 180.002092547579 6.04743688427804
5 15 55 155 13.3210590965083 180.202078384824 6.30299871818012
5 16 55 165 10.3988255357081 180.495731614551 6.65473651077089
5 17 55 175 7.66747140206577 180.541352913617 6.49171032026973
5 18 55 185 5.65158824886019 180.488674490232 5.7994051467246
5 19 55 195 4.15638822868303 180.437927053962 5.34914833875784
5 20 55 205 3.30446932453753 179.981378621677 5.50332093312585
5 21 55 215 2.91550051932805 179.597724828635 5.77116412183178
5 22 55 225 2.78344357044239 179.886750152934 5.82166778075426
5 23 55 235 2.87384639681512 180.433070080273 5.85462237342823
5 24 55 245 3.07805611535545 181.144860320217 6.0825040225213
5 25 55 255 3.15127902508127 182.174117369397 6.31756240955306
5 26 55 265 3.1005219286172 182.40028137246 6.22416973132259
5 27 55 275 2.9913329952307 181.568328495331 5.85365678905744
5 28 55 285 2.84963394537516 180.799714761149 5.68496348866882
5 29 55 295 2.81029657414639 180.246755106126 5.77539664457722
5 30 55 305 3.28376196167226 179.608861991406 6.02236160639873
5 31 55 315 5.15657996383791 179.345304846725 6.23178196666712
5 32 55 325 8.82067600676736 179.665244781368 6.14475002628512
5 33 55 335 12.6535900382728 179.930292481382 6.01709692243007
5 34 55 345 14.5407160812549 179.970167899462 5.99390571799668
5 35 55 355 14.9648618951881 179.96451684942 5.99807361668577
6 0 65 5 14.9773522815721 179.9640200656 5.99877537979529
6 1 65 15 14.8633445527735 179.97195264249 6.01190838924127
6 2 65 25 13.7141910885988 180.062002779254 6.12517667105802
6 3 65 35 10.8188797331575 180.314347381133 6.39921752174551
6 4 65 45 7.50444276261166 180.377731933287 6.45262982585788
6 5 65 55 5.78486994727517 179.925009707673 6.01754444611142
6 6 65 65 5.77811263460297 179.628093983933 5.74444404466302
6 7 65 75 7.2184539364478 179.725263665986 5.7818510072261
6 8 65 85 10.1246365121901 179.882671549303 5.88614953757022
6 9 65 95 13.2700379843604 179.949467325961 5.96311348976386
6 10 65 105 14.7778952344998 179.962946278222 5.99408503782899
6 11 65 115 15.031165746463 179.9640018 5.99880006
6 12 65 125 15.031165746463 179.9640018 5.99880006
6 13 65 135 15.031165746463 179.9640018 5.99880006
6 14 65 145 14.9172832575441 179.984362812629 6.02438984302563
6 15 65 155 14.1413271570576 180.091050985514 6.15707577885355
6 16 65 165 12.0546393235541 180.252684346071 6.32404714446507
6 17 65 175 8.98256305336722 180.332383946302 6.16341508758702
6 18 65 185 5.99164430096664 180.484016880724 5.65497751135844
6 19 65 195 4.02409704091218 180.65170650919 5.33322315320256
6 20 65 205 3.10735097707267 180.429214720752 5.52259665900184
6 21 65 215 2.71358766464478 180.286300553163 5.8356140945692
6 22 65 225 2.58213648970852 180.60365651885 5.99560705001426
6 23 65 235 2.65176086288068 180.788946004918 6.14856246417409
6 24 65 245 2.7774829872756 180.963853997312 6.25984733628383
6 25 65 255 2.81297115858393 181.675441238088 6.23596526050275
6 26 65 265 2.77234917140226 182.102702869687 6.07508327501388
6 27 65 275 2.63883746797664 181.902212975308 5.89083906307
6 28 65 285 2.4522438961677 181.608703097666 5.88513506673915
6 29 65 295 2.41434770175297 181.089280595599 5.90490876100261
6 30 65 305 2.8864521857976 180.343283618327 5.94899046510456
6 31 65 315 4.55160607018004 179.895406154162 6.06188502596868
6 32 65 325 7.71019666516595 179.941539486822 6.04154324783946
6 33 65 335 11.2053940685027 180.019116656558 5.97352531903353
6 34 65 345 13.5210361005406 179.989929020708 5.97608936882078
6 35 65 355 14.6174732076191 179.967001870092 5.9945760741972
7 0 75 5 14.683887793532 179.963913211498 5.99667746623111
7 1 75 15 14.7168603571739 179.96847509419 6.00440980741623
7 2 75 25 14.0801368828244 180.019236178291 6.06684524412584
7 3 75 35 11.6806470925535 180.141375295434 6.20518491598527
7 4 75 45 8.14237125793458 180.083564017485 6.20618446756959
7 5 75 55 6.12201067418057 179.708049019711 5.94606852156582
7 6 75 65 6.37766012930018 179.553506980898 5.7986787920009
7 7 75 75 7.99690104421533 179.703334724269 5.84941380471637
7 8 75 85 10.4053226068363 179.860670092547 5.93892747787328
7 9 75 95 13.1708962996518 179.935689894771 5.98764959539136
7 10 75 105 14.6984439260165 179.95967299738 5.99907032982479
7 11 75 115 15.0186447782994 179.963799174918 5.99907149978732
7 12 75 125 15.031165746463 179.9640018 5.99880006
7 13 75 135 15.031165746463 179.9640018 5.99880006
7 14 75 145 14.9940894371019 179.9676748417 6.00259134966023
7 15 75 155 14.7019789470498 179.986795051441 6.02134313725574
7 16 75 165 13.5578193694834 180.025634122128 6.02921325003085
7 17 75 175 10.7721903125594 180.14371934851 5.92437669582498
7 18 75 185 6.92205343229641 180.515384809506 5.69215103966146
7 19 75 195 4.278487399687 180.965954870867 5.53730320543841
7 20 75 205 3.2550470463802 181.053942149539 5.63211224473592
7 21 75 215 2.93325473424836 181.079755042755 5.8401351282112
7 22 75 225 2.84304433395123 181.243311459606 6.01716343065257
7 23 75 235 2.85178807411711 181.163222305969 6.28658583748236
7 24 75 245 2.89900239941883 180.998997932078 6.43219695375533
7 25 75 255 2.96858371604914 181.236909927347 6.23683100167813
7 26 75 265 2.97337940535377 181.690999459071 5.93188626184087
7 27 75 275 2.79950123555015 182.085124556431 5.87103678971296
7 28 75 285 2.54187384305118 182.313301281341 6.01630244996044
7 29 75 295 2.42832631177943 181.964609631202 5.91016739647427
7 30 75 305 2.90128604890516 181.238622104304 5.67601474844727
7 31 75 315 4.64535312547561 180.639671394587 5.70169277349535
7 32 75 325 7.30747191715992 180.306338701725 5.86428392136172
7 33 75 335 9.72744020953222 180.118836893145 5.92297855550431
7 34 75 345 12.1378892240164 180.009788933886 5.9576413964527
7 35 75 355 14.0191264977932 179.969865843368 5.98954934450067
8 0 85 5 13.4078309433456 179.96297017366 5.98100368817986
8 1 85 15 13.4977610592901 179.963869289661 5.98323642516091
8 2 85 25 13.9526917579341 179.972414357611 6.0012350366195
8 3 85 35 12.8817936670309 179.966237050364 6.02351775707824
8 4 85 45 10.270013127937 179.840945990717 6.02227247910728
8 5 85 55 8.6114997967705 179.647140014106 5.97962326165877
8 6 85 65 9.13193112470558 179.652210273157 5.9599091314771
8 7 85 75 10.564228346983 179.731637108359 6.05024627508116
8 8 85 85 11.5394800757306 179.760894877578 6.1557126377276
8 9 85 95 12.9295566983161 179.855397926738 6.10992194037301
8 10 85 105 14.2581530335249 179.949148441909 6.03651371130036
8 11 85 115 14.6780905103063 179.987336026219 6.02505183295969
8 12 85 125 14.6601865867399 179.991246536004 6.02234161074677
8 13 85 135 14.6321224972239 179.977748355827 6.00102060328855
8 14 85 145 14.5306631936881 179.968959036741 5.98255224131874
8 15 85 155 13.9811998923539 179.969930363327 5.9651877906542
8 16 85 165 12.6715685719035 179.985951059207 5.93370252321471
8 17 85 175 10.3772128748887 180.117930972994 5.9314336422257
8 18 85 185 7.08989142508762 180.577539925922 6.03599980618326
8 19 85 195 4.67081197740466 181.146856225175 6.10781871217892
8 20 85 205 3.74783924668582 181.247561281056 5.90774509430609
8 21 85 215 3.54098149684024 181.124067218863 5.77033510233906
8 22 85 225 3.48907170763113 181.155973059121 5.91222025004815
8 23 85 235 3.43551822312642 181.320077888196 6.37785141165707
8 24 85 245 3.46727255183297 181.309982363102 6.68287297751678
8 25 85 255 3.63393066420782 181.121111741624 6.3969688994547
8 26 85 265 3.6653591460218 181.389850860462 5.97168783813588
8 27 85 275 3.38043796556843 181.974313495489 5.90723528213776
8 28 85 285 3.02696998606835 182.370631946513 6.15906853121112
8 29 85 295 2.87083732187039 182.229478679942 6.11068443291023
8 30 85 305 3.41941969044746 181.629034247646 5.73970531876589
8 31 85 315 5.44644230873961 180.949059076102 5.63739475892616
8 32 85 325 8.27766480259716 180.400086740102 5.81985037908079
8 33 85 335 10.3185775387714 180.105272934528 5.92684726810815
8 34 85 345 12.2531778251599 179.998412041893 5.96533873516328
8 35 85 355 13.5104400629296 179.968191344073 5.98423397216101
9 0 95 5 11.2822611153836 179.952243490673 5.95125859964811
9 1 95 15 11.3382907346326 179.960224348268 5.94641276914481
9 2 95 25 12.7276898810597 179.963464514126 5.96800820648789
9 3 95 35 12.5447273912501 179.945131041261 5.98622440566024
9 4 95 45 11.2013086940047 179.851811052547 6.04463058693789
9 5 95 55 10.4881930908581 179.737396875768 6.12130397868195
9 6 95 65 11.0323551204188 179.722691005068 6.15416197500945
9 7 95 75 11.4405316286314 179.626921303844 6.30861667131562
9 8 95 85 10.7378364429767 179.49472915029 6.48721513969914
9 9 95 95 11.4455494438248 179.686787744305 6.31827574742387
9 10 95 105 12.9875795051512 179.959326921987 6.13663079923091
9 11 95 115 13.1121382407621 180.113226649672 6.1548325418243
9 12 95 125 12.7094768235869 180.132204825739 6.14674687497506
9 13 95 135 12.5762340159862 180.048746373771 6.01821975789737
9 14 95 145 12.3824227827632 179.992378190747 5.92218406894832
9 15 95 155 11.5080591127347 179.988022847111 5.89702031494997
9 16 95 165 9.76695874963212 180.010689922106 5.868032225052
9 17 95 175 8.28284947105707 180.134534072366 5.9821113437365
9 18 95 185 6.80241860381247 180.574086787974 6.42279759349636
9 19 95 195 5.24612355877896 181.055942949851 6.69249033987927
9 20 95 205 4.40217665787902 180.913315419327 6.188036484999
9 21 95 215 4.16409303552191 180.59575405474 5.76912974312365
9 22 95 225 4.03734965049642 180.741696404406 5.93579388570642
9 23 95 235 3.92502547545529 181.380124585024 6.55007735445265
9 24 95 245 3.96352250112741 181.69932522276 6.88504073287341
9 25 95 255 4.1720788694143 181.321430669168 6.50008790249961
9 26 95 265 4.19205614862422 181.345965085653 6.11172112461072
9 27 95 275 3.81975644011621 181.88343901329 6.09983903468477
9 28 95 285 3.42507275255224 182.324833391716 6.38151652819775
9 29 95 295 3.3119520948969 182.317257296259 6.40918039039806
9 30 95 305 3.85737000197255 181.727037125303 6.01043383050497
9 31 95 315 5.65715548440682 180.963506711793 5.81886451646271
9 32 95 325 8.67617320341892 180.368495999886 5.90377506570769
9 33 95 335 11.5441303407117 180.051083770431 5.98134524021236
9 34 95 345 13.140338121573 179.942299183502 6.01232443867242
9 35 95 355 12.8351579891264 179.936058303117 5.99405930445037
10 0 105 5 10.6262414519184 179.912109495132 5.96699091186865
10 1 105 15 10.970754219291 179.955490630127 5.93070608888917
10 2 105 25 11.800736488545 179.968083285253 5.94386320572091
10 3 105 35 10.666702774161 179.965540799079 5.96529352423195
10 4 105 45 9.18689098870441 179.876603617059 6.10060479317635
10 5 105 55 8.72612486574169 179.697780331976 6.28643072161234
10 6 105 65 9.28909323895331 179.570081868742 6.32184417377647
10 7 105 75 9.61716075226591 179.389842535752 6.43442044361931
10 8 105 85 9.15678417155013 179.239924160541 6.60821154052682
10 9 105 95 10.3825520810318 179.557038397109 6.39612606541424
10 10 105 105 11.6929511757364 179.997014581151 6.22077011119485
10 11 105 115 10.781456630083 180.288541609387 6.3319567777505
10 12 105 125 9.76383022054839 180.329984337215 6.32599979041613
10 13 105 135 9.47355501309511 180.151861783982 6.05384353356673
10 14 105 145 9.22779363572337 180.03046017405 5.8590306721623
10 15 105 155 8.77605973697261 180.016925433895 5.85661144168106
10 16 105 165 7.70386268190694 180.047852892453 5.86228803053392
10 17 105 175 7.34569354995272 180.138698266036 5.96765925034855
10 18 105 185 7.27999681051898 180.452748671436 6.33706470964506
10 19 105 195 5.94545328835676 180.778815392598 6.5232182067927
10 20 105 205 4.72077896970212 180.561070907757 6.10352061276099
10 21 105 215 4.24154343091238 180.268396894172 5.80923781572562
10 22 105 225 3.9931699668455 180.548407201073 5.94413595961322
10 23 105 235 3.82705643257533 181.298976072431 6.32478260466804
10 24 105 245 3.83372865178372 181.713455116419 6.49539810038685
10 25 105 255 4.00706709198791 181.446177627148 6.24315960825836
10 26 105 265 4.02409595925501 181.350340484834 6.10318301836098
10 27 105 275 3.68944183016526 181.724139738608 6.15659329445126
10 28 105 285 3.34518097750214 182.214836270834 6.33341958734146
10 29 105 295 3.30418314558631 182.363699124455 6.45491916177982
10 30 105 305 3.79393919744465 181.817693331135 6.26689547142432
10 31 105 315 5.134801430662 181.017992295409 6.09507225868115
10 32 105 325 7.74310237778221 180.366632058748 6.02881994966461
10 33 105 335 10.7054712532769 179.94647281177 6.07134390287696
10 34 105 345 12.0684514292515 179.755386928611 6.15325019116022
10 35 105 355 11.6664854073912 179.805110439181 6.09096411515755
11 0 115 5 11.896602073569 179.875105744799 6.03497098428409
11 1 115 15 12.7710987359175 179.9554642158 5.96074497723063
11 2 115 25 12.247119604614 179.975680720359 5.93535120285974
11 3 115 35 9.73612890146122 179.987158499669 5.92347068756515
11 4 115 45 7.17301947152677 179.902731621391 6.01336722577534
11 5 115 55 5.89464347871095 179.627624171281 6.09953885216282
11 6 115 65 5.91659959910256 179.329389253006 6.00899563529851
11 7 115 75 6.43412038118456 179.117032149762 6.03012154407637
11 8 115 85 7.28072066424513 179.080121850735 6.21739158585685
11 9 115 95 9.34733751169616 179.488759594902 6.17698246673577
11 10 115 105 10.6242658759977 179.97075472789 6.14690377732901
11 11 115 115 10.0538050805077 180.275239320369 6.30333723392551
11 12 115 125 9.26103830874072 180.318050622612 6.30683592838903
11 13 115 135 8.55677668318465 180.159539240384 6.04872443415342
11 14 115 145 8.15762890001555 180.059986073834 5.87400093134761
11 15 115 155 8.23743922734431 180.07058023009 5.92747649836049
11 16 115 165 7.52097209010672 180.131248624707 6.00808717419715
11 17 115 175 7.33657089212564 180.206190382343 6.05992774470564
11 18 115 185 7.43181147507175 180.476061129667 6.14947964495357
11 19 115 195 5.81647705151499 180.835810026848 6.10971778000051
11 20 115 205 4.21798709816185 180.790000353376 5.91474833198718
11 21 115 215 3.58278566246615 180.564138213942 5.82690198907771
11 22 115 225 3.31530739962551 180.716255622725 5.81442396828554
11 23 115 235 3.15972945880856 181.247532396356 5.87474123201864
11 24 115 245 3.13954997603104 181.59841490386 5.95665798301778
11 25 115 255 3.23508408121969 181.482559500945 5.94739547192151
11 26 115 265 3.21524814560993 181.366581700148 6.00299684080712
11 27 115 275 2.95369311003034 181.577710222537 6.04582805256039
11 28 115 285 2.70357124478227 182.00800844855 6.08239249140529
11 29 115 295 2.69828003226108 182.233157405387 6.21952370751061
11 30 115 305 3.14451364485135 181.819647261478 6.25466863172509
11 31 115 315 4.27276587022949 181.039365254297 6.15624149371937
11 32 115 325 6.27506035154762 180.301877814095 6.0217665594772
11 33 115 335 8.37022037551524 179.801787916035 6.10875287265576
11 34 115 345 9.55384995221575 179.561237882463 6.2879314482629
11 35 115 355 10.595269240183 179.674694567571 6.21284854326956
12 0 125 5 13.2022323406154 179.9087611318 6.03845859058946
12 1 125 15 13.6488149315637 179.969686905438 5.96457030036589
12 2 125 25 12.0296561580704 179.984432703986 5.89379481392858
12 3 125 35 9.20843260839015 179.97578151902 5.80781256755165
12 4 125 45 6.12848934650743 179.888767334005 5.67361229494304
12 5 125 55 3.97753163223335 179.572983682721 5.39883787541656
12 6 125 65 3.20834729340699 179.124123105737 5.08952036754573
12 7 125 75 3.46560014919464 178.856553143039 5.11746899794159
12 8 125 85 4.67184786572173 178.964734282878 5.48919749440806
12 9 125 95 6.68908427420929 179.516646154634 5.80779850507281
12 10 125 105 8.53813885906451 180.037054082967 6.01206012682853
12 11 125 115 10.0635618289319 180.24061414502 6.16379809610789
12 12 125 125 10.4711522287105 180.176983519502 6.15681363126424
12 13 125 135 9.15260225655952 180.06016524931 6.01651792714928
12 14 125 145 8.62415907283744 180.047133430318 5.93822811404733
12 15 125 155 9.12354565381842 180.13249212505 6.0595960076713
12 16 125 165 7.91662775329504 180.23806388591 6.2578247971965
12 17 125 175 6.67934257900957 180.308624419208 6.33465048210791
12 18 125 185 5.95118074840245 180.675330252681 6.22951532465073
12 19 125 195 4.37925641863077 181.22821756106 5.97091560011664
12 20 125 205 3.0428863002429 181.377712256508 5.82370888122091
12 21 125 215 2.486968975381 181.166221092882 5.78138213877237
12 22 125 225 2.25149497267908 181.06370455049 5.63406653141773
12 23 125 235 2.15480362010368 181.280924717306 5.56931688161288
12 24 125 245 2.14226260265215 181.475156874576 5.68627482898713
12 25 125 255 2.14282088467235 181.379190199618 5.79568522851336
12 26 125 265 2.04070394094645 181.259769866112 5.83261440481594
12 27 125 275 1.81799210184979 181.325699636583 5.80749942098224
12 28 125 285 1.62000519741744 181.566383531795 5.8312204776562
12 29 125 295 1.58523929604096 181.733751495753 5.91043720863479
12 30 125 305 1.99914854813291 181.5078852801 5.88462546950526
12 31 125 315 3.13982329443227 180.916447803617 5.78183657437769
12 32 125 325 5.04094639974261 180.259352529226 5.7581843980396
12 33 125 335 7.19468699009259 179.84779373843 5.95515573030062
12 34 125 345 9.09188477649958 179.68768677024 6.1710063134305
12 35 125 355 11.1185782121171 179.771422351796 6.15206311348886
13 0 135 5 13.300879980735 179.986958031131 6.00989648138441
13 1 135 15 12.7856747143634 180.000033668587 5.94515880345488
13 2 135 25 10.0972591832372 179.9826867445 5.83121471373093
13 3 135 35 7.22718605363816 179.89637383416 5.65059809978158
13 4 135 45 4.65007193134453 179.714543549502 5.32957916414153
13 5 135 55 2.62931127980365 179.321843095749 4.87280411595087
13 6 135 65 1.61314990360495 178.833789399244 4.47446958875133
13 7 135 75 1.63777678337329 178.666529418718 4.49311251507914
13 8 135 85 2.63419895823678 179.057583588412 4.97021883587315
13 9 135 95 4.26288777384148 179.88258722624 5.57470217528667
13 10 135 105 6.23926878048769 180.462223420884 6.00617792263998
13 11 135 115 8.85859695019833 180.451173535834 6.17464014939637
13 12 135 125 10.4358538206135 180.082546569041 6.1854385554634
13 13 135 135 9.18578490191472 179.823270057438 6.17233388559542
13 14 135 145 8.53853037991112 179.876290800656 6.1078501829553
13 15 135 155 9.11112057742968 180.063092215257 6.14284280623953
13 16 135 165 7.80004590564044 180.16867788835 6.32508025096469
13 17 135 175 5.93963779305417 180.227169485532 6.40881295927252
13 18 135 185 4.48380133773257 180.688933332141 6.18053414364855
13 19 135 195 2.97290238221313 181.264160010604 5.72705416787243
13 20 135 205 1.89402310131487 181.317201414367 5.49398780817878
13 21 135 215 1.41188027611338 181.029404773045 5.4931763261925
13 22 135 225 1.21256397062261 180.825906119011 5.41906474486142
13 23 135 235 1.14316583672125 180.864262747696 5.35547500313746
13 24 135 245 1.10314414561182 180.935547602878 5.46063826492258
13 25 135 255 1.01036813709597 180.835714301637 5.58242469698135
13 26 135 265 0.835315772844983 180.681129780709 5.59421484645673
13 27 135 275 0.608196796589606 180.563809393684 5.57125979606923
13 28 135 285 0.397616009420486 180.552291702631 5.62990913657392
13 29 135 295 0.313543811861211 180.612415206318 5.69031451606722
13 30 135 305 0.679411032168024 180.625097426437 5.61953781766395
13 31 135 315 1.83651090809057 180.427495004844 5.51314786345157
13 32 135 325 3.90183895884028 180.100054899073 5.54029798004901
13 33 135 335 6.68601789674715 179.924981233065 5.74672074227782
13 34 135 345 9.48453585217516 179.91220864687 5.96384234581412
13 35 135 355 11.7046243948453 179.95693283993 6.03245833540096
14 0 145 5 11.3220940431683 180.162937944 6.06020819227683
14 1 145 15 11.2224276914357 180.089365576294 5.99576415986373
14 2 145 25 9.04596249850338 179.948442041538 5.8952809663947
14 3 145 35 6.07668000178323 179.740083290161 5.668934033669
14 4 145 45 3.5528357695204 179.405155031326 5.23245782213049
14 5 145 55 1.84879023379992 178.804637805472 4.81437599670261
14 6 145 65 1.0170227321377 178.289785668195 4.51635437235881
14 7 145 75 1.06873406096055 178.355783981695 4.53222496729806
14 8 145 85 1.96819062773015 179.062414948018 4.98037865507216
14 9 145 95 3.43309637021262 180.092949803173 5.63212477737825
14 10 145 105 5.19121535164634 180.652941622704 6.07420447998748
14 11 145 115 7.53729419003124 180.459272170268 6.22858107526824
14 12 145 125 9.1837932672061 179.86401813928 6.36897538723026
14 13 145 135 8.24726334474138 179.453058927828 6.50750354620312
14 14 145 145 7.63968279418035 179.603126203035 6.31896095416629
14 15 145 155 8.10158544361879 179.897966950843 6.10691791806764
14 16 145 165 7.30053233910004 179.989839466774 6.09719592812065
14 17 145 175 5.7265655857077 180.068753948303 6.06835889258859
14 18 145 185 4.09356285530791 180.448427114964 5.76181786081982
14 19 145 195 2.49460284169923 180.719194556979 5.27058191428961
14 20 145 205 1.36709861863937 180.536218471081 5.07171456059542
14 21 145 215 0.830259092369192 180.182564823591 5.21981479695746
14 22 145 225 0.606505005595441 179.980939701188 5.34461513471244
14 23 145 235 0.487799054864195 179.990860038704 5.31873706526538
14 24 145 245 0.384705797387114 180.030004016383 5.35823716628977
14 25 145 255 0.239231604906039 179.91220679486 5.45823531812905
14 26 145 265 0.0256547231072307 179.665852449352 5.50465541077711
14 27 145 275 -0.244809965114864 179.353757839052 5.51659266767213
14 28 145 285 -0.522266028785379 179.131428812024 5.56042052479399
14 29 145 295 -0.673555280210406 179.125815195578 5.61582703313119
14 30 145 305 -0.38069320748424 179.293666188357 5.5950353091156
14 31 145 315 0.727642899251978 179.395572692036 5.55757235719927
14 32 145 325 2.75315015450922 179.454625963877 5.58618395563009
14 33 145 335 5.37034081775173 179.675612166234 5.71363019082558
14 34 145 345 7.83808862978861 179.973940263348 5.91017946954238
14 35 145 355 9.77125790492859 180.149274902612 6.03214644272518
15 0 155 5 8.63477108186616 180.430769080949 6.23749749979605
15 1 155 15 9.4341904285503 180.251071151312 6.12130373603683
15 2 155 25 9.16065655495893 179.91573464988 6.01977979763434
15 3 155 35 6.53157947504072 179.595003940689 5.79450721660147
15 4 155 45 3.56053965176202 179.10591623797 5.28218819218023
15 5 155 55 1.80589572122791 178.174724658049 4.9276392074752
15 6 155 65 1.16109173781895 177.470705706382 4.8397407798287
15 7 155 75 1.39959484891087 177.580426209769 4.98560202591662
15 8 155 85 2.39931485250749 178.3700213646 5.39470855363189
15 9 155 95 3.88488212288773 179.459431855137 5.87415153516959
15 10 155 105 5.45123836453035 180.090060981777 6.12858811804651
15 11 155 115 7.10962081481587 180.052154381245 6.2258738571807
15 12 155 125 8.24765179676934 179.614623508958 6.47681933898743
15 13 155 135 8.07739534784818 179.278619890151 6.6830660824752
15 14 155 145 8.3364368798119 179.522464060575 6.36723510780413
15 15 155 155 8.74444198286896 179.840978755441 6.02468886258355
15 16 155 165 7.95285697664436 179.910542976949 5.9085170946956
15 17 155 175 6.48026583508257 179.981997973447 5.79165097176339
15 18 155 185 4.74401780101167 180.137362300787 5.4754690425973
15 19 155 195 2.90964116901138 180.022856555835 5.04805938677698
15 20 155 205 1.55506515866707 179.687591807968 4.92183777379134
15 21 155 215 0.881246869634378 179.327555524869 5.14885920074175
15 22 155 225 0.589089675823307 179.09285344046 5.38033862203883
15 23 155 235 0.412798487568519 179.081164017095 5.43087391869596
15 24 155 245 0.280733405375178 179.108878809523 5.46260743063473
15 25 155 255 0.133634855387207 178.975319678127 5.55724979953446
15 26 155 265 -0.109717158618023 178.68920256757 5.64626877798904
15 27 155 275 -0.459146328053254 178.340940737444 5.64911505398166
15 28 155 285 -0.832849618071059 178.065418023066 5.62001575121531
15 29 155 295 -1.06647196384822 178.016033710946 5.63689853847327
15 30 155 305 -0.850947359720156 178.156567285643 5.65186090493604
15 31 155 315 0.196493864586426 178.254923433741 5.72287366926689
15 32 155 325 2.10194483251132 178.450232943976 5.89364192504964
15 33 155 335 4.3041097025168 179.008433442832 6.08369872766651
15 34 155 345 6.16322454623528 179.717589087329 6.20607012793315
15 35 155 355 7.55007871046645 180.252500546255 6.23087693552026
16 0 165 5 8.55822047958537 180.45058928234 6.35007556631539
16 1 165 15 8.64835194978725 180.241628238731 6.18177875978157
16 2 165 25 8.80729859086571 179.875756628202 6.0273581495582
16 3 165 35 6.94145926501776 179.626122174587 5.81269456123897
16 4 165 45 4.19385161055529 179.038542777555 5.39732456870366
16 5 165 55 2.36061778865526 177.773375390067 5.18408121108433
16 6 165 65 1.72633180865249 176.805119218259 5.24467442953395
16 7 165 75 2.12159430759382 176.812572587294 5.517333726588
16 8 165 85 3.29928896908067 177.611580202025 5.92611066508568
16 9 165 95 4.79160723747834 178.820373323393 6.20116328727794
16 10 165 105 6.11003264838973 179.681012400956 6.29594335899384
16 11 165 115 7.50884138596235 179.919405368992 6.29016457526658
16 12 165 125 8.90196004574397 179.698947668026 6.40494114099362
16 13 165 135 9.91883214108436 179.483045932364 6.51740406594507
16 14 165 145 11.260005960631 179.674414035681 6.26035374263019
16 15 165 155 11.7363027333155 179.891149131189 6.00903223786004
16 16 165 165 10.7368873911132 179.932211470839 5.92370220877194
16 17 165 175 9.1631009641231 179.953442978761 5.80993301762427
16 18 165 185 6.99355418651675 179.923773270309 5.52159509929265
16 19 165 195 4.30664822072372 179.662675665926 5.16271558509811
16 20 165 205 2.34160549418284 179.325764811126 5.0844049512709
16 21 165 215 1.45615852644827 178.976858914465 5.28704385688155
16 22 165 225 1.11964042961203 178.658220536601 5.5019618185118
16 23 165 235 0.936170470210792 178.539493268246 5.67911274024743
16 24 165 245 0.808664249031548 178.518536536964 5.80284017497887
16 25 165 255 0.658140332355858 178.411397594973 5.87733661415141
16 26 165 265 0.372591139983477 178.242408784203 5.94957288480455
16 27 165 275 -0.0543356246636736 178.074235338151 5.88120640424135
16 28 165 285 -0.507695674765444 177.87868038591 5.7501923200248
16 29 165 295 -0.809344681146232 177.753080798294 5.73306406473642
16 30 165 305 -0.65516850527255 177.743275179703 5.7616348108091
16 31 165 315 0.335226870625448 177.719491808627 5.86155019451765
16 32 165 325 2.16207287350037 177.85487364875 6.19695509158984
16 33 165 335 4.37669004915542 178.416716841291 6.61928645353794
16 34 165 345 6.6197427302904 179.27504312829 6.64330489331947
16 35 165 355 8.24626899140612 180.082208613266 6.43372200822471
17 0 175 5 10.9888722300445 180.153931272226 6.19095867130814
17 1 175 15 9.23948620237077 179.995460034516 6.07792970352043
17 2 175 25 8.16914008233774 179.790690790631 5.95421280905727
17 3 175 35 7.08187237784962 179.698760619015 5.82409955994814
17 4 175 45 5.17346639552081 179.176247442269 5.67747111662572
17 5 175 55 3.35192386353702 177.971653347382 5.68222355307738
17 6 175 65 2.56369647904717 177.01744260559 5.71686824339687
17 7 175 75 2.97633961342427 177.021588369383 5.89069649153749
17 8 175 85 4.25788777810656 177.835601220185 6.24081197636409
17 9 175 95 5.69303313052703 178.926398827938 6.44789695721501
17 10 175 105 6.78383570503401 179.711298661416 6.50576320718563
17 11 175 115 8.14081115794995 180.026592143289 6.37413755922415
17 12 175 125 9.80827408878882 179.918309903021 6.23064370417763
17 13 175 135 11.4657192564381 179.780064546067 6.19427530974674
17 14 175 145 13.3051500215974 179.85338175135 6.09591177484135
17 15 175 155 14.0792519276025 179.941134902768 6.00891320150458
17 16 175 165 13.6293996722349 179.957794713392 5.98049804034756
17 17 175 175 12.617679860225 179.956426749476 5.92019582506361
17 18 175 185 10.3095089639705 179.911447289595 5.72575568969574
17 19 175 195 6.60027621428754 179.750367063958 5.44935430384852
17 20 175 205 3.7397656664824 179.483425386837 5.33716651553671
17 21 175 215 2.48112354054271 179.101732229726 5.42472602559027
17 22 175 225 2.0530714148248 178.728410632181 5.62691759414176
17 23 175 235 1.89441259443926 178.603111968789 5.9707482736266
17 24 175 245 1.78703249550075 178.611707594986 6.23476467478496
17 25 175 255 1.60869421627768 178.556293799998 6.27054994440398
17 26 175 265 1.27946166961066 178.558491769087 6.24205691685674
17 27 175 275 0.810620727679043 178.588300588798 6.06878170955226
17 28 175 285 0.319923156902736 178.489934915512 5.90190057660324
17 29 175 295 -0.0183052517089298 178.275235941827 5.93655380115773
17 30 175 305 0.0995259338437881 178.087862867187 5.94607733022555
17 31 175 315 1.04816281946702 177.996899210323 5.91722883860091
17 32 175 325 2.91031453368106 178.107085689018 6.17775102905412
17 33 175 335 5.59107201749836 178.551793821307 6.63236643874731
17 34 175 345 8.85339510746719 179.2797829129 6.58697306886137
17 35 175 355 11.2141457350307 179.909663142105 6.30093807713679
18 0 185 5 13.1886602827815 179.970724727899 6.03262720045188
18 1 185 15 11.1159220482058 179.897148138586 5.99196611021094
18 2 185 25 9.6479308875268 179.830618761827 5.93694325217493
18 3 185 35 8.88750658471906 179.794251972913 5.93361673857467
18 4 185 45 7.19092394650706 179.474936561823 6.15658691938017
18 5 185 55 4.90377785461821 178.775752595342 6.53086324976373
18 6 185 65 3.73570818080622 178.189963620792 6.45295627052246
18 7 185 75 4.10100133372946 178.172066253083 6.19014983286038
18 8 185 85 5.4150872006057 178.677104019247 6.25304846187133
18 9 185 95 7.03134594174694 179.259329355725 6.4075627551796
18 10 185 105 8.4797328765913 179.693018856131 6.41821100958797
18 11 185 115 9.31059074380644 179.936931049666 6.2411814112709
18 12 185 125 9.5967232299378 179.922688769216 6.05605683890329
18 13 185 135 10.8948060791405 179.880303218935 6.00068419259984
18 14 185 145 13.3332615068863 179.92214089755 6.00060295857585
18 15 185 155 14.704793553466 179.957403263889 5.99961715483422
18 16 185 165 14.8485355779975 179.963730015557 5.99756451320846
18 17 185 175 14.4555991850194 179.963695268454 5.98036863102528
18 18 185 185 12.728560651258 179.961298306897 5.90416520557974
18 19 185 195 9.1838258125597 179.935332434185 5.75258586208981
18 20 185 205 5.79950707051836 179.794598371297 5.57195205500932
18 21 185 215 3.95921251873706 179.439223535324 5.45275452492742
18 22 185 225 3.2894089478022 179.076458023389 5.58447594936723
18 23 185 235 3.14075120010849 179.039184985987 5.96525292639679
18 24 185 245 3.04542847345405 179.127121282848 6.3163651748612
18 25 185 255 2.83053733873218 179.133841439955 6.40198763465732
18 26 185 265 2.4904910131385 179.281278786208 6.26095363464809
18 27 185 275 2.02230746841883 179.439159561948 6.01789543325244
18 28 185 285 1.50384162548242 179.39729467786 5.95545826067157
18 29 185 295 1.13524338530994 179.11343308807 6.13959402002655
18 30 185 305 1.2498800151813 178.857202781012 6.12983809166557
18 31 185 315 2.27294337324982 178.786074420517 5.91869162586465
18 32 185 325 4.55592592651335 178.927987949669 5.92365635383094
18 33 185 335 8.01526959915378 179.287197364137 6.17240105237473
18 34 185 345 11.5845243092604 179.68457306365 6.19735209259842
18 35 185 355 13.623114187155 179.918643139822 6.08205961140923
19 0 195 5 14.4470753393877 179.955809950764 5.99785904357545
19 1 195 15 13.5392983689407 179.938400254074 5.98793733303809
19 2 195 25 12.7988388034146 179.923704025793 5.97136023333886
19 3 195 35 11.9339171697146 179.892496967788 6.05442942840127
19 4 195 45 9.65451425125851 179.745724524041 6.56153572430222
19 5 195 55 6.7338171261543 179.527896013823 7.26521772919096
19 6 195 65 5.4515563892154 179.39690859672 7.11182251094462
19 7 195 75 6.07113209692087 179.331362193875 6.45479321621771
19 8 195 85 7.70272879688044 179.359282322501 6.2333343088804
19 9 195 95 9.63506990446193 179.492487011867 6.27831122466118
19 10 195 105 11.452117459371 179.717043054498 6.20877266993161
19 11 195 115 11.7365770481613 179.874636298563 6.06840957330207
19 12 195 125 10.7383762668587 179.886620887614 5.97729542063109
19 13 195 135 11.26047683289 179.892969159378 5.96378480667896
19 14 195 145 13.4477535320772 179.935219450169 5.98440968704428
19 15 195 155 14.7874128852014 179.959899105736 5.99675658903133
19 16 195 165 15.031165746463 179.9640018 5.99880006
19 17 195 175 14.9226317832404 179.964626325577 5.99637952053523
19 18 195 185 14.0439302566937 179.991887206161 5.99779596175555
19 19 195 195 11.406079266402 180.100576208193 6.0198588620397
19 20 195 205 7.81707103790969 180.147359510941 5.95793230400584
19 21 195 215 5.57690615804658 179.852368772144 5.7316556228668
19 22 195 225 4.86709796838094 179.497354481888 5.64631386513682
19 23 195 235 4.69668941844172 179.467902129317 5.80846579702654
19 24 195 245 4.50119530288396 179.553604704687 6.07807817575102
19 25 195 255 4.23050550684786 179.628597531997 6.23411484454373
19 26 195 265 3.91653275866364 179.896898793411 6.10186521655623
19 27 195 275 3.45267449826603 180.145385056132 5.91014311353451
19 28 195 285 2.89364280828276 180.083447105698 5.94194640593052
19 29 195 295 2.5640621450552 179.805008743897 6.17632157626831
19 30 195 305 2.83838293559807 179.679476966582 6.19858424343972
19 31 195 315 4.18537483458461 179.619982511399 5.94716720440302
19 32 195 325 7.07322593285009 179.636202178797 5.82052888098706
19 33 195 335 10.9279789012512 179.798129135873 5.92238763737127
19 34 195 345 13.6876923016329 179.924398108833 6.00089962531399
19 35 195 355 14.688323405084 179.958360362873 6.00462391842787
20 0 205 5 14.9465099355258 179.963399972712 5.99853664575169
20 1 205 15 14.8080567704256 179.961882330809 5.99713460333637
20 2 205 25 14.5061349407671 179.958027631545 5.99043227676988
20 3 205 35 13.2246837130001 179.924100303129 6.04534707260225
20 4 205 45 10.5050557506113 179.814767616214 6.41143964312955
20 5 205 55 8.31702158196693 179.738668407286 6.9269162753503
20 6 205 65 8.21663748913271 179.82622604185 6.80975310328546
20 7 205 75 9.46950803180771 179.860719798783 6.32124605286987
20 8 205 85 11.314689314205 179.782160215921 6.12573753555506
20 9 205 95 12.8682860096833 179.767317933865 6.11953565726449
20 10 205 105 13.938466217212 179.860276638978 6.0663680790483
20 11 205 115 13.9980257521512 179.924395582091 6.00682688108152
20 12 205 125 13.3230162711529 179.926161378554 5.98190110629523
20 13 205 135 13.4146634908918 179.931662376465 5.98258086979234
20 14 205 145 14.3427012951663 179.951350223607 5.99247210389359
20 15 205 155 14.9251903623355 179.962198456095 5.99790153043207
20 16 205 165 15.031165746463 179.9640018 5.99880006
20 17 205 175 15.0151062472248 179.964095986983 5.99864870293532
20 18 205 185 14.5714039514466 180.00626878838 6.02701465101631
20 19 205 195 12.4677082652478 180.196143058922 6.14850934413681
20 20 205 205 9.02188763475594 180.361126881896 6.22365880570927
20 21 205 215 7.22376278598528 180.127630594583 6.02983666960678
20 22 205 225 6.9662897038984 179.836433963667 5.84721035579377
20 23 205 235 6.44567318796461 179.813283875433 5.83592184991338
20 24 205 245 5.87541527256105 179.864322689947 5.92116521269449
20 25 205 255 5.57531201138635 179.954937070923 5.99807905620225
20 26 205 265 5.27701328821017 180.190439619834 5.96209255610086
20 27 205 275 4.81095356940856 180.379327585459 5.90921148186926
20 28 205 285 4.34859749891427 180.287182035659 5.91510467845976
20 29 205 295 4.39926374604309 180.167521636921 6.04825718245905
20 30 205 305 5.34578845754335 180.202372775106 6.13484004805289
20 31 205 315 7.3359328976039 180.073930717844 6.0004112412018
20 32 205 325 10.1387380177219 179.934832111113 5.90398357434002
20 33 205 335 13.0726966810743 179.938234614033 5.94385732546948
20 34 205 345 14.6455710396018 179.962638070596 5.98797854961331
20 35 205 355 14.989707820293 179.964764054619 5.99826433657288
21 0 215 5 15.031165746463 179.9640018 5.99880006
21 1 215 15 15.031165746463 179.9640018 5.99880006
21 2 215 25 14.7960099198846 179.960344152974 5.99119384604702
21 3 215 35 13.4841781863454 179.931306804449 5.98113731101513
21 4 215 45 11.254939326199 179.859304739742 6.06779094365693
21 5 215 55 10.5264949929054 179.822700732312 6.24188970180526
21 6 215 65 11.6712762525666 179.896998234331 6.22403480499802
21 7 215 75 12.9674901977817 179.960511348704 6.08254786901804
21 8 215 85 14.016156233092 179.947784562124 6.02297176894379
21 9 215 95 14.6390766519535 179.934026040099 6.01895755705076
21 10 215 105 14.8945249940406 179.94852729425 6.00878207266612
21 11 215 115 14.901410483296 179.95886392918 5.99912988100802
21 12 215 125 14.7776576912321 179.958275522887 5.99591021877864
21 13 215 135 14.7814763933002 179.958921304072 5.99624720545913
21 14 215 145 14.9240988451923 179.962018671923 5.99780787227322
21 15 215 155 15.0146871405367 179.963719152456 5.99865919272946
21 16 215 165 15.031165746463 179.9640018 5.99880006
21 17 215 175 15.031165746463 179.9640018 5.99880006
21 18 215 185 14.7577694960948 179.98764272535 6.01437431495812
21 19 215 195 13.2688860956016 180.095259252171 6.0808972720221
21 20 215 205 10.842115601777 180.194856594062 6.12830149482842
21 21 215 215 9.91272149853987 180.09858287223 6.04171443232568
21 22 215 225 9.68176713407698 180.016344687407 5.9524755028927
21 23 215 235 8.14750523241839 180.058444045042 5.91370662222837
21 24 215 245 6.98911770919342 180.055730913874 5.89469251585624
21 25 215 255 6.64440585451295 180.091830580867 5.90700041380274
21 26 215 265 6.20618576757693 180.239632271025 5.94040224165556
21 27 215 275 5.73799084925527 180.319829136635 5.95766485173239
21 28 215 285 5.5637404168903 180.225587869353 5.92417132982661
21 29 215 295 6.34050888212819 180.200634225146 5.98280823264904
21 30 215 305 8.40945820974078 180.23813173149 6.07650771978384
21 31 215 315 10.9961201159002 180.113504862025 6.04003996979238
21 32 215 325 13.0327155163937 179.988042456843 5.98839060058653
21 33 215 335 14.3706414554991 179.960911377148 5.98906779534604
21 34 215 345 14.9363810757028 179.963265467296 5.99732590677833
21 35 215 355 15.031165746463 179.9640018 5.99880006
22 0 225 5 15.031165746463 179.9640018 5.99880006
22 1 225 15 15.031165746463 179.9640018 5.99880006
22 2 225 25 14.916325574296 179.961893488425 5.99441498528249
22 3 225 35 14.3001727231698 179.949763130761 5.97688055404498
22 4 225 45 13.357429432082 179.928637218375 5.96901784860622
22 5 225 55 13.3023319187842 179.924452631139 5.99794673400094
22 6 225 65 14.0927673470581 179.945392660494 6.01274372848909
22 7 225 75 14.6739669592272 179.963908931726 6.00424597123124
22 8 225 85 14.9201667500868 179.96657374981 5.99883661831611
22 9 225 95 15.0136765531976 179.964561950069 5.99863547669346
22 10 225 105 15.031165746463 179.9640018 5.99880006
22 11 225 115 15.031165746463 179.9640018 5.99880006
22 12 225 125 15.031165746463 179.9640018 5.99880006
22 13 225 135 15.031165746463 179.9640018 5.99880006
22 14 225 145 15.031165746463 179.9640018 5.99880006
22 15 225 155 15.031165746463 179.9640018 5.99880006
22 16 225 165 15.031165746463 179.9640018 5.99880006
22 17 225 175 15.031165746463 179.9640018 5.99880006
22 18 225 185 14.923878295118 179.968314756601 6.00091382411269
22 19 225 195 14.3379562521449 179.987980985166 6.00890698826862
22 20 225 205 13.4079333665942 180.006545261405 6.01082144390534
22 21 225 215 13.0302668828707 180.002048653641 5.9943570075879
22 22 225 225 12.3169956449768 180.042652593801 5.97657521868273
22 23 225 235 10.3467152573671 180.10713701676 5.94320484816608
22 24 225 245 9.03693280963045 180.087573673278 5.91011869241554
22 25 225 255 8.34656399307673 180.121579557784 5.9393899355966
22 26 225 265 7.28174600011186 180.263152704294 6.01885791212407
22 27 225 275 6.47539065539035 180.288139032784 6.05594246272274
22 28 225 285 6.2252318595714 180.165469394102 6.04714435414252
22 29 225 295 7.19982817569608 180.142820431117 6.13531025440982
22 30 225 305 9.66930196984143 180.181509170381 6.20852165547402
22 31 225 315 12.2325815754382 180.127276435547 6.16670735959828
22 32 225 325 14.0234229228641 180.024297591779 6.06581757780696
22 33 225 335 14.8340224245516 179.972406025482 6.00890696157025
22 34 225 345 15.0174600825451 179.96396145079 5.99875139311783
22 35 225 355 15.031165746463 179.9640018 5.99880006
23 0 235 5 15.031165746463 179.9640018 5.99880006
23 1 235 15 15.031165746463 179.9640018 5.99880006
23 2 235 25 15.0118726566085 179.963614932069 5.99799534837477
23 3 235 35 14.9097930346772 179.961792748809 5.99421171657293
23 4 235 45 14.7604810518468 179.959796255112 5.99008831778701
23 5 235 55 14.7717592443259 179.960911506737 5.99243436045189
23 6 235 65 14.9224466947728 179.963044014472 5.99684387828731
23 7 235 75 15.0147233808347 179.963896827846 5.99858834416492
23 8 235 85 15.031165746463 179.9640018 5.99880006
23 9 235 95 15.031165746463 179.9640018 5.99880006
23 10 235 105 15.031165746463 179.9640018 5.99880006
23 11 235 115 15.031165746463 179.9640018 5.99880006
23 12 235 125 15.031165746463 179.9640018 5.99880006
23 13 235 135 15.031165746463 179.9640018 5.99880006
23 14 235 145 15.031165746463 179.9640018 5.99880006
23 15 235 155 15.031165746463 179.9640018 5.99880006
23 16 235 165 15.031165746463 179.9640018 5.99880006
23 17 235 175 15.031165746463 179.9640018 5.99880006
23 18 235 185 15.0151051358356 179.964010192592 5.99861599758135
23 19 235 195 14.9269675996631 179.96405967052 5.9975299159352
23 20 235 205 14.7886415945727 179.964147138788 5.99560736474814
23 21 235 215 14.6687674820253 179.97018481381 5.99472758562207
23 22 235 225 14.1711378454799 179.998085106506 5.99084599814297
23 23 235 235 13.1745132437982 180.02784032337 5.97384010361444
23 24 235 245 12.4439404736708 180.026399167091 5.96164499857862
23 25 235 255 11.4714591511806 180.084755926046 6.00252748423919
23 26 235 265 9.70246293860498 180.217940335659 6.0826444809108
23 27 235 275 8.02997758691038 180.222652802428 6.1359396695119
23 28 235 285 6.77969273942973 180.082218634238 6.24941991754861
23 29 235 295 6.73350384642191 180.100978789406 6.49086850643686
23 30 235 305 8.25318790456953 180.311885057262 6.58937016080057
23 31 235 315 10.6303209514487 180.347279840673 6.46896081372658
23 32 235 325 13.3264399911798 180.138873265062 6.19969137380796
23 33 235 335 14.7682449833773 179.991981625926 6.03141672887478
23 34 235 345 15.031165746463 179.9640018 5.99880006
23 35 235 355 15.031165746463 179.9640018 5.99880006
24 0 245 5 15.031165746463 179.9640018 5.99880006
24 1 245 15 15.031165746463 179.9640018 5.99880006
24 2 245 25 15.031165746463 179.9640018 5.99880006
24 3 245 35 15.031165746463 179.9640018 5.99880006
24 4 245 45 15.031165746463 179.9640018 5.99880006
24 5 245 55 15.031165746463 179.9640018 5.99880006
24 6 245 65 15.031165746463 179.9640018 5.99880006
24 7 245 75 15.031165746463 179.9640018 5.99880006
24 8 245 85 15.031165746463 179.9640018 5.99880006
24 9 245 95 15.031165746463 179.9640018 5.99880006
24 10 245 105 15.031165746463 179.9640018 5.99880006
24 11 245 115 15.031165746463 179.9640018 5.99880006
24 12 245 125 15.031165746463 179.9640018 5.99880006
24 13 245 135 15.031165746463 179.9640018 5.99880006
24 14 245 145 15.031165746463 179.9640018 5.99880006
24 15 245 155 15.031165746463 179.9640018 5.99880006
24 16 245 165 15.031165746463 179.9640018 5.99880006
24 17 245 175 15.031165746463 179.9640018 5.99880006
24 18 245 185 15.031165746463 179.9640018 5.99880006
24 19 245 195 15.031165746463 179.9640018 5.99880006
24 20 245 205 15.031165746463 179.9640018 5.99880006
24 21 245 215 15.0130887125382 179.964911853561 5.99871904931008
24 22 245 225 14.9143220848871 179.969161403463 5.9977842929698
24 23 245 235 14.7301866094004 179.973776848529 5.99461485778371
24 24 245 245 14.4675015388819 179.978044675582 5.99442862615802
24 25 245 255 13.7092909399842 180.010033802028 6.01064003621946
24 26 245 265 12.0129991923593 180.062413402074 6.03061355996461
24 27 245 275 9.59342214356892 180.038249954764 6.06235437597095
24 28 245 285 7.2826639654258 179.947693977461 6.25398312473161
24 29 245 295 6.28055413487289 180.06318098885 6.58476662961875
24 30 245 305 6.94436806009839 180.43184438818 6.72734489708691
24 31 245 315 9.34328456401013 180.508992327673 6.59540415011261
24 32 245 325 12.7824708494956 180.211910265718 6.2571667073654
24 33 245 335 14.6856413916111 180.003155293232 6.04090732455477
24 34 245 345 15.031165746463 179.9640018 5.99880006
24 35 245 355 15.031165746463 179.9640018 5.99880006
25 0 255 5 15.031165746463 179.9640018 5.99880006
25 1 255 15 15.031165746463 179.9640018 5.99880006
25 2 255 25 15.031165746463 179.9640018 5.99880006
25 3 255 35 15.031165746463 179.9640018 5.99880006
25 4 255 45 15.031165746463 179.9640018 5.99880006
25 5 255 55 15.031165746463 179.9640018 5.99880006
25 6 255 65 15.031165746463 179.9640018 5.99880006
25 7 255 75 15.031165746463 179.9640018 5.99880006
25 8 255 85 15.031165746463 179.9640018 5.99880006
25 9 255 95 15.031165746463 179.9640018 5.99880006
25 10 255 105 15.031165746463 179.9640018 5.99880006
25 11 255 115 15.031165746463 179.9640018 5.99880006
25 12 255 125 15.031165746463 179.9640018 5.99880006
25 13 255 135 15.031165746463 179.9640018 5.99880006
25 14 255 145 15.031165746463 179.9640018 5.99880006
25 15 255 155 15.031165746463 179.9640018 5.99880006
25 16 255 165 15.031165746463 179.9640018 5.99880006
25 17 255 175 15.031165746463 179.9640018 5.99880006
25 18 255 185 15.031165746463 179.9640018 5.99880006
25 19 255 195 15.031165746463 179.9640018 5.99880006
25 20 255 205 15.031165746463 179.9640018 5.99880006
25 21 255 215 15.031165746463 179.9640018 5.99880006
25 22 255 225 15.031165746463 179.9640018 5.99880006
25 23 255 235 14.9386285319854 179.964129064208 5.99812118736782
25 24 255 245 14.4109853674359 179.965947073062 5.99452844378955
25 25 255 255 13.2221997125645 179.968932961945 5.98286427613807
25 26 255 265 11.4007210368634 179.951592769927 5.95190910667841
25 27 255 275 8.98740824365916 179.887299808403 5.9326731313075
25 28 255 285 7.10231884218741 179.84091725858 6.02448951953189
25 29 255 295 6.48561850093841 179.981855376441 6.20186280753631
25 30 255 305 7.41347085792632 180.26628271831 6.316101990505
25 31 255 315 10.0576106954463 180.308417793802 6.28812756056931
25 32 255 325 13.2018833963796 180.113717405192 6.12879852698953
25 33 255 335 14.7642380266521 179.98675946195 6.02017748974072
25 34 255 345 15.031165746463 179.9640018 5.99880006
25 35 255 355 15.031165746463 179.9640018 5.99880006
26 0 265 5 15.031165746463 179.9640018 5.99880006
26 1 265 15 15.031165746463 179.9640018 5.99880006
26 2 265 25 15.031165746463 179.9640018 5.99880006
26 3 265 35 15.031165746463 179.9640018 5.99880006
26 4 265 45 15.031165746463 179.9640018 5.99880006
26 5 265 55 15.031165746463 179.9640018 5.99880006
26 6 265 65 15.031165746463 179.9640018 5.99880006
26 7 265 75 15.031165746463 179.9640018 5.99880006
26 8 265 85 15.031165746463 179.9640018 5.99880006
26 9 265 95 15.031165746463 179.9640018 5.99880006
26 10 265 105 15.031165746463 179.9640018 5.99880006
26 11 265 115 15.031165746463 179.9640018 5.99880006
26 12 265 125 15.031165746463 179.9640018 5.99880006
26 13 265 135 15.031165746463 179.9640018 5.99880006
26 14 265 145 15.031165746463 179.9640018 5.99880006
26 15 265 155 15.0188348878997 179.964009654417 5.99877058514301
26 16 265 165 14.9543721788944 179.964046674364 5.99863166999695
26 17 265 175 14.862403191666 179.964087318983 5.99847917909442
26 18 265 185 14.8726965064961 179.964064775119 5.99856380859296
26 19 265 195 14.9602037945255 179.964022468106 5.99872581629053
26 20 265 205 14.9799728097019 179.964021392205 5.99877906490315
26 21 265 215 14.9210529098658 179.964074689073 5.99874607535241
26 22 265 225 14.9026437821784 179.964115980727 5.99871548631499
26 23 265 235 14.7284138451524 179.96269562258 5.99942914378768
26 24 265 245 13.455195753755 179.957175771762 5.99933604561979
26 25 265 255 10.9981175834261 179.944943494206 5.98561253686125
26 26 265 265 8.90235185177467 179.890889817292 5.96303455934891
26 27 265 275 7.48878824530852 179.765588241295 5.97160246786389
26 28 265 285 6.88127592133512 179.714670199758 5.97967706441762
26 29 265 295 7.27355311981892 179.862057958142 5.96125629144842
26 30 265 305 9.13866312383128 180.033529815065 5.99507591335937
26 31 265 315 12.0018182801548 180.057619473089 6.03157405890199
26 32 265 325 14.1523230443674 180.001644424866 6.01936375164657
26 33 265 335 14.9252926558311 179.96930117569 6.00237946492851
26 34 265 345 15.031165746463 179.9640018 5.99880006
26 35 265 355 15.031165746463 179.9640018 5.99880006
27 0 275 5 15.031165746463 179.9640018 5.99880006
27 1 275 15 15.031165746463 179.9640018 5.99880006
27 2 275 25 15.031165746463 179.9640018 5.99880006
27 3 275 35 15.031165746463 179.9640018 5.99880006
27 4 275 45 15.031165746463 179.9640018 5.99880006
27 5 275 55 15.031165746463 179.9640018 5.99880006
27 6 275 65 15.031165746463 179.9640018 5.99880006
27 7 275 75 15.031165746463 179.9640018 5.99880006
27 8 275 85 15.031165746463 179.9640018 5.99880006
27 9 275 95 15.031165746463 179.9640018 5.99880006
27 10 275 105 15.031165746463 179.9640018 5.99880006
27 11 275 115 15.031165746463 179.9640018 5.99880006
27 12 275 125 15.031165746463 179.9640018 5.99880006
27 13 275 135 15.031165746463 179.9640018 5.99880006
27 14 275 145 15.031165746463 179.9640018 5.99880006
27 15 275 155 14.9449035616367 179.964251549403 5.99783533250108
27 16 275 165 14.4925831055046 179.965434434215 5.99327215066651
27 17 275 175 13.8430081233002 179.966752461874 5.98820773919616
27 18 275 185 13.8913930035905 179.968489027489 5.99328528194246
27 19 275 195 14.4223599152719 179.97836064628 6.00966977106745
27 20 275 205 14.4606999795568 179.990523089323 6.02252119335503
27 21 275 215 14.0722636923874 179.987054850073 6.01178974479468
27 22 275 225 13.9967469556228 179.976795559123 5.99655249541451
27 23 275 235 14.0713108081075 179.948205853637 6.01602727521654
27 24 275 245 12.4954966125652 179.876071464834 6.11140698177145
27 25 275 255 9.30048078362563 179.811708312959 6.21263900748592
27 26 275 265 7.177804760091 179.766537368982 6.20862916439658
27 27 275 275 6.44711549700619 179.58705064643 6.23105913363075
27 28 275 285 6.58505067104174 179.495115039232 6.20814707035397
27 29 275 295 7.97850047761109 179.716615598231 6.06421758818011
27 30 275 305 10.6241700549682 179.914570476495 5.99488249096502
27 31 275 315 13.1893529690649 179.963673801936 5.993910227753
27 32 275 325 14.5069150701429 179.965563476466 5.99598397701195
27 33 275 335 14.9181636631533 179.964245615895 5.997763887222
27 34 275 345 15.0168977245349 179.963955527464 5.99873002420199
27 35 275 355 15.031165746463 179.9640018 5.99880006
28 0 285 5 15.014818313377 179.962890475996 5.99991818815562
28 1 285 15 15.031165746463 179.9640018 5.99880006
28 2 285 25 15.031165746463 179.9640018 5.99880006
28 3 285 35 15.031165746463 179.9640018 5.99880006
28 4 285 45 15.0222825867767 179.964003313826 5.99879476712881
28 5 285 55 14.9638568147422 179.964213390974 5.99803639905252
28 6 285 65 14.8443958971116 179.965122034382 5.9947535336272
28 7 285 75 14.8043884147512 179.965920580047 5.99186712320518
28 8 285 85 14.9189700933989 179.9651093258 5.99479796732296
28 9 285 95 15.0121701242162 179.964205157648 5.99806518567042
28 10 285 105 15.031165746463 179.9640018 5.99880006
28 11 285 115 15.031165746463 179.9640018 5.99880006
28 12 285 125 15.031165746463 179.9640018 5.99880006
28 13 285 135 15.031165746463 179.9640018 5.99880006
28 14 285 145 15.031165746463 179.9640018 5.99880006
28 15 285 155 14.8109057231954 179.965201583669 5.99414809632183
28 16 285 165 13.6519411576866 179.970886629606 5.97213846690459
28 17 285 175 11.9549800286584 179.979375388521 5.94847412975951
28 18 285 185 11.8991541807825 180.001490446038 5.97988075181723
28 19 285 195 12.8261406628881 180.074347610608 6.07945557912783
28 20 285 205 12.5218196786816 180.131038086877 6.16153497119777
28 21 285 215 11.5793490982758 180.074107622518 6.10081070581559
28 22 285 225 11.5356802965224 180.009390349852 5.99807272853883
28 23 285 235 12.1082528273986 179.915845001528 6.03817888701297
28 24 285 245 10.8024588369653 179.706899765469 6.35481537103487
28 25 285 255 8.00607650597706 179.602838227353 6.71477571563572
28 26 285 265 6.31238216110128 179.757011299259 6.65796288531523
28 27 285 275 5.72156381218777 179.709858721943 6.50617530909054
28 28 285 285 5.8731448894079 179.564462606017 6.39415533851827
28 29 285 295 7.45169355447182 179.699449481841 6.22318966944215
28 30 285 305 9.98373841644617 179.847508482419 6.1193725488992
28 31 285 315 11.9451752493908 179.919989681015 6.03221379963236
28 32 285 325 13.2079796004574 179.951428620595 5.99306257311883
28 33 285 335 14.1801638214461 179.951632112108 6.0047213033411
28 34 285 345 14.7049163511807 179.950173190022 6.01212579566602
28 35 285 355 14.9272890287085 179.957387292656 6.00547954380611
29 0 295 5 14.923984787859 179.955226603475 6.00732607553539
29 1 295 15 15.0148107116988 179.964797135006 5.99927923257287
29 2 295 25 14.9243640390289 179.968307141122 6.00156004162269
29 3 295 35 14.7608567752468 179.970976616102 6.00398936960745
29 4 295 45 14.6017963738121 179.965580678626 6.00193278650232
29 5 295 55 14.2522567157257 179.959820449706 5.99370769597176
29 6 295 65 13.6078346603014 179.964987865202 5.97314137210742
29 7 295 75 13.4002458376281 179.97770957367 5.95762162862637
29 8 295 85 14.0467698852184 179.983656357226 5.97935721756433
29 9 295 95 14.6517252952713 179.98095809368 6.00181690213407
29 10 295 105 14.9193897673585 179.971615520206 6.00296319547342
29 11 295 115 15.0138436934509 179.965273872522 5.99955305314251
29 12 295 125 15.031165746463 179.9640018 5.99880006
29 13 295 135 15.031165746463 179.9640018 5.99880006
29 14 295 145 15.031165746463 179.9640018 5.99880006
29 15 295 155 14.7837387719777 179.965989577737 5.99108221147948
29 16 295 165 13.461601945226 179.97589404084 5.95484938575331
29 17 295 175 11.3559771192114 180.002588788851 5.9189940734323
29 18 295 185 10.5520549361287 180.10260845479 5.99076972046499
29 19 295 195 10.3291519094892 180.323033520813 6.20933223302654
29 20 295 205 9.09569619074033 180.397512550745 6.40026684203554
29 21 295 215 8.0127045082721 180.147487591703 6.28342874441696
29 22 295 225 8.10976662611932 179.999596998034 6.03656744039184
29 23 295 235 8.67981962807623 179.977078838352 6.00954991714409
29 24 295 245 7.69142189162858 179.849157049331 6.3861594085317
29 25 295 255 5.96073281749921 179.950156530137 6.79895842030542
29 26 295 265 5.0773803153205 180.394365667633 6.63505452293643
29 27 295 275 4.77489146558388 180.487322352788 6.32448165762595
29 28 295 285 4.77737966722035 180.260969344946 6.18166048543098
29 29 295 295 5.56872234428677 180.099521388751 6.15767126146455
29 30 295 305 7.01442587369912 179.952531334095 6.18302085070998
29 31 295 315 8.49517464213321 179.895956224359 6.07019589840736
29 32 295 325 10.2401439833219 179.898921753377 6.01413448793266
29 33 295 335 11.9894994142512 179.866655297528 6.07684257905974
29 34 295 345 13.2651624688117 179.856125085212 6.1031182270711
29 35 295 355 14.3500411582909 179.911741546119 6.04983087665824
30 0 305 5 14.778208336747 179.938707777027 6.022601507203
30 1 305 15 14.9238514803707 179.970357400082 6.00250031459343
30 2 305 25 14.3285171869996 180.000765126251 6.01998489597974
30 3 305 35 13.2455020703814 180.035365336441 6.03893899154967
30 4 305 45 12.4181365613133 180.014146995904 6.02507338507016
30 5 305 55 11.6543849015973 179.963599510378 5.98568578295431
30 6 305 65 10.5812735884133 179.952587459379 5.92901540259021
30 7 305 75 10.2971944623412 180.00758631006 5.90345870571357
30 8 305 85 11.5389253304902 180.070954660796 5.97321446003492
30 9 305 95 13.0571132343042 180.076549652373 6.03795271477869
30 10 305 105 14.3054275442916 180.016652417892 6.02682002254383
30 11 305 115 14.9188451591096 179.972751468256 6.00392680173327
30 12 305 125 15.031165746463 179.9640018 5.99880006
30 13 305 135 15.031165746463 179.9640018 5.99880006
30 14 305 145 15.0128518177127 179.96499823183 5.99869100437696
30 15 305 155 14.8009637460995 179.97077275078 5.99394268006458
30 16 305 165 13.944510421752 179.984643745855 5.9746201586753
30 17 305 175 12.2584623228718 180.03685836513 5.9611183059174
30 18 305 185 10.1061149364189 180.251729769139 6.02593937527726
30 19 305 195 7.72526953909748 180.625627524668 6.22508908531878
30 20 305 205 5.85915059608071 180.6793197733 6.42008003261505
30 21 305 215 5.12222303672427 180.256251966187 6.32393463638976
30 22 305 225 5.13029599569199 180.115536181565 6.08182839593948
30 23 305 235 5.23634582691458 180.379320222646 5.97219036677363
30 24 305 245 4.65955161842053 180.62664762724 6.09660859534494
30 25 305 255 3.86922201309655 181.047089404501 6.17480948771139
30 26 305 265 3.48611494879954 181.496370664815 5.91128043384187
30 27 305 275 3.42253762019465 181.45643025393 5.63226368118976
30 28 305 285 3.44179466043751 181.218974551105 5.50485376755976
30 29 305 295 3.68003221239444 180.922853837656 5.59777448235666
30 30 305 305 4.41575778191185 180.386618610503 5.8272734026263
30 31 305 315 5.79145646282309 179.912405282231 5.94264513415318
30 32 305 325 7.66060177594895 179.757705415023 6.05300060758604
30 33 305 335 9.309593954692 179.66984587897 6.23924488530109
30 34 305 345 11.0749130922061 179.652237181208 6.29317781811096
30 35 305 355 13.423293074137 179.81328342565 6.14152212163936
31 0 315 5 14.7705969832184 179.932300004582 6.02785013153067
31 1 315 15 14.7625326527904 179.982512293226 6.00913718785384
31 2 315 25 13.2605144830328 180.077410964972 6.05516367727048
31 3 315 35 10.4867395582972 180.215993703256 6.09587734925407
31 4 315 45 8.47162772375111 180.22537047636 6.04293020524678
31 5 315 55 7.57005924420014 180.104578569803 5.94479039721494
31 6 315 65 7.09340335162116 180.014764819511 5.86325893724859
31 7 315 75 7.23569118159452 180.104784349419 5.88087071097158
31 8 315 85 8.42464335732565 180.251434147638 6.01260618929023
31 9 315 95 10.6250761416291 180.255414880897 6.10989725144222
31 10 315 105 13.3236191740878 180.097541112562 6.06789755613727
31 11 315 115 14.7699278930628 179.985912268359 6.01148395630869
31 12 315 125 15.031165746463 179.9640018 5.99880006
31 13 315 135 15.031165746463 179.9640018 5.99880006
31 14 315 145 14.913218615837 179.970492932992 5.99818616860763
31 15 315 155 14.27554952815 180.004779113126 5.99784923388509
31 16 315 165 13.0080052684957 180.06740591779 6.00626619393892
31 17 315 175 11.2412212133929 180.156912268366 6.01368400416128
31 18 315 185 8.40651201084336 180.387518511863 6.00124183634119
31 19 315 195 5.41988535111642 180.762797393176 6.04540548783631
31 20 315 205 3.74793537152243 180.916825487552 6.12301120719762
31 21 315 215 3.25763452147288 180.713921124716 6.06389045817122
31 22 315 225 3.08424614905202 180.747437268283 5.99116922250965
31 23 315 235 2.89137956332945 181.127757907248 5.9553696727047
31 24 315 245 2.59366797959182 181.47205716239 5.87096768233106
31 25 315 255 2.21991276367935 181.856384355413 5.62189375822402
31 26 315 265 1.94146908378423 182.119386053916 5.21199277156432
31 27 315 275 1.86338168102057 182.005147486788 4.88254963855263
31 28 315 285 1.89546429924865 181.839337844293 4.64833986997255
31 29 315 295 2.08913962168059 181.532395115792 4.66796078244089
31 30 315 305 2.7970475853467 180.744497391027 5.02574063237316
31 31 315 315 4.3550538119014 179.890120251774 5.55346750013479
31 32 315 325 6.62096348611824 179.598788092643 6.00480868089473
31 33 315 335 8.80163014521947 179.546435242634 6.30573776357294
31 34 315 345 10.9004939014355 179.566271952929 6.362903562796
31 35 315 355 13.3743069195855 179.775012425539 6.17327719771629
32 0 325 5 14.9154451676499 179.948037350885 6.01321481243489
32 1 325 15 14.6763690946702 179.98738679337 6.0110407781454
32 2 325 25 12.6533994711461 180.114873984841 6.05275259666847
32 3 325 35 8.77855344915589 180.343725867512 6.03649563039102
32 4 325 45 5.8085176419378 180.48646332416 5.87840007479604
32 5 325 55 4.77571855272684 180.448305701595 5.74899047650661
32 6 325 65 4.92958621412841 180.327069048986 5.76014946152371
32 7 325 75 5.67168652373636 180.354640664993 5.92855278971651
32 8 325 85 7.0966219184796 180.412077197987 6.08307155062353
32 9 325 95 9.8530173335974 180.326233196466 6.13616612538925
32 10 325 105 13.1102016839148 180.116716088195 6.073135529225
32 11 325 115 14.7491260295654 179.988290420956 6.01219482997058
32 12 325 125 15.031165746463 179.9640018 5.99880006
32 13 325 135 15.031165746463 179.9640018 5.99880006
32 14 325 145 14.7593475506404 179.979192467343 5.99766254683636
32 15 325 155 13.2998473330927 180.070833326118 6.00695400842351
32 16 325 165 10.6813336040088 180.267403619215 6.05762196586427
32 17 325 175 8.35459211568402 180.461815805144 6.06517121519813
32 18 325 185 5.93505961684716 180.606241553945 5.90312122502988
32 19 325 195 3.70129111232685 180.802865794738 5.76834163191712
32 20 325 205 2.46806021439239 181.064236924712 5.74518649289567
32 21 325 215 2.02573755301783 181.280776099807 5.72824790426087
32 22 325 225 1.77325461418272 181.567674138197 5.7629592179085
32 23 325 235 1.50635477860816 181.855107354584 5.76752491441207
32 24 325 245 1.24066181587345 182.045135252595 5.58329248689207
32 25 325 255 0.915832299002059 182.249385810872 5.16271990591248
32 26 325 265 0.592454116468692 182.355663459903 4.6091366770227
32 27 325 275 0.417306360605304 182.171378174439 4.19160928948387
32 28 325 285 0.435492583017123 181.865475499347 3.93464890464092
32 29 325 295 0.74956146642043 181.430561029694 3.94872611644719
32 30 325 305 1.63638187811245 180.670188654471 4.42311843806206
32 31 325 315 3.48603001085831 179.857624977097 5.25598973348529
32 32 325 325 6.73070225465192 179.587624933675 5.91759279336532
32 33 325 335 10.5155088845367 179.661115489482 6.17520142633589
32 34 325 345 12.9325193932474 179.74923402713 6.1873612944789
32 35 325 355 14.2950699257648 179.868793978999 6.08546620234345
33 0 335 5 15.012894435066 179.961270819994 6.00124485291622
33 1 335 15 14.6921343590151 179.975609281454 6.00285345166179
33 2 335 25 12.6980723829213 180.044146038775 5.98712554046315
33 3 335 35 8.65492348577062 180.214069734689 5.82403036389442
33 4 335 45 5.19583146998892 180.473572494643 5.51787244199582
33 5 335 55 3.81264424012192 180.674662810832 5.41543835088734
33 6 335 65 3.9653933237838 180.618008100412 5.63711347705487
33 7 335 75 4.99799266405419 180.477008127361 5.96697823442888
33 8 335 85 6.99183554904018 180.335981893496 6.08028167124165
33 9 335 95 10.2414866573975 180.185729428289 6.05774966764625
33 10 335 105 13.395737240798 180.045092126297 6.02262513480052
33 11 335 115 14.8052070125986 179.976164804369 6.00297411128741
33 12 335 125 15.031165746463 179.9640018 5.99880006
33 13 335 135 15.0119551061288 179.959678142561 6.00250313866302
33 14 335 145 14.6397547923778 179.955369911509 6.01882419240805
33 15 335 155 12.9425554199014 180.043653729232 6.05551430437434
33 16 335 165 9.85458459620871 180.337170537333 6.11537815311746
33 17 335 175 6.97575806741451 180.681961777262 6.0391579098506
33 18 335 185 4.5890348610814 180.867883693467 5.64733796319839
33 19 335 195 2.76062596846949 181.014472680375 5.33016001559931
33 20 335 205 1.73257674541784 181.314665689348 5.31120827103842
33 21 335 215 1.30343769908832 181.731104328469 5.43615792544488
33 22 335 225 1.05347421728856 182.150009123188 5.55532942617546
33 23 335 235 0.776373843777313 182.366842555051 5.53237639064349
33 24 335 245 0.455013309824941 182.462785844768 5.27406239680326
33 25 335 255 0.0515562831600868 182.503425082539 4.77755089795975
33 26 335 265 -0.349014741968628 182.323637565207 4.19364600171989
33 27 335 275 -0.574194306580639 181.858871234251 3.80608999210879
33 28 335 285 -0.519786510393802 181.295873333382 3.68050023479568
33 29 335 295 -0.0639796842493223 180.781914061956 3.88061362549267
33 30 335 305 0.996772096777351 180.273436333651 4.52865566225268
33 31 335 315 3.06547415243304 179.834993113293 5.37893885999428
33 32 335 325 6.94672202957957 179.750541733532 5.91090296640284
33 33 335 335 11.7346516767801 179.857490803071 6.04376776071469
33 34 335 345 14.3119173773074 179.920606079042 6.03553216103259
33 35 335 355 14.9149020187393 179.947709491109 6.01350958192893
34 0 345 5 15.031165746463 179.9640018 5.99880006
34 1 345 15 14.7007672468936 179.964876972588 5.99244109040784
34 2 345 25 12.7519190582836 179.977103735911 5.92574832310141
34 3 345 35 8.75793148745472 180.071450889902 5.68469916247037
34 4 345 45 5.19573219763637 180.367263918087 5.33574577209361
34 5 345 55 3.5328227176989 180.667116580351 5.24496983816685
34 6 345 65 3.43352730598686 180.534890418442 5.52233615899857
34 7 345 75 4.35307390213979 180.186942084629 5.82691502906142
34 8 345 85 6.27206633240362 180.005945127661 5.91737667056829
34 9 345 95 9.47445628892342 179.977195870908 5.93705622086639
34 10 345 105 12.8149471602469 179.964470861151 5.97125817592285
34 11 345 115 14.4853066928385 179.956995951021 5.99133156277154
34 12 345 125 14.9172255662684 179.960740711176 5.99703356538826
34 13 345 135 14.8936821245595 179.939289669105 6.01955531842174
34 14 345 145 14.1674140800506 179.835247088328 6.11659138662696
34 15 345 155 12.483974432981 179.77638155484 6.22699866457008
34 16 345 165 10.4252743181829 180.019058412194 6.17327217355395
34 17 345 175 7.96566037964881 180.407144481503 5.8902749010486
34 18 345 185 4.99445764887019 180.760861293747 5.34455344330509
34 19 345 195 2.70814215519418 181.100814120172 4.94834061269938
34 20 345 205 1.56712000491205 181.449489782958 5.00505215572691
34 21 345 215 1.13941568206295 181.862936692313 5.29773372606864
34 22 345 225 0.918196843562059 182.34346794366 5.52538668887727
34 23 345 235 0.636576275818987 182.665025596349 5.52669883223868
34 24 345 245 0.254309198338681 182.777253842645 5.25760200051698
34 25 345 255 -0.220167694885736 182.601301145651 4.7900035113821
34 26 345 265 -0.65122484407763 182.051511311688 4.31270087846878
34 27 345 275 -0.873651251393817 181.289282911435 4.06479809354363
34 28 345 285 -0.781589303765653 180.592441963812 4.12373454768118
34 29 345 295 -0.27171784707078 180.186962044509 4.52853883414582
34 30 345 305 0.792268079791788 180.066489841883 5.18028115171327
34 31 345 315 2.80943949871458 180.089801464066 5.68262998583866
34 32 345 325 6.72709291013834 180.17333069698 5.88125607219447
34 33 345 335 11.7253759259048 180.090965386835 5.95730301110201
34 34 345 345 14.4648662040622 179.986132755882 5.99212956923664
34 35 345 355 15.0139962595946 179.96330078857 5.99885260461286
35 0 355 5 15.031165746463 179.9640018 5.99880006
35 1 355 15 14.6821455618892 179.961957816267 5.98656367825951
35 2 355 25 12.6921538013448 179.960240582925 5.90498034593072
35 3 355 35 8.80981795907248 180.03531313433 5.68758424287184
35 4 355 45 5.48375883405463 180.314268502174 5.39338870678756
35 5 355 55 3.69766725650257 180.570908482953 5.27040517120818
35 6 355 65 3.30640808486879 180.387742795004 5.50931884857541
35 7 355 75 3.97013975430724 180.000163285512 5.8160921928058
35 8 355 85 5.48037143922881 179.774331620193 5.91549611511645
35 9 355 95 8.03075313261114 179.76933975086 5.92625674548498
35 10 355 105 10.9362124934345 179.829412409343 5.9453225952945
35 11 355 115 12.9764597710162 179.894228961665 5.96856260034564
35 12 355 125 14.30723929508 179.943552020374 5.98832108208411
35 13 355 135 14.6556558469865 179.91670944269 6.03683595710604
35 14 355 145 13.36876260815 179.714495838564 6.22058255877608
35 15 355 155 11.2326889782254 179.51777223632 6.40894074395834
35 16 355 165 10.4981899641721 179.706658091479 6.25849260304054
35 17 355 175 9.65599940358684 180.047787240169 5.87848807957147
35 18 355 185 6.5730194535579 180.413440773713 5.3815057841996
35 19 355 195 3.50097420072344 180.896486564679 5.00163085527736
35 20 355 205 1.96857357406157 181.361495854175 5.02490982617774
35 21 355 215 1.47157468321517 181.717379541007 5.33632894089378
35 22 355 225 1.26478181477894 182.157960952841 5.6571335939774
35 23 355 235 0.985219209943667 182.664481079848 5.74075632051024
35 24 355 245 0.589101844675901 182.924078754931 5.53185865153259
35 25 355 255 0.136573922999242 182.672638353786 5.25158283298616
35 26 355 265 -0.241971039907054 182.006063978581 5.05087816005999
35 27 355 275 -0.44110721085131 181.216744411267 5.01949674147907
35 28 355 285 -0.380360245244904 180.540513814746 5.18996414099904
35 29 355 295 0.0188950933086343 180.277925522886 5.54810609849719
35 30 355 305 0.868936485081738 180.486213448656 5.8567791912863
35 31 355 315 2.57191484350279 180.740211621139 5.86700333611924
35 32 355 325 6.03010625619003 180.67600247611 5.82678517241203
35 33 355 335 10.7671794499888 180.260104255893 5.91439563709069
35 34 355 345 13.9478232203199 179.996534035319 5.98608197681449
35 35 355 355 14.9215464281479 179.959738659216 5.99912428265471
