0 0 5 5 14.2530264674919 179.928670808242 5.99612927780938
0 1 5 15 14.1720737183843 179.925714867208 5.9945309987822
0 2 5 25 13.2122467697652 179.912931323328 5.97288971514152
0 3 5 35 10.752090615826 179.873241571707 5.88488565985122
0 4 5 45 7.02614850654864 179.796563788262 5.67287057109255
0 5 5 55 3.45774838089375 179.665319958569 5.34727578563529
0 6 5 65 1.13783909717476 179.391910144334 5.0117912167962
0 7 5 75 0.0132972537985325 178.883309286453 4.78140933791382
0 8 5 85 -0.400876988196708 178.25329703193 4.72861814507849
0 9 5 95 -0.424169494081283 177.808415387301 4.86195560973959
0 10 5 105 -0.198522013426418 177.770720323145 5.08618579417625
0 11 5 115 0.224084742380014 178.117324865874 5.27519117909695
0 12 5 125 0.795273482303481 178.64854062062 5.3982195667199
0 13 5 135 1.38521313339518 179.124617113404 5.4739608894864
0 14 5 145 1.85332280865493 179.439475149627 5.50099085691135
0 15 5 155 2.13956698080887 179.668170129625 5.4847341901701
0 16 5 165 2.2162803519414 179.848559252464 5.43479849203614
0 17 5 175 2.11482750044407 179.898031023346 5.36998925062984
0 18 5 185 2.00452910522821 179.801470970328 5.34102214756746
0 19 5 195 2.06951785058102 179.686899670688 5.39254226917869
0 20 5 205 2.29641050962884 179.665018244117 5.5259320443168
0 21 5 215 2.50548229820636 179.761363773516 5.73498080639582
0 22 5 225 2.55335981446132 179.971639188088 5.9891090002231
0 23 5 235 2.41525207323179 180.225053739366 6.18109538111155
0 24 5 245 2.13892176011778 180.414210943498 6.18993500181246
0 25 5 255 1.77722232325022 180.499931033611 5.99461667839283
0 26 5 265 1.38355618613296 180.485098869948 5.72248505945914
0 27 5 275 1.04940794143657 180.377970415597 5.5910949901551
0 28 5 285 0.8950476633378 180.247408973623 5.68576444865552
0 29 5 295 1.03221436995205 180.216770176587 5.8264005755117
0 30 5 305 1.61598474302996 180.293561834657 5.84340861486857
0 31 5 315 2.97173303808159 180.324915177141 5.81263076139836
0 32 5 325 5.4528326003526 180.223939026468 5.84451275991334
0 33 5 335 8.78872267574313 180.07326262352 5.9149008191096
0 34 5 345 11.8355646682473 179.973544992999 5.96683540008532
0 35 5 355 13.6282811726516 179.936530892578 5.98961065603303
1 0 15 5 14.25843855152 179.928355831545 5.99597851810976
1 1 15 15 14.1748312492005 179.925926710494 5.99443352802895
1 2 15 25 13.2091380412281 179.912646549282 5.97341857183002
1 3 15 35 10.7492535392653 179.865576104575 5.89077319249637
1 4 15 45 7.06235122387914 179.757520675174 5.69429083201297
1 5 15 55 3.56464426797204 179.547153473244 5.39141748455724
1 6 15 65 1.27763458018506 179.130478392555 5.07578291398409
1 7 15 75 0.121521730083778 178.422274628095 4.86594044031505
1 8 15 85 -0.332912565979888 177.590003686637 4.85172377496901
1 9 15 95 -0.352542539690801 177.022782683915 5.0473029938663
1 10 15 105 -0.0879653696481242 176.985985237091 5.33306665653402
1 11 15 115 0.358408664906561 177.430022705 5.53049861040305
1 12 15 125 0.916743177236772 178.08418597007 5.59304399772283
1 13 15 135 1.5157007268007 178.664460131505 5.60864880202598
1 14 15 145 2.08045325842773 179.089040329165 5.62645902017256
1 15 15 155 2.51226514611817 179.445091831287 5.61896303531722
1 16 15 165 2.6949820016783 179.715793007122 5.56918568502063
1 17 15 175 2.66386102054669 179.784164356185 5.52239384176348
1 18 15 185 2.65094612292927 179.669595893206 5.53795448202922
1 19 15 195 2.81843003078578 179.549561613119 5.61431778428422
1 20 15 205 3.0202590841409 179.557385381146 5.71457642926236
1 21 15 215 3.01111638950483 179.708321713057 5.84282533394375
1 22 15 225 2.78659723272147 179.976083563127 6.00148294134821
1 23 15 235 2.5064544509483 180.273745772548 6.12557594151471
1 24 15 245 2.26637517228671 180.474702784051 6.14087961864658
1 25 15 255 2.02600543805089 180.542059815946 6.03408196646327
1 26 15 265 1.70595315647417 180.511045439614 5.8634121284848
1 27 15 275 1.3557391973273 180.370031559174 5.76507555835924
1 28 15 285 1.15498957884303 180.135844082054 5.82685105115147
1 29 15 295 1.26386833569058 179.966361770889 5.91225191696954
1 30 15 305 1.83665227090561 179.977904584564 5.86668606428689
1 31 15 315 3.18114751680135 180.058749558038 5.78274838176211
1 32 15 325 5.62517782487059 180.06292515869 5.79702163314037
1 33 15 335 8.89609613783344 180.002912456887 5.88248735777858
1 34 15 345 11.8833339911937 179.952492041995 5.95469773650196
1 35 15 355 13.643987308092 179.932662957228 5.98729650811215
2 0 25 5 14.3058947652343 179.928150444787 5.99650325431926
2 1 25 15 14.2022306907404 179.926583864812 5.99529065429393
2 2 25 25 13.3246554769411 179.915293908718 5.98121172421366
2 3 25 35 11.0689792024948 179.869655600642 5.92802753589304
2 4 25 45 7.62066400976157 179.753969642448 5.80102865279493
2 5 25 55 4.24306773119952 179.517607137535 5.59399454788926
2 6 25 65 1.92201799352685 179.0571830515 5.35475732815422
2 7 25 75 0.668255165546305 178.304682614402 5.17777864590608
2 8 25 85 0.148053307681795 177.464010899516 5.17096305644786
2 9 25 95 0.145664699088032 176.938889991129 5.36632308045216
2 10 25 105 0.488005869425158 176.94456107185 5.63254491358425
2 11 25 115 0.973674822566894 177.38535878846 5.77080121571097
2 12 25 125 1.50072263221915 178.004762107168 5.75435522940923
2 13 25 135 2.14145865237163 178.552487775195 5.73140529151549
2 14 25 145 2.93740532108241 178.977864807864 5.76323033668854
2 15 25 155 3.67287508674652 179.367654328044 5.7745327750447
2 16 25 165 4.06542177920924 179.671141648394 5.73298176522815
2 17 25 175 4.15595350006981 179.762589064737 5.70712972464959
2 18 25 185 4.23204566131087 179.677225915745 5.74962832621864
2 19 25 195 4.38341423676628 179.586716336028 5.82102936193987
2 20 25 205 4.33302049781758 179.604536172926 5.86588555358762
2 21 25 215 3.88363104089846 179.738260284155 5.89764670976865
2 22 25 225 3.28709525726512 179.967953478439 5.94797053422956
2 23 25 235 2.89778128208494 180.223644504278 6.00096109664872
2 24 25 245 2.80524678319916 180.390910317417 6.02839823497521
2 25 25 255 2.77329234947038 180.43953464992 6.02843250676469
2 26 25 265 2.47949694861136 180.406715591345 6.00724971586672
2 27 25 275 1.95973835725899 180.246157885677 5.99701396346316
2 28 25 285 1.58169574778276 179.939249012964 6.03065339236545
2 29 25 295 1.60670548351523 179.679691988252 6.02370272085576
2 30 25 305 2.18812656752954 179.665565717663 5.90357179755598
2 31 25 315 3.6713482078808 179.812013394474 5.79391920815928
2 32 25 325 6.33757887707597 179.92105109132 5.81013342187866
2 33 25 335 9.66194961995499 179.944224843654 5.89664623446251
2 34 25 345 12.4051908154602 179.935812214628 5.96307922946327
2 35 25 355 13.8540848160496 179.92970461195 5.99008786382901
3 0 35 5 14.3568470043309 179.928023563563 5.99711239360281
3 1 35 15 14.2618551642044 179.92702005214 5.996551761921
3 2 35 25 13.5967726725824 179.9175026072 5.99177789083863
3 3 35 35 11.8058990121189 179.877383686436 5.97701106157186
3 4 35 45 8.85352645660774 179.778841568263 5.94237476698749
3 5 35 55 5.6327558948443 179.589590805161 5.87047151295846
3 6 35 65 3.11488790707184 179.222487981992 5.74571364220003
3 7 35 75 1.60397087091483 178.603399843506 5.60286567581919
3 8 35 85 0.971463110877108 177.917635740713 5.55443310864868
3 9 35 95 1.06941368913762 177.536597744917 5.67915677503934
3 10 35 105 1.68886641491983 177.605493581975 5.87077319371657
3 11 35 115 2.40321476538418 177.981967233102 5.93515968783979
3 12 35 125 2.92697088021793 178.462159232754 5.86034327169805
3 13 35 135 3.54799537162003 178.882906330831 5.81079447535682
3 14 35 145 4.62824355177866 179.212283424021 5.8464747597045
3 15 35 155 5.86774362687537 179.50697455251 5.87728305417768
3 16 35 165 6.676440961357 179.732236422038 5.86005625309327
3 17 35 175 6.95837568470525 179.813619147946 5.85022795451753
3 18 35 185 6.96379054735102 179.783632293801 5.88400560685168
3 19 35 195 6.72072837411092 179.747044332186 5.92383250821265
3 20 35 205 6.05940517184633 179.761373951846 5.92703972718139
3 21 35 215 5.09768766740572 179.828941475245 5.9036950999947
3 22 35 225 4.26553362028701 179.954645219385 5.88955804088079
3 23 35 235 3.8790696757235 180.107639609923 5.90741664132509
3 24 35 245 3.97545172431497 180.201238958757 5.97111725005513
3 25 35 255 4.1363823258388 180.205011157764 6.09794221872918
3 26 35 265 3.75586668830496 180.150983216055 6.27709076758572
3 27 35 275 2.89824372465632 179.987111980994 6.43419366708443
3 28 35 285 2.23138610576335 179.679510869253 6.46432699144481
3 29 35 295 2.13528314838863 179.425118853662 6.30293875244485
3 30 35 305 2.70421823187079 179.447401153183 6.03197011904095
3 31 35 315 4.29918869135312 179.663312342268 5.85560309103105
3 32 35 325 7.15678102713634 179.843505956036 5.8536896280357
3 33 35 335 10.4937646360552 179.913858051597 5.92576483336582
3 34 35 345 12.9540837122928 179.927227350559 5.97625587376302
3 35 35 355 14.0705769017545 179.928100097392 5.99373171400147
4 0 45 5 14.3859892934876 179.927997545765 5.99744282780432
4 1 45 15 14.3320980855101 179.927389891842 5.99738287951735
4 2 45 25 13.9398123839156 179.921267531273 5.99797671048217
4 3 45 35 12.7602379661916 179.897239636875 6.00536453018957
4 4 45 45 10.4908032057856 179.845752776872 6.02923716486957
4 5 45 55 7.49546160075361 179.752322183398 6.05759828856692
4 6 45 65 4.66478668491165 179.532592325098 6.03598434055307
4 7 45 75 2.73609746187632 179.089519259346 5.93466878341223
4 8 45 85 1.94386129544657 178.566190620971 5.84808883933453
4 9 45 95 2.26824412698031 178.302028893555 5.89649524374824
4 10 45 105 3.44214653724026 178.421951959197 6.0120789703376
4 11 45 115 4.62848834163643 178.753027550152 6.02248053055021
4 12 45 125 5.09461893826554 179.099197020645 5.92368203270319
4 13 45 135 5.35760517506336 179.371410392733 5.85928511588202
4 14 45 145 6.4360283516318 179.570354216519 5.88315217942127
4 15 45 155 8.19102246624479 179.726571803598 5.92433936760124
4 16 45 165 9.62048535959058 179.83428111966 5.93461478489556
4 17 45 175 10.2251420917634 179.878731149185 5.93566487043094
4 18 45 185 10.0744215809648 179.883869459363 5.94857740106372
4 19 45 195 9.21449303950535 179.890492825651 5.9588190439103
4 20 45 205 7.85917370922927 179.909959075636 5.94722608098188
4 21 45 215 6.60646976986729 179.933582058324 5.9170704621952
4 22 45 225 5.81490591978825 179.972635805724 5.89292665158777
4 23 45 235 5.43066130701518 180.02367891264 5.91207048513626
4 24 45 245 5.42241345112237 180.031379600666 6.01620861501042
4 25 45 255 5.43207825004354 179.975737400979 6.24994251060548
4 26 45 265 4.82709764253558 179.89403466503 6.6151597820156
4 27 45 275 3.74593927304876 179.743473467345 6.95702906177269
4 28 45 285 3.00433655856329 179.483476972134 7.01362254511559
4 29 45 295 2.93915225354901 179.297088501947 6.70144187011371
4 30 45 305 3.52666897184707 179.387392719246 6.24985959573105
4 31 45 315 5.14736133601005 179.647197576136 5.96273116790678
4 32 45 325 8.00076176098442 179.842701208098 5.90765784754748
4 33 45 335 11.1622368172972 179.914372960722 5.95085782395396
4 34 45 345 13.3169903905213 179.927068661968 5.98516545171533
4 35 45 355 14.1937588692215 179.927939125883 5.99582776996703
5 0 55 5 14.3926950310886 179.928115832712 5.99750851280732
5 1 55 15 14.3787482304348 179.927814490553 5.99759245105789
5 2 55 25 14.1900112294609 179.925880272955 5.99890194963602
5 3 55 35 13.4813237716284 179.921005216472 6.00868315385036
5 4 55 45 11.7799566695302 179.917973096664 6.04241141996441
5 5 55 55 9.03374211483325 179.905683828902 6.0997071722409
5 6 55 65 6.01226109906171 179.79625671533 6.12730188820969
5 7 55 75 3.7832107104957 179.486031973155 6.07100303383997
5 8 55 85 2.92765928767129 179.081235143367 5.99632883930689
5 9 55 95 3.56674953511493 178.879162689111 6.0174633769173
5 10 55 105 5.33125869295108 179.011091426361 6.08583150917194
5 11 55 115 6.90724538026598 179.313025305616 6.06475597495067
5 12 55 125 7.08262402789028 179.578006470076 5.96353004188889
5 13 55 135 6.58973964699573 179.745585319379 5.89528304422014
5 14 55 145 7.1911640122793 179.844963407628 5.90374072494445
5 15 55 155 9.15322212046212 179.900563839635 5.94378599517539
5 16 55 165 11.1827575497275 179.925178229072 5.97010914427832
5 17 55 175 12.2365886568397 179.934022405868 5.97922152484636
5 18 55 185 12.1142237408065 179.942609742627 5.98235335647221
5 19 55 195 10.9485463501017 179.964005695064 5.9814077853915
5 20 55 205 9.30491261180998 179.993863076344 5.97187977683238
5 21 55 215 8.07384379313385 180.012912320713 5.95379854145769
5 22 55 225 7.43391814603239 180.024753745959 5.94563240854945
5 23 55 235 6.94013620370286 180.036601586173 5.98676454691127
5 24 55 245 6.47848375174115 180.007612026939 6.11928654403549
5 25 55 255 5.97564831591243 179.921003433247 6.38861560051259
5 26 55 265 5.1388293606128 179.827105865601 6.80762821590733
5 27 55 275 4.18946074607164 179.708561851058 7.20545621531328
5 28 55 285 3.78605726768687 179.525698766595 7.26634326174216
5 29 55 295 4.0308004580506 179.420490346996 6.90366294846279
5 30 55 305 4.79472350198634 179.534700501818 6.39443194478807
5 31 55 315 6.48060267161414 179.750730459577 6.05799058404268
5 32 55 325 9.17490153211606 179.888104458958 5.95848924129761
5 33 55 335 11.9021004610264 179.927145520742 5.97040973879862
5 34 55 345 13.6118962689772 179.929566746637 5.99025035085351
5 35 55 355 14.257127580777 179.928395435254 5.99663427238409
6 0 65 5 14.3263721255218 179.929254700989 5.99700875169168
6 1 65 15 14.3630999534593 179.928603668277 5.9972574204371
6 2 65 25 14.2397120264594 179.929622188911 5.99749818325697
6 3 65 35 13.6296840156077 179.938034138626 6.00177411664875
6 4 65 45 12.0351919978825 179.965522348523 6.02125789641999
6 5 65 55 9.36910180167294 180.00018410887 6.06033904913961
6 6 65 65 6.43247621468063 179.959972029985 6.08692117415764
6 7 65 75 4.34213972100574 179.755722484995 6.0599513100402
6 8 65 85 3.71442785849826 179.464116201239 6.01726985026195
6 9 65 95 4.6761701923358 179.313052638586 6.03547050208416
6 10 65 105 6.70507978122367 179.417169477438 6.07992675982367
6 11 65 115 8.19204616333847 179.657979218695 6.05726492876543
6 12 65 125 7.84721642636677 179.863816736522 5.97819463402034
6 13 65 135 6.64396936607653 179.980196115006 5.92098871998413
6 14 65 145 6.65819806870522 180.029577929765 5.92108806525484
6 15 65 155 8.42805269032686 180.034398206223 5.95537489313749
6 16 65 165 10.6731750542642 180.022968095331 5.98751504388275
6 17 65 175 12.0411693020676 180.016161731329 6.00308689789727
6 18 65 185 12.1269526176272 180.013158188489 6.00717282480366
6 19 65 195 11.1084239060976 180.023794154962 6.00943881987469
6 20 65 205 9.60517514704573 180.055578739619 6.01012042025749
6 21 65 215 8.47493867306246 180.087287678078 6.00365349324497
6 22 65 225 7.85995884235618 180.117479872701 6.01128494272018
6 23 65 235 7.26695227059359 180.162139424222 6.07914685264244
6 24 65 245 6.53423303906875 180.170844212086 6.2244336423171
6 25 65 255 5.77919563653965 180.095188571135 6.45070744221189
6 26 65 265 4.98547236138245 179.994728843543 6.7702543798305
6 27 65 275 4.34537725887253 179.915751187473 7.06519376863983
6 28 65 285 4.33423004254907 179.834659465098 7.08959210704627
6 29 65 295 4.97830753506975 179.798809650949 6.79258429011063
6 30 65 305 6.14776664563546 179.855433640924 6.39425149586586
6 31 65 315 8.09011576368371 179.926345583847 6.11489585504057
6 32 65 325 10.5737142369081 179.946104825063 6.00367155504164
6 33 65 335 12.6671916286867 179.938144822209 5.98755575560524
6 34 65 345 13.796959710667 179.932122821993 5.99313954701692
6 35 65 355 14.2000265242317 179.930327499281 5.9961788626587
7 0 75 5 14.0055669861102 179.934363671668 5.99461722613517
7 1 75 15 14.1995874207597 179.931719184106 5.9954277084885
7 2 75 25 14.0236955489932 179.935460704285 5.99301994884998
7 3 75 35 13.1258742518123 179.954715897437 5.98879360188001
7 4 75 45 11.1651026148101 180.004854426341 5.98969808725168
7 5 75 55 8.37865594738954 180.072550120442 6.00101252036077
7 6 75 65 5.74108249102432 180.079516809492 6.00898335410362
7 7 75 75 4.15630260290748 179.957762138162 5.99058005580484
7 8 75 85 3.94186834198875 179.774067598928 5.96298710713783
7 9 75 95 5.07492748561375 179.682788874288 5.97256348835287
7 10 75 105 6.93624454522492 179.752517562401 6.00634113759031
7 11 75 115 7.97151186657735 179.912888329777 6.00738027974041
7 12 75 125 7.22786024721654 180.058455112337 5.96934045956375
7 13 75 135 5.82920634044155 180.14101962367 5.9343045017968
7 14 75 145 5.55857529099397 180.165023496932 5.9342424468865
7 15 75 155 6.84379364356444 180.157439531551 5.96448755004802
7 16 75 165 8.66977225414951 180.15873816045 5.9999271617514
7 17 75 175 9.87306026566356 180.171749595971 6.02204944633077
7 18 75 185 10.0843058936613 180.158978365792 6.02952945783936
7 19 75 195 9.44476289030485 180.135076810273 6.03637756634309
7 20 75 205 8.35533536025889 180.143912404496 6.04587937440379
7 21 75 215 7.38360974459399 180.175037927109 6.0427735759381
7 22 75 225 6.69535040302879 180.222713733585 6.04712131205669
7 23 75 235 6.07434831537845 180.311781556565 6.11615493402359
7 24 75 245 5.4698719671437 180.383495126244 6.24735839616798
7 25 75 255 4.97610611874524 180.353685562313 6.39908435610302
7 26 75 265 4.51147805185417 180.278181157435 6.5832841611612
7 27 75 275 4.1135641748665 180.256200238055 6.75809282576278
7 28 75 285 4.23095823428366 180.264086112806 6.77160238378918
7 29 75 295 5.10912533194707 180.242489843732 6.59109071315888
7 30 75 305 6.72929318461582 180.178855510152 6.34621076710194
7 31 75 315 9.00725335749589 180.077367891501 6.14832955014183
7 32 75 325 11.3074339598787 179.985372090772 6.03749817172501
7 33 75 335 12.8100673763685 179.944941347227 5.99854051578135
7 34 75 345 13.4273082427512 179.939525041818 5.99158863361953
7 35 75 355 13.7094327427307 179.938570795839 5.99244723097407
8 0 85 5 13.2929790060948 179.945971336028 5.98910679710619
8 1 85 15 13.784455138766 179.940617558676 5.99003635610094
8 2 85 25 13.4244942735836 179.951084036828 5.98032906452802
8 3 85 35 11.9622605757998 179.985046605076 5.96161419398462
8 4 85 45 9.50419736599037 180.0581868658 5.94406301867957
8 5 85 55 6.70102798971494 180.155747101995 5.93498938207685
8 6 85 65 4.50439898526961 180.192827436732 5.92581283153163
8 7 85 75 3.43646732342415 180.116397255048 5.90110249874971
8 8 85 85 3.47733665643726 180.00648317172 5.87185974289029
8 9 85 95 4.46873776023033 179.968865013144 5.87533019070614
8 10 85 105 5.87120192874895 180.02546861241 5.91379070197691
8 11 85 115 6.5061844703531 180.131896525602 5.94473662272531
8 12 85 125 5.81303752699828 180.224468849002 5.94077660378715
8 13 85 135 4.76772359158914 180.260309574283 5.92272694844285
8 14 85 145 4.54503677585754 180.250883645873 5.92650840199621
8 15 85 155 5.28092391297051 180.246773999943 5.95824442033434
8 16 85 165 6.29682828342087 180.292742983271 5.9983609018765
8 17 85 175 6.93657838330835 180.355725473763 6.02646651416683
8 18 85 185 7.09776507901027 180.347221297016 6.03485973244779
8 19 85 195 6.91972836086459 180.277033804184 6.03757387739281
8 20 85 205 6.51079524002452 180.231733059765 6.04376255220099
8 21 85 215 5.95647433487282 180.229238579447 6.03322206292123
8 22 85 225 5.26843054799126 180.259590654936 6.01081603538413
8 23 85 235 4.57189593791186 180.344627334016 6.03270627866298
8 24 85 245 4.07820300615108 180.442538729342 6.10641563223782
8 25 85 255 3.8176197918513 180.482236509648 6.190934982137
8 26 85 265 3.58851785283452 180.505288867517 6.30441535589306
8 27 85 275 3.33240868567222 180.583109568363 6.44473448527564
8 28 85 285 3.44899836173073 180.640808645055 6.50030437091468
8 29 85 295 4.33655636014322 180.562429568558 6.41992687693611
8 30 85 305 6.08856905476042 180.359289438869 6.27706955596053
8 31 85 315 8.44972070319276 180.130294494378 6.13829890038884
8 32 85 325 10.6293721686666 179.984139296589 6.04112511175575
8 33 85 335 11.8353208422221 179.94649808655 5.99597760256757
8 34 85 345 12.186964535413 179.955466867232 5.9829861821565
8 35 85 355 12.5650387318103 179.956667160897 5.98381923337242
9 0 95 5 12.5502769363928 179.958598189493 5.98279838858451
9 1 95 15 13.2212681758837 179.954504770817 5.98081703268619
9 2 95 25 12.4656617713826 179.979896026262 5.95736372076584
9 3 95 35 10.3196026975842 180.036789183326 5.91799866393162
9 4 95 45 7.54379352758055 180.136410555828 5.88222432231656
9 5 95 55 5.02715165267131 180.263607715649 5.85519242388722
9 6 95 65 3.33487694173389 180.3190117542 5.81742417215759
9 7 95 75 2.57715360554816 180.246493598587 5.75814206374784
9 8 95 85 2.60184320601956 180.151358129301 5.70806160260606
9 9 95 95 3.24064384151236 180.142942524888 5.71739789768166
9 10 95 105 4.12860584293371 180.226524911925 5.78668738638434
9 11 95 115 4.55608858905206 180.340005614802 5.85545017473295
9 12 95 125 4.23440651274135 180.397214189156 5.87449926429633
9 13 95 135 3.78389147484454 180.359859517032 5.86676658757927
9 14 95 145 3.80603267996322 180.285892995619 5.879746695638
9 15 95 155 4.22294058306959 180.266084910701 5.91770340274245
9 16 95 165 4.61604843885721 180.340456164182 5.95885502472353
9 17 95 175 4.75101224402639 180.444437365369 5.9870271205247
9 18 95 185 4.77700109352963 180.456286529204 5.9934735536516
9 19 95 195 4.90433958224838 180.365710941756 5.98743115389036
9 20 95 205 5.08173720624294 180.273136109968 5.98456067770958
9 21 95 215 4.99072529237628 180.226502225075 5.96858025223845
9 22 95 225 4.40860730891346 180.216607541625 5.91773189705446
9 23 95 235 3.63080490356676 180.253703716685 5.86599384492418
9 24 95 245 3.05949009847357 180.331088043092 5.85239613108698
9 25 95 255 2.72959675057907 180.430310000211 5.88218892148263
9 26 95 265 2.48426115149618 180.575648039772 5.97789822340032
9 27 95 275 2.29184160722973 180.754657428427 6.11995651444313
9 28 95 285 2.40391452275432 180.827738714632 6.19543582106392
9 29 95 295 3.14462908837461 180.684994069322 6.15853145183302
9 30 95 305 4.68661985976381 180.395448062619 6.08656438107492
9 31 95 315 6.9195783736003 180.114028853829 6.03049531841993
9 32 95 325 9.16780976964855 179.962962824692 5.99571419574946
9 33 95 335 10.4745373860549 179.945166363056 5.97846649260698
9 34 95 345 10.8398095144658 179.971246595187 5.97184569774602
9 35 95 355 11.407818862906 179.974817256563 5.97492667567012
10 0 105 5 12.4142937062734 179.96043670673 5.98058941537195
10 1 105 15 12.8188832478861 179.963199201251 5.9720798791948
10 2 105 25 11.5559223900111 180.005235492593 5.93397782688612
10 3 105 35 8.89167148579126 180.08660070158 5.87456193095123
10 4 105 45 6.00385118761582 180.210362860342 5.81506016666117
10 5 105 55 3.79894233236189 180.350470181945 5.74605322998996
10 6 105 65 2.42496953490097 180.393050897525 5.63415528344446
10 7 105 75 1.73087165701541 180.286527627083 5.49054891986624
10 8 105 85 1.59713883403095 180.178298205632 5.39122836057953
10 9 105 95 1.91239005247014 180.218733744147 5.41190788561574
10 10 105 105 2.43832432851371 180.402021243573 5.54229319854961
10 11 105 115 2.79986532577648 180.58768717748 5.68204039921725
10 12 105 125 2.86642783875355 180.612868323941 5.74931038107651
10 13 105 135 2.93365480227639 180.462195658107 5.76975764527154
10 14 105 145 3.21382335944047 180.282871342067 5.79725589283928
10 15 105 155 3.54948047257382 180.217176062348 5.8293888764099
10 16 105 165 3.70239386910988 180.28728524131 5.85195903613111
10 17 105 175 3.63779353254985 180.402155090761 5.86874466287656
10 18 105 185 3.56020429001533 180.438044591918 5.87540226607431
10 19 105 195 3.68940518426888 180.366027048222 5.87254580881633
10 20 105 205 3.96999753165549 180.265429621173 5.88206910562112
10 21 105 215 4.03015542648153 180.195094336021 5.89437619764123
10 22 105 225 3.59573724093599 180.151194583629 5.84890350122993
10 23 105 235 2.90162503886665 180.137474261558 5.73725295313958
10 24 105 245 2.29868345761378 180.180976633554 5.63445247808872
10 25 105 255 1.85142120319335 180.313851088915 5.60676891018445
10 26 105 265 1.52672317112981 180.545240326505 5.66866547425306
10 27 105 275 1.35020106261038 180.784505885683 5.75863677409002
10 28 105 285 1.44405049265634 180.856979273056 5.77603733463991
10 29 105 295 2.02897904437846 180.69280094778 5.73340509465863
10 30 105 305 3.39187616036577 180.397007974212 5.74139243951826
10 31 105 315 5.68938499417334 180.119884116624 5.81994987900056
10 32 105 325 8.34473309491146 179.968312873215 5.90558124639641
10 33 105 335 10.1186136094326 179.946337690298 5.95361630899267
10 34 105 345 10.7373552417466 179.970834954674 5.96788190942763
10 35 105 355 11.3543173112834 179.974906615594 5.97418434977216
11 0 115 5 12.6713564615368 179.949780973219 5.98101038995908
11 1 115 15 12.4803928830116 179.957863625295 5.96661287345709
11 2 115 25 10.9750393682248 180.00130387878 5.92303052235837
11 3 115 35 8.2937970684236 180.084739823219 5.85202099745617
11 4 115 45 5.39991705112434 180.203152730626 5.75670902329742
11 5 115 55 3.16291455664522 180.309516134134 5.60740499621667
11 6 115 65 1.72219693794115 180.29768915092 5.37860083746189
11 7 115 75 0.890550329612167 180.166539145562 5.12495284637908
11 8 115 85 0.56115191582566 180.11018251078 4.96122719701121
11 9 115 95 0.6540605099793 180.281643630069 4.9777384209302
11 10 115 105 1.00838104398545 180.613097677195 5.16910444009822
11 11 115 115 1.41535736177459 180.862484718279 5.41786828849745
11 12 115 125 1.7797018832985 180.816528599988 5.59573998621587
11 13 115 135 2.1596449483306 180.51930659632 5.6827871485234
11 14 115 145 2.55584790428888 180.219221693038 5.71424294755028
11 15 115 155 2.83894708597655 180.104869931744 5.70089763362474
11 16 115 165 2.92865632946681 180.168436991789 5.66809787951567
11 17 115 175 2.87074713491945 180.287140185034 5.65690485010148
11 18 115 185 2.78654143550195 180.342115616061 5.66613374881988
11 19 115 195 2.79684382074731 180.290364866095 5.68263195184099
11 20 115 205 2.88681382285724 180.183823213971 5.73688526916414
11 21 115 215 2.86546095791332 180.092965315871 5.82887078593963
11 22 115 225 2.57141328961245 180.035764435462 5.8477576159071
11 23 115 235 2.08956033439888 180.012763551181 5.72030137511609
11 24 115 245 1.58928946981583 180.058061154715 5.54514288973051
11 25 115 255 1.14228599144205 180.227988560268 5.44688488952251
11 26 115 265 0.80326875121596 180.523626351897 5.43077628326734
11 27 115 275 0.628962763668678 180.808620977102 5.41360073325857
11 28 115 285 0.69004106446286 180.897307795103 5.34382857534171
11 29 115 295 1.18826946202548 180.74896081766 5.29801862131703
11 30 115 305 2.54774354640411 180.470263950589 5.3915257928078
11 31 115 315 5.12687141060825 180.186390857524 5.60438121415514
11 32 115 325 8.36187801887037 179.999839961133 5.81451141941295
11 33 115 335 10.7865445772306 179.941921623996 5.9350269617377
11 34 115 345 11.7975159663042 179.950156691017 5.97333903368978
11 35 115 355 12.2450366907321 179.955909238342 5.9803630964347
12 0 125 5 12.2296252206712 179.938419644609 5.97343813821731
12 1 125 15 11.5597677516196 179.944555576155 5.95707696898352
12 2 125 25 10.3232763251784 179.96904431341 5.91865500033346
12 3 125 35 8.19668850327949 180.018534868901 5.84542375874039
12 4 125 45 5.43436508161347 180.08374813133 5.71381401117563
12 5 125 55 2.92344982537652 180.110657045773 5.48772691434562
12 6 125 65 1.19448627820427 180.035146880125 5.17129456544636
12 7 125 75 0.167625320977821 179.930587751362 4.85148292077231
12 8 125 85 -0.334311302949755 180.001030120816 4.64373533743483
12 9 125 95 -0.396442441636923 180.327988027905 4.63541095750168
12 10 125 105 -0.10471496099292 180.740015223649 4.85247415940606
12 11 125 115 0.401003913100258 180.942878494362 5.20565537327268
12 12 125 125 0.9647026027218 180.775036868104 5.52077945666656
12 13 125 135 1.47461868927632 180.372119237442 5.68275389325376
12 14 125 145 1.85665353509851 180.028630244711 5.69162107449695
12 15 125 155 2.06671517253091 179.920009975702 5.59753461162631
12 16 125 165 2.13709508717203 179.996273277296 5.48035753729322
12 17 125 175 2.1346484297306 180.122208062593 5.4193493774367
12 18 125 185 2.09396492661672 180.189884994686 5.41587766412888
12 19 125 195 2.04448798268283 180.139122270729 5.44366986419868
12 20 125 205 2.00253946095476 179.999201189847 5.54226566120202
12 21 125 215 1.92647620146291 179.866858981602 5.72505946944141
12 22 125 225 1.7438983872857 179.810678851399 5.84497210755317
12 23 125 235 1.43973567095647 179.839065256445 5.76240091303579
12 24 125 245 1.06270003019551 179.954074464617 5.56383328353183
12 25 125 255 0.675483272921986 180.185470830943 5.40684409389925
12 26 125 265 0.355357649597613 180.525664321056 5.30495308097384
12 27 125 275 0.167195594809972 180.839420306971 5.19016056370652
12 28 125 285 0.181163901492158 180.955939912816 5.06804599192168
12 29 125 295 0.609704637986046 180.836946583123 5.03973729926211
12 30 125 305 1.9328787510075 180.558642873893 5.19203681660962
12 31 125 315 4.6099810270841 180.23327663942 5.48313111716156
12 32 125 325 8.18770512628772 179.995352784895 5.76868321392231
12 33 125 335 11.1506064672843 179.911639907127 5.93243687630167
12 34 125 345 12.4821877221714 179.919787174509 5.97991876313271
12 35 125 355 12.5922224424913 179.935551453271 5.98057967274943
13 0 135 5 10.8042334339635 179.934679763735 5.95360353290819
13 1 135 15 10.1217892672738 179.934895082022 5.93902953474461
13 2 135 25 9.50877234152905 179.934794175953 5.90919554072118
13 3 135 35 8.10569575551253 179.934845479844 5.83874320252496
13 4 135 45 5.554370830527 179.92045153325 5.69288733651761
13 5 135 55 2.83876707395993 179.846609703573 5.453738213318
13 6 135 65 0.910891601602077 179.706053871693 5.14993570688067
13 7 135 75 -0.207442431331409 179.629900564425 4.85419881447325
13 8 135 85 -0.786810500853359 179.786966397153 4.650136618546
13 9 135 95 -0.928212265135492 180.160077286142 4.62411095374116
13 10 135 105 -0.660970666740723 180.504207104721 4.8342480632507
13 11 135 115 -0.10452472351038 180.559099443916 5.22072553769665
13 12 135 125 0.523934552000721 180.298442791838 5.58884419207492
13 13 135 135 1.04052022235988 179.94550742673 5.76616546940348
13 14 135 145 1.37690375136702 179.742973457733 5.74040553427079
13 15 135 155 1.54965226160128 179.750025754185 5.58466760493757
13 16 135 165 1.62178359804813 179.855561756779 5.39601684793053
13 17 135 175 1.64610896697992 179.961307263931 5.27876370069681
13 18 135 185 1.6276021802037 180.014535897904 5.24619041754396
13 19 135 195 1.5769872495479 179.956635652575 5.2662124478476
13 20 135 205 1.52828355749788 179.786828488864 5.37703292632505
13 21 135 215 1.4805005801389 179.607011030947 5.59404661895562
13 22 135 225 1.37476310234513 179.546054875766 5.77272082166778
13 23 135 235 1.16280263156535 179.651469054945 5.75770911626917
13 24 135 245 0.863981388924435 179.872691805555 5.5975148127319
13 25 135 255 0.529843349752835 180.148680102605 5.43194160683904
13 26 135 265 0.220480180800056 180.451614246147 5.2884428639094
13 27 135 275 -0.00114450539930969 180.71024783949 5.13344349797977
13 28 135 285 -0.0475597425646534 180.822721724112 5.00207760946657
13 29 135 295 0.290650212695602 180.751278179546 4.98590726798757
13 30 135 305 1.44789333737891 180.512981625193 5.15398299892211
13 31 135 315 3.9101564952803 180.187701460228 5.46772432635278
13 32 135 325 7.45731133487262 179.939261349757 5.77527789876344
13 33 135 335 10.6490181356445 179.865492127656 5.94345947305955
13 34 135 345 12.0239488416431 179.894894214296 5.98000305508728
13 35 135 355 11.6914977346272 179.925973620355 5.96764512761901
14 0 145 5 9.76414687106331 179.935517859175 5.93823110979651
14 1 145 15 9.54181328118275 179.931886585416 5.9295126914436
14 2 145 25 9.5008857587716 179.918879357076 5.90831065694932
14 3 145 35 8.41422629724389 179.888342359019 5.84428361950182
14 4 145 45 5.84339305653582 179.811426679347 5.71376587856159
14 5 145 55 2.97241794875825 179.643418225509 5.53363681749541
14 6 145 65 0.971872398997347 179.418893796337 5.33629690195579
14 7 145 75 -0.118433897533049 179.300120514155 5.13480803606088
14 8 145 85 -0.656126232120354 179.407654457792 4.96896168648396
14 9 145 95 -0.786049117973875 179.662557092651 4.9383790098615
14 10 145 105 -0.539118740411494 179.8366515925 5.11147480415872
14 11 145 115 -0.0345270281375153 179.772767651968 5.42122797097173
14 12 145 125 0.521430436793529 179.557301408126 5.6978150811678
14 13 145 135 0.978009350298177 179.429852029827 5.81365138150944
14 14 145 145 1.29012433745326 179.516183368555 5.77212856812559
14 15 145 155 1.46083221551538 179.717160770641 5.61588308157406
14 16 145 165 1.52300140332847 179.858634960411 5.41089826116062
14 17 145 175 1.52694161491958 179.904864885623 5.27438571635759
14 18 145 185 1.50114430442546 179.90141355633 5.2384392143027
14 19 145 195 1.46941937982779 179.832264856308 5.26728455530252
14 20 145 205 1.45699650219506 179.662519633973 5.37733264589159
14 21 145 215 1.44761369114958 179.459647489519 5.55637978985447
14 22 145 225 1.3764904705484 179.388916560217 5.6881834875015
14 23 145 235 1.19894808057727 179.54290956662 5.68186069016548
14 24 145 245 0.940764162199419 179.821238186766 5.57985161231494
14 25 145 255 0.644032267835941 180.0648970867 5.46723641348225
14 26 145 265 0.340967020621767 180.237822625547 5.35180645770035
14 27 145 275 0.0835892444445212 180.363773386615 5.21236263764336
14 28 145 285 -0.0233525491254849 180.43816005278 5.08367673094018
14 29 145 295 0.229159567772084 180.440847077659 5.049376690427
14 30 145 305 1.21373541754877 180.324864065055 5.19573221118644
14 31 145 315 3.40702064746515 180.094615616169 5.49995099076826
14 32 145 325 6.78112174143496 179.893580132391 5.79928572930104
14 33 145 335 9.97752388779224 179.842466129273 5.95313236920787
14 34 145 345 11.2441057731826 179.886139743735 5.97518676174778
14 35 145 355 10.6435452784902 179.924970084734 5.95363312267281
15 0 155 5 10.4285625440064 179.934888221824 5.94617235116578
15 1 155 15 10.6642311002324 179.93155597822 5.94454480432401
15 2 155 25 10.7763020338221 179.920698126527 5.93062209469017
15 3 155 35 9.50018245757014 179.890016783767 5.87552619120124
15 4 155 45 6.6387003352248 179.795201656855 5.77402398724221
15 5 155 55 3.52342340445408 179.582642654766 5.67490264104236
15 6 155 65 1.39768689398752 179.300044993561 5.60558187387242
15 7 155 75 0.324039488730675 179.101101547155 5.5141353118044
15 8 155 85 -0.13267126383326 179.060114704733 5.3937877298374
15 9 155 95 -0.215748924705671 179.105971667362 5.35418239148625
15 10 155 105 -0.0078476591820319 179.121453790247 5.46304640792061
15 11 155 115 0.380704684664283 179.061139527169 5.63499636653734
15 12 155 125 0.812408879103939 179.009319675931 5.75569359905656
15 13 155 135 1.21456845920007 179.124717701639 5.7892449983095
15 14 155 145 1.55488361680761 179.438780344003 5.74864324029887
15 15 155 155 1.77653147458739 179.775183018907 5.6280028029275
15 16 155 165 1.85779489082819 179.93978729939 5.460074913455
15 17 155 175 1.85154281088596 179.93577490168 5.35514053929088
15 18 155 185 1.80689240533378 179.879873538151 5.35057809096018
15 19 155 195 1.76200350056842 179.805619215914 5.40926909054965
15 20 155 205 1.74869584790722 179.663128612937 5.51956840483743
15 21 155 215 1.73413713333608 179.484432918367 5.6286408931034
15 22 155 225 1.63816285560294 179.426426253182 5.64958070364842
15 23 155 235 1.43467274071185 179.575431033109 5.59181535818299
15 24 155 245 1.17468561071985 179.804630291795 5.53762037946028
15 25 155 255 0.896983528287152 179.948250928588 5.52007633165386
15 26 155 265 0.601851198799849 180.009402592877 5.48841340518038
15 27 155 275 0.317860204644866 180.057497966688 5.38853988781786
15 28 155 285 0.159835658846135 180.117812641596 5.2380782999024
15 29 155 295 0.347064363906808 180.184550598846 5.1378722918884
15 30 155 305 1.22881381051202 180.185680532702 5.2238995946834
15 31 155 315 3.27693712592496 180.061642603775 5.49962627400563
15 32 155 325 6.55819619604061 179.909426687439 5.79064392385843
15 33 155 335 9.80517762709952 179.859885954272 5.9450648035855
15 34 155 345 11.2255121056604 179.892755537259 5.97221524496979
15 35 155 355 10.878711263327 179.925754289384 5.95605789462455
16 0 165 5 12.2182176097051 179.931924179879 5.96972672716895
16 1 165 15 12.5119260315314 179.930676811473 5.97120577272534
16 2 165 25 12.4263931966281 179.927102263182 5.96151876084935
16 3 165 35 10.9333393709654 179.911018718981 5.91689442515004
16 4 165 45 7.90124839362374 179.839579727036 5.83944645500251
16 5 165 55 4.53846276689244 179.663247336433 5.78721061904823
16 6 165 65 2.16683696859077 179.415382513963 5.79234130699434
16 7 165 75 1.00327720498164 179.191671044379 5.78328288615517
16 8 165 85 0.555629960941746 179.023896186476 5.7137481418586
16 9 165 95 0.454893024134965 178.900327350081 5.67221758546277
16 10 165 105 0.579776662941385 178.832085944647 5.72826071833858
16 11 165 115 0.855075537140951 178.830293952281 5.80669160339639
16 12 165 125 1.20936800306312 178.905615856156 5.83872942707478
16 13 165 135 1.6304582146094 179.121192898593 5.83192259014085
16 14 165 145 2.10729837047289 179.472559169978 5.78630430315804
16 15 165 155 2.54314976589934 179.799468232438 5.68647224332052
16 16 165 165 2.85207977233794 179.949314530596 5.56440954358799
16 17 165 175 3.00874386532236 179.942294610481 5.49881866836949
16 18 165 185 2.96551847995199 179.890641458069 5.50906221196764
16 19 165 195 2.78234295596954 179.832813583396 5.56442402235874
16 20 165 205 2.62639678498786 179.733872646166 5.64690482549556
16 21 165 215 2.49706802553576 179.624614724411 5.69372496282775
16 22 165 225 2.26977859666063 179.613646346737 5.6419613801867
16 23 165 235 1.96353240377481 179.721820439106 5.55218742030246
16 24 165 245 1.67503106213738 179.826749872944 5.53170347438233
16 25 165 255 1.40084432273204 179.859763907843 5.596375062496
16 26 165 265 1.07886646901673 179.910243015718 5.66156395561766
16 27 165 275 0.729345470430471 180.023290694549 5.62607470889652
16 28 165 285 0.506643697429505 180.138652785672 5.46126152637268
16 29 165 295 0.651688202362135 180.22412104306 5.27293360416197
16 30 165 305 1.50539752405372 180.240126723163 5.25845507760555
16 31 165 315 3.52361893977271 180.136044655636 5.47473696686757
16 32 165 325 6.78908201941485 179.983179233778 5.75399228040289
16 33 165 335 10.1612680001201 179.9057680643 5.92442332917632
16 34 165 345 11.9995135767442 179.908370980179 5.97350690498675
16 35 165 355 12.2478105323616 179.926131654207 5.97265885787261
17 0 175 5 13.6623410830803 179.929310680057 5.9884310783424
17 1 175 15 13.7885115391739 179.92932357833 5.98935085515783
17 2 175 25 13.5348590614969 179.929896201047 5.98239033121634
17 3 175 35 12.1428503542869 179.926443433808 5.95006853397766
17 4 175 45 9.29224588969301 179.894154288218 5.88908035346757
17 5 175 55 5.87219071470089 179.802476683162 5.84253286377633
17 6 175 65 3.3058346691478 179.658340290038 5.85333846212052
17 7 175 75 2.01638930990788 179.484722535573 5.8786956285996
17 8 175 85 1.46002211384891 179.286563864291 5.85546439096234
17 9 175 95 1.21009532366471 179.108009157274 5.82763487878675
17 10 175 105 1.19541325889854 179.017713811974 5.86517937294456
17 11 175 115 1.38536064495041 179.024178796166 5.93612633620472
17 12 175 125 1.72924408260859 179.108150574603 5.99555281857668
17 13 175 135 2.26453601969132 179.303316546365 6.01761970381212
17 14 175 145 3.05380154422481 179.579555305542 5.9640391600187
17 15 175 155 3.99070647762982 179.799776562926 5.85198160863899
17 16 175 165 4.86472158761018 179.889668224016 5.74793338243822
17 17 175 175 5.44124611112212 179.897168880732 5.69724650153758
17 18 175 185 5.45989866207326 179.884596750955 5.69012827137238
17 19 175 195 5.0298993725629 179.856470312246 5.70273789704002
17 20 175 205 4.57457580905247 179.803930446164 5.72930581058188
17 21 175 215 4.16741270565447 179.770861333819 5.73352661988441
17 22 175 225 3.66627621835789 179.807315275326 5.67625409247299
17 23 175 235 3.23144793327146 179.8698596709 5.60180794276923
17 24 175 245 2.99017389326982 179.863978512838 5.59139024904177
17 25 175 255 2.73434875199645 179.829469506244 5.6738543727872
17 26 175 265 2.24709286544297 179.92889628083 5.80117738804275
17 27 175 275 1.62987288756671 180.16123102763 5.86391133155307
17 28 175 285 1.23613800052677 180.346989635018 5.7599480705451
17 29 175 295 1.39490604882727 180.407449152782 5.53771416962504
17 30 175 305 2.37985849675633 180.365391614927 5.41938899084816
17 31 175 315 4.47937033772752 180.228140580004 5.533245930908
17 32 175 325 7.6416760307599 180.057024732299 5.75748365267091
17 33 175 335 10.8818049434166 179.951592990862 5.9183265101987
17 34 175 345 12.884234777247 179.924877323431 5.97802100765486
17 35 175 355 13.5205989849225 179.927098792674 5.98778691720775
18 0 185 5 14.262461078624 179.92824435746 5.99590423354276
18 1 185 15 14.2785832350348 179.928462924399 5.99595707073348
18 2 185 25 14.0304934792373 179.92988583262 5.99167068914697
18 3 185 35 12.9397732505235 179.93287468522 5.97138612290412
18 4 185 45 10.5113338084699 179.930963107582 5.92596770981968
18 5 185 55 7.32281564259231 179.91197939389 5.87744088275847
18 6 185 65 4.78034286007672 179.863602242577 5.86716256314028
18 7 185 75 3.41206702959501 179.765216753248 5.88378837428112
18 8 185 85 2.67329537401273 179.617040407461 5.87482578789923
18 9 185 95 2.22357091924048 179.481834937681 5.85611236506547
18 10 185 105 2.10847767560349 179.410058672372 5.89033307758471
18 11 185 115 2.28915214194778 179.389847127241 5.99026326426169
18 12 185 125 2.67749044150016 179.434142939086 6.12856097383283
18 13 185 135 3.38683919225618 179.585599582471 6.21927928116183
18 14 185 145 4.62614831203005 179.77089188554 6.17241557609559
18 15 185 155 6.25121658148987 179.863521589865 6.03750918264314
18 16 185 165 7.7912630461399 179.87053435845 5.92723279679117
18 17 185 175 8.78549490900206 179.870708629537 5.87641693806659
18 18 185 185 8.9026293291135 179.880389917088 5.85470209615439
18 19 185 195 8.34074249650776 179.873417745011 5.83776375752051
18 20 185 205 7.65180558974228 179.854359069052 5.82600730801034
18 21 185 215 6.93469955059776 179.863229449707 5.80986741547336
18 22 185 225 6.14939250976609 179.911440313792 5.77280442715008
18 23 185 235 5.68529375494604 179.94174802064 5.72928331443373
18 24 185 245 5.61508604326679 179.89898801368 5.71502664812084
18 25 185 255 5.35277096463518 179.863499358183 5.76520642879094
18 26 185 265 4.45650473304216 179.993042331638 5.88758263845994
18 27 185 275 3.2519599178472 180.256158911581 6.01086006828412
18 28 185 285 2.54845303939701 180.439063452226 6.00197246886987
18 29 185 295 2.87329189204461 180.453418677665 5.83534335731304
18 30 185 305 4.26782742641753 180.363099524275 5.68397887627808
18 31 185 315 6.54408589426992 180.21854244203 5.70013174198962
18 32 185 325 9.34043241004105 180.066510540013 5.82937063168117
18 33 185 335 11.9278509416719 179.968330850469 5.93903557036016
18 34 185 345 13.5338156238465 179.933519794297 5.98485846392441
18 35 185 355 14.1299052590779 179.928176775798 5.99478786426968
19 0 195 5 14.3955853588616 179.928036073238 5.99745262409231
19 1 195 15 14.38818351636 179.928160337875 5.99733245458419
19 2 195 25 14.2203713393446 179.929351908718 5.99516161986677
19 3 195 35 13.4540280051604 179.934365257603 5.98405689311371
19 4 195 45 11.5568355093901 179.946618361898 5.95510305731746
19 5 195 55 8.8031796316152 179.964091745276 5.91573339625597
19 6 195 65 6.37526194193078 179.968230188307 5.89120480336495
19 7 195 75 4.90915078650773 179.929159620023 5.8821228136682
19 8 195 85 4.07580272221167 179.854016243977 5.863961676464
19 9 195 95 3.67536978117561 179.796289422305 5.85080959081998
19 10 195 105 3.73925784214366 179.769133781417 5.88474960493048
19 11 195 115 4.09488545125915 179.749011066222 5.98955712629578
19 12 195 125 4.58131896577344 179.774208553322 6.15382815065493
19 13 195 135 5.40245486074876 179.880111980033 6.27719495491348
19 14 195 145 6.92591850730926 179.973097250248 6.25051953448546
19 15 195 155 8.95391587731485 179.963922706823 6.12309703100571
19 16 195 165 10.7494312443536 179.910186970366 6.01799632834107
19 17 195 175 11.7893852371123 179.890457962313 5.97196912366833
19 18 195 185 11.9525826267229 179.896884204788 5.9533802198958
19 19 195 195 11.51842879145 179.896588273656 5.93757170670589
19 20 195 205 10.893356136408 179.892531300596 5.92190268674171
19 21 195 215 10.1203696567813 179.906582309825 5.90587408322444
19 22 195 225 9.30147248073085 179.937409611714 5.88672808768513
19 23 195 235 8.9067972435198 179.951030714166 5.8670055456215
19 24 195 245 8.85735486541212 179.926757121819 5.85367159801343
19 25 195 255 8.33981014380386 179.924859312456 5.86665201738229
19 26 195 265 6.87498361826664 180.039278119907 5.92829384071775
19 27 195 275 5.08478154619119 180.233465056833 6.01406888369868
19 28 195 285 4.25138915244629 180.351878240987 6.04179296189707
19 29 195 295 5.03132875579844 180.331671306344 5.97111456589414
19 30 195 305 7.01226310608471 180.233555424732 5.8813329500438
19 31 195 315 9.36421369360451 180.117797250122 5.86723439471069
19 32 195 325 11.4925283687343 180.017493772698 5.9184222949259
19 33 195 335 13.0870821373595 179.956385142812 5.96911789695684
19 34 195 345 13.990132846803 179.933232359117 5.99165312879903
19 35 195 355 14.3246897093922 179.928442263796 5.99686904618347
20 0 205 5 14.4110764655932 179.928016570486 5.99759523793145
20 1 205 15 14.4057283326743 179.928070484007 5.99753224533561
20 2 205 25 14.3153724947885 179.928845433971 5.99659825014509
20 3 205 35 13.8464794907772 179.933358405489 5.99133670652948
20 4 205 45 12.5187625105266 179.948139585723 5.97586347206981
20 5 205 55 10.29484387637 179.975895742406 5.95013324138056
20 6 205 65 8.00930726107493 180.000319266232 5.9236466647861
20 7 205 75 6.4914545703182 179.995435117607 5.9006367888434
20 8 205 85 5.82343392222316 179.969465090746 5.8813103788261
20 9 205 95 5.86296545316813 179.959336337787 5.88101096274152
20 10 205 105 6.40910719055763 179.963082729323 5.91463040868766
20 11 205 115 7.07002080048784 179.958520259419 5.9895667122181
20 12 205 125 7.63214974149506 179.974165563189 6.10318098672836
20 13 205 135 8.354061666623 180.026444858452 6.19319258995483
20 14 205 145 9.66353359197242 180.048336026456 6.18301172124232
20 15 205 155 11.3911288108017 180.001204008634 6.10019094302688
20 16 205 165 12.8109531081347 179.941594567455 6.02903673702784
20 17 205 175 13.5169656618302 179.917619563219 5.99825823936296
20 18 205 185 13.6036976873722 179.916865328117 5.98797150094504
20 19 205 195 13.3623871138685 179.916938292022 5.98134987795783
20 20 205 205 13.010306845062 179.916708652216 5.97489031468004
20 21 205 215 12.520444170093 179.923680240926 5.96824504899622
20 22 205 225 11.945469140465 179.937097644667 5.96174187898915
20 23 205 235 11.5146983192638 179.946686454205 5.95506442814313
20 24 205 245 11.0297258209546 179.949375885619 5.9449347599465
20 25 205 255 9.92689489791726 179.971616321184 5.93375047893535
20 26 205 265 8.09002470925834 180.047168278336 5.93117769837618
20 27 205 275 6.33079681492646 180.149863368941 5.94081109521115
20 28 205 285 5.96504109078523 180.20082843119 5.95278542192271
20 29 205 295 7.43035037199141 180.167912989749 5.9544371170218
20 30 205 305 9.79334077738338 180.090141393798 5.94984831041067
20 31 205 315 11.8688531582891 180.01555128697 5.95565457239943
20 32 205 325 13.2027121944113 179.964993070629 5.97324506510916
20 33 205 335 13.930165264343 179.939264690211 5.98886583601185
20 34 205 345 14.270190820329 179.93017458791 5.99580456897323
20 35 205 355 14.3871189803255 179.928221938391 5.99742149972271
21 0 215 5 14.4128311281323 179.928012276165 5.99759974158494
21 1 215 15 14.4107886437746 179.928030851287 5.99757989639024
21 2 215 25 14.3730180494762 179.928425546675 5.99724925325652
21 3 215 35 14.1353211120221 179.931398415284 5.99512300371229
21 4 215 45 13.337528307534 179.942838183769 5.9878880387399
21 5 215 55 11.777946278966 179.966956833284 5.97321344538484
21 6 215 65 9.95409921482321 179.992794524255 5.95366923501186
21 7 215 75 8.70517596935345 180.00007108207 5.93519891878515
21 8 215 85 8.3745202162397 179.99108027765 5.92612446766747
21 9 215 95 8.83076412527099 179.988323566242 5.9351439749198
21 10 215 105 9.6920477267016 179.993141351385 5.9605475394882
21 11 215 115 10.4673320175798 179.992706955518 5.99734867046568
21 12 215 125 10.9580179418902 179.996711687253 6.04530230518975
21 13 215 135 11.4008538903785 180.010209357381 6.0832906364145
21 14 215 145 12.1388697442425 180.005490664294 6.07984616272042
21 15 215 155 13.0993669514062 179.973150586627 6.04447956276731
21 16 215 165 13.8285298060644 179.941345145002 6.01269556939325
21 17 215 175 14.0591547510677 179.928165814966 5.99702013877366
21 18 215 185 13.8796333811756 179.926431408567 5.98927883578298
21 19 215 195 13.5940985410634 179.926524316241 5.9852259926733
21 20 215 205 13.4680331290556 179.927316290817 5.98614898266852
21 21 215 215 13.3933482483988 179.93256393463 5.99046877254742
21 22 215 225 13.0798434003655 179.945287472418 5.99532998890511
21 23 215 235 12.4249364517248 179.963428114672 5.99625411677374
21 24 215 245 11.3725577230586 179.982908925546 5.98539287491746
21 25 215 255 9.8984355409351 180.006902555437 5.9599292905103
21 26 215 265 8.29396591093311 180.041140529074 5.92554817899686
21 27 215 275 7.27298121027839 180.074073002954 5.89614239089173
21 28 215 285 7.71683244328931 180.078362646805 5.89406621308886
21 29 215 295 9.64283069419116 180.044928848174 5.92449253188454
21 30 215 305 11.8775549165086 179.995878002507 5.96133447558402
21 31 215 315 13.376724126375 179.957716561082 5.98338901318234
21 32 215 325 14.0589067433784 179.938006113558 5.99250856097262
21 33 215 335 14.303612849831 179.93057417725 5.99605182771366
21 34 215 345 14.3845917558351 179.928468473447 5.99729238983251
21 35 215 355 14.408207790613 179.928056526722 5.99757084307639
22 0 225 5 14.4132056623773 179.928010924016 5.99760033362464
22 1 225 15 14.4127570898805 179.928014782803 5.99759643047897
22 2 225 25 14.4007718205924 179.928169976488 5.99750436591807
22 3 225 35 14.3043806053353 179.929623192691 5.99676864917059
22 4 225 45 13.9263892994513 179.935835053774 5.99381344352457
22 5 225 55 13.1031479655928 179.949839465412 5.98694717000724
22 6 225 65 12.0715618971295 179.966016294825 5.97715025709695
22 7 225 75 11.3715150390755 179.972082861663 5.96892581619665
22 8 225 85 11.2898517001368 179.966722774906 5.96759793384429
22 9 225 95 11.738996386563 179.961194760185 5.97516361119517
22 10 225 105 12.4122561192356 179.959723302472 5.98743104797273
22 11 225 115 12.9539680064083 179.957930797238 5.99966510017099
22 12 225 125 13.2411580887783 179.956633502073 6.01193654205496
22 13 225 135 13.420868974429 179.956954281475 6.02101002126579
22 14 225 145 13.6783550821766 179.952426252406 6.01973959459546
22 15 225 155 14.0033364190005 179.941797793301 6.01013091817779
22 16 225 165 14.1813790843775 179.932665754355 6.00006742574114
22 17 225 175 13.9652154196837 179.929155962907 5.98994788679541
22 18 225 185 13.3054601261431 179.929076473581 5.97738169052359
22 19 225 195 12.6565723142383 179.929694586689 5.96984354048381
22 20 225 205 12.614351146029 179.932131367539 5.97652367022738
22 21 225 215 12.9256983630515 179.943995619321 5.99424593546974
22 22 225 225 12.7385219956511 179.973084836189 6.0147427670674
22 23 225 235 11.8409769433492 180.011056951357 6.02689731083472
22 24 225 245 10.7190436643274 180.035902970402 6.01607595908649
22 25 225 255 9.73722494666646 180.039779046599 5.98220890985435
22 26 225 265 9.01655484341008 180.033970839066 5.9416061340024
22 27 225 275 8.83565856337926 180.025509328711 5.9108580002161
22 28 225 285 9.66715617171894 180.008803859316 5.90739219392524
22 29 225 295 11.4006372895339 179.981254738756 5.9355164772638
22 30 225 305 13.0792848509255 179.953509878243 5.97066468960893
22 31 225 315 14.0130681804978 179.936479278667 5.9905322850409
22 32 225 325 14.3295074270772 179.929946985812 5.99647667291442
22 33 225 335 14.3987195023322 179.928332105191 5.99745733711276
22 34 225 345 14.4106004245695 179.928052941848 5.99757838926081
22 35 225 355 14.4128226577541 179.928014632693 5.99759827052182
23 0 235 5 14.4132394199754 179.92801079928 5.997600359976
23 1 235 15 14.4131988067868 179.928011137572 5.99760002927161
23 2 235 25 14.410288723695 179.928056393028 5.99757961294396
23 3 235 35 14.3814316007316 179.928542198961 5.99737375448753
23 4 235 45 14.2571418019378 179.930733890244 5.99644982042176
23 5 235 55 13.9718345093003 179.935829682617 5.99419527128031
23 6 235 65 13.6047687442607 179.941850693979 5.99106606631822
23 7 235 75 13.3612838075849 179.944060889433 5.98891642805141
23 8 235 85 13.360353542248 179.941385161587 5.98936077023564
23 9 235 95 13.5682084386014 179.937767148619 5.99222379146102
23 10 235 105 13.8554020995834 179.935718116961 5.99571902866583
23 11 235 115 14.0745111927528 179.934469285814 5.99833772061118
23 12 235 125 14.1784777908324 179.933508545947 6.00015971598392
23 13 235 135 14.2240265947338 179.932881672297 6.00126092635646
23 14 235 145 14.2745363426019 179.931781111094 6.00092554141517
23 15 235 155 14.3268082267852 179.930081196017 5.99921900039816
23 16 235 165 14.2507178651342 179.928877306736 5.99530812201844
23 17 235 175 13.7407566599792 179.928910372471 5.98447129077221
23 18 235 185 12.6379688208897 179.929862172562 5.96590674697427
23 19 235 195 11.5963045390021 179.930987578975 5.95435994242826
23 20 235 205 11.5610062145093 179.935477144151 5.96545312188172
23 21 235 215 12.1330188271266 179.95669949007 5.99521716197088
23 22 235 225 11.9887332439975 180.00670389807 6.03177176731317
23 23 235 235 11.0247714661859 180.064502446096 6.05816354172552
23 24 235 245 10.3476004303938 180.084223446092 6.0519606839581
23 25 235 255 10.3632827448597 180.057707813159 6.01544978344006
23 26 235 265 10.5155518884556 180.0236052615 5.97694710258441
23 27 235 275 10.6006622418278 180.006798279275 5.95384823713017
23 28 235 285 11.1081390673427 179.99478719268 5.94933028248921
23 29 235 295 12.241101089192 179.972212424556 5.96249779067763
23 30 235 305 13.4298773624934 179.947291400094 5.98143149591114
23 31 235 315 14.127152872161 179.932963067073 5.99323496268044
23 32 235 325 14.3644444415286 179.928622141148 5.9970188211245
23 33 235 335 14.409213280236 179.928018628421 5.99758577749049
23 34 235 345 14.4131567234309 179.928007222543 5.99760320746189
23 35 235 355 14.4132394199754 179.92801079928 5.997600359976
24 0 245 5 14.4132394199754 179.92801079928 5.997600359976
24 1 245 15 14.4132394199754 179.92801079928 5.997600359976
24 2 245 25 14.4127005734724 179.928019664464 5.99759627367702
24 3 245 35 14.4068218082871 179.928119723051 5.99755032986259
24 4 245 45 14.380627398519 179.928577944749 5.99733888067548
24 5 245 55 14.3195298011046 179.929645974747 5.99683257972092
24 6 245 65 14.24064107269 179.930888419391 5.99618793618735
24 7 245 75 14.1897394505676 179.931254586112 5.99587698720236
24 8 245 85 14.1938055199084 179.93039866445 5.99623800809305
24 9 245 95 14.2441061946076 179.928962025538 5.99726514867053
24 10 245 105 14.3087603661867 179.927548075804 5.99861638977088
24 11 245 115 14.3538889869901 179.926654165845 5.99950614420659
24 12 245 125 14.3719309717249 179.926654609943 5.99937318310396
24 13 245 135 14.3771747623847 179.927182632466 5.99864814418808
24 14 245 145 14.382364855325 179.927638024173 5.99802300204652
24 15 245 155 14.3791620484548 179.927886509417 5.99744426477578
24 16 245 165 14.2638207999489 179.928128483044 5.99477621430408
24 17 245 175 13.7405556309197 179.928698712615 5.98486017629595
24 18 245 185 12.6372146167226 179.929636922847 5.96713928486597
24 19 245 195 11.5954331543258 179.930663772541 5.95607458085253
24 20 245 205 11.5567645525005 179.935633533199 5.9670591520426
24 21 245 215 12.1264169627725 179.959208871173 5.99724636151032
24 22 245 225 12.0183308806235 180.013617437133 6.03625633013455
24 23 245 235 11.2442976887628 180.072761485251 6.06709500909906
24 24 245 245 10.9973584993112 180.084070898779 6.06614870158357
24 25 245 255 11.4501858043894 180.045957037324 6.03577642808582
24 26 245 265 11.5838047435525 180.016002838848 6.00557541436948
24 27 245 275 11.0915341200227 180.022065516754 5.9900597461979
24 28 245 285 10.8678754997763 180.026849651711 5.98369321160969
24 29 245 295 11.603611334386 179.996700672164 5.98429585557327
24 30 245 305 12.880714822842 179.954258957927 5.99086036607984
24 31 245 315 13.8679310202034 179.93133873849 5.99657260602349
24 32 245 325 14.2959174662016 179.926888448041 5.99812212509296
24 33 245 335 14.40005603526 179.927555388768 5.99784733836952
24 34 245 345 14.4127123901598 179.927963600992 5.99763071472779
24 35 245 355 14.4132394199754 179.92801079928 5.997600359976
25 0 255 5 14.4132394199754 179.92801079928 5.997600359976
25 1 255 15 14.4132099946591 179.928010818103 5.99760033852119
25 2 255 25 14.4123633454578 179.928016529767 5.99759151600392
25 3 255 35 14.4052107141916 179.928076498483 5.99749619710236
25 4 255 45 14.3764393264221 179.928326076822 5.99707388974
25 5 255 55 14.312953253971 179.928807757581 5.99611380984608
25 6 255 65 14.2339289658732 179.929100726192 5.99499829538216
25 7 255 75 14.1846953864654 179.928541853081 5.99471832365918
25 8 255 85 14.187295376698 179.926465086936 5.99651599965045
25 9 255 95 14.2195647560504 179.921230312337 6.00221521637814
25 10 255 105 14.23597463296 179.91241780597 6.01166373717674
25 11 255 115 14.2159476612627 179.905883901897 6.01820544227401
25 12 255 125 14.1856392313434 179.907813387923 6.01517814959396
25 13 255 135 14.1718018250428 179.914929989795 6.00646582373695
25 14 255 145 14.1808055073431 179.921207102902 5.99978822873449
25 15 255 155 14.2093521562197 179.925149797199 5.99703149350414
25 16 255 165 14.1885357400803 179.927249534263 5.99522915800667
25 17 255 175 13.9039763690031 179.927972083877 5.98966416290086
25 18 255 185 13.2154839208331 179.927651178798 5.9792129196086
25 19 255 195 12.5275902392705 179.926810188416 5.97236953539019
25 20 255 205 12.4636300990441 179.929237825201 5.97867745090715
25 21 255 215 12.8118937520888 179.945316275551 5.99726129942746
25 22 255 225 12.793382707548 179.982533958689 6.02265374210852
25 23 255 235 12.4184664476527 180.022108257648 6.04402307760937
25 24 255 245 12.3562196479364 180.028720691366 6.04554549720632
25 25 255 255 12.4580566146527 180.007246122605 6.02896628932948
25 26 255 265 11.7670935629578 180.006592085031 6.01447424024659
25 27 255 275 10.2328642920665 180.039009877499 6.01069505855611
25 28 255 285 9.20701683980577 180.046619070824 6.01089126680477
25 29 255 295 9.8157173675537 179.99327287974 6.01244091699339
25 30 255 305 11.6150027879103 179.930754211921 6.01441841282888
25 31 255 315 13.277439377456 179.910150139076 6.01101832064224
25 32 255 325 14.12252777246 179.917747528364 6.00379945863162
25 33 255 335 14.3711471650525 179.92556843199 5.99908648168962
25 34 255 345 14.4106307455572 179.927788840186 5.99774383873449
25 35 255 355 14.4132394199754 179.92801079928 5.997600359976
26 0 265 5 14.4131985140258 179.928011252368 5.99760004047201
26 1 265 15 14.412877696453 179.928010725636 5.99759982079431
26 2 265 25 14.4066876819666 179.928034915836 5.99755006172209
26 3 265 35 14.3646317381086 179.928291838492 5.99703690205465
26 4 265 45 14.2144906218503 179.92931531408 5.9947658615733
26 5 265 55 13.9059685658627 179.931024924666 5.98946827614645
26 6 265 65 13.5370782469569 179.931175967285 5.98283648866521
26 7 265 75 13.3097583392902 179.927092526959 5.98002871758797
26 8 265 85 13.3161664265233 179.916902201787 5.98782034826878
26 9 265 95 13.453078616053 179.893465305992 6.0151211677011
26 10 265 105 13.511808487578 179.853619181369 6.06055027132583
26 11 265 115 13.4021574866411 179.823401707371 6.09227601359098
26 12 265 125 13.2518120008312 179.832027488116 6.07888598499176
26 13 265 135 13.1844312211238 179.865312162708 6.03816590337674
26 14 265 145 13.2248538241437 179.895228152407 6.0062083805299
26 15 265 155 13.3859020646742 179.914281724057 5.99341596421992
26 16 265 165 13.6102914059121 179.924490785452 5.99196488656579
26 17 265 175 13.6663484086402 179.927388767977 5.99228396790783
26 18 265 185 13.3553002883439 179.923723722077 5.98942383913061
26 19 265 195 12.884490619743 179.915891531849 5.98559496272326
26 20 265 205 12.6924554019734 179.911205707687 5.98565017426518
26 21 265 215 12.8430422371889 179.917523937405 5.99108218246234
26 22 265 225 13.061113047109 179.936182112626 6.00112213722856
26 23 265 235 13.2303578446431 179.95702419732 6.01145664952661
26 24 265 245 13.340153640727 179.964867277697 6.01430814645511
26 25 265 255 13.0009577620058 179.966141331455 6.01040853117524
26 26 265 265 11.5677566681651 179.988015516854 6.01123312733685
26 27 265 275 9.24707936632742 180.022478027689 6.02408069507052
26 28 265 285 7.57985764973923 180.006635153686 6.04520873078861
26 29 265 295 7.98450573334863 179.922690428161 6.06401095076265
26 30 265 305 10.1489784243055 179.855230542364 6.06505183941264
26 31 265 315 12.4719708358838 179.861322448876 6.04267848648004
26 32 265 325 13.8365918658693 179.899200705134 6.01572316014169
26 33 265 335 14.3105665926197 179.92179859433 6.00150689775126
26 34 265 345 14.403651018374 179.927489616683 5.99793257513912
26 35 265 355 14.4127472503014 179.92801708185 5.99759532044654
27 0 275 5 14.4079106146996 179.927842165529 5.99759632700434
27 1 275 15 14.4037459809706 179.927568679195 5.99761295758493
27 2 275 25 14.3733660781876 179.927442217859 5.99740697284948
27 3 275 35 14.2186655741095 179.928152833658 5.99548734427226
27 4 275 45 13.7294420294299 179.930810588397 5.98748971845475
27 5 275 55 12.8005638228419 179.934299933005 5.96920087808228
27 6 275 65 11.7454249239096 179.931657506932 5.94566373257743
27 7 275 75 11.1046436316234 179.916997844446 5.93264675008111
27 8 275 85 11.1031304700135 179.889870076932 5.95022846007933
27 9 275 95 11.4691449733409 179.834318646392 6.02204605821114
27 10 275 105 11.6507397550363 179.738024197615 6.14273436309632
27 11 275 115 11.3928719425577 179.661889913823 6.2289745723373
27 12 275 125 11.0183965371662 179.68146404504 6.19900525472916
27 13 275 135 10.8475437591306 179.76555206714 6.09555346202279
27 14 275 145 10.9416371541963 179.842742827229 6.01045491544612
27 15 275 155 11.3391520426527 179.892108072507 5.97497190629735
27 16 275 165 11.9454273483745 179.920635068446 5.97445061886421
27 17 275 175 12.3313416589807 179.933010119827 5.98555886931308
27 18 275 185 12.1132872776631 179.92636307579 5.9913091904546
27 19 275 195 11.4970666299005 179.902608944262 5.9874791836157
27 20 275 205 11.0773674173119 179.8810824996 5.9795735638422
27 21 275 215 11.2089513758309 179.877547358488 5.9745764230041
27 22 275 225 11.8669621120446 179.888930055455 5.97648715143246
27 23 275 235 12.7016507446518 179.90601597208 5.98375650478905
27 24 275 245 13.1152889479203 179.922197638967 5.98916707316928
27 25 275 255 12.5977926528263 179.944395949393 5.99132363641767
27 26 275 265 10.8843591704374 179.987937701334 6.00093086765278
27 27 275 275 8.36403871874086 180.029990309874 6.02995260027011
27 28 275 285 6.48627524149683 179.999992807032 6.07511213778928
27 29 275 295 6.70901551485781 179.891537319937 6.11133396740537
27 30 275 305 8.94552782861364 179.814548776945 6.10854476857573
27 31 275 315 11.6506275516186 179.833872172445 6.06672092553349
27 32 275 325 13.4426646240923 179.889515346129 6.02293209844357
27 33 275 335 14.171035657857 179.920530542623 6.00214626059584
27 34 275 345 14.3624735789181 179.927698448927 5.99769130486894
27 35 275 355 14.4010827573327 179.928070354555 5.9975179864121
28 0 285 5 14.3531652103632 179.926191470121 5.99751150929902
28 1 285 15 14.3182178579086 179.92316340859 5.99776067951214
28 2 285 25 14.2001740522363 179.921242397517 5.9970703145105
28 3 285 35 13.8218500830353 179.922863838353 5.99112546652753
28 4 285 45 12.7847298229046 179.927531360702 5.96940845620446
28 5 285 55 10.9697648111968 179.929768374471 5.92430945286084
28 6 285 65 9.0338921271107 179.917867420531 5.86952267498765
28 7 285 75 7.88148580168423 179.888730186544 5.83620800982165
28 8 285 85 7.81653117365294 179.851813704057 5.85707718281784
28 9 285 95 8.39602365097189 179.783550160427 5.96934058770652
28 10 285 105 8.74526968788537 179.651959886566 6.16503117982218
28 11 285 115 8.42393846000988 179.537477723187 6.31401423498498
28 12 285 125 7.89918555116498 179.56086963435 6.28351393052027
28 13 285 135 7.64881000858609 179.687712132592 6.127625768338
28 14 285 145 7.76176147368007 179.80481807612 5.98570087181524
28 15 285 155 8.31207063605309 179.875553822353 5.92029125082397
28 16 285 165 9.17109657749836 179.922635862575 5.92361718235312
28 17 285 175 9.72295471929984 179.957758532666 5.95722928065205
28 18 285 185 9.46180661659571 179.958772058172 5.98041582827396
28 19 285 195 8.68580337523064 179.913707091744 5.97638540830665
28 20 285 205 8.16692619374032 179.861164767721 5.9557252760867
28 21 285 215 8.41528516424647 179.837187356613 5.93801102315853
28 22 285 225 9.48327353719541 179.836977321747 5.93556971298086
28 23 285 235 10.8120823907293 179.850683623849 5.94741825242101
28 24 285 245 11.4104523138277 179.882672955289 5.95905771955549
28 25 285 255 10.7815632859187 179.948812938024 5.96290685120137
28 26 285 265 9.08250052355066 180.060674455149 5.97278988732452
28 27 285 275 6.88327141575978 180.175363375853 6.00588160667494
28 28 285 285 5.38589741451587 180.189141187865 6.05474822881723
28 29 285 295 5.77096405405885 180.072502998859 6.08601138789335
28 30 285 305 7.9802648765402 179.945472265476 6.07513560059431
28 31 285 315 10.703392801513 179.905996063107 6.0349664930061
28 32 285 325 12.6896137524728 179.919938534506 6.00283049148551
28 33 285 335 13.7072247081356 179.930569615782 5.9936329849405
28 34 285 345 14.1368555818857 179.930448465643 5.99513116696179
28 35 285 355 14.3072761391344 179.928411775099 5.99687265185653
29 0 295 5 14.1182091628979 179.920177964503 5.99681024020485
29 1 295 15 13.9609600818892 179.906166003732 5.99831201754417
29 2 295 25 13.5929595240106 179.897467778461 5.99658571102216
29 3 295 35 12.9109797109246 179.902510595269 5.98120934359729
29 4 295 45 11.374729267613 179.912254491628 5.93183263299542
29 5 295 55 8.86746323100531 179.909193307847 5.84270666155799
29 6 295 65 6.35460377525372 179.884401226278 5.74988054988461
29 7 295 75 4.89099870535966 179.853744120484 5.69836305357893
29 8 295 85 4.68528284974895 179.842407483766 5.70889178322852
29 9 295 95 5.24276835995452 179.818540091383 5.81313709415434
29 10 295 105 5.69307725660278 179.723394419949 6.01614295952717
29 11 295 115 5.54612954735225 179.616462086002 6.19702667277408
29 12 295 125 5.16969170134898 179.630168747239 6.20759525342471
29 13 295 135 4.9600069147667 179.753594032854 6.0690712692761
29 14 295 145 5.00271646019344 179.859266562081 5.9096442220329
29 15 295 155 5.42947893537533 179.903876900463 5.81917676063624
29 16 295 165 6.15678488840594 179.946508371867 5.82316968773586
29 17 295 175 6.61674403897007 180.01068667038 5.88248419818155
29 18 295 185 6.39560129144126 180.033679382429 5.92907328474314
29 19 295 195 5.80178644902888 179.972312883291 5.92632091421356
29 20 295 205 5.47018105267371 179.881684281257 5.88928291983368
29 21 295 215 5.79881710582242 179.819701928364 5.8554681434872
29 22 295 225 6.83751403670099 179.782318312678 5.85166383328303
29 23 295 235 8.04693342226586 179.771513376983 5.87971048582809
29 24 295 245 8.46824150045533 179.829653815663 5.90936540147073
29 25 295 255 7.77084112580597 179.992628116834 5.91301388563463
29 26 295 265 6.36332161454527 180.24489041938 5.90530166802997
29 27 295 275 4.82449428891948 180.49833671505 5.91573945142792
29 28 295 285 3.98407491522827 180.604784198706 5.93923240798553
29 29 295 295 4.59886960778555 180.490687059947 5.94507335375386
29 30 295 305 6.56014123386534 180.269094711946 5.92984940983677
29 31 295 315 8.95671494260529 180.094720055655 5.92158332335107
29 32 295 325 10.9921743974832 180.00308791203 5.93914977597497
29 33 295 335 12.4465679355857 179.959905783893 5.96757441916753
29 34 295 345 13.392542993707 179.940138727097 5.98619962637021
29 35 295 355 13.9392752830269 179.930435448226 5.99375079855305
30 0 305 5 13.6133520112229 179.910753943176 5.99429493012746
30 1 305 15 13.2065782140382 179.875919086975 5.99918134826469
30 2 305 25 12.3614108964076 179.856222754351 5.99635541058312
30 3 305 35 11.3388716758245 179.872562267183 5.96653491168658
30 4 305 45 9.59363053002629 179.901070658004 5.8768733385438
30 5 305 55 6.92173514962186 179.901814289116 5.73142877503425
30 6 305 65 4.36582625832187 179.87259546233 5.60556444224372
30 7 305 75 2.89931048633106 179.858397969711 5.55473494307013
30 8 305 85 2.54262814811533 179.897082626662 5.55268736133056
30 9 305 95 2.86384477462989 179.947924245376 5.59833496672052
30 10 305 105 3.29314223388662 179.932095684328 5.72946246187662
30 11 305 115 3.45673535517298 179.868244360328 5.89437739696828
30 12 305 125 3.44216488083797 179.870531698775 5.97013156774829
30 13 305 135 3.37522948516423 179.958594247245 5.91740922921625
30 14 305 145 3.32628852541328 180.013818076027 5.79716429430523
30 15 305 155 3.48924508531679 179.998734986977 5.69843319206588
30 16 305 165 3.87722564833084 180.014302211481 5.6853502271289
30 17 305 175 4.14214436822374 180.091081399801 5.74087726825762
30 18 305 185 4.05673044195798 180.127642399713 5.79354992421764
30 19 305 195 3.82344996379821 180.058176722745 5.79467425383521
30 20 305 205 3.75583717331107 179.940445112099 5.75299100592471
30 21 305 215 4.0121985343091 179.837602881842 5.71504692696174
30 22 305 225 4.59813759261674 179.749842498303 5.72422098248226
30 23 305 235 5.19796147985043 179.70291454999 5.78630161777237
30 24 305 245 5.263768841121 179.799089383249 5.84356391974568
30 25 305 255 4.67729733851835 180.099891766445 5.83171151121498
30 26 305 265 3.77410536632536 180.523709117592 5.76950083708892
30 27 305 275 2.90338578231555 180.912098833935 5.72394384214837
30 28 305 285 2.50353926081904 181.100462352281 5.71162488749773
30 29 305 295 3.00766052073326 180.987271609376 5.7029680716101
30 30 305 305 4.41191313997257 180.66351120655 5.7054494048197
30 31 305 315 6.32030607336866 180.337981020222 5.75659246013159
30 32 305 325 8.37622302382856 180.123408079331 5.84886393057977
30 33 305 335 10.3303899696364 180.01207037209 5.92862740147856
30 34 305 345 11.9808790629673 179.962797239567 5.96903072125325
30 35 305 355 13.16974077139 179.937788112441 5.98548366360901
31 0 315 5 13.1115085462448 179.90762700759 5.99016829788733
31 1 315 15 12.4692832173525 179.857126415487 5.9994994731085
31 2 315 25 11.1116058673792 179.83380350596 5.99671495087933
31 3 315 35 9.69647971127619 179.87232106683 5.95592326599879
31 4 315 45 7.84780947440869 179.941762934938 5.83361511472505
31 5 315 55 5.33207562733574 179.976211174414 5.64219507866582
31 6 315 65 3.05107436238567 179.960274018305 5.49258116310162
31 7 315 75 1.75513459018809 179.95023981384 5.45087120781071
31 8 315 85 1.32597291407854 179.998028144139 5.44351448553582
31 9 315 95 1.4213779601558 180.07493634331 5.42721971052493
31 10 315 105 1.76325904609037 180.10119139076 5.4632398725842
31 11 315 115 2.12999563851968 180.063782176092 5.57043406150096
31 12 315 125 2.40525684143346 180.053692592662 5.67581041156055
31 13 315 135 2.5138535048793 180.108516808955 5.71468663053495
31 14 315 145 2.50149806138232 180.134105267367 5.6766653581081
31 15 315 155 2.53572969520772 180.103565230873 5.60266495341585
31 16 315 165 2.667466602031 180.117115846739 5.55796789631484
31 17 315 175 2.76733315832802 180.185254533404 5.56160922581257
31 18 315 185 2.77513257707814 180.203727228926 5.58738135044615
31 19 315 195 2.78251527808086 180.128251596014 5.60225888825664
31 20 315 205 2.85648516632895 180.009946231947 5.59252344078405
31 21 315 215 2.9900072666332 179.898238866547 5.59018385780288
31 22 315 225 3.14509883793363 179.798724383852 5.64286252269245
31 23 315 235 3.20131104646957 179.740120016988 5.74247137625083
31 24 315 245 3.00111172420366 179.857833651378 5.79353547214861
31 25 315 255 2.56537356990397 180.249173621579 5.71101488643761
31 26 315 265 2.04631222429253 180.777470156977 5.54426754510211
31 27 315 275 1.56739651436771 181.216703205038 5.42226135589563
31 28 315 285 1.31907345136834 181.426965190814 5.39752891174341
31 29 315 295 1.56564632286668 181.322968940247 5.42878904170482
31 30 315 305 2.45991589263857 180.960608829347 5.50234656844833
31 31 315 315 4.00383259290476 180.554009193542 5.64278072481128
31 32 315 325 6.07797337414907 180.256015505216 5.80771140450412
31 33 315 335 8.38152083808409 180.083226102305 5.91556707531376
31 34 315 345 10.5980943907603 179.997805465491 5.95711166335957
31 35 315 355 12.3875961917162 179.951743231384 5.97530451026756
32 0 325 5 13.1014957431404 179.916011129442 5.98824292731037
32 1 325 15 12.4527735906626 179.872096543391 5.99878394429988
32 2 325 25 10.9136225394155 179.860553479929 5.99657107368912
32 3 325 35 9.08357458327543 179.921857561721 5.95441262894593
32 4 325 45 6.85019639226435 180.037859637559 5.8243328998414
32 5 325 55 4.3101941662971 180.12881211158 5.61479506091929
32 6 325 65 2.25447642009299 180.136063761494 5.43987210675495
32 7 325 75 1.12463786757481 180.092575955986 5.37667381252188
32 8 325 85 0.696458977113936 180.074462645996 5.35562285228864
32 9 325 95 0.681036668291403 180.096741462194 5.31506665025734
32 10 325 105 0.923347641836337 180.095148597002 5.29666254425864
32 11 325 115 1.29694464572365 180.041571350677 5.33597274182796
32 12 325 125 1.67875674858643 180.011902509529 5.41745152490041
32 13 325 135 1.97415530884282 180.046346029827 5.51172808186942
32 14 325 145 2.16441098940075 180.085436630561 5.56772810216144
32 15 325 155 2.26381157740365 180.115536681069 5.55087340940791
32 16 325 165 2.27351146411834 180.183412674112 5.4872179409267
32 17 325 175 2.22582264479031 180.247523581346 5.4248443101944
32 18 325 185 2.22059786973767 180.230549387379 5.40795489290144
32 19 325 195 2.32002549494611 180.148876613632 5.44438582249619
32 20 325 205 2.46338798369828 180.05954070491 5.49987687948457
32 21 325 215 2.56161214240072 179.996801931761 5.57871397728891
32 22 325 225 2.55104903534371 179.957606321846 5.71020422260382
32 23 325 235 2.37544465242452 179.923990239983 5.83457142058929
32 24 325 245 2.03543226613404 180.006601780054 5.81159036362927
32 25 325 255 1.61184859250237 180.353212231182 5.58766753245121
32 26 325 265 1.18839159667875 180.842038712429 5.28819882122661
32 27 325 275 0.828368176234183 181.220025122788 5.10610404402082
32 28 325 285 0.638610339597343 181.396486630637 5.11964166261324
32 29 325 295 0.792960529096353 181.342263421836 5.25824370271904
32 30 325 305 1.50277323395189 181.062176932622 5.45403779477472
32 31 325 315 2.98108025149047 180.694000804929 5.69192704782612
32 32 325 325 5.23877312795462 180.375523185372 5.89242019518687
32 33 325 335 7.87155784769766 180.154163138688 5.97314713132829
32 34 325 345 10.366915413884 180.028420622618 5.97484873789967
32 35 325 355 12.3100397520147 179.963163205415 5.97515707733729
33 0 335 5 13.5837292988684 179.925976543143 5.99110350366337
33 1 335 15 13.1347970691046 179.902748821705 5.99767817319111
33 2 335 25 11.7991546497252 179.905449496599 5.99332466632041
33 3 335 35 9.66473706636397 179.968646100289 5.94959453694445
33 4 335 45 6.80778693437043 180.095398032855 5.81819144033757
33 5 335 55 3.90648048533468 180.215226687565 5.59844077362584
33 6 335 65 1.83489432048764 180.228757950591 5.38247720975012
33 7 335 75 0.768215142910522 180.128246595216 5.25462730268245
33 8 335 85 0.356931771367254 180.013132727918 5.19844201438102
33 9 335 95 0.305172216779259 179.953127308315 5.16698335730014
33 10 335 105 0.467660220078091 179.911259205699 5.15012821769459
33 11 335 115 0.767610738134206 179.856389908474 5.16017603158664
33 12 335 125 1.17070726146166 179.84160119967 5.2304611881363
33 13 335 135 1.62800696671564 179.881551469298 5.36688175521912
33 14 335 145 2.03194271933078 179.939928955898 5.49018581278983
33 15 335 155 2.24567435735614 180.032089768645 5.52156948917912
33 16 335 165 2.21984612953038 180.16243122846 5.46248768403992
33 17 335 175 2.07255951899575 180.237288704663 5.36807883853772
33 18 335 185 2.01016731423939 180.196597364744 5.3193368380475
33 19 335 195 2.12313343451717 180.111067245021 5.36349809131459
33 20 335 205 2.31117405376143 180.060291042319 5.47401058112892
33 21 335 215 2.44364900607206 180.071558520644 5.6407740358934
33 22 335 225 2.44191611538851 180.119206849069 5.86361637235695
33 23 335 235 2.24439605378558 180.1267095389 6.01559961506583
33 24 335 245 1.85805373212816 180.152247851699 5.91288661273053
33 25 335 255 1.3756308988882 180.367565648992 5.55545142440036
33 26 335 265 0.906758521550737 180.703049289293 5.15873817323611
33 27 335 275 0.554334445259465 180.941632280842 4.96495123403614
33 28 335 285 0.416980511321917 181.060592139996 5.05147711853446
33 29 335 295 0.607770787307602 181.094581430843 5.29933572418094
33 30 335 305 1.33245422510425 180.985875828333 5.58067332001061
33 31 335 315 2.94143276002532 180.740884598807 5.85411132809609
33 32 335 325 5.58336870209671 180.447643167243 6.035695858328
33 33 335 335 8.67404685931226 180.19413410905 6.06201810239725
33 34 335 345 11.2861374746655 180.03557423362 6.01390952664211
33 35 335 355 12.9659804462368 179.961593604292 5.98809618173651
34 0 345 5 14.0597064261091 179.929584630983 5.99511696638754
34 1 345 15 13.8166374155702 179.921525944173 5.99656340723417
34 2 345 25 12.7536901406296 179.925369791362 5.98620664561341
34 3 345 35 10.4719394744037 179.959337822931 5.92958921103997
34 4 345 45 7.10892114887354 180.036082508276 5.77660030057052
34 5 345 55 3.79409522447676 180.113269479575 5.52635277752754
34 6 345 65 1.56977279998705 180.086944021153 5.25996889397052
34 7 345 75 0.485185797739317 179.912703076431 5.06679082213053
34 8 345 85 0.0836255023637693 179.69387542178 4.97964679924243
34 9 345 95 0.0301293174255893 179.556652335331 4.97649710374788
34 10 345 105 0.169049773235008 179.517852993267 5.00392338005887
34 11 345 115 0.455104881650058 179.549014167265 5.04580064498528
34 12 345 125 0.902097051898856 179.647085578246 5.15295322873358
34 13 345 135 1.45076911387046 179.759684880545 5.32055583685254
34 14 345 145 1.93129213534564 179.840477935185 5.44936180935138
34 15 345 155 2.18262860712003 179.944030380576 5.47983387014353
34 16 345 165 2.16969726295563 180.088582931842 5.42961533264618
34 17 345 175 2.00888227805937 180.166500448566 5.34009055621704
34 18 345 185 1.90380507105803 180.117057857192 5.27896561292958
34 19 345 195 1.97939325505463 180.02832511724 5.31218976761327
34 20 345 205 2.17578221055849 179.99272343518 5.44368717639835
34 21 345 215 2.35995904338846 180.03629770799 5.66550651814132
34 22 345 225 2.42739023336486 180.13273422744 5.95171628235057
34 23 345 235 2.29204495193809 180.196063739005 6.14317276815396
34 24 345 245 1.93695854884412 180.232378242248 6.04175463711038
34 25 345 255 1.44628425401957 180.357951585573 5.663193297833
34 26 345 265 0.954830074376912 180.5269482948 5.25577424935501
34 27 345 275 0.600305811622352 180.608425221888 5.08672032244506
34 28 345 285 0.484385136247106 180.655838082487 5.2210485389651
34 29 345 295 0.689123806539959 180.753166601479 5.49019732328195
34 30 345 305 1.40867923926383 180.803295445133 5.73440160383096
34 31 345 315 3.07391229097401 180.690969769893 5.93806748654024
34 32 345 325 5.96050332757988 180.444404356063 6.06748464774188
34 33 345 335 9.40408868544188 180.187070292744 6.07667102301345
34 34 345 345 12.1362813651903 180.02076967874 6.02765378278573
34 35 345 355 13.5991353024672 179.951385392914 5.99851378374637
35 0 355 5 14.2451666144665 179.929301680504 5.99652464005925
35 1 355 15 14.1184180473547 179.925942691392 5.99541314972186
35 2 355 25 13.1686935167035 179.92057427484 5.97818503323732
35 3 355 35 10.7955120582987 179.910955618584 5.90270115161194
35 4 355 45 7.170190712071 179.902936626851 5.71416035863232
35 5 355 55 3.63405642683419 179.879903992689 5.41825521822744
35 6 355 65 1.31122979166004 179.75443376673 5.10673538444053
35 7 355 75 0.200983962204271 179.451830978423 4.88019656587031
35 8 355 85 -0.198191128066007 179.06794495293 4.7956280879054
35 9 355 95 -0.236229436156291 178.806450275781 4.84978453848435
35 10 355 105 -0.0627242053645006 178.780470799767 4.96632160745538
35 11 355 115 0.28905973155165 178.968240684872 5.08432247514085
35 12 355 125 0.811951603304979 179.276288051851 5.22354626713593
35 13 355 135 1.39409019653849 179.556439532725 5.36756507326268
35 14 355 145 1.85618263101689 179.723632540598 5.44522348054834
35 15 355 155 2.0985165653389 179.850489250302 5.44449590971318
35 16 355 165 2.11755992143847 179.98708793691 5.39530128948673
35 17 355 175 1.98180797384898 180.047478185458 5.31874327543192
35 18 355 185 1.85179574053172 179.982701786463 5.26228006195831
35 19 355 195 1.88647787477472 179.884971117473 5.29205620235271
35 20 355 205 2.08840624511299 179.846837437544 5.42931264939769
35 21 355 215 2.3243246289411 179.896383252301 5.66730309178844
35 22 355 225 2.44673830671789 180.030745776401 5.96561551967504
35 23 355 235 2.35971731157212 180.184502237395 6.18078167772905
35 24 355 245 2.05809127258652 180.304171256104 6.14392588015605
35 25 355 255 1.61837707734209 180.405777993315 5.8485046801985
35 26 355 265 1.15891656127997 180.455249342986 5.49746689799675
35 27 355 275 0.80998098376917 180.414943270357 5.351817664152
35 28 355 285 0.677491185848883 180.378118805702 5.47941700911648
35 29 355 295 0.847042921626221 180.454097887834 5.68786033819827
35 30 355 305 1.49499692316183 180.567338587173 5.81107717085631
35 31 355 315 3.02560197813126 180.547182349311 5.88755389472019
35 32 355 325 5.78200380161065 180.362816663941 5.96186433784188
35 33 355 335 9.26139547079621 180.140606479558 5.99977991935395
35 34 355 345 12.1719747246793 179.997268970988 6.00083375182525
35 35 355 355 13.7435087625032 179.942216070453 5.99647215023001
