# script and data used to create this table can be found at https://github.com/SluskyLab/FaMPAsymEz
ALA	-0.0260	-0.0287	-0.0317	-0.0351	-0.0390	-0.0434	-0.0485	-0.0544	-0.0610	-0.0687	-0.0776	-0.0877	-0.0993	-0.1126	-0.1277	-0.1447	-0.1636	-0.1843	-0.2065	-0.2297	-0.2532	-0.2761	-0.2974	-0.3160	-0.3315	-0.3432	-0.3514	-0.3564	-0.3590	-0.3599	-0.3600	-0.3599	-0.3590	-0.3564	-0.3514	-0.3432	-0.3315	-0.3160	-0.2974	-0.2761	-0.2532	-0.2297	-0.2065	-0.1843	-0.1636	-0.1447	-0.1277	-0.1126	-0.0993	-0.0877	-0.0776	-0.0687	-0.0610	-0.0544	-0.0485	-0.0434	-0.0390	-0.0351	-0.0317	-0.0287	-0.0260
CYS	-0.4765	-0.7989	-0.9596	-0.8259	-0.5889	-0.6237	-0.6605	-0.6993	-0.7400	-0.7826	-0.8271	-0.8731	-0.9204	-0.9688	-1.0179	-1.0672	-1.1162	-1.1642	-1.2107	-1.2550	-1.2965	-1.3346	-1.3686	-1.3983	-1.4233	-1.4434	-1.4587	-1.4695	-1.4761	-1.4793	-1.4800	-1.4793	-1.4761	-1.4695	-1.4587	-1.4434	-1.4233	-1.3983	-1.3686	-1.3346	-1.2965	-1.2550	-1.2107	-1.1642	-1.1162	-1.0672	-1.0179	-0.9688	-0.9204	-0.8731	-0.8271	-0.7826	-0.7400	-0.6360	-0.8564	-1.0833	-1.2872	-1.4369	-1.5068	-1.4844	-1.3737
ASP	-0.0000	-0.0002	-0.0012	-0.0062	0.0306	0.0673	0.1041	0.1408	0.1775	0.2201	0.2733	0.3392	0.4198	0.5160	0.6272	0.7504	0.8796	1.0066	1.1226	1.2204	1.2964	1.3509	1.3868	1.4085	1.4205	1.4264	1.4289	1.4298	1.4300	1.4300	1.4300	1.4300	1.4300	1.4298	1.4289	1.4264	1.4205	1.4085	1.3868	1.2337	1.0806	0.9275	0.7744	0.6213	0.4682	0.3152	0.1621	0.0090	-0.1441	-0.1485	-0.1500	-0.1485	-0.1441	-0.1371	-0.1278	-0.1168	-0.1047	-0.0919	-0.0791	-0.0667	-0.0552
GLU	-0.2400	-0.2366	-0.2266	-0.2109	-0.1907	-0.1676	-0.0847	-0.0018	0.0811	0.1640	0.2470	0.3299	0.4070	0.4982	0.6024	0.7162	0.8338	0.9474	1.0493	1.1339	1.1987	1.2446	1.2745	1.2925	1.3023	1.3071	1.3091	1.3098	1.3100	1.3100	1.3100	1.3100	1.3100	1.3098	1.3091	1.3071	1.3023	1.2925	1.2745	1.2446	1.1987	1.1339	1.0493	0.9474	0.8338	0.7162	0.6024	0.4982	0.4070	0.3299	0.2663	0.2147	0.1733	0.1403	0.1140	0.0931	0.0763	0.0629	0.0522	0.0435	0.0364
PHE	-0.0155	-0.0202	-0.0265	-0.0350	-0.0465	-0.0621	-0.0833	-0.1118	-0.1495	-0.1981	-0.2583	-0.3286	-0.4050	-0.4808	-0.5489	-0.6042	-0.6450	-0.6725	-0.6897	-0.6998	-0.7052	-0.7079	-0.7092	-0.7097	-0.7099	-0.7100	-0.7100	-0.7100	-0.7100	-0.7100	-0.7100	-0.7100	-0.7100	-0.7100	-0.7100	-0.7100	-0.7099	-0.7097	-0.7092	-0.7079	-0.7052	-0.6998	-0.6897	-0.6725	-0.6450	-0.6042	-0.5489	-0.4808	-0.4050	-0.3286	-0.2583	-0.1981	-0.1495	-0.1118	-0.0833	-0.0621	-0.0465	-0.0350	-0.0265	-0.0202	-0.0155
GLY	-0.0000	-0.0000	-0.0000	-0.0000	-0.0000	-0.0001	-0.0001	-0.0001	-0.0001	-0.0002	-0.0003	-0.0005	-0.0007	-0.0011	-0.0019	-0.0031	-0.0053	-0.0094	-0.0170	-0.0313	-0.0565	-0.0942	-0.1360	-0.1672	-0.1827	-0.1883	-0.1897	-0.1900	-0.1900	-0.1900	-0.1900	-0.1900	-0.1900	-0.1900	-0.1897	-0.1883	-0.1827	-0.1672	-0.1360	-0.0942	-0.0297	-0.0427	-0.0595	-0.0800	-0.1040	-0.1306	-0.1585	-0.1859	-0.2107	-0.2308	-0.2443	-0.2499	-0.2470	-0.2359	-0.2178	-0.1942	-0.1674	-0.1394	-0.1122	-0.0873	-0.0656
HIS	0.0069	0.0077	0.0085	0.0095	0.0106	0.0119	0.0135	0.0153	0.0174	0.0199	0.0230	0.0266	0.0311	0.0366	0.0434	0.0519	0.0626	0.0762	0.0936	0.1160	0.1448	0.1818	0.2283	0.2850	0.3502	0.4185	0.4812	0.5291	0.5573	0.5684	0.5700	0.5684	0.5573	0.5291	0.4812	0.4185	0.3502	0.2850	0.2283	0.1818	0.1448	0.1160	0.0580	-0.0000	-0.0000	-0.0000	-0.0001	-0.0007	-0.0046	-0.0204	-0.0654	-0.1499	-0.2463	-0.2900	-0.2447	-0.1479	-0.0641	-0.0199	-0.0044	-0.0007	-0.0001
ILE	-0.0113	-0.0141	-0.0178	-0.0226	-0.0288	-0.0371	-0.0480	-0.0625	-0.0817	-0.1072	-0.1405	-0.1834	-0.2369	-0.3009	-0.3727	-0.4476	-0.5187	-0.5800	-0.6278	-0.6617	-0.6837	-0.6968	-0.7040	-0.7075	-0.7091	-0.7097	-0.7099	-0.7100	-0.7100	-0.7100	-0.7100	-0.7100	-0.7100	-0.7100	-0.7099	-0.7097	-0.7091	-0.7075	-0.7040	-0.6968	-0.6837	-0.6617	-0.6278	-0.5800	-0.5187	-0.4476	-0.3727	-0.3009	-0.2369	-0.1834	-0.1405	-0.1072	-0.0817	-0.0625	-0.0480	-0.0371	-0.0288	-0.0226	-0.0178	-0.0141	-0.0113
LYS	-0.2708	-0.3204	-0.3717	-0.4226	-0.4710	-0.5145	-0.5510	-0.5783	-0.5949	-0.6000	-0.5930	-0.5746	-0.5457	-0.5080	-0.4635	-0.1640	0.1356	0.4351	0.7347	1.0342	1.1570	1.2822	1.4043	1.5175	1.6159	1.6952	1.7533	1.7909	1.8111	1.8189	1.8200	1.8189	1.8111	1.7909	1.7533	1.6952	1.6159	1.5175	1.4043	1.2822	1.1570	1.0342	0.9178	0.8104	0.7134	0.6270	0.5510	0.4846	0.4268	0.3768	0.3334	0.2959	0.2633	0.2350	0.0000	0.0000	0.0000	0.0000	0.0000	0.0000	0.0000
LEU	-0.0413	-0.0489	-0.0581	-0.0692	-0.0828	-0.0993	-0.1194	-0.1438	-0.1731	-0.2080	-0.2490	-0.2962	-0.3490	-0.4061	-0.4654	-0.5239	-0.5787	-0.6271	-0.6673	-0.6986	-0.7216	-0.7375	-0.7477	-0.7539	-0.7573	-0.7590	-0.7597	-0.7599	-0.7600	-0.7600	-0.7600	-0.7600	-0.7600	-0.7599	-0.7597	-0.7590	-0.7573	-0.7539	-0.7477	-0.7375	-0.7216	-0.6986	-0.6673	-0.6271	-0.5787	-0.5239	-0.4654	-0.4061	-0.3490	-0.2962	-0.2490	-0.2080	-0.1731	-0.1438	-0.1194	-0.0993	-0.0828	-0.0692	-0.0581	-0.0489	-0.0413
MET	-0.0431	-0.1180	-0.2313	-0.3250	-0.3272	-0.2360	-0.1220	-0.0452	-0.0120	-0.1471	-0.1792	-0.2157	-0.2556	-0.2972	-0.3380	-0.3757	-0.4082	-0.4344	-0.4542	-0.4682	-0.4775	-0.4833	-0.4867	-0.4885	-0.4894	-0.4898	-0.4899	-0.4900	-0.4900	-0.4900	-0.4900	-0.4900	-0.4900	-0.4900	-0.4899	-0.4898	-0.4894	-0.4885	-0.4867	-0.4833	-0.4775	-0.4682	-0.4542	-0.4344	-0.4082	-0.3757	-0.3380	-0.2972	-0.2556	-0.2157	-0.1792	-0.1471	-0.1199	-0.0972	-0.0787	-0.0637	-0.0517	-0.0420	-0.0343	-0.0281	-0.0232
ASN	0.0011	0.0014	0.0018	0.0025	0.0033	0.0045	0.0063	0.0088	0.0125	0.0180	0.0262	0.0388	0.0581	0.0875	0.1319	0.1960	0.2822	0.3850	0.4891	0.5761	0.6362	0.6710	0.6884	0.6960	0.6988	0.6997	0.7000	0.7000	0.7000	0.7000	0.7000	0.7000	0.7000	0.7000	0.7000	0.6997	0.6988	0.6960	0.6884	0.6710	0.6362	0.5761	0.4891	0.3850	0.2822	0.1960	0.0763	-0.0434	-0.1631	-0.1945	-0.2215	-0.2406	-0.2495	-0.2470	-0.2333	-0.2104	-0.1811	-0.1487	-0.1166	-0.0873	-0.0623
PRO	0.1703	0.1889	0.2096	0.2328	0.2584	0.2868	0.3180	0.3521	0.3889	0.4282	0.4697	0.5130	0.5571	0.6013	0.6446	0.6861	0.7246	0.7595	0.7901	0.8160	0.8373	0.8541	0.8668	0.8759	0.8822	0.8861	0.8883	0.8894	0.8899	0.8900	0.8900	0.8898	0.8882	0.8840	0.8758	0.8624	0.8431	0.8174	0.7853	0.7474	0.7048	0.6587	0.6106	0.5620	0.5142	0.4680	0.4244	0.3838	0.3464	0.3123	0.2815	0.2537	0.2289	0.2067	0.1869	0.1692	0.1535	0.1394	0.1269	0.1157	0.1058
GLN	0.0035	0.0043	0.0054	0.0067	0.0084	0.0106	0.0135	0.0174	0.0227	0.0299	0.0397	0.0535	0.0726	0.0996	0.1375	0.1902	0.2619	0.3550	0.4678	0.5908	0.7085	0.8052	0.8732	0.9142	0.9356	0.9452	0.9488	0.9498	0.9500	0.9500	0.9500	0.9500	0.9500	0.9498	0.9488	0.9452	0.9356	0.9142	0.8732	0.8052	0.7085	0.5908	0.4678	0.3550	0.2619	0.1902	0.1375	0.0996	0.0726	0.0535	0.0397	0.0299	0.0227	0.0174	0.0135	0.0106	0.0084	0.0067	0.0054	0.0043	0.0035
ARG	-0.2207	-0.2669	-0.3164	-0.3676	-0.4186	-0.4673	-0.5113	-0.5484	-0.5765	-0.5940	-0.6000	-0.5940	-0.5765	-0.5484	-0.5113	-0.4673	-0.2066	0.0542	0.3149	0.5756	0.8364	0.9923	1.1171	1.2022	1.2515	1.2759	1.2860	1.2892	1.2899	1.2900	1.2900	1.2900	1.2899	1.2892	1.2860	1.2759	1.2515	1.2022	1.1171	0.9923	0.8364	0.6695	0.5137	0.3828	0.2808	0.2049	0.1498	0.1102	0.0819	0.0614	0.0466	0.0357	0.0277	0.0217	0.0171	0.0137	0.0110	0.0089	0.0073	0.0060	0.0049
SER	0.0013	0.0017	0.0022	0.0030	0.0040	0.0054	0.0074	0.0103	0.0144	0.0204	0.0289	0.0409	0.0575	0.0793	0.1060	0.1355	0.1641	0.1882	0.2059	0.2173	0.2239	0.2273	0.2290	0.2296	0.2299	0.2300	0.2300	0.2300	0.2300	0.2300	0.2300	0.2300	0.2300	0.2300	0.2300	0.2300	0.2299	0.2296	0.2290	0.2273	0.2239	0.2173	0.2059	0.1882	0.1641	0.1355	0.1060	0.0793	0.0575	0.0409	0.0289	0.0204	0.0144	0.0103	0.0074	0.0054	0.0040	0.0030	0.0022	0.0017	0.0013
THR	0.0003	0.0004	0.0005	0.0007	0.0009	0.0012	0.0017	0.0023	0.0032	0.0045	0.0063	0.0088	0.0122	0.0163	0.0211	0.0261	0.0306	0.0342	0.0367	0.0383	0.0392	0.0396	0.0399	0.0400	0.0400	0.0400	0.0400	0.0400	0.0400	0.0400	0.0400	0.0400	0.0400	0.0400	0.0400	0.0400	0.0400	0.0400	0.0399	0.0396	0.0392	0.0383	0.0367	0.0342	0.0306	0.0261	0.0211	0.0163	0.0122	0.0088	0.0063	0.0045	0.0032	0.0023	0.0017	0.0012	0.0009	0.0007	0.0005	0.0004	0.0003
VAL	-0.0055	-0.0067	-0.0083	-0.0103	-0.0129	-0.0163	-0.0206	-0.0264	-0.0341	-0.0443	-0.0578	-0.0758	-0.0995	-0.1301	-0.1686	-0.2149	-0.2672	-0.3216	-0.3729	-0.4164	-0.4495	-0.4721	-0.4860	-0.4937	-0.4975	-0.4992	-0.4998	-0.5000	-0.5000	-0.5000	-0.5000	-0.5000	-0.5000	-0.5000	-0.4998	-0.4992	-0.4975	-0.4937	-0.4860	-0.4721	-0.4495	-0.4164	-0.3729	-0.3216	-0.2672	-0.2149	-0.1686	-0.1301	-0.0995	-0.0758	-0.0578	-0.0443	-0.0341	-0.0264	-0.0206	-0.0163	-0.0129	-0.0103	-0.0083	-0.0067	-0.0055
TRP	-0.0012	-0.0024	-0.0047	-0.0090	-0.0162	-0.0281	-0.0466	-0.0742	-0.1131	-0.1652	-0.2313	-0.3103	-0.3989	-0.4913	-0.5798	-0.6557	-0.7105	-0.7377	-0.7340	-0.6997	-0.6391	-0.5594	-0.4692	-0.3770	-0.2903	-0.2142	-0.1515	-0.1026	-0.0666	-0.0414	-0.0729	-0.1031	-0.1419	-0.1899	-0.2471	-0.3128	-0.3852	-0.4613	-0.5373	-0.6087	-0.6708	-0.7190	-0.7495	-0.7600	-0.7495	-0.7190	-0.6708	-0.6087	-0.5373	-0.4613	-0.3852	-0.3128	-0.2471	-0.1899	-0.1419	-0.1031	-0.0729	-0.0501	-0.0335	-0.0218	-0.0138
TYR	-0.0060	-0.0108	-0.0186	-0.0307	-0.0489	-0.0746	-0.1095	-0.1542	-0.2086	-0.2711	-0.3384	-0.4056	-0.4671	-0.5166	-0.5488	-0.5600	-0.5488	-0.5166	-0.4671	-0.4056	-0.3384	-0.2711	-0.2086	-0.1542	-0.1095	-0.0746	-0.0489	-0.0307	-0.0186	-0.0108	-0.0777	-0.1007	-0.1282	-0.1603	-0.1968	-0.2374	-0.2813	-0.3275	-0.3744	-0.4205	-0.4639	-0.5028	-0.5352	-0.5596	-0.5748	-0.5800	-0.5748	-0.5596	-0.5352	-0.5028	-0.4639	-0.4205	-0.3744	-0.3275	-0.2813	-0.2374	-0.1968	-0.1603	-0.1282	-0.1007	-0.0777
