# script and data used to create this table can be found at https://github.com/SluskyLab/FaMPAsymEz
ALA	-0.0154	-0.0173	-0.0195	-0.0220	-0.0249	-0.0283	-0.0322	-0.0369	-0.0424	-0.0489	-0.0566	-0.0657	-0.0765	-0.0891	-0.1039	-0.1211	-0.1407	-0.1627	-0.1868	-0.2121	-0.2377	-0.2623	-0.2844	-0.3031	-0.3176	-0.3279	-0.3344	-0.3380	-0.3395	-0.3400	-0.3400	-0.3400	-0.3395	-0.3380	-0.3344	-0.3279	-0.3176	-0.3031	-0.2844	-0.2623	-0.2377	-0.2121	-0.1868	-0.1627	-0.1407	-0.1211	-0.1039	-0.0891	-0.0765	-0.0657	-0.0566	-0.0489	-0.0424	-0.0369	-0.0322	-0.0283	-0.0249	-0.0220	-0.0195	-0.0173	-0.0154
CYS	-0.4828	-0.7829	-0.9096	-0.7573	-0.5815	-0.6157	-0.6519	-0.6900	-0.7300	-0.7719	-0.8155	-0.8607	-0.9073	-0.9549	-1.0032	-1.0516	-1.0998	-1.1472	-1.1930	-1.2368	-1.2778	-1.3154	-1.3491	-1.3785	-1.4033	-1.4234	-1.4387	-1.4494	-1.4561	-1.4593	-1.4600	-1.4593	-1.4561	-1.4494	-1.4387	-1.4234	-1.4033	-1.3785	-1.3491	-1.3154	-1.2778	-1.2368	-1.1930	-1.1472	-1.0998	-1.0516	-1.0032	-0.9549	-0.9073	-0.8607	-0.8155	-0.7719	-0.7300	-0.6853	-0.9265	-1.1537	-1.3234	-1.3983	-1.3609	-1.2200	-1.0075
ASP	-0.0425	-0.0775	-0.1296	-0.1988	-0.0664	0.0659	0.1982	0.3306	0.4629	0.5039	0.5487	0.5975	0.6505	0.7076	0.7687	0.8335	0.9013	0.9714	1.0426	1.1134	1.1823	1.2475	1.3073	1.3600	1.4045	1.4400	1.4665	1.4844	1.4947	1.4992	1.5000	1.4992	1.4947	1.4844	1.4665	1.4400	1.4045	1.3600	1.3073	1.1593	1.0113	0.8633	0.7153	0.5673	0.4193	0.2713	0.1233	-0.0247	-0.1727	-0.1929	-0.2083	-0.2176	-0.2199	-0.2149	-0.2031	-0.1857	-0.1642	-0.1404	-0.1162	-0.0929	-0.0719
GLU	-0.1300	-0.1535	-0.1728	-0.1855	-0.1900	-0.1855	-0.0989	-0.0122	0.0745	0.1612	0.2478	0.3345	0.4045	0.4863	0.5794	0.6816	0.7886	0.8949	0.9940	1.0803	1.1503	1.2030	1.2398	1.2635	1.2774	1.2848	1.2883	1.2896	1.2899	1.2900	1.2900	1.2900	1.2899	1.2896	1.2883	1.2848	1.2774	1.2635	1.2398	1.2030	1.1503	1.0803	0.9940	0.8949	0.7886	0.6816	0.5794	0.4863	0.4045	0.3345	0.2759	0.2274	0.1876	0.1552	0.1288	0.1073	0.0898	0.0755	0.0637	0.0540	0.0460
PHE	-0.0203	-0.0264	-0.0345	-0.0454	-0.0600	-0.0796	-0.1057	-0.1400	-0.1840	-0.2387	-0.3033	-0.3748	-0.4478	-0.5161	-0.5740	-0.6190	-0.6509	-0.6720	-0.6850	-0.6924	-0.6964	-0.6985	-0.6994	-0.6998	-0.6999	-0.7000	-0.7000	-0.7000	-0.7000	-0.7000	-0.7000	-0.7000	-0.7000	-0.7000	-0.7000	-0.7000	-0.6999	-0.6998	-0.6994	-0.6985	-0.6964	-0.6924	-0.6850	-0.6720	-0.6509	-0.6190	-0.5740	-0.5161	-0.4478	-0.3748	-0.3033	-0.2387	-0.1840	-0.1400	-0.1057	-0.0796	-0.0600	-0.0454	-0.0345	-0.0264	-0.0203
GLY	-0.0000	-0.0000	-0.0000	-0.0000	-0.0000	-0.0001	-0.0001	-0.0001	-0.0002	-0.0003	-0.0004	-0.0006	-0.0009	-0.0014	-0.0023	-0.0038	-0.0064	-0.0114	-0.0205	-0.0373	-0.0659	-0.1066	-0.1491	-0.1790	-0.1934	-0.1984	-0.1997	-0.2000	-0.2000	-0.2000	-0.2000	-0.2000	-0.2000	-0.2000	-0.1997	-0.1984	-0.1934	-0.1790	-0.1491	-0.1066	-0.0268	-0.0389	-0.0545	-0.0739	-0.0969	-0.1227	-0.1503	-0.1779	-0.2036	-0.2253	-0.2409	-0.2490	-0.2489	-0.2404	-0.2245	-0.2027	-0.1768	-0.1492	-0.1217	-0.0959	-0.0731
HIS	0.0116	0.0127	0.0138	0.0152	0.0167	0.0184	0.0204	0.0227	0.0254	0.0285	0.0321	0.0364	0.0415	0.0476	0.0549	0.0638	0.0746	0.0879	0.1043	0.1246	0.1499	0.1811	0.2193	0.2650	0.3176	0.3744	0.4302	0.4777	0.5106	0.5267	0.5300	0.5267	0.5106	0.4777	0.4302	0.3744	0.3176	0.2650	0.2193	0.1811	0.1499	0.1246	0.0623	-0.0000	-0.0000	-0.0000	-0.0002	-0.0018	-0.0098	-0.0389	-0.1105	-0.2248	-0.3276	-0.3421	-0.2560	-0.1372	-0.0527	-0.0145	-0.0029	-0.0004	-0.0000
ILE	-0.0170	-0.0208	-0.0257	-0.0319	-0.0398	-0.0500	-0.0632	-0.0801	-0.1018	-0.1297	-0.1650	-0.2087	-0.2616	-0.3228	-0.3902	-0.4595	-0.5256	-0.5836	-0.6302	-0.6647	-0.6883	-0.7031	-0.7118	-0.7164	-0.7186	-0.7195	-0.7199	-0.7200	-0.7200	-0.7200	-0.7200	-0.7200	-0.7200	-0.7200	-0.7199	-0.7195	-0.7186	-0.7164	-0.7118	-0.7031	-0.6883	-0.6647	-0.6302	-0.5836	-0.5256	-0.4595	-0.3902	-0.3228	-0.2616	-0.2087	-0.1650	-0.1297	-0.1018	-0.0801	-0.0632	-0.0500	-0.0398	-0.0319	-0.0257	-0.0208	-0.0170
LYS	-0.4946	-0.5496	-0.5986	-0.6390	-0.6687	-0.6859	-0.6896	-0.6796	-0.6565	-0.6216	-0.5770	-0.5249	-0.4680	-0.4091	-0.3505	-0.1704	0.0097	0.1898	0.3699	0.5500	0.7408	0.9142	1.0384	1.1094	1.1424	1.1551	1.1590	1.1599	1.1600	1.1600	1.1600	1.1600	1.1600	1.1599	1.1590	1.1551	1.1424	1.1094	1.0384	0.9142	0.7408	0.5500	0.3804	0.2518	0.1637	0.1064	0.0698	0.0465	0.0314	0.0217	0.0152	0.0108	0.0078	0.0057	-0.0626	-0.1137	-0.1479	-0.1379	-0.0921	-0.0441	-0.0151
LEU	-0.0995	-0.1129	-0.1282	-0.1459	-0.1662	-0.1894	-0.2159	-0.2459	-0.2797	-0.3173	-0.3586	-0.4031	-0.4502	-0.4988	-0.5476	-0.5951	-0.6398	-0.6803	-0.7155	-0.7449	-0.7684	-0.7863	-0.7992	-0.8081	-0.8138	-0.8171	-0.8189	-0.8197	-0.8199	-0.8200	-0.8200	-0.8200	-0.8199	-0.8197	-0.8189	-0.8171	-0.8138	-0.8081	-0.7992	-0.7863	-0.7684	-0.7449	-0.7155	-0.6803	-0.6398	-0.5951	-0.5476	-0.4988	-0.4502	-0.4031	-0.3586	-0.3173	-0.2797	-0.2459	-0.2159	-0.1894	-0.1662	-0.1459	-0.1282	-0.1129	-0.0995
MET	-0.2328	-0.2636	-0.2684	-0.2458	-0.2024	-0.1499	-0.0998	-0.0598	-0.0322	-0.0307	-0.0435	-0.0617	-0.0868	-0.1199	-0.1604	-0.2053	-0.2489	-0.2859	-0.3130	-0.3305	-0.3406	-0.3459	-0.3484	-0.3494	-0.3498	-0.3500	-0.3500	-0.3500	-0.3500	-0.3500	-0.3500	-0.3500	-0.3500	-0.3500	-0.3500	-0.3500	-0.3498	-0.3494	-0.3484	-0.3459	-0.3406	-0.3305	-0.3130	-0.2859	-0.2489	-0.2053	-0.1604	-0.1199	-0.0868	-0.0617	-0.0435	-0.0307	-0.0217	-0.0155	-0.0112	-0.0081	-0.0060	-0.0044	-0.0033	-0.0025	-0.0019
ASN	0.0014	0.0018	0.0024	0.0032	0.0044	0.0060	0.0083	0.0116	0.0164	0.0235	0.0342	0.0503	0.0746	0.1111	0.1641	0.2374	0.3299	0.4321	0.5275	0.6019	0.6505	0.6778	0.6912	0.6969	0.6991	0.6998	0.7000	0.7000	0.7000	0.7000	0.7000	0.7000	0.7000	0.7000	0.7000	0.6998	0.6991	0.6969	0.6912	0.6778	0.6505	0.6019	0.5275	0.4321	0.3299	0.2374	0.0960	-0.0454	-0.1868	-0.1949	-0.1993	-0.1997	-0.1962	-0.1889	-0.1783	-0.1649	-0.1496	-0.1330	-0.1158	-0.0989	-0.0828
PRO	0.1658	0.1844	0.2052	0.2284	0.2542	0.2828	0.3143	0.3486	0.3858	0.4255	0.4675	0.5110	0.5554	0.5997	0.6429	0.6840	0.7220	0.7562	0.7859	0.8109	0.8312	0.8471	0.8589	0.8674	0.8730	0.8766	0.8786	0.8795	0.8799	0.8800	0.8800	0.8798	0.8785	0.8747	0.8672	0.8549	0.8368	0.8126	0.7821	0.7459	0.7047	0.6599	0.6127	0.5648	0.5173	0.4713	0.4276	0.3868	0.3491	0.3147	0.2835	0.2555	0.2303	0.2078	0.1877	0.1698	0.1539	0.1397	0.1270	0.1157	0.1056
GLN	0.0111	0.0131	0.0155	0.0184	0.0220	0.0265	0.0321	0.0392	0.0481	0.0596	0.0743	0.0934	0.1180	0.1501	0.1916	0.2447	0.3117	0.3934	0.4888	0.5932	0.6984	0.7942	0.8723	0.9289	0.9650	0.9852	0.9950	0.9987	0.9998	1.0000	1.0000	1.0000	0.9998	0.9987	0.9950	0.9852	0.9650	0.9289	0.8723	0.7942	0.6984	0.5932	0.4888	0.3934	0.3117	0.2447	0.1916	0.1501	0.1180	0.0934	0.0743	0.0596	0.0481	0.0392	0.0321	0.0265	0.0220	0.0184	0.0155	0.0131	0.0111
ARG	-0.2207	-0.2669	-0.3164	-0.3676	-0.4186	-0.4673	-0.5113	-0.5484	-0.5765	-0.5940	-0.6000	-0.5940	-0.5765	-0.5484	-0.5113	-0.4673	-0.2454	-0.0235	0.1984	0.4203	0.6422	0.8032	0.9702	1.1231	1.2441	1.3254	1.3710	1.3917	1.3986	1.3999	1.4000	1.3999	1.3986	1.3917	1.3710	1.3254	1.2441	1.1231	0.9702	0.8032	0.6422	0.5012	0.3860	0.2958	0.2270	0.1751	0.1361	0.1067	0.0844	0.0675	0.0544	0.0442	0.0363	0.0300	0.0250	0.0209	0.0177	0.0150	0.0128	0.0110	0.0095
SER	0.0018	0.0023	0.0031	0.0041	0.0055	0.0075	0.0103	0.0142	0.0198	0.0277	0.0389	0.0544	0.0750	0.1009	0.1309	0.1620	0.1905	0.2132	0.2291	0.2391	0.2448	0.2477	0.2491	0.2497	0.2499	0.2500	0.2500	0.2500	0.2500	0.2500	0.2500	0.2500	0.2500	0.2500	0.2500	0.2500	0.2499	0.2497	0.2491	0.2477	0.2448	0.2391	0.2291	0.2132	0.1905	0.1620	0.1309	0.1009	0.0750	0.0544	0.0389	0.0277	0.0198	0.0142	0.0103	0.0075	0.0055	0.0041	0.0031	0.0023	0.0018
THR	0.0002	0.0002	0.0003	0.0004	0.0006	0.0008	0.0011	0.0015	0.0021	0.0030	0.0043	0.0061	0.0087	0.0122	0.0166	0.0217	0.0270	0.0316	0.0351	0.0374	0.0387	0.0394	0.0398	0.0399	0.0400	0.0400	0.0400	0.0400	0.0400	0.0400	0.0400	0.0400	0.0400	0.0400	0.0400	0.0400	0.0400	0.0399	0.0398	0.0394	0.0387	0.0374	0.0351	0.0316	0.0270	0.0217	0.0166	0.0122	0.0087	0.0061	0.0043	0.0030	0.0021	0.0015	0.0011	0.0008	0.0006	0.0004	0.0003	0.0002	0.0002
VAL	-0.0065	-0.0079	-0.0097	-0.0119	-0.0146	-0.0182	-0.0228	-0.0288	-0.0366	-0.0467	-0.0600	-0.0774	-0.0999	-0.1287	-0.1644	-0.2071	-0.2555	-0.3065	-0.3557	-0.3988	-0.4328	-0.4571	-0.4727	-0.4818	-0.4866	-0.4888	-0.4897	-0.4899	-0.4900	-0.4900	-0.4900	-0.4900	-0.4900	-0.4899	-0.4897	-0.4888	-0.4866	-0.4818	-0.4727	-0.4571	-0.4328	-0.3988	-0.3557	-0.3065	-0.2555	-0.2071	-0.1644	-0.1287	-0.0999	-0.0774	-0.0600	-0.0467	-0.0366	-0.0288	-0.0228	-0.0182	-0.0146	-0.0119	-0.0097	-0.0079	-0.0065
TRP	-0.0074	-0.0124	-0.0200	-0.0315	-0.0480	-0.0712	-0.1025	-0.1433	-0.1944	-0.2563	-0.3279	-0.4076	-0.4918	-0.5764	-0.6559	-0.7247	-0.7777	-0.8103	-0.8199	-0.8056	-0.7686	-0.7121	-0.6406	-0.5597	-0.4748	-0.3911	-0.3129	-0.2431	-0.1833	-0.1343	-0.2230	-0.2689	-0.3195	-0.3740	-0.4314	-0.4902	-0.5489	-0.6056	-0.6583	-0.7050	-0.7440	-0.7736	-0.7925	-0.7999	-0.7955	-0.7795	-0.7526	-0.7160	-0.6711	-0.6197	-0.5639	-0.5056	-0.4466	-0.3887	-0.3333	-0.2816	-0.2345	-0.1923	-0.1554	-0.1238	-0.0971
TYR	-0.0037	-0.0069	-0.0122	-0.0206	-0.0336	-0.0527	-0.0791	-0.1142	-0.1582	-0.2104	-0.2688	-0.3296	-0.3882	-0.4391	-0.4768	-0.4972	-0.4978	-0.4785	-0.4418	-0.3916	-0.3333	-0.2724	-0.2138	-0.1611	-0.1165	-0.0810	-0.0540	-0.0346	-0.0213	-0.0126	-0.0647	-0.0847	-0.1087	-0.1371	-0.1696	-0.2060	-0.2456	-0.2875	-0.3303	-0.3726	-0.4125	-0.4484	-0.4784	-0.5011	-0.5152	-0.5200	-0.5152	-0.5011	-0.4784	-0.4484	-0.4125	-0.3726	-0.3303	-0.2875	-0.2456	-0.2060	-0.1696	-0.1371	-0.1087	-0.0847	-0.0647
