A 2.55268630699e-21 -4.1741536676e-35 -8.20265187929e-18 6.10811877676e-32 5.76104162055e-15
C 1.33373630691e-07 2.01836675926e-06 -0.000454373010148 -0.0037611353739 0.347475744055
D 1.4206170486e-06 -1.78609707992e-06 -0.00430651423595 0.00329218025569 2.71359696056
E 1.61222883721e-06 5.01919609115e-07 -0.00486715673829 -0.000931755090123 3.04217443543
F -1.00978392283e-06 -2.90993495471e-06 0.00295911594795 0.00538600017241 -1.73898369393
G 1.06022911282e-06 -5.49059557079e-07 -0.00312877318057 0.00102091788507 1.86538542009
H 1.42388131137e-06 -1.02556448086e-07 -0.00424674701885 0.000216179329408 2.58952028973
I -1.15626730853e-06 -1.64932471457e-06 0.00344851293499 0.00305110252498 -2.10345669977
K 1.33241472338e-06 -1.24013184464e-05 -0.00401863231222 0.0230054653395 2.50711111678
L -1.48564373794e-06 -9.19127622797e-08 0.0044449730118 0.000169181096484 -2.72858694146
M -5.16847450298e-07 -8.95887570903e-08 0.00152035372904 0.000164862272866 -0.900812988158
N 9.64891999098e-07 2.28716931539e-06 -0.00287889669928 -0.00424875422848 1.75668016913
P 1.50095841783e-06 9.13801346522e-07 -0.00449837479392 -0.00168905656644 2.77015580044
Q 9.26008183083e-07 8.87905997564e-07 -0.00281052675282 -0.00163278475512 1.77517778625
R 5.54087193148e-07 -1.23131635762e-05 -0.00163413791975 0.0228405685886 0.973642877219
S 1.18530243266e-07 6.18261880707e-07 -0.000366083505311 -0.00113648489544 0.23895469678
T 6.27266641868e-07 -3.77744507154e-06 -0.00187170518221 0.00700955221926 1.14229146354
V -3.84252477864e-07 -2.13315458193e-08 0.00112577249801 3.91984218023e-05 -0.661540412833
W -1.06611099613e-07 4.75329950911e-06 0.000281193135535 -0.00880976129427 -0.125421256309
Y 8.13141666768e-07 4.59021313271e-06 -0.00246453408796 -0.00849870594579 1.55203213012
