A 3.07122114973e-35 -3.33932293408e-34 -1.57010589456e-31 2.20123335867e-31 -5.68434188608e-14
C 2.85728396354e-07 1.69626410357e-06 -0.000823731277444 -0.0034530908053 -0.360627323362
D 1.47796390877e-06 -4.49829237429e-06 -0.00436650699662 0.00594965095793 0.1763278297
E 1.5570351584e-06 9.90778202257e-08 -0.00468785763785 -0.000531155573635 0.188630299907
F -9.58518593952e-07 -3.13877556989e-06 0.00280643972766 0.00551980089932 -3.69017525705
G 1.35910044988e-06 -2.75407382701e-06 -0.00376395497713 0.00322437345168 0.625023188109
H 1.48407754993e-06 6.58029374199e-07 -0.00438018221592 -0.000657844838979 0.586552406674
I -1.17753478932e-06 2.60864738095e-07 0.00338756253568 0.00117725742389 -1.90334714657
K 1.19185896917e-06 -1.02810437413e-05 -0.00371881484735 0.020941340697 1.67854470629
L -1.51809740911e-06 1.24879364215e-06 0.00444556835858 -0.00114931649409 -2.75791766093
M -5.28462712715e-07 6.41553395565e-07 0.00150514162142 -0.000550785401347 -1.97554114461
N 1.02570211041e-06 2.18761500781e-06 -0.00304690998928 -0.00409531856055 -0.111223307503
P 4.05969035806e-05 -0.00110788245239 -0.0633402082626 1.08796479446 -238.555110528
Q 8.46295539151e-07 1.2545775639e-06 -0.00265185495187 -0.00196551152822 -0.527281275451
R 4.3782033756e-07 -1.08251022232e-05 -0.00137959038642 0.0213785390757 -0.444557249578
S 2.6436672207e-07 -1.34340444399e-07 -0.00061736642424 -0.000371942582266 -0.964070472952
T 7.68491075819e-07 -5.48873879463e-06 -0.00214160802948 0.00873894814845 0.180354534393
V -2.99413306359e-07 -2.6807353176e-07 0.000891546418555 0.000330721109844 -0.805310867149
W -1.39864772819e-07 5.00847600523e-06 0.00033379473208 -0.0091885639963 -1.01895349582
Y 8.45880614417e-07 5.04049460271e-06 -0.00254759406044 -0.00909250442129 -0.454971891488
