XXX -0.2948 0.7966 0.4724
ALA 1.91390 1.30079 1.87508
CYS 3.94955 3.26745 3.79475
ASP -2.20420 -1.82260 -2.22492
GLU -1.30585 -3.22695 -1.78253
PHE 1.16195 -0.23064 0.45376
GLY 0.47320 0.75977 2.52516
HIS 0.32496 -0.42072 -1.37078
ILE 2.41937 1.61602 1.75396
LYS 0.39688 -1.21283 -0.26459
LEU 2.02544 0.88664 1.46967
MET 2.30423 1.90507 3.27329
ASN -1.29454 -0.77771 -1.00547
PRO -1.28075 -1.16411 -1.76757
GLN -1.72628 -1.26467 -0.47671
ARG 0.57279 -1.10580 -1.54639
SER 0.13375 1.42703 0.39870
THR 0.75357 1.16046 0.21995
VAL 2.71515 1.87695 1.72233
TRP 1.55993 1.95848 1.35001
TYR 0.66350 0.11042 -0.15432
