# Disulfide score based on the dehedral around the S-S bond.
#
# Based on the farlx_dihed_score_2 made by Bill Schief in 2002:
# rosetta++/disulfides.cc::Disulfides::farlx_dihed_score_2_initializer

# Units: degrees
@minimum -180
@step 3.6
@maximum 180
@bins left
@periodic true

9.960
9.938
9.906
9.861
9.796
9.706
9.584
9.422
9.209
8.937
8.595
8.174
7.668
7.072
6.385
5.612
4.764
3.858
2.917
1.970
1.049
0.192
-0.565
-1.189
-1.649
-1.924
-1.998
-1.869
-1.543
-1.037
-0.374
0.414
1.291
2.222
3.170
4.104
4.995
5.823
6.571
7.231
7.798
8.275
8.664
8.973
9.210
9.383
9.501
9.569
9.593
9.576
9.521
9.427
9.293
9.117
8.895
8.625
8.302
7.924
7.487
6.991
6.437
5.828
5.168
4.468
3.736
2.987
2.237
1.502
0.802
0.155
-0.419
-0.904
-1.283
-1.545
-1.681
-1.686
-1.560
-1.308
-0.938
-0.461
0.107
0.748
1.445
2.178
2.928
3.678
4.411
5.115
5.778
6.391
6.950
7.452
7.894
8.279
8.610
8.890
9.123
9.315
9.471
9.596
