

VARS   PHI PSI -180 -175 -170 -165 -160 -155 -150 -145 -140 -135 -130 -125 -120 -115 -110 -105 -100 -95 -90 -85 -80 -75 -70 -65 -60 -55 -50 -45 -40 -35 -30 -25 -20 -15 -10 -5 0 5 10 15 20 25 30 35 40 45 50 55 60 65 70 75 80 85 90 95 100 105 110 115 120 125 130 135 140 145 150 155 160 165 170 175 
FORMAT %8.3f %8.3f %6.3f %6.3f %6.3f %6.3f %6.3f %6.3f %6.3f %6.3f %6.3f %6.3f %6.3f %6.3f %6.3f %6.3f %6.3f %6.3f %6.3f %6.3f %6.3f %6.3f %6.3f %6.3f %6.3f %6.3f %6.3f %6.3f %6.3f %6.3f %6.3f %6.3f %6.3f %6.3f %6.3f %6.3f %6.3f %6.3f %6.3f %6.3f %6.3f %6.3f %6.3f %6.3f %6.3f %6.3f %6.3f %6.3f %6.3f %6.3f %6.3f %6.3f %6.3f %6.3f %6.3f %6.3f %6.3f %6.3f %6.3f %6.3f %6.3f %6.3f %6.3f %6.3f %6.3f %6.3f %6.3f %6.3f %6.3f %6.3f %6.3f %6.3f %6.3f %6.3f

-180.000 -180.000  0.606  0.600  0.595  0.590  0.582  0.570  0.559  0.601  0.823  1.284  1.837  2.240  2.407  2.418  2.358  2.269  2.169  2.067  1.966  1.870  1.779  1.695  1.618  1.549  1.493  1.472  1.525  1.613  1.653  1.632  1.558  1.445  1.331  1.264  1.266  1.318  1.386  1.449  1.502  1.546  1.586  1.625  1.663  1.694  1.711  1.703  1.664  1.591  1.485  1.353  1.209  1.071  0.963  0.910  0.923  0.977  1.028  1.046  1.028  0.981  0.921  0.860  0.807  0.764  0.731  0.705  0.684  0.665  0.649  0.635  0.623  0.613
-175.000 -175.000  0.616  0.610  0.605  0.600  0.591  0.577  0.565  0.605  0.822  1.278  1.849  2.314  2.562  2.637  2.619  2.556  2.471  2.373  2.270  2.163  2.055  1.949  1.843  1.739  1.639  1.578  1.593  1.632  1.646  1.622  1.557  1.452  1.329  1.223  1.166  1.171  1.224  1.302  1.379  1.442  1.488  1.519  1.535  1.537  1.521  1.486  1.430  1.355  1.267  1.170  1.073  0.984  0.920  0.896  0.921  0.970  1.011  1.021  0.998  0.950  0.892  0.835  0.788  0.751  0.723  0.701  0.684  0.669  0.655  0.643  0.632  0.623
-170.000 -170.000  0.627  0.621  0.616  0.610  0.600  0.586  0.572  0.608  0.816  1.254  1.812  2.301  2.606  2.747  2.785  2.766  2.713  2.638  2.547  2.442  2.326  2.199  2.054  1.883  1.699  1.589  1.585  1.612  1.623  1.604  1.547  1.453  1.336  1.222  1.136  1.096  1.105  1.159  1.235  1.308  1.362  1.389  1.393  1.377  1.343  1.295  1.238  1.176  1.112  1.050  0.989  0.933  0.893  0.883  0.907  0.948  0.978  0.982  0.957  0.911  0.858  0.808  0.767  0.736  0.714  0.697  0.684  0.672  0.661  0.651  0.641  0.633
-165.000 -165.000  0.637  0.632  0.626  0.620  0.610  0.595  0.580  0.612  0.804  1.207  1.722  2.194  2.531  2.728  2.824  2.855  2.842  2.797  2.723  2.622  2.492  2.329  2.118  1.855  1.618  1.530  1.545  1.576  1.590  1.576  1.528  1.444  1.337  1.228  1.137  1.077  1.056  1.079  1.135  1.203  1.259  1.290  1.293  1.273  1.235  1.184  1.128  1.074  1.024  0.980  0.938  0.899  0.870  0.863  0.883  0.914  0.936  0.935  0.911  0.870  0.824  0.782  0.748  0.723  0.705  0.693  0.683  0.674  0.666  0.658  0.650  0.643
-160.000 -160.000  0.649  0.643  0.638  0.631  0.621  0.606  0.591  0.616  0.784  1.134  1.577  2.001  2.339  2.576  2.725  2.805  2.830  2.807  2.738  2.623  2.456  2.235  1.956  1.662  1.481  1.456  1.494  1.531  1.550  1.540  1.498  1.424  1.327  1.227  1.139  1.075  1.041  1.043  1.080  1.136  1.189  1.224  1.233  1.218  1.183  1.134  1.079  1.026  0.980  0.940  0.904  0.871  0.845  0.837  0.851  0.874  0.889  0.886  0.864  0.830  0.791  0.756  0.729  0.710  0.697  0.689  0.682  0.676  0.671  0.665  0.660  0.654
-155.000 -155.000  0.661  0.656  0.651  0.644  0.635  0.621  0.605  0.622  0.757  1.038  1.392  1.746  2.059  2.312  2.498  2.617  2.670  2.655  2.572  2.423  2.214  1.955  1.675  1.448  1.362  1.385  1.436  1.478  1.499  1.493  1.457  1.390  1.304  1.214  1.134  1.073  1.034  1.024  1.043  1.086  1.135  1.172  1.189  1.183  1.156  1.113  1.059  1.005  0.957  0.916  0.879  0.845  0.819  0.808  0.816  0.832  0.842  0.838  0.820  0.792  0.761  0.735  0.714  0.700  0.691  0.686  0.683  0.680  0.677  0.674  0.670  0.665
-150.000 -150.000  0.675  0.671  0.666  0.661  0.653  0.640  0.624  0.633  0.730  0.936  1.200  1.478  1.746  1.987  2.185  2.322  2.387  2.369  2.268  2.098  1.881  1.644  1.427  1.292  1.272  1.318  1.373  1.415  1.437  1.434  1.403  1.344  1.268  1.189  1.119  1.064  1.026  1.008  1.015  1.045  1.086  1.124  1.148  1.152  1.136  1.100  1.050  0.996  0.945  0.899  0.860  0.824  0.796  0.782  0.783  0.793  0.800  0.796  0.781  0.760  0.738  0.718  0.703  0.694  0.688  0.686  0.685  0.685  0.684  0.683  0.681  0.679
-145.000 -145.000  0.692  0.689  0.686  0.682  0.677  0.667  0.652  0.652  0.714  0.856  1.045  1.256  1.472  1.681  1.864  1.998  2.061  2.038  1.937  1.780  1.596  1.414  1.267  1.194  1.203  1.251  1.303  1.343  1.364  1.363  1.335  1.284  1.219  1.153  1.095  1.048  1.015  0.995  0.993  1.010  1.042  1.077  1.106  1.120  1.114  1.088  1.044  0.991  0.938  0.889  0.846  0.809  0.780  0.762  0.759  0.763  0.767  0.763  0.753  0.738  0.722  0.708  0.698  0.693  0.690  0.690  0.691  0.692  0.694  0.695  0.695  0.694
-140.000 -140.000  0.713  0.712  0.712  0.711  0.709  0.703  0.690  0.683  0.721  0.819  0.959  1.121  1.294  1.468  1.625  1.742  1.796  1.774  1.687  1.560  1.419  1.283  1.179  1.133  1.146  1.186  1.230  1.264  1.282  1.281  1.257  1.215  1.162  1.110  1.065  1.029  1.003  0.985  0.978  0.985  1.007  1.036  1.066  1.087  1.091  1.075  1.039  0.988  0.934  0.883  0.839  0.802  0.772  0.753  0.746  0.746  0.747  0.744  0.737  0.727  0.716  0.707  0.701  0.697  0.696  0.698  0.700  0.704  0.707  0.710  0.712  0.713
-135.000 -135.000  0.739  0.741  0.744  0.748  0.750  0.749  0.737  0.726  0.753  0.834  0.952  1.090  1.237  1.384  1.516  1.613  1.653  1.630  1.555  1.449  1.331  1.217  1.130  1.090  1.096  1.125  1.157  1.183  1.196  1.194  1.175  1.142  1.103  1.066  1.035  1.010  0.991  0.977  0.969  0.971  0.983  1.004  1.031  1.055  1.068  1.061  1.033  0.987  0.933  0.882  0.838  0.802  0.773  0.754  0.745  0.742  0.742  0.740  0.736  0.729  0.722  0.715  0.711  0.708  0.708  0.710  0.714  0.718  0.723  0.728  0.733  0.736
-130.000 -130.000  0.770  0.776  0.784  0.792  0.799  0.798  0.786  0.776  0.806  0.892  1.012  1.147  1.284  1.416  1.527  1.600  1.620  1.584  1.506  1.402  1.289  1.178  1.093  1.052  1.050  1.067  1.088  1.105  1.113  1.111  1.097  1.075  1.050  1.026  1.008  0.993  0.981  0.972  0.965  0.964  0.969  0.983  1.004  1.028  1.045  1.047  1.027  0.986  0.935  0.885  0.841  0.807  0.782  0.764  0.755  0.753  0.752  0.751  0.747  0.742  0.736  0.730  0.726  0.724  0.724  0.727  0.731  0.737  0.743  0.750  0.757  0.764
-125.000 -125.000  0.805  0.816  0.828  0.839  0.846  0.844  0.829  0.825  0.871  0.978  1.117  1.261  1.399  1.518  1.607  1.652  1.643  1.584  1.491  1.377  1.255  1.140  1.054  1.011  1.004  1.013  1.025  1.034  1.039  1.037  1.029  1.018  1.005  0.994  0.985  0.978  0.972  0.966  0.962  0.960  0.963  0.971  0.986  1.005  1.024  1.032  1.020  0.986  0.939  0.891  0.851  0.819  0.797  0.782  0.775  0.774  0.774  0.773  0.769  0.764  0.757  0.751  0.746  0.744  0.743  0.746  0.750  0.757  0.766  0.775  0.785  0.795
-120.000 -120.000  0.843  0.857  0.871  0.882  0.885  0.876  0.859  0.865  0.937  1.077  1.245  1.405  1.543  1.647  1.709  1.718  1.674  1.587  1.472  1.341  1.206  1.086  1.002  0.962  0.952  0.956  0.962  0.968  0.972  0.973  0.973  0.971  0.968  0.966  0.964  0.962  0.960  0.959  0.957  0.957  0.958  0.963  0.972  0.987  1.004  1.016  1.012  0.987  0.948  0.906  0.869  0.841  0.821  0.809  0.804  0.804  0.805  0.804  0.799  0.791  0.783  0.774  0.768  0.764  0.763  0.765  0.771  0.779  0.789  0.801  0.814  0.828
-115.000 -115.000  0.878  0.895  0.908  0.914  0.909  0.891  0.873  0.890  0.990  1.170  1.373  1.552  1.687  1.770  1.796  1.765  1.683  1.564  1.424  1.274  1.128  1.008  0.933  0.899  0.890  0.891  0.895  0.901  0.908  0.915  0.922  0.929  0.935  0.939  0.942  0.944  0.946  0.947  0.948  0.950  0.952  0.956  0.963  0.973  0.988  1.001  1.006  0.995  0.969  0.937  0.905  0.878  0.858  0.846  0.841  0.842  0.842  0.839  0.832  0.821  0.810  0.799  0.790  0.785  0.783  0.785  0.790  0.799  0.811  0.826  0.842  0.860
-110.000 -110.000  0.905  0.922  0.932  0.931  0.917  0.892  0.873  0.899  1.020  1.236  1.480  1.680  1.807  1.861  1.845  1.768  1.645  1.493  1.329  1.164  1.017  0.910  0.850  0.825  0.818  0.819  0.824  0.832  0.844  0.857  0.872  0.887  0.900  0.910  0.918  0.923  0.928  0.932  0.936  0.940  0.945  0.950  0.955  0.964  0.977  0.994  1.010  1.018  1.011  0.992  0.965  0.937  0.913  0.895  0.887  0.884  0.882  0.875  0.865  0.851  0.835  0.821  0.810  0.803  0.800  0.801  0.807  0.817  0.831  0.847  0.866  0.886
-105.000 -105.000  0.919  0.933  0.940  0.934  0.913  0.885  0.867  0.896  1.022  1.261  1.542  1.765  1.882  1.898  1.833  1.708  1.544  1.364  1.183  1.018  0.889  0.808  0.768  0.752  0.748  0.750  0.756  0.767  0.782  0.800  0.822  0.843  0.863  0.879  0.891  0.900  0.907  0.914  0.920  0.928  0.935  0.942  0.949  0.959  0.973  0.998  1.030  1.060  1.074  1.069  1.048  1.018  0.985  0.958  0.940  0.930  0.921  0.910  0.894  0.876  0.857  0.840  0.826  0.817  0.813  0.814  0.820  0.830  0.844  0.861  0.880  0.900
-100.000 -100.000  0.917  0.929  0.933  0.924  0.903  0.876  0.861  0.888  1.004  1.240  1.543  1.787  1.891  1.864  1.746  1.573  1.378  1.182  1.005  0.864  0.771  0.722  0.700  0.692  0.690  0.693  0.700  0.712  0.728  0.749  0.773  0.799  0.824  0.846  0.863  0.875  0.885  0.894  0.903  0.913  0.924  0.935  0.946  0.959  0.981  1.018  1.069  1.118  1.149  1.155  1.140  1.108  1.068  1.028  0.997  0.975  0.957  0.938  0.917  0.893  0.871  0.851  0.835  0.825  0.821  0.821  0.827  0.836  0.850  0.865  0.883  0.901
 -95.000  -95.000  0.903  0.912  0.915  0.907  0.889  0.868  0.857  0.881  0.978  1.186  1.483  1.736  1.822  1.748  1.580  1.375  1.168  0.982  0.835  0.739  0.688  0.664  0.654  0.651  0.651  0.654  0.660  0.671  0.686  0.707  0.731  0.759  0.787  0.813  0.834  0.851  0.864  0.875  0.886  0.899  0.913  0.929  0.946  0.968  1.001  1.053  1.120  1.181  1.221  1.236  1.227  1.196  1.150  1.099  1.052  1.014  0.984  0.956  0.928  0.900  0.874  0.853  0.837  0.826  0.822  0.822  0.827  0.836  0.847  0.860  0.875  0.890
 -90.000  -90.000  0.881  0.889  0.891  0.886  0.873  0.860  0.856  0.878  0.954  1.121  1.380  1.617  1.675  1.557  1.357  1.145  0.955  0.806  0.710  0.660  0.639  0.631  0.627  0.626  0.626  0.629  0.635  0.644  0.657  0.675  0.698  0.724  0.753  0.781  0.806  0.827  0.843  0.857  0.870  0.885  0.904  0.926  0.953  0.987  1.035  1.101  1.176  1.241  1.285  1.305  1.301  1.274  1.225  1.162  1.099  1.044  0.998  0.960  0.925  0.894  0.867  0.845  0.830  0.821  0.818  0.819  0.823  0.830  0.839  0.849  0.860  0.871
 -85.000  -85.000  0.858  0.863  0.865  0.863  0.857  0.851  0.855  0.878  0.938  1.062  1.265  1.457  1.474  1.323  1.119  0.929  0.781  0.686  0.638  0.620  0.615  0.613  0.612  0.612  0.613  0.616  0.620  0.628  0.639  0.653  0.673  0.697  0.724  0.753  0.780  0.804  0.823  0.840  0.856  0.875  0.898  0.929  0.969  1.019  1.083  1.159  1.234  1.295  1.338  1.362  1.363  1.339  1.288  1.215  1.134  1.060  0.998  0.949  0.909  0.876  0.850  0.831  0.818  0.812  0.810  0.812  0.816  0.821  0.828  0.836  0.844  0.851
 -80.000  -80.000  0.837  0.840  0.842  0.842  0.840  0.842  0.853  0.878  0.928  1.019  1.162  1.289  1.257  1.093  0.912  0.766  0.670  0.622  0.606  0.603  0.604  0.605  0.605  0.606  0.607  0.609  0.613  0.619  0.628  0.640  0.656  0.676  0.701  0.728  0.756  0.782  0.804  0.824  0.844  0.867  0.898  0.940  0.996  1.066  1.146  1.224  1.290  1.343  1.383  1.408  1.413  1.391  1.337  1.254  1.155  1.060  0.983  0.926  0.883  0.851  0.828  0.813  0.804  0.800  0.800  0.803  0.807  0.812  0.817  0.822  0.828  0.833
 -75.000  -75.000  0.820  0.822  0.824  0.825  0.827  0.834  0.850  0.878  0.923  0.991  1.087  1.148  1.073  0.919  0.777  0.677  0.621  0.600  0.597  0.599  0.601  0.602  0.603  0.604  0.605  0.607  0.610  0.615  0.622  0.632  0.645  0.662  0.683  0.708  0.735  0.761  0.786  0.809  0.833  0.862  0.902  0.959  1.036  1.129  1.222  1.294  1.345  1.386  1.420  1.445  1.451  1.430  1.372  1.277  1.159  1.045  0.956  0.893  0.852  0.824  0.806  0.795  0.790  0.789  0.791  0.794  0.798  0.802  0.807  0.811  0.814  0.818
 -70.000  -70.000  0.810  0.811  0.813  0.815  0.819  0.828  0.847  0.877  0.920  0.978  1.046  1.065  0.977  0.851  0.741  0.663  0.620  0.603  0.600  0.601  0.602  0.604  0.604  0.605  0.606  0.608  0.611  0.614  0.620  0.628  0.638  0.652  0.670  0.692  0.716  0.742  0.768  0.794  0.822  0.858  0.909  0.985  1.087  1.205  1.308  1.370  1.400  1.424  1.451  1.473  1.479  1.456  1.393  1.283  1.146  1.016  0.920  0.858  0.821  0.799  0.786  0.780  0.778  0.779  0.781  0.785  0.789  0.794  0.797  0.801  0.804  0.807
 -65.000  -65.000  0.805  0.807  0.810  0.813  0.817  0.827  0.847  0.877  0.922  0.983  1.052  1.067  0.998  0.896  0.794  0.708  0.651  0.622  0.611  0.608  0.608  0.608  0.608  0.609  0.610  0.611  0.613  0.616  0.620  0.627  0.635  0.646  0.661  0.679  0.701  0.725  0.750  0.778  0.810  0.853  0.918  1.015  1.145  1.288  1.400  1.449  1.456  1.460  1.475  1.492  1.496  1.470  1.397  1.271  1.117  0.978  0.883  0.827  0.797  0.780  0.772  0.768  0.768  0.770  0.773  0.777  0.781  0.786  0.790  0.794  0.798  0.801
 -60.000  -60.000  0.805  0.810  0.814  0.819  0.824  0.835  0.854  0.887  0.940  1.023  1.112  1.131  1.079  0.992  0.889  0.785  0.703  0.653  0.629  0.620  0.616  0.615  0.614  0.614  0.615  0.616  0.617  0.620  0.623  0.628  0.635  0.644  0.656  0.671  0.689  0.710  0.734  0.762  0.797  0.847  0.926  1.045  1.203  1.371  1.494  1.531  1.512  1.493  1.493  1.502  1.501  1.469  1.383  1.241  1.074  0.937  0.851  0.805  0.781  0.769  0.763  0.761  0.761  0.763  0.766  0.770  0.774  0.779  0.784  0.789  0.794  0.800
 -55.000  -55.000  0.811  0.819  0.827  0.834  0.843  0.858  0.885  0.933  1.015  1.130  1.205  1.197  1.148  1.076  0.981  0.871  0.768  0.695  0.655  0.637  0.628  0.624  0.622  0.621  0.621  0.622  0.623  0.624  0.627  0.631  0.636  0.643  0.653  0.665  0.680  0.698  0.719  0.746  0.783  0.839  0.930  1.070  1.257  1.450  1.583  1.612  1.569  1.524  1.504  1.503  1.494  1.453  1.352  1.194  1.025  0.900  0.828  0.792  0.775  0.765  0.760  0.757  0.757  0.758  0.760  0.764  0.768  0.773  0.779  0.786  0.794  0.803
 -50.000  -50.000  0.823  0.836  0.850  0.865  0.886  0.923  0.991  1.102  1.247  1.333  1.301  1.243  1.190  1.131  1.052  0.950  0.839  0.747  0.690  0.659  0.644  0.636  0.632  0.630  0.629  0.629  0.629  0.631  0.633  0.636  0.640  0.645  0.653  0.662  0.674  0.688  0.707  0.731  0.768  0.828  0.930  1.090  1.302  1.520  1.666  1.690  1.626  1.552  1.509  1.493  1.475  1.421  1.304  1.137  0.978  0.873  0.818  0.791  0.776  0.767  0.761  0.757  0.755  0.755  0.756  0.759  0.763  0.769  0.777  0.786  0.797  0.810
 -45.000  -45.000  0.844  0.866  0.892  0.929  0.991  1.105  1.292  1.539  1.719  1.622  1.408  1.280  1.213  1.161  1.098  1.013  0.909  0.807  0.733  0.689  0.665  0.653  0.645  0.641  0.639  0.638  0.637  0.638  0.639  0.642  0.645  0.649  0.655  0.662  0.671  0.682  0.697  0.718  0.753  0.814  0.924  1.102  1.338  1.578  1.738  1.763  1.681  1.577  1.508  1.474  1.442  1.374  1.244  1.079  0.943  0.863  0.822  0.800  0.786  0.775  0.767  0.761  0.756  0.754  0.754  0.756  0.760  0.767  0.776  0.789  0.805  0.823
 -40.000  -40.000  0.883  0.924  0.982  1.079  1.251  1.529  1.898  2.245  2.322  1.974  1.556  1.328  1.231  1.176  1.125  1.058  0.969  0.869  0.783  0.726  0.692  0.673  0.661  0.655  0.650  0.648  0.647  0.647  0.647  0.649  0.651  0.655  0.659  0.664  0.670  0.678  0.690  0.707  0.739  0.799  0.914  1.105  1.363  1.625  1.800  1.828  1.731  1.600  1.502  1.445  1.398  1.315  1.180  1.035  0.931  0.873  0.841  0.821  0.804  0.790  0.777  0.767  0.760  0.755  0.753  0.754  0.758  0.767  0.780  0.798  0.822  0.850
 -35.000  -35.000  0.966  1.050  1.184  1.412  1.765  2.211  2.633  2.885  2.816  2.349  1.769  1.408  1.252  1.183  1.137  1.086  1.016  0.928  0.839  0.770  0.726  0.699  0.682  0.671  0.664  0.660  0.658  0.657  0.657  0.658  0.659  0.662  0.664  0.668  0.672  0.678  0.685  0.699  0.726  0.784  0.900  1.101  1.377  1.659  1.850  1.884  1.778  1.619  1.491  1.410  1.346  1.255  1.132  1.022  0.951  0.909  0.880  0.855  0.833  0.812  0.794  0.778  0.766  0.758  0.754  0.754  0.761  0.773  0.793  0.822  0.859  0.906
 -30.000  -30.000  1.142  1.309  1.573  1.965  2.435  2.854  3.124  3.225  3.116  2.694  2.048  1.538  1.290  1.190  1.140  1.099  1.047  0.977  0.895  0.821  0.766  0.730  0.707  0.692  0.681  0.675  0.670  0.668  0.667  0.667  0.668  0.670  0.672  0.674  0.676  0.679  0.684  0.693  0.716  0.768  0.882  1.088  1.379  1.681  1.889  1.931  1.818  1.636  1.477  1.372  1.296  1.214  1.127  1.059  1.013  0.977  0.943  0.910  0.878  0.847  0.820  0.796  0.778  0.765  0.759  0.760  0.771  0.793  0.829  0.879  0.945  1.029
 -25.000  -25.000  1.454  1.726  2.108  2.558  2.952  3.206  3.332  3.362  3.277  2.966  2.361  1.731  1.358  1.203  1.139  1.102  1.064  1.012  0.945  0.873  0.813  0.769  0.738  0.717  0.702  0.692  0.686  0.682  0.679  0.678  0.678  0.679  0.680  0.681  0.682  0.683  0.684  0.690  0.707  0.754  0.862  1.069  1.371  1.691  1.915  1.965  1.848  1.646  1.460  1.339  1.270  1.224  1.186  1.151  1.116  1.078  1.036  0.992  0.946  0.902  0.862  0.827  0.800  0.781  0.773  0.779  0.802  0.846  0.913  1.004  1.119  1.263
 -20.000  -20.000  1.862  2.192  2.587  2.954  3.207  3.344  3.405  3.415  3.360  3.154  2.662  1.981  1.471  1.231  1.139  1.099  1.069  1.034  0.985  0.923  0.863  0.813  0.775  0.748  0.728  0.714  0.704  0.697  0.693  0.691  0.689  0.689  0.689  0.689  0.688  0.688  0.687  0.689  0.701  0.740  0.841  1.044  1.350  1.679  1.903  1.948  1.826  1.618  1.426  1.319  1.295  1.300  1.294  1.273  1.241  1.200  1.152  1.099  1.041  0.983  0.928  0.878  0.838  0.813  0.806  0.825  0.876  0.961  1.081  1.230  1.404  1.608
 -15.000  -15.000  2.232  2.548  2.880  3.148  3.312  3.395  3.431  3.437  3.404  3.274  2.911  2.263  1.635  1.284  1.145  1.093  1.067  1.044  1.011  0.965  0.912  0.861  0.818  0.785  0.760  0.740  0.726  0.716  0.709  0.704  0.701  0.700  0.698  0.697  0.695  0.693  0.691  0.690  0.699  0.734  0.831  1.027  1.307  1.556  1.659  1.614  1.487  1.344  1.251  1.264  1.345  1.397  1.405  1.390  1.361  1.322  1.275  1.219  1.156  1.089  1.021  0.956  0.904  0.872  0.874  0.921  1.019  1.165  1.345  1.543  1.750  1.971
 -10.000  -10.000  2.480  2.758  3.032  3.238  3.357  3.416  3.442  3.446  3.427  3.345  3.092  2.539  1.847  1.372  1.164  1.090  1.062  1.045  1.025  0.996  0.955  0.908  0.865  0.827  0.797  0.772  0.753  0.738  0.728  0.720  0.714  0.711  0.708  0.705  0.702  0.699  0.696  0.698  0.717  0.778  0.912  1.096  1.215  1.210  1.134  1.043  0.966  0.916  0.920  1.042  1.271  1.431  1.478  1.475  1.454  1.423  1.382  1.333  1.274  1.207  1.134  1.061  1.000  0.970  0.993  1.085  1.243  1.445  1.659  1.862  2.052  2.247
  -5.000   -5.000  2.626  2.878  3.116  3.285  3.380  3.426  3.445  3.448  3.434  3.379  3.206  2.771  2.086  1.500  1.202  1.092  1.056  1.041  1.030  1.014  0.987  0.951  0.911  0.873  0.839  0.810  0.786  0.766  0.750  0.738  0.729  0.722  0.717  0.713  0.709  0.708  0.716  0.755  0.858  1.033  1.185  1.215  1.152  1.056  0.965  0.893  0.841  0.809  0.801  0.848  1.024  1.300  1.472  1.518  1.514  1.494  1.464  1.426  1.377  1.319  1.251  1.181  1.123  1.106  1.164  1.311  1.519  1.741  1.940  2.105  2.253  2.416
   0.000    0.000  2.716  2.956  3.171  3.315  3.392  3.427  3.439  3.436  3.419  3.371  3.240  2.910  2.302  1.655  1.262  1.103  1.052  1.035  1.029  1.023  1.008  0.984  0.952  0.917  0.884  0.852  0.824  0.798  0.777  0.760  0.746  0.735  0.727  0.722  0.725  0.750  0.836  1.009  1.201  1.300  1.291  1.218  1.120  1.021  0.935  0.871  0.825  0.796  0.780  0.784  0.841  1.028  1.314  1.490  1.539  1.538  1.520  1.493  1.457  1.411  1.357  1.299  1.257  1.268  1.371  1.562  1.786  1.984  2.136  2.256  2.370  2.515
   5.000    5.000  2.782  3.014  3.208  3.331  3.391  3.412  3.409  3.389  3.348  3.275  3.136  2.862  2.375  1.775  1.329  1.120  1.049  1.029  1.025  1.024  1.019  1.006  0.983  0.956  0.926  0.895  0.865  0.836  0.810  0.787  0.767  0.751  0.743  0.751  0.803  0.941  1.133  1.278  1.335  1.324  1.268  1.184  1.089  0.996  0.918  0.860  0.819  0.792  0.776  0.769  0.778  0.839  1.028  1.316  1.497  1.551  1.553  1.537  1.513  1.480  1.441  1.402  1.385  1.433  1.579  1.792  1.995  2.148  2.255  2.341  2.438  2.580
  10.000   10.000  2.836  3.057  3.228  3.323  3.356  3.347  3.307  3.237  3.130  2.977  2.765  2.478  2.108  1.686  1.323  1.116  1.039  1.019  1.018  1.021  1.023  1.018  1.005  0.985  0.961  0.935  0.907  0.878  0.849  0.822  0.798  0.785  0.798  0.874  1.022  1.170  1.265  1.308  1.313  1.283  1.223  1.143  1.055  0.971  0.901  0.848  0.812  0.788  0.774  0.766  0.763  0.773  0.833  1.020  1.307  1.496  1.556  1.562  1.550  1.529  1.504  1.485  1.496  1.582  1.761  1.971  2.138  2.247  2.322  2.390  2.483  2.629
  15.000   15.000  2.876  3.075  3.204  3.247  3.222  3.143  3.016  2.842  2.624  2.370  2.095  1.816  1.550  1.313  1.127  1.017  0.982  0.986  0.999  1.012  1.021  1.023  1.018  1.006  0.990  0.972  0.951  0.928  0.905  0.884  0.873  0.889  0.952  1.048  1.137  1.204  1.248  1.269  1.263  1.230  1.173  1.099  1.018  0.944  0.881  0.835  0.803  0.783  0.771  0.764  0.759  0.756  0.765  0.820  0.999  1.285  1.487  1.558  1.569  1.561  1.549  1.548  1.586  1.707  1.905  2.097  2.227  2.305  2.361  2.422  2.517  2.671
  20.000   20.000  2.881  3.018  3.054  2.991  2.850  2.653  2.416  2.156  1.893  1.643  1.419  1.229  1.076  0.959  0.878  0.838  0.843  0.886  0.940  0.983  1.011  1.025  1.029  1.027  1.023  1.017  1.012  1.008  1.006  1.008  1.013  1.025  1.048  1.084  1.128  1.171  1.203  1.217  1.208  1.175  1.121  1.053  0.982  0.916  0.861  0.821  0.794  0.778  0.768  0.762  0.757  0.751  0.747  0.751  0.798  0.965  1.249  1.468  1.555  1.576  1.580  1.595  1.659  1.808  2.012  2.180  2.281  2.339  2.385  2.444  2.544  2.698
  25.000   25.000  2.768  2.756  2.626  2.418  2.173  1.919  1.676  1.457  1.270  1.116  0.995  0.902  0.834  0.785  0.751  0.732  0.731  0.755  0.814  0.902  0.984  1.033  1.054  1.063  1.068  1.071  1.075  1.078  1.082  1.082  1.077  1.066  1.060  1.071  1.097  1.128  1.153  1.162  1.151  1.118  1.069  1.008  0.945  0.888  0.841  0.807  0.784  0.771  0.763  0.759  0.755  0.749  0.741  0.731  0.729  0.766  0.916  1.196  1.439  1.551  1.591  1.629  1.717  1.888  2.090  2.235  2.314  2.359  2.400  2.459  2.553  2.676
  30.000   30.000  2.378  2.167  1.920  1.680  1.465  1.282  1.132  1.014  0.923  0.855  0.806  0.770  0.744  0.725  0.710  0.700  0.694  0.697  0.721  0.807  0.959  1.055  1.081  1.087  1.090  1.092  1.093  1.095  1.097  1.096  1.089  1.074  1.060  1.056  1.068  1.087  1.103  1.107  1.094  1.063  1.018  0.965  0.910  0.861  0.822  0.793  0.775  0.764  0.758  0.755  0.752  0.747  0.738  0.725  0.709  0.699  0.725  0.856  1.127  1.400  1.552  1.641  1.760  1.950  2.144  2.270  2.334  2.371  2.405  2.449  2.494  2.491
  35.000   35.000  1.718  1.473  1.278  1.128  1.013  0.926  0.862  0.815  0.782  0.758  0.740  0.727  0.717  0.709  0.701  0.695  0.689  0.686  0.699  0.786  0.973  1.070  1.090  1.093  1.094  1.095  1.096  1.098  1.099  1.099  1.094  1.079  1.060  1.047  1.045  1.051  1.058  1.056  1.041  1.012  0.971  0.925  0.879  0.837  0.804  0.780  0.765  0.757  0.753  0.751  0.749  0.744  0.735  0.721  0.702  0.680  0.662  0.677  0.787  1.045  1.350  1.568  1.749  1.962  2.158  2.277  2.336  2.365  2.376  2.350  2.232  1.997
  40.000   40.000  1.148  1.009  0.917  0.855  0.811  0.781  0.760  0.746  0.735  0.727  0.721  0.716  0.711  0.706  0.701  0.696  0.691  0.689  0.704  0.807  0.999  1.078  1.092  1.094  1.095  1.095  1.096  1.098  1.100  1.101  1.097  1.084  1.064  1.045  1.031  1.025  1.022  1.013  0.996  0.967  0.931  0.891  0.851  0.816  0.789  0.769  0.757  0.750  0.748  0.747  0.745  0.740  0.732  0.717  0.697  0.672  0.644  0.621  0.625  0.710  0.924  1.182  1.392  1.622  1.880  2.094  2.224  2.272  2.217  2.009  1.677  1.365
  45.000   45.000  0.851  0.800  0.770  0.752  0.740  0.733  0.728  0.724  0.721  0.719  0.717  0.714  0.711  0.708  0.704  0.700  0.696  0.694  0.716  0.840  1.021  1.083  1.093  1.094  1.095  1.095  1.097  1.099  1.102  1.104  1.102  1.091  1.072  1.049  1.029  1.012  0.998  0.982  0.961  0.932  0.899  0.863  0.829  0.799  0.776  0.759  0.749  0.744  0.743  0.742  0.741  0.737  0.728  0.713  0.693  0.666  0.636  0.603  0.573  0.553  0.548  0.549  0.581  0.690  0.894  1.181  1.501  1.736  1.705  1.415  1.123  0.945
  50.000   50.000  0.740  0.727  0.721  0.719  0.717  0.717  0.717  0.717  0.717  0.717  0.716  0.714  0.713  0.710  0.707  0.704  0.700  0.700  0.731  0.874  1.039  1.086  1.093  1.094  1.095  1.096  1.097  1.100  1.104  1.108  1.110  1.102  1.085  1.062  1.037  1.013  0.990  0.966  0.939  0.909  0.877  0.844  0.813  0.787  0.766  0.751  0.743  0.739  0.738  0.738  0.737  0.733  0.724  0.710  0.689  0.662  0.630  0.594  0.549  0.472  0.339  0.217  0.178  0.202  0.268  0.377  0.541  0.762  0.942  0.916  0.821  0.766
  55.000   55.000  0.704  0.704  0.705  0.707  0.709  0.711  0.713  0.715  0.716  0.716  0.716  0.715  0.714  0.712  0.710  0.707  0.704  0.707  0.747  0.908  1.053  1.088  1.093  1.094  1.095  1.096  1.098  1.102  1.108  1.116  1.122  1.120  1.106  1.084  1.058  1.029  0.999  0.967  0.934  0.900  0.866  0.833  0.804  0.779  0.760  0.746  0.738  0.734  0.734  0.734  0.733  0.729  0.721  0.706  0.685  0.657  0.624  0.583  0.514  0.379  0.209  0.103  0.064  0.062  0.079  0.110  0.164  0.264  0.449  0.641  0.701  0.705
  60.000   60.000  0.691  0.695  0.699  0.702  0.705  0.708  0.711  0.713  0.714  0.715  0.716  0.716  0.715  0.714  0.712  0.710  0.708  0.713  0.766  0.939  1.063  1.090  1.094  1.094  1.095  1.097  1.099  1.105  1.115  1.129  1.143  1.147  1.138  1.118  1.090  1.058  1.023  0.985  0.944  0.904  0.866  0.831  0.801  0.776  0.757  0.744  0.735  0.731  0.730  0.731  0.730  0.726  0.717  0.702  0.681  0.653  0.617  0.560  0.445  0.265  0.125  0.058  0.035  0.030  0.032  0.040  0.058  0.108  0.233  0.463  0.634  0.681
  65.000   65.000  0.683  0.690  0.695  0.699  0.703  0.706  0.709  0.711  0.713  0.715  0.716  0.716  0.716  0.715  0.714  0.712  0.711  0.719  0.787  0.967  1.071  1.091  1.094  1.095  1.096  1.098  1.102  1.110  1.126  1.149  1.174  1.188  1.184  1.165  1.137  1.102  1.062  1.018  0.971  0.924  0.879  0.840  0.807  0.780  0.759  0.744  0.735  0.730  0.728  0.728  0.727  0.723  0.714  0.699  0.677  0.647  0.602  0.509  0.334  0.165  0.074  0.038  0.027  0.025  0.025  0.026  0.033  0.057  0.133  0.311  0.547  0.658
  70.000   70.000  0.673  0.686  0.692  0.696  0.700  0.704  0.707  0.709  0.712  0.714  0.715  0.716  0.716  0.716  0.715  0.714  0.714  0.726  0.810  0.992  1.077  1.092  1.094  1.095  1.096  1.100  1.106  1.119  1.144  1.181  1.221  1.245  1.245  1.227  1.197  1.159  1.115  1.065  1.012  0.957  0.905  0.859  0.820  0.789  0.766  0.749  0.737  0.731  0.728  0.727  0.725  0.721  0.712  0.696  0.673  0.638  0.567  0.413  0.218  0.098  0.046  0.029  0.025  0.024  0.024  0.024  0.026  0.038  0.079  0.194  0.419  0.613
  75.000   75.000  0.650  0.681  0.689  0.694  0.698  0.701  0.705  0.708  0.710  0.712  0.714  0.715  0.716  0.716  0.715  0.715  0.716  0.733  0.834  1.012  1.081  1.093  1.095  1.096  1.098  1.102  1.113  1.134  1.172  1.228  1.286  1.320  1.324  1.304  1.270  1.228  1.179  1.124  1.065  1.003  0.943  0.889  0.843  0.806  0.778  0.757  0.743  0.735  0.730  0.727  0.724  0.719  0.710  0.694  0.668  0.617  0.493  0.288  0.132  0.059  0.033  0.026  0.024  0.024  0.024  0.024  0.025  0.029  0.050  0.117  0.282  0.523
  80.000   80.000  0.600  0.670  0.685  0.691  0.695  0.699  0.703  0.706  0.708  0.711  0.713  0.714  0.715  0.716  0.716  0.716  0.718  0.741  0.860  1.029  1.085  1.093  1.095  1.097  1.100  1.107  1.123  1.156  1.214  1.294  1.370  1.413  1.417  1.394  1.356  1.308  1.253  1.193  1.128  1.060  0.992  0.930  0.875  0.831  0.797  0.771  0.753  0.741  0.734  0.729  0.725  0.719  0.709  0.692  0.657  0.566  0.372  0.179  0.078  0.039  0.027  0.025  0.024  0.024  0.024  0.024  0.024  0.026  0.035  0.072  0.176  0.392
  85.000   85.000  0.501  0.644  0.680  0.689  0.693  0.697  0.701  0.704  0.707  0.709  0.711  0.713  0.714  0.715  0.716  0.716  0.720  0.750  0.885  1.043  1.087  1.094  1.096  1.098  1.103  1.115  1.140  1.189  1.273  1.381  1.474  1.520  1.522  1.494  1.450  1.395  1.334  1.268  1.197  1.123  1.050  0.980  0.918  0.866  0.824  0.792  0.769  0.753  0.742  0.735  0.729  0.722  0.710  0.687  0.628  0.468  0.246  0.107  0.049  0.030  0.025  0.024  0.024  0.024  0.024  0.024  0.024  0.025  0.028  0.046  0.107  0.259
  90.000   90.000  0.366  0.586  0.667  0.685  0.691  0.695  0.699  0.702  0.705  0.707  0.710  0.712  0.713  0.714  0.715  0.716  0.722  0.760  0.911  1.054  1.089  1.094  1.097  1.100  1.108  1.126  1.165  1.238  1.354  1.488  1.591  1.637  1.633  1.599  1.548  1.486  1.418  1.344  1.268  1.190  1.112  1.038  0.969  0.910  0.860  0.821  0.791  0.770  0.755  0.745  0.736  0.727  0.712  0.676  0.563  0.336  0.150  0.065  0.034  0.026  0.024  0.024  0.024  0.024  0.024  0.024  0.024  0.024  0.026  0.033  0.066  0.161
  95.000   95.000  0.239  0.480  0.638  0.679  0.689  0.693  0.697  0.700  0.703  0.706  0.708  0.710  0.712  0.714  0.715  0.716  0.724  0.772  0.935  1.062  1.090  1.095  1.098  1.104  1.116  1.144  1.202  1.306  1.457  1.612  1.717  1.755  1.744  1.703  1.645  1.576  1.500  1.418  1.335  1.253  1.172  1.096  1.025  0.961  0.905  0.859  0.823  0.795  0.774  0.759  0.747  0.735  0.713  0.645  0.450  0.217  0.091  0.043  0.028  0.025  0.024  0.024  0.024  0.024  0.024  0.024  0.024  0.024  0.025  0.028  0.043  0.098
 100.000  100.000  0.148  0.343  0.573  0.665  0.685  0.691  0.695  0.698  0.701  0.704  0.707  0.709  0.711  0.713  0.715  0.718  0.731  0.795  0.963  1.070  1.092  1.096  1.101  1.109  1.129  1.171  1.256  1.397  1.579  1.744  1.840  1.868  1.848  1.801  1.737  1.660  1.575  1.485  1.394  1.307  1.225  1.149  1.079  1.015  0.957  0.906  0.863  0.829  0.802  0.781  0.765  0.747  0.709  0.575  0.318  0.135  0.058  0.033  0.027  0.025  0.025  0.025  0.024  0.024  0.024  0.024  0.024  0.024  0.024  0.026  0.032  0.061
 105.000  105.000  0.091  0.222  0.459  0.632  0.679  0.689  0.693  0.697  0.700  0.703  0.706  0.709  0.712  0.717  0.727  0.748  0.796  0.895  1.025  1.086  1.096  1.099  1.105  1.118  1.148  1.211  1.330  1.510  1.715  1.874  1.954  1.969  1.941  1.888  1.818  1.733  1.639  1.540  1.442  1.349  1.265  1.191  1.125  1.066  1.010  0.959  0.913  0.874  0.841  0.816  0.795  0.770  0.695  0.469  0.215  0.090  0.047  0.034  0.030  0.028  0.027  0.026  0.026  0.025  0.025  0.025  0.025  0.025  0.025  0.026  0.029  0.042
 110.000  110.000  0.067  0.144  0.326  0.559  0.662  0.685  0.692  0.696  0.699  0.704  0.709  0.719  0.739  0.778  0.847  0.943  1.037  1.103  1.133  1.133  1.118  1.109  1.112  1.131  1.177  1.269  1.427  1.642  1.852  1.993  2.053  2.055  2.020  1.962  1.885  1.793  1.690  1.581  1.475  1.377  1.292  1.220  1.160  1.108  1.061  1.017  0.978  0.944  0.917  0.900  0.889  0.862  0.722  0.406  0.178  0.087  0.059  0.048  0.042  0.038  0.035  0.032  0.030  0.029  0.028  0.028  0.027  0.028  0.029  0.030  0.033  0.041
 115.000  115.000  0.097  0.145  0.253  0.449  0.617  0.675  0.690  0.699  0.709  0.728  0.766  0.833  0.929  1.027  1.098  1.138  1.156  1.164  1.167  1.165  1.157  1.143  1.134  1.153  1.217  1.346  1.547  1.784  1.981  2.095  2.135  2.125  2.084  2.020  1.937  1.838  1.726  1.608  1.495  1.393  1.308  1.241  1.189  1.151  1.123  1.107  1.106  1.123  1.161  1.218  1.279  1.277  1.004  0.530  0.247  0.138  0.100  0.082  0.071  0.062  0.054  0.048  0.044  0.040  0.038  0.037  0.037  0.039  0.042  0.048  0.057  0.072
 120.000  120.000  0.208  0.271  0.347  0.434  0.529  0.618  0.683  0.738  0.811  0.910  1.014  1.092  1.135  1.156  1.165  1.169  1.170  1.170  1.170  1.170  1.169  1.167  1.163  1.175  1.252  1.429  1.676  1.921  2.093  2.178  2.198  2.179  2.132  2.063  1.974  1.866  1.745  1.621  1.504  1.404  1.327  1.275  1.248  1.248  1.278  1.345  1.447  1.576  1.711  1.830  1.906  1.855  1.467  0.832  0.414  0.240  0.177  0.148  0.128  0.111  0.097  0.086  0.077  0.070  0.066  0.065  0.067  0.073  0.084  0.101  0.125  0.160
 125.000  125.000  0.382  0.431  0.468  0.492  0.512  0.543  0.638  0.846  1.037  1.124  1.156  1.168  1.171  1.173  1.173  1.172  1.172  1.172  1.171  1.171  1.171  1.170  1.170  1.175  1.216  1.403  1.744  2.027  2.180  2.240  2.245  2.217  2.164  2.087  1.989  1.871  1.743  1.619  1.512  1.434  1.392  1.386  1.418  1.489  1.596  1.726  1.861  1.979  2.067  2.123  2.139  2.061  1.725  1.102  0.599  0.365  0.280  0.244  0.219  0.196  0.176  0.159  0.144  0.135  0.130  0.131  0.140  0.157  0.184  0.221  0.269  0.325
 130.000  130.000  0.487  0.499  0.507  0.513  0.518  0.531  0.598  0.829  1.076  1.160  1.177  1.179  1.178  1.177  1.176  1.175  1.174  1.173  1.173  1.172  1.172  1.171  1.171  1.172  1.180  1.245  1.539  1.998  2.223  2.279  2.271  2.230  2.162  2.068  1.950  1.820  1.697  1.600  1.538  1.514  1.523  1.562  1.628  1.716  1.821  1.927  2.022  2.096  2.147  2.176  2.175  2.100  1.814  1.244  0.719  0.456  0.365  0.334  0.317  0.302  0.286  0.271  0.259  0.252  0.253  0.264  0.286  0.319  0.359  0.401  0.439  0.468
 135.000  135.000  0.516  0.517  0.518  0.520  0.523  0.530  0.575  0.768  1.046  1.163  1.187  1.188  1.186  1.183  1.181  1.179  1.177  1.176  1.175  1.174  1.173  1.173  1.172  1.172  1.173  1.184  1.266  1.631  2.116  2.264  2.244  2.169  2.058  1.925  1.794  1.688  1.618  1.581  1.571  1.581  1.608  1.653  1.716  1.797  1.889  1.980  2.059  2.120  2.161  2.182  2.176  2.103  1.842  1.308  0.781  0.505  0.413  0.391  0.386  0.386  0.387  0.389  0.394  0.404  0.421  0.443  0.468  0.490  0.506  0.514  0.517  0.517
 140.000  140.000  0.527  0.525  0.525  0.526  0.527  0.531  0.559  0.712  1.002  1.164  1.202  1.204  1.200  1.195  1.191  1.187  1.184  1.181  1.179  1.177  1.176  1.175  1.174  1.173  1.173  1.174  1.188  1.287  1.687  2.066  2.054  1.926  1.795  1.695  1.630  1.594  1.579  1.577  1.585  1.603  1.633  1.678  1.741  1.820  1.908  1.995  2.069  2.126  2.163  2.179  2.167  2.089  1.842  1.339  0.820  0.539  0.447  0.430  0.435  0.446  0.462  0.481  0.504  0.530  0.553  0.569  0.574  0.570  0.560  0.549  0.539  0.531
 145.000  145.000  0.535  0.533  0.532  0.532  0.532  0.533  0.550  0.666  0.953  1.168  1.229  1.234  1.226  1.217  1.208  1.201  1.196  1.191  1.187  1.184  1.181  1.179  1.177  1.176  1.175  1.174  1.176  1.194  1.324  1.666  1.733  1.666  1.616  1.588  1.575  1.570  1.571  1.577  1.589  1.609  1.641  1.687  1.751  1.830  1.917  2.002  2.074  2.127  2.159  2.169  2.147  2.058  1.814  1.344  0.850  0.574  0.486  0.475  0.488  0.508  0.534  0.563  0.593  0.618  0.632  0.630  0.616  0.598  0.579  0.562  0.550  0.541
 150.000  150.000  0.544  0.541  0.540  0.539  0.538  0.536  0.545  0.634  0.905  1.177  1.275  1.285  1.272  1.256  1.241  1.228  1.218  1.209  1.202  1.196  1.191  1.187  1.184  1.181  1.179  1.177  1.177  1.181  1.228  1.451  1.578  1.576  1.568  1.564  1.564  1.566  1.570  1.578  1.591  1.612  1.645  1.692  1.757  1.837  1.924  2.008  2.077  2.125  2.151  2.150  2.110  2.001  1.751  1.320  0.872  0.619  0.543  0.541  0.561  0.589  0.620  0.652  0.676  0.688  0.682  0.663  0.639  0.614  0.591  0.573  0.560  0.550
 155.000  155.000  0.553  0.550  0.548  0.546  0.544  0.540  0.543  0.613  0.867  1.193  1.347  1.370  1.351  1.325  1.299  1.276  1.257  1.241  1.228  1.218  1.209  1.202  1.196  1.191  1.187  1.184  1.182  1.186  1.225  1.408  1.540  1.554  1.556  1.558  1.561  1.565  1.570  1.579  1.593  1.615  1.648  1.697  1.763  1.843  1.930  2.011  2.075  2.117  2.132  2.114  2.049  1.907  1.646  1.261  0.887  0.682  0.628  0.636  0.663  0.693  0.722  0.744  0.750  0.739  0.715  0.684  0.654  0.626  0.603  0.584  0.570  0.560
 160.000  160.000  0.563  0.559  0.557  0.554  0.551  0.545  0.543  0.601  0.842  1.215  1.448  1.501  1.479  1.438  1.397  1.359  1.327  1.300  1.277  1.258  1.242  1.229  1.218  1.209  1.202  1.197  1.195  1.205  1.265  1.435  1.528  1.539  1.545  1.551  1.556  1.562  1.569  1.579  1.593  1.616  1.651  1.701  1.767  1.847  1.932  2.008  2.066  2.097  2.095  2.051  1.949  1.769  1.499  1.172  0.895  0.761  0.740  0.760  0.787  0.811  0.824  0.822  0.803  0.771  0.734  0.697  0.665  0.637  0.614  0.595  0.581  0.570
 165.000  165.000  0.574  0.569  0.566  0.563  0.558  0.550  0.545  0.596  0.828  1.240  1.568  1.680  1.666  1.613  1.552  1.494  1.443  1.398  1.360  1.327  1.300  1.277  1.258  1.242  1.229  1.221  1.222  1.256  1.370  1.512  1.525  1.508  1.515  1.530  1.543  1.554  1.564  1.576  1.592  1.617  1.652  1.703  1.769  1.847  1.926  1.995  2.041  2.053  2.025  1.945  1.801  1.589  1.328  1.073  0.900  0.846  0.862  0.890  0.910  0.915  0.901  0.871  0.829  0.784  0.742  0.704  0.673  0.646  0.624  0.606  0.592  0.581
 170.000  170.000  0.584  0.579  0.575  0.572  0.566  0.556  0.549  0.596  0.823  1.262  1.687  1.888  1.908  1.852  1.775  1.696  1.622  1.555  1.496  1.444  1.399  1.360  1.328  1.300  1.279  1.267  1.281  1.366  1.521  1.590  1.535  1.466  1.451  1.473  1.503  1.527  1.547  1.566  1.586  1.613  1.649  1.699  1.762  1.834  1.903  1.956  1.981  1.967  1.903  1.784  1.608  1.390  1.166  0.989  0.907  0.917  0.961  0.992  0.998  0.978  0.938  0.887  0.833  0.784  0.742  0.707  0.678  0.654  0.634  0.617  0.603  0.592
 175.000  175.000  0.595  0.589  0.585  0.581  0.574  0.563  0.553  0.598  0.822  1.278  1.782  2.088  2.172  2.137  2.057  1.964  1.870  1.781  1.698  1.623  1.555  1.496  1.443  1.399  1.364  1.349  1.391  1.517  1.623  1.626  1.550  1.443  1.371  1.367  1.407  1.456  1.499  1.533  1.564  1.596  1.633  1.679  1.734  1.791  1.840  1.868  1.861  1.812  1.716  1.574  1.397  1.208  1.041  0.936  0.916  0.961  1.015  1.043  1.034  0.996  0.940  0.880  0.824  0.776  0.738  0.707  0.682  0.660  0.642  0.626  0.613  0.603
