

VARS   PHI PSI -180 -175 -170 -165 -160 -155 -150 -145 -140 -135 -130 -125 -120 -115 -110 -105 -100 -95 -90 -85 -80 -75 -70 -65 -60 -55 -50 -45 -40 -35 -30 -25 -20 -15 -10 -5 0 5 10 15 20 25 30 35 40 45 50 55 60 65 70 75 80 85 90 95 100 105 110 115 120 125 130 135 140 145 150 155 160 165 170 175 
FORMAT %8.3f %8.3f %6.3f %6.3f %6.3f %6.3f %6.3f %6.3f %6.3f %6.3f %6.3f %6.3f %6.3f %6.3f %6.3f %6.3f %6.3f %6.3f %6.3f %6.3f %6.3f %6.3f %6.3f %6.3f %6.3f %6.3f %6.3f %6.3f %6.3f %6.3f %6.3f %6.3f %6.3f %6.3f %6.3f %6.3f %6.3f %6.3f %6.3f %6.3f %6.3f %6.3f %6.3f %6.3f %6.3f %6.3f %6.3f %6.3f %6.3f %6.3f %6.3f %6.3f %6.3f %6.3f %6.3f %6.3f %6.3f %6.3f %6.3f %6.3f %6.3f %6.3f %6.3f %6.3f %6.3f %6.3f %6.3f %6.3f %6.3f %6.3f %6.3f %6.3f %6.3f %6.3f

-180.000 -180.000  0.762  0.775  0.795  0.821  0.855  0.892  0.931  0.965  0.992  1.008  1.015  1.013  1.002  0.977  0.929  0.872  0.831  0.805  0.788  0.779  0.777  0.783  0.800  0.831  0.892  1.018  1.195  1.303  1.337  1.343  1.335  1.316  1.285  1.244  1.194  1.139  1.082  1.029  0.980  0.936  0.894  0.853  0.815  0.794  0.801  0.837  0.887  0.939  0.984  1.018  1.039  1.044  1.036  1.015  0.984  0.947  0.908  0.872  0.840  0.814  0.792  0.773  0.757  0.745  0.736  0.732  0.731  0.733  0.737  0.741  0.746  0.752
-175.000 -175.000  0.777  0.794  0.815  0.842  0.874  0.907  0.940  0.968  0.989  1.000  1.004  1.002  0.996  0.988  0.973  0.947  0.921  0.899  0.883  0.875  0.875  0.886  0.907  0.943  0.997  1.081  1.182  1.249  1.278  1.290  1.290  1.278  1.254  1.219  1.175  1.126  1.076  1.028  0.983  0.940  0.899  0.857  0.817  0.788  0.784  0.805  0.841  0.879  0.912  0.936  0.948  0.951  0.948  0.940  0.928  0.913  0.895  0.873  0.849  0.825  0.803  0.784  0.768  0.755  0.746  0.741  0.739  0.740  0.743  0.749  0.756  0.765
-170.000 -170.000  0.796  0.815  0.838  0.864  0.893  0.922  0.948  0.970  0.985  0.993  0.995  0.994  0.997  1.015  1.038  1.039  1.022  1.003  0.989  0.983  0.987  1.002  1.029  1.067  1.115  1.161  1.185  1.191  1.202  1.214  1.220  1.216  1.200  1.172  1.135  1.092  1.048  1.005  0.964  0.925  0.887  0.848  0.811  0.782  0.770  0.779  0.804  0.834  0.861  0.880  0.892  0.900  0.906  0.912  0.917  0.918  0.912  0.899  0.878  0.854  0.830  0.808  0.790  0.774  0.761  0.753  0.748  0.748  0.752  0.759  0.768  0.780
-165.000 -165.000  0.818  0.839  0.862  0.887  0.912  0.935  0.956  0.972  0.981  0.986  0.986  0.989  1.007  1.062  1.124  1.143  1.133  1.116  1.105  1.102  1.109  1.128  1.159  1.198  1.235  1.243  1.197  1.141  1.120  1.125  1.133  1.136  1.127  1.108  1.078  1.044  1.007  0.970  0.935  0.901  0.868  0.835  0.803  0.776  0.760  0.760  0.775  0.797  0.820  0.839  0.855  0.871  0.889  0.909  0.927  0.940  0.942  0.933  0.913  0.889  0.863  0.839  0.817  0.798  0.781  0.768  0.760  0.759  0.763  0.772  0.784  0.799
-160.000 -160.000  0.844  0.866  0.888  0.910  0.930  0.949  0.963  0.973  0.979  0.980  0.980  0.989  1.031  1.129  1.224  1.254  1.247  1.233  1.224  1.224  1.234  1.256  1.287  1.321  1.341  1.309  1.207  1.103  1.053  1.042  1.045  1.048  1.044  1.032  1.012  0.986  0.958  0.929  0.901  0.873  0.847  0.821  0.795  0.772  0.755  0.748  0.753  0.768  0.787  0.807  0.829  0.854  0.884  0.915  0.944  0.964  0.971  0.964  0.945  0.920  0.894  0.869  0.845  0.822  0.801  0.784  0.774  0.772  0.777  0.788  0.804  0.823
-155.000 -155.000  0.875  0.897  0.917  0.935  0.951  0.963  0.971  0.976  0.977  0.976  0.977  0.996  1.071  1.214  1.328  1.362  1.358  1.347  1.340  1.342  1.354  1.375  1.401  1.423  1.417  1.345  1.206  1.078  1.009  0.982  0.974  0.970  0.966  0.958  0.945  0.928  0.908  0.886  0.865  0.845  0.825  0.807  0.789  0.771  0.754  0.742  0.739  0.747  0.762  0.784  0.812  0.846  0.884  0.924  0.959  0.983  0.992  0.986  0.967  0.943  0.917  0.892  0.869  0.844  0.821  0.801  0.790  0.788  0.795  0.810  0.830  0.852
-150.000 -150.000  0.912  0.933  0.950  0.964  0.973  0.979  0.982  0.982  0.980  0.977  0.981  1.015  1.128  1.307  1.424  1.457  1.455  1.447  1.442  1.444  1.454  1.470  1.487  1.490  1.453  1.348  1.190  1.057  0.982  0.947  0.928  0.916  0.906  0.897  0.887  0.876  0.862  0.848  0.834  0.820  0.807  0.796  0.785  0.773  0.759  0.744  0.735  0.736  0.748  0.771  0.803  0.842  0.886  0.930  0.967  0.992  1.001  0.994  0.976  0.953  0.929  0.907  0.884  0.861  0.838  0.818  0.807  0.808  0.819  0.839  0.863  0.888
-145.000 -145.000  0.957  0.976  0.989  0.997  1.001  1.001  0.998  0.994  0.988  0.985  0.993  1.046  1.197  1.389  1.496  1.526  1.528  1.522  1.518  1.519  1.524  1.530  1.531  1.511  1.446  1.318  1.160  1.036  0.965  0.928  0.903  0.885  0.869  0.857  0.847  0.838  0.829  0.820  0.811  0.803  0.796  0.790  0.785  0.778  0.767  0.754  0.741  0.737  0.746  0.769  0.802  0.843  0.888  0.931  0.966  0.988  0.995  0.987  0.970  0.950  0.929  0.910  0.891  0.871  0.850  0.833  0.826  0.831  0.848  0.873  0.903  0.932
-140.000 -140.000  1.007  1.024  1.033  1.035  1.032  1.027  1.019  1.012  1.005  1.003  1.019  1.092  1.262  1.440  1.530  1.560  1.565  1.563  1.559  1.556  1.553  1.548  1.531  1.488  1.400  1.264  1.118  1.012  0.952  0.917  0.892  0.869  0.850  0.836  0.825  0.818  0.812  0.806  0.800  0.795  0.792  0.790  0.789  0.787  0.780  0.769  0.756  0.749  0.756  0.777  0.810  0.849  0.890  0.927  0.956  0.973  0.976  0.967  0.952  0.934  0.918  0.903  0.889  0.873  0.857  0.845  0.844  0.856  0.881  0.914  0.949  0.981
-135.000 -135.000  1.057  1.071  1.076  1.073  1.065  1.055  1.044  1.035  1.030  1.032  1.057  1.143  1.305  1.449  1.523  1.553  1.564  1.565  1.561  1.553  1.542  1.524  1.490  1.429  1.328  1.197  1.073  0.988  0.939  0.910  0.886  0.864  0.844  0.829  0.818  0.812  0.808  0.804  0.800  0.797  0.796  0.796  0.797  0.798  0.796  0.788  0.778  0.771  0.777  0.797  0.826  0.860  0.893  0.921  0.941  0.950  0.948  0.939  0.925  0.910  0.898  0.888  0.879  0.868  0.858  0.854  0.860  0.881  0.914  0.955  0.996  1.031
-130.000 -130.000  1.096  1.108  1.109  1.102  1.091  1.078  1.066  1.058  1.057  1.066  1.099  1.184  1.316  1.422  1.482  1.514  1.529  1.532  1.527  1.515  1.496  1.466  1.420  1.347  1.245  1.130  1.031  0.967  0.929  0.905  0.883  0.863  0.844  0.830  0.821  0.816  0.813  0.810  0.807  0.805  0.805  0.805  0.808  0.811  0.812  0.810  0.805  0.802  0.808  0.825  0.849  0.875  0.897  0.914  0.924  0.925  0.919  0.908  0.895  0.884  0.876  0.870  0.864  0.859  0.856  0.858  0.873  0.901  0.942  0.989  1.034  1.071
-125.000 -125.000  1.113  1.123  1.122  1.114  1.102  1.089  1.079  1.074  1.078  1.095  1.133  1.206  1.302  1.379  1.427  1.458  1.473  1.477  1.469  1.452  1.427  1.389  1.334  1.259  1.166  1.073  0.999  0.952  0.924  0.903  0.884  0.865  0.848  0.835  0.827  0.823  0.821  0.819  0.817  0.816  0.815  0.816  0.818  0.823  0.827  0.831  0.832  0.836  0.845  0.861  0.878  0.894  0.905  0.910  0.910  0.904  0.894  0.882  0.870  0.861  0.855  0.852  0.850  0.849  0.851  0.860  0.880  0.914  0.959  1.008  1.054  1.090
-120.000 -120.000  1.106  1.116  1.115  1.109  1.099  1.089  1.082  1.081  1.090  1.112  1.152  1.213  1.280  1.334  1.372  1.397  1.410  1.411  1.400  1.379  1.347  1.305  1.248  1.178  1.102  1.032  0.980  0.946  0.923  0.905  0.887  0.870  0.854  0.842  0.835  0.830  0.828  0.827  0.825  0.824  0.823  0.824  0.826  0.831  0.838  0.847  0.858  0.870  0.885  0.899  0.910  0.916  0.916  0.911  0.902  0.890  0.877  0.864  0.853  0.845  0.840  0.839  0.839  0.842  0.848  0.861  0.884  0.919  0.963  1.010  1.052  1.085
-115.000 -115.000  1.086  1.096  1.099  1.096  1.090  1.084  1.081  1.084  1.096  1.121  1.159  1.209  1.258  1.295  1.322  1.341  1.348  1.344  1.329  1.303  1.269  1.225  1.173  1.115  1.058  1.008  0.971  0.945  0.925  0.909  0.892  0.876  0.861  0.849  0.841  0.836  0.834  0.832  0.830  0.829  0.828  0.828  0.830  0.835  0.844  0.858  0.877  0.900  0.921  0.936  0.941  0.938  0.929  0.915  0.900  0.883  0.868  0.854  0.843  0.836  0.832  0.831  0.834  0.839  0.848  0.864  0.888  0.921  0.960  1.001  1.038  1.067
-110.000 -110.000  1.068  1.080  1.085  1.087  1.086  1.084  1.083  1.088  1.101  1.125  1.161  1.201  1.234  1.258  1.276  1.287  1.288  1.279  1.260  1.231  1.197  1.157  1.114  1.070  1.029  0.994  0.965  0.944  0.927  0.911  0.896  0.881  0.867  0.855  0.846  0.840  0.837  0.834  0.832  0.831  0.830  0.830  0.831  0.836  0.845  0.862  0.889  0.921  0.949  0.965  0.967  0.958  0.942  0.922  0.901  0.882  0.864  0.850  0.839  0.832  0.829  0.830  0.834  0.841  0.853  0.870  0.894  0.924  0.959  0.993  1.024  1.050
-105.000 -105.000  1.058  1.071  1.080  1.085  1.087  1.088  1.090  1.096  1.108  1.129  1.158  1.188  1.207  1.218  1.227  1.231  1.227  1.214  1.192  1.164  1.133  1.101  1.068  1.036  1.006  0.979  0.956  0.938  0.923  0.910  0.897  0.885  0.872  0.860  0.851  0.844  0.839  0.835  0.833  0.831  0.829  0.828  0.829  0.833  0.843  0.863  0.895  0.934  0.967  0.984  0.985  0.974  0.954  0.930  0.906  0.883  0.864  0.849  0.838  0.832  0.830  0.832  0.838  0.847  0.861  0.880  0.903  0.931  0.961  0.990  1.017  1.040
-100.000 -100.000  1.056  1.070  1.080  1.087  1.092  1.095  1.098  1.103  1.113  1.129  1.151  1.168  1.171  1.171  1.171  1.168  1.160  1.145  1.125  1.101  1.077  1.053  1.029  1.004  0.980  0.958  0.940  0.924  0.912  0.902  0.893  0.884  0.875  0.865  0.856  0.848  0.842  0.837  0.834  0.831  0.828  0.827  0.827  0.830  0.840  0.861  0.897  0.940  0.975  0.994  0.996  0.985  0.964  0.938  0.911  0.886  0.865  0.850  0.840  0.835  0.834  0.838  0.845  0.857  0.872  0.891  0.914  0.939  0.966  0.992  1.016  1.038
 -95.000  -95.000  1.055  1.070  1.081  1.088  1.093  1.097  1.100  1.105  1.112  1.124  1.138  1.140  1.126  1.113  1.106  1.098  1.088  1.074  1.059  1.044  1.028  1.011  0.991  0.971  0.951  0.932  0.917  0.905  0.896  0.890  0.885  0.880  0.875  0.868  0.861  0.854  0.847  0.842  0.837  0.833  0.830  0.827  0.826  0.828  0.838  0.861  0.900  0.944  0.979  0.999  1.003  0.994  0.973  0.946  0.916  0.890  0.869  0.853  0.844  0.840  0.840  0.845  0.854  0.867  0.883  0.902  0.923  0.947  0.970  0.994  1.017  1.038
 -90.000  -90.000  1.052  1.067  1.077  1.085  1.089  1.092  1.095  1.098  1.103  1.111  1.117  1.105  1.071  1.046  1.032  1.022  1.013  1.005  0.999  0.994  0.985  0.972  0.955  0.937  0.920  0.905  0.893  0.884  0.878  0.875  0.874  0.874  0.873  0.871  0.867  0.861  0.856  0.850  0.844  0.839  0.834  0.830  0.828  0.829  0.839  0.864  0.904  0.949  0.983  1.003  1.009  1.001  0.981  0.954  0.924  0.896  0.874  0.859  0.850  0.847  0.848  0.854  0.863  0.875  0.891  0.909  0.929  0.950  0.971  0.993  1.015  1.035
 -85.000  -85.000  1.045  1.059  1.069  1.075  1.079  1.080  1.081  1.082  1.085  1.089  1.089  1.064  1.011  0.973  0.955  0.946  0.943  0.947  0.954  0.956  0.950  0.938  0.922  0.906  0.892  0.880  0.871  0.864  0.861  0.861  0.863  0.867  0.871  0.873  0.873  0.870  0.866  0.861  0.856  0.850  0.844  0.839  0.835  0.835  0.844  0.871  0.913  0.957  0.990  1.010  1.017  1.010  0.992  0.964  0.933  0.905  0.882  0.867  0.859  0.856  0.857  0.863  0.871  0.882  0.896  0.912  0.929  0.948  0.967  0.987  1.008  1.028
 -80.000  -80.000  1.032  1.046  1.055  1.060  1.062  1.062  1.061  1.060  1.060  1.061  1.056  1.023  0.952  0.901  0.883  0.883  0.894  0.913  0.928  0.931  0.924  0.910  0.895  0.881  0.869  0.860  0.853  0.848  0.847  0.849  0.853  0.860  0.868  0.874  0.879  0.880  0.879  0.875  0.871  0.865  0.859  0.853  0.847  0.846  0.855  0.883  0.927  0.971  1.003  1.023  1.030  1.025  1.006  0.979  0.947  0.918  0.895  0.879  0.870  0.866  0.866  0.870  0.876  0.885  0.897  0.910  0.925  0.941  0.958  0.977  0.996  1.015
 -75.000  -75.000  1.015  1.028  1.037  1.041  1.042  1.040  1.037  1.034  1.032  1.031  1.023  0.986  0.903  0.846  0.835  0.850  0.877  0.903  0.917  0.915  0.904  0.889  0.875  0.862  0.852  0.844  0.839  0.837  0.837  0.840  0.846  0.855  0.865  0.876  0.884  0.890  0.892  0.891  0.888  0.884  0.878  0.872  0.865  0.863  0.872  0.902  0.947  0.991  1.024  1.044  1.051  1.046  1.028  0.999  0.967  0.936  0.911  0.894  0.883  0.877  0.875  0.876  0.879  0.886  0.894  0.905  0.917  0.930  0.945  0.962  0.980  0.999
 -70.000  -70.000  0.995  1.008  1.016  1.020  1.019  1.016  1.012  1.007  1.004  1.001  0.993  0.957  0.876  0.826  0.832  0.860  0.892  0.912  0.915  0.906  0.890  0.875  0.861  0.849  0.841  0.834  0.831  0.829  0.831  0.835  0.842  0.852  0.864  0.877  0.889  0.899  0.905  0.907  0.907  0.904  0.900  0.894  0.887  0.884  0.894  0.926  0.975  1.020  1.054  1.075  1.083  1.077  1.058  1.027  0.992  0.959  0.931  0.910  0.895  0.886  0.881  0.879  0.880  0.884  0.890  0.898  0.907  0.918  0.930  0.945  0.961  0.979
 -65.000  -65.000  0.974  0.987  0.995  0.998  0.997  0.993  0.988  0.982  0.978  0.975  0.968  0.940  0.883  0.860  0.879  0.906  0.925  0.928  0.918  0.901  0.882  0.865  0.851  0.841  0.834  0.829  0.826  0.826  0.828  0.833  0.841  0.851  0.864  0.879  0.894  0.907  0.917  0.923  0.925  0.925  0.922  0.918  0.912  0.910  0.921  0.958  1.011  1.061  1.096  1.118  1.126  1.119  1.097  1.063  1.023  0.984  0.951  0.926  0.907  0.894  0.885  0.881  0.879  0.881  0.885  0.890  0.897  0.906  0.915  0.927  0.942  0.958
 -60.000  -60.000  0.952  0.965  0.974  0.977  0.976  0.972  0.967  0.961  0.957  0.954  0.950  0.940  0.929  0.938  0.954  0.964  0.962  0.947  0.925  0.900  0.878  0.860  0.846  0.837  0.831  0.827  0.826  0.827  0.829  0.834  0.842  0.853  0.867  0.882  0.899  0.915  0.928  0.937  0.943  0.945  0.945  0.942  0.938  0.937  0.953  0.998  1.060  1.114  1.153  1.175  1.182  1.172  1.145  1.105  1.057  1.010  0.970  0.938  0.914  0.897  0.886  0.879  0.877  0.877  0.879  0.884  0.889  0.895  0.902  0.911  0.923  0.937
 -55.000  -55.000  0.932  0.945  0.954  0.959  0.959  0.956  0.951  0.945  0.941  0.939  0.942  0.963  1.004  1.026  1.029  1.020  0.998  0.968  0.934  0.903  0.877  0.858  0.845  0.836  0.831  0.828  0.828  0.830  0.833  0.839  0.847  0.857  0.871  0.887  0.905  0.923  0.938  0.951  0.959  0.964  0.965  0.965  0.963  0.965  0.989  1.047  1.121  1.182  1.223  1.246  1.251  1.236  1.201  1.149  1.090  1.033  0.984  0.945  0.917  0.896  0.883  0.876  0.872  0.873  0.875  0.878  0.882  0.887  0.891  0.898  0.906  0.918
 -50.000  -50.000  0.914  0.927  0.938  0.945  0.947  0.945  0.941  0.936  0.933  0.933  0.948  1.010  1.085  1.103  1.092  1.068  1.033  0.990  0.947  0.910  0.881  0.860  0.846  0.838  0.834  0.833  0.834  0.836  0.840  0.846  0.854  0.864  0.878  0.894  0.912  0.931  0.949  0.963  0.974  0.981  0.984  0.986  0.986  0.994  1.030  1.108  1.196  1.264  1.308  1.329  1.329  1.306  1.258  1.192  1.117  1.047  0.989  0.944  0.912  0.890  0.877  0.869  0.867  0.868  0.871  0.874  0.878  0.881  0.884  0.888  0.894  0.903
 -45.000  -45.000  0.901  0.913  0.925  0.934  0.939  0.940  0.938  0.934  0.932  0.936  0.971  1.078  1.157  1.163  1.143  1.110  1.065  1.014  0.964  0.920  0.887  0.864  0.850  0.842  0.839  0.839  0.841  0.844  0.849  0.856  0.863  0.874  0.886  0.902  0.921  0.940  0.959  0.976  0.988  0.997  1.002  1.004  1.008  1.022  1.076  1.180  1.286  1.360  1.403  1.421  1.413  1.376  1.311  1.224  1.132  1.049  0.983  0.934  0.900  0.879  0.866  0.860  0.859  0.862  0.866  0.871  0.876  0.879  0.881  0.883  0.886  0.892
 -40.000  -40.000  0.892  0.903  0.916  0.928  0.937  0.941  0.941  0.940  0.939  0.950  1.014  1.152  1.215  1.210  1.184  1.146  1.096  1.039  0.983  0.934  0.897  0.871  0.856  0.848  0.845  0.846  0.849  0.854  0.860  0.867  0.875  0.885  0.897  0.912  0.931  0.951  0.971  0.989  1.003  1.012  1.018  1.021  1.027  1.049  1.126  1.262  1.387  1.465  1.505  1.515  1.494  1.438  1.348  1.237  1.126  1.033  0.963  0.914  0.881  0.861  0.851  0.848  0.850  0.855  0.862  0.869  0.875  0.879  0.881  0.882  0.883  0.886
 -35.000  -35.000  0.889  0.898  0.911  0.926  0.939  0.947  0.951  0.952  0.955  0.976  1.078  1.221  1.260  1.248  1.220  1.179  1.126  1.065  1.003  0.950  0.908  0.880  0.863  0.855  0.853  0.855  0.859  0.865  0.872  0.879  0.888  0.898  0.910  0.924  0.942  0.962  0.983  1.002  1.017  1.027  1.033  1.037  1.044  1.074  1.178  1.353  1.495  1.573  1.606  1.602  1.560  1.475  1.355  1.219  1.095  0.998  0.929  0.883  0.855  0.838  0.832  0.832  0.837  0.845  0.855  0.865  0.874  0.880  0.883  0.884  0.884  0.884
 -30.000  -30.000  0.889  0.896  0.910  0.927  0.944  0.958  0.966  0.971  0.978  1.017  1.157  1.283  1.303  1.287  1.256  1.214  1.158  1.093  1.027  0.968  0.922  0.890  0.871  0.862  0.860  0.862  0.868  0.875  0.883  0.892  0.901  0.911  0.923  0.937  0.955  0.975  0.995  1.015  1.031  1.042  1.048  1.051  1.058  1.096  1.229  1.446  1.603  1.674  1.690  1.661  1.584  1.462  1.311  1.161  1.036  0.946  0.884  0.845  0.822  0.810  0.807  0.811  0.820  0.832  0.845  0.859  0.871  0.880  0.885  0.887  0.887  0.887
 -25.000  -25.000  0.891  0.897  0.910  0.929  0.951  0.970  0.984  0.993  1.008  1.077  1.249  1.349  1.359  1.341  1.310  1.265  1.205  1.135  1.061  0.994  0.941  0.903  0.880  0.869  0.866  0.869  0.875  0.884  0.893  0.903  0.913  0.924  0.936  0.950  0.968  0.987  1.008  1.028  1.044  1.055  1.061  1.062  1.068  1.109  1.266  1.517  1.681  1.735  1.718  1.644  1.520  1.364  1.204  1.066  0.960  0.885  0.835  0.803  0.785  0.777  0.777  0.785  0.797  0.812  0.829  0.846  0.862  0.874  0.883  0.887  0.889  0.889
 -20.000  -20.000  0.886  0.893  0.907  0.929  0.956  0.982  1.001  1.014  1.036  1.143  1.329  1.425  1.448  1.440  1.413  1.368  1.303  1.222  1.133  1.048  0.977  0.926  0.893  0.876  0.871  0.873  0.880  0.889  0.900  0.912  0.923  0.935  0.948  0.963  0.980  1.000  1.021  1.041  1.057  1.067  1.071  1.068  1.064  1.084  1.203  1.419  1.578  1.629  1.587  1.478  1.334  1.189  1.065  0.966  0.892  0.836  0.795  0.766  0.749  0.742  0.743  0.751  0.765  0.782  0.801  0.821  0.839  0.855  0.867  0.875  0.879  0.882
 -15.000  -15.000  0.855  0.868  0.888  0.916  0.951  0.983  1.001  0.993  0.985  1.085  1.275  1.433  1.525  1.563  1.563  1.535  1.480  1.398  1.294  1.179  1.071  0.985  0.925  0.891  0.876  0.873  0.878  0.888  0.901  0.914  0.927  0.941  0.955  0.971  0.989  1.010  1.031  1.051  1.066  1.073  1.067  1.039  0.974  0.881  0.844  0.913  1.038  1.154  1.204  1.175  1.103  1.026  0.959  0.905  0.858  0.816  0.778  0.747  0.724  0.711  0.706  0.710  0.720  0.735  0.751  0.769  0.786  0.801  0.815  0.826  0.836  0.845
 -10.000  -10.000  0.762  0.788  0.822  0.865  0.912  0.940  0.910  0.843  0.827  0.913  1.090  1.300  1.479  1.594  1.652  1.669  1.652  1.606  1.525  1.412  1.274  1.135  1.017  0.935  0.888  0.868  0.865  0.871  0.883  0.898  0.914  0.931  0.948  0.967  0.989  1.011  1.034  1.051  1.058  1.041  0.978  0.855  0.718  0.634  0.610  0.622  0.663  0.731  0.820  0.897  0.932  0.930  0.911  0.886  0.857  0.825  0.790  0.754  0.720  0.693  0.673  0.663  0.660  0.662  0.667  0.674  0.682  0.691  0.701  0.712  0.726  0.742
  -5.000   -5.000  0.595  0.629  0.678  0.747  0.821  0.839  0.803  0.769  0.763  0.807  0.924  1.113  1.326  1.507  1.629  1.695  1.722  1.719  1.689  1.627  1.524  1.379  1.211  1.052  0.932  0.858  0.824  0.814  0.819  0.833  0.851  0.872  0.896  0.923  0.951  0.978  0.998  0.997  0.958  0.868  0.750  0.657  0.606  0.585  0.579  0.582  0.593  0.617  0.663  0.735  0.816  0.871  0.890  0.887  0.871  0.848  0.817  0.780  0.737  0.693  0.651  0.614  0.585  0.564  0.548  0.537  0.531  0.530  0.532  0.540  0.552  0.570
   0.000    0.000  0.414  0.453  0.533  0.682  0.810  0.832  0.807  0.778  0.758  0.764  0.820  0.949  1.141  1.350  1.524  1.641  1.708  1.738  1.743  1.723  1.672  1.576  1.422  1.222  1.017  0.850  0.743  0.688  0.668  0.670  0.685  0.708  0.740  0.778  0.820  0.856  0.868  0.843  0.786  0.718  0.659  0.620  0.597  0.585  0.582  0.584  0.591  0.604  0.628  0.671  0.736  0.811  0.865  0.886  0.885  0.870  0.846  0.811  0.765  0.707  0.640  0.570  0.508  0.458  0.421  0.396  0.380  0.372  0.369  0.372  0.379  0.393
   5.000    5.000  0.299  0.380  0.569  0.787  0.871  0.867  0.838  0.805  0.777  0.761  0.774  0.841  0.977  1.167  1.367  1.530  1.639  1.702  1.731  1.736  1.714  1.653  1.532  1.338  1.093  0.853  0.665  0.545  0.482  0.457  0.458  0.479  0.519  0.584  0.667  0.741  0.776  0.771  0.738  0.695  0.654  0.622  0.602  0.591  0.588  0.590  0.597  0.609  0.628  0.658  0.702  0.763  0.829  0.876  0.893  0.889  0.871  0.840  0.793  0.724  0.635  0.535  0.442  0.370  0.320  0.288  0.270  0.260  0.255  0.255  0.260  0.270
  10.000   10.000  0.302  0.492  0.748  0.892  0.920  0.904  0.874  0.840  0.808  0.782  0.772  0.793  0.866  1.004  1.188  1.374  1.522  1.621  1.677  1.702  1.697  1.656  1.558  1.381  1.134  0.868  0.642  0.480  0.379  0.328  0.317  0.345  0.419  0.537  0.663  0.748  0.780  0.772  0.742  0.701  0.661  0.630  0.609  0.598  0.594  0.596  0.604  0.618  0.637  0.665  0.702  0.750  0.808  0.863  0.899  0.907  0.894  0.865  0.815  0.738  0.631  0.508  0.395  0.311  0.256  0.225  0.208  0.199  0.195  0.195  0.201  0.224
  15.000   15.000  0.446  0.702  0.886  0.951  0.958  0.941  0.912  0.879  0.846  0.817  0.796  0.792  0.818  0.895  1.028  1.198  1.365  1.496  1.582  1.629  1.643  1.621  1.545  1.393  1.165  0.907  0.676  0.501  0.383  0.316  0.302  0.351  0.464  0.608  0.725  0.787  0.802  0.787  0.754  0.712  0.672  0.640  0.618  0.604  0.600  0.602  0.611  0.627  0.649  0.678  0.716  0.762  0.815  0.870  0.915  0.936  0.928  0.897  0.840  0.750  0.626  0.488  0.368  0.283  0.233  0.206  0.194  0.189  0.189  0.194  0.213  0.278
  20.000   20.000  0.674  0.865  0.956  0.987  0.990  0.976  0.951  0.920  0.889  0.860  0.836  0.821  0.821  0.851  0.924  1.045  1.194  1.335  1.445  1.517  1.555  1.558  1.516  1.406  1.224  0.998  0.781  0.603  0.475  0.396  0.378  0.440  0.568  0.701  0.788  0.824  0.826  0.806  0.770  0.727  0.686  0.652  0.627  0.612  0.606  0.608  0.618  0.635  0.661  0.694  0.736  0.785  0.840  0.897  0.948  0.982  0.988  0.957  0.889  0.780  0.638  0.494  0.383  0.316  0.283  0.270  0.268  0.272  0.279  0.295  0.338  0.458
  25.000   25.000  0.869  0.948  0.991  1.014  1.019  1.009  0.988  0.960  0.931  0.905  0.883  0.866  0.856  0.860  0.888  0.951  1.052  1.173  1.287  1.378  1.443  1.484  1.493  1.452  1.346  1.182  0.994  0.817  0.670  0.567  0.528  0.578  0.689  0.787  0.840  0.858  0.852  0.827  0.789  0.745  0.702  0.665  0.638  0.620  0.612  0.614  0.625  0.644  0.673  0.711  0.758  0.812  0.871  0.932  0.988  1.033  1.058  1.048  0.991  0.877  0.733  0.614  0.547  0.521  0.517  0.524  0.536  0.551  0.569  0.596  0.647  0.749
  30.000   30.000  0.983  0.989  1.015  1.036  1.045  1.040  1.022  0.998  0.973  0.950  0.931  0.917  0.906  0.901  0.904  0.925  0.974  1.053  1.150  1.251  1.348  1.436  1.510  1.552  1.540  1.462  1.326  1.161  0.994  0.850  0.759  0.752  0.807  0.859  0.886  0.891  0.879  0.851  0.810  0.765  0.720  0.680  0.650  0.630  0.620  0.620  0.632  0.653  0.685  0.728  0.781  0.841  0.905  0.970  1.030  1.080  1.116  1.132  1.121  1.083  1.048  1.044  1.059  1.078  1.098  1.120  1.144  1.169  1.191  1.194  1.142  1.039
  35.000   35.000  1.057  1.018  1.034  1.057  1.069  1.068  1.054  1.032  1.010  0.991  0.977  0.967  0.960  0.954  0.950  0.950  0.963  1.002  1.077  1.185  1.313  1.451  1.584  1.695  1.762  1.766  1.703  1.581  1.417  1.230  1.050  0.937  0.910  0.918  0.925  0.922  0.905  0.875  0.834  0.787  0.740  0.698  0.664  0.640  0.628  0.628  0.639  0.663  0.698  0.746  0.804  0.870  0.940  1.008  1.071  1.124  1.163  1.191  1.224  1.325  1.553  1.774  1.885  1.930  1.953  1.970  1.986  1.997  1.985  1.886  1.610  1.252
  40.000   40.000  1.128  1.048  1.054  1.075  1.090  1.092  1.081  1.062  1.042  1.026  1.016  1.011  1.010  1.009  1.006  1.000  0.997  1.014  1.076  1.195  1.355  1.531  1.701  1.847  1.953  2.007  2.002  1.936  1.804  1.598  1.328  1.096  0.991  0.965  0.959  0.950  0.930  0.899  0.858  0.810  0.761  0.717  0.680  0.653  0.638  0.636  0.647  0.673  0.712  0.764  0.828  0.900  0.974  1.047  1.111  1.163  1.202  1.233  1.299  1.520  1.946  2.291  2.433  2.473  2.480  2.479  2.474  2.462  2.420  2.275  1.910  1.424
  45.000   45.000  1.211  1.081  1.073  1.093  1.109  1.112  1.103  1.086  1.068  1.054  1.047  1.047  1.051  1.056  1.058  1.055  1.051  1.063  1.128  1.265  1.451  1.649  1.832  1.984  2.097  2.164  2.180  2.142  2.037  1.835  1.519  1.209  1.049  1.001  0.986  0.973  0.953  0.922  0.881  0.834  0.784  0.737  0.697  0.667  0.649  0.645  0.656  0.683  0.726  0.783  0.852  0.929  1.008  1.083  1.148  1.199  1.233  1.265  1.361  1.670  2.146  2.471  2.597  2.628  2.627  2.617  2.604  2.586  2.547  2.426  2.102  1.590
  50.000   50.000  1.313  1.123  1.094  1.109  1.125  1.130  1.121  1.105  1.087  1.074  1.069  1.072  1.080  1.091  1.099  1.104  1.106  1.127  1.208  1.368  1.574  1.778  1.958  2.101  2.203  2.260  2.271  2.232  2.132  1.937  1.617  1.277  1.088  1.025  1.006  0.992  0.972  0.942  0.904  0.858  0.808  0.759  0.716  0.682  0.662  0.656  0.666  0.694  0.740  0.801  0.875  0.957  1.040  1.117  1.181  1.227  1.254  1.283  1.413  1.782  2.244  2.528  2.638  2.665  2.662  2.648  2.632  2.614  2.581  2.493  2.242  1.761
  55.000   55.000  1.437  1.177  1.117  1.125  1.140  1.144  1.135  1.118  1.100  1.086  1.082  1.085  1.096  1.111  1.126  1.138  1.152  1.190  1.297  1.484  1.701  1.904  2.071  2.197  2.279  2.318  2.312  2.260  2.153  1.964  1.656  1.315  1.112  1.041  1.019  1.005  0.987  0.960  0.924  0.880  0.831  0.782  0.736  0.700  0.676  0.668  0.677  0.707  0.755  0.820  0.898  0.984  1.070  1.147  1.208  1.245  1.258  1.284  1.451  1.856  2.292  2.551  2.655  2.681  2.676  2.660  2.642  2.623  2.596  2.532  2.347  1.929
  60.000   60.000  1.582  1.245  1.145  1.141  1.152  1.155  1.145  1.126  1.106  1.091  1.085  1.089  1.100  1.117  1.136  1.156  1.183  1.244  1.383  1.597  1.822  2.015  2.165  2.270  2.331  2.348  2.322  2.254  2.139  1.953  1.663  1.333  1.125  1.050  1.026  1.014  0.998  0.975  0.943  0.902  0.854  0.805  0.757  0.718  0.691  0.681  0.690  0.719  0.769  0.838  0.920  1.009  1.096  1.171  1.224  1.247  1.241  1.266  1.473  1.897  2.314  2.563  2.668  2.694  2.688  2.670  2.650  2.629  2.605  2.557  2.424  2.085
  65.000   65.000  1.740  1.333  1.179  1.157  1.163  1.163  1.150  1.128  1.106  1.089  1.081  1.083  1.094  1.112  1.133  1.158  1.198  1.285  1.462  1.703  1.930  2.109  2.239  2.322  2.360  2.355  2.310  2.228  2.105  1.924  1.652  1.338  1.131  1.053  1.030  1.019  1.006  0.986  0.958  0.921  0.876  0.827  0.779  0.738  0.708  0.695  0.702  0.732  0.784  0.855  0.940  1.030  1.116  1.187  1.227  1.227  1.196  1.228  1.478  1.914  2.322  2.571  2.679  2.708  2.702  2.682  2.659  2.637  2.613  2.575  2.480  2.218
  70.000   70.000  1.902  1.441  1.222  1.174  1.173  1.168  1.151  1.126  1.100  1.081  1.071  1.071  1.081  1.097  1.119  1.148  1.200  1.315  1.532  1.795  2.019  2.182  2.291  2.351  2.366  2.340  2.278  2.184  2.057  1.883  1.630  1.334  1.131  1.052  1.030  1.021  1.011  0.995  0.970  0.937  0.896  0.848  0.801  0.758  0.726  0.710  0.716  0.746  0.799  0.871  0.957  1.048  1.130  1.191  1.211  1.179  1.126  1.180  1.470  1.915  2.321  2.577  2.691  2.723  2.717  2.696  2.671  2.646  2.621  2.589  2.519  2.324
  75.000   75.000  2.055  1.570  1.276  1.194  1.180  1.170  1.149  1.120  1.091  1.068  1.056  1.055  1.062  1.077  1.098  1.130  1.194  1.339  1.594  1.874  2.091  2.235  2.321  2.357  2.350  2.305  2.227  2.125  1.997  1.831  1.598  1.324  1.128  1.049  1.027  1.020  1.013  1.000  0.980  0.951  0.913  0.868  0.821  0.778  0.744  0.727  0.731  0.760  0.813  0.886  0.971  1.059  1.135  1.179  1.170  1.102  1.039  1.130  1.455  1.907  2.317  2.581  2.704  2.740  2.734  2.711  2.684  2.657  2.630  2.600  2.547  2.406
  80.000   80.000  2.190  1.714  1.346  1.217  1.187  1.170  1.143  1.110  1.078  1.053  1.039  1.035  1.041  1.054  1.074  1.108  1.183  1.358  1.648  1.940  2.144  2.266  2.327  2.340  2.311  2.248  2.160  2.051  1.925  1.769  1.559  1.308  1.121  1.043  1.022  1.017  1.012  1.003  0.986  0.961  0.927  0.886  0.841  0.797  0.763  0.744  0.747  0.774  0.826  0.897  0.980  1.062  1.125  1.146  1.101  1.001  0.948  1.085  1.436  1.893  2.310  2.585  2.717  2.757  2.753  2.729  2.699  2.670  2.641  2.612  2.568  2.465
  85.000   85.000  2.301  1.867  1.434  1.245  1.193  1.166  1.134  1.097  1.062  1.036  1.021  1.015  1.019  1.030  1.049  1.085  1.173  1.377  1.697  1.992  2.179  2.275  2.311  2.299  2.251  2.173  2.076  1.965  1.843  1.699  1.512  1.286  1.110  1.035  1.015  1.011  1.009  1.003  0.990  0.969  0.939  0.901  0.858  0.816  0.781  0.761  0.763  0.789  0.838  0.905  0.981  1.053  1.099  1.089  1.005  0.889  0.865  1.047  1.416  1.877  2.301  2.589  2.730  2.776  2.772  2.748  2.717  2.685  2.654  2.623  2.585  2.509
  90.000   90.000  2.387  2.017  1.542  1.281  1.198  1.160  1.122  1.082  1.045  1.018  1.002  0.996  0.998  1.007  1.025  1.064  1.164  1.397  1.741  2.030  2.192  2.262  2.271  2.236  2.170  2.081  1.979  1.868  1.752  1.622  1.458  1.259  1.097  1.025  1.006  1.004  1.004  1.001  0.991  0.974  0.948  0.914  0.874  0.833  0.799  0.779  0.780  0.804  0.848  0.908  0.974  1.030  1.052  1.008  0.894  0.781  0.799  1.016  1.397  1.860  2.292  2.592  2.744  2.795  2.794  2.769  2.736  2.701  2.668  2.636  2.601  2.541
  95.000   95.000  2.452  2.153  1.667  1.328  1.205  1.152  1.108  1.065  1.028  1.001  0.985  0.978  0.979  0.987  1.005  1.046  1.160  1.420  1.778  2.052  2.185  2.224  2.207  2.153  2.072  1.975  1.871  1.763  1.655  1.539  1.398  1.227  1.082  1.013  0.996  0.996  0.998  0.997  0.990  0.976  0.954  0.923  0.886  0.848  0.815  0.797  0.797  0.818  0.857  0.906  0.957  0.994  0.989  0.914  0.783  0.689  0.748  0.991  1.378  1.843  2.283  2.595  2.758  2.815  2.816  2.791  2.757  2.720  2.684  2.650  2.615  2.566
 100.000  100.000  2.501  2.268  1.805  1.388  1.212  1.143  1.093  1.047  1.010  0.984  0.969  0.962  0.963  0.970  0.987  1.033  1.160  1.443  1.807  2.054  2.154  2.163  2.122  2.051  1.960  1.859  1.756  1.654  1.555  1.453  1.334  1.191  1.063  1.000  0.985  0.986  0.989  0.990  0.987  0.976  0.957  0.929  0.895  0.860  0.830  0.813  0.814  0.832  0.862  0.899  0.933  0.949  0.919  0.822  0.687  0.619  0.712  0.971  1.359  1.826  2.273  2.597  2.771  2.835  2.839  2.814  2.779  2.741  2.703  2.666  2.631  2.587
 105.000  105.000  2.537  2.361  1.946  1.464  1.224  1.132  1.076  1.030  0.994  0.969  0.955  0.949  0.949  0.956  0.974  1.023  1.165  1.467  1.824  2.036  2.099  2.080  2.019  1.934  1.838  1.737  1.638  1.543  1.454  1.366  1.268  1.150  1.041  0.984  0.970  0.973  0.978  0.981  0.980  0.972  0.956  0.932  0.901  0.869  0.842  0.828  0.830  0.844  0.866  0.890  0.908  0.907  0.860  0.750  0.620  0.574  0.689  0.954  1.342  1.809  2.262  2.599  2.784  2.855  2.862  2.839  2.803  2.763  2.723  2.684  2.647  2.606
 110.000  110.000  2.566  2.432  2.079  1.557  1.241  1.121  1.059  1.013  0.979  0.956  0.943  0.938  0.939  0.946  0.964  1.018  1.173  1.489  1.826  1.995  2.022  1.978  1.901  1.809  1.711  1.614  1.521  1.435  1.357  1.282  1.202  1.105  1.012  0.961  0.948  0.951  0.957  0.962  0.963  0.958  0.946  0.927  0.900  0.872  0.850  0.840  0.843  0.854  0.869  0.884  0.893  0.884  0.833  0.726  0.605  0.570  0.685  0.945  1.327  1.792  2.251  2.600  2.796  2.875  2.885  2.863  2.827  2.786  2.744  2.703  2.664  2.624
 115.000  115.000  2.581  2.474  2.185  1.658  1.264  1.111  1.042  0.997  0.965  0.945  0.934  0.930  0.931  0.938  0.957  1.016  1.184  1.506  1.810  1.932  1.925  1.862  1.775  1.681  1.585  1.494  1.409  1.333  1.265  1.202  1.134  1.050  0.964  0.911  0.894  0.893  0.897  0.902  0.905  0.905  0.901  0.892  0.877  0.861  0.849  0.847  0.852  0.863  0.878  0.894  0.910  0.919  0.901  0.836  0.743  0.692  0.757  0.970  1.323  1.775  2.235  2.594  2.803  2.890  2.906  2.886  2.850  2.808  2.765  2.721  2.679  2.636
 120.000  120.000  2.498  2.365  2.108  1.663  1.266  1.094  1.024  0.982  0.954  0.937  0.928  0.924  0.926  0.933  0.954  1.018  1.197  1.514  1.774  1.848  1.813  1.737  1.647  1.554  1.464  1.381  1.306  1.240  1.181  1.124  1.056  0.961  0.857  0.792  0.766  0.757  0.755  0.756  0.759  0.764  0.770  0.779  0.789  0.804  0.821  0.841  0.862  0.888  0.922  0.973  1.048  1.140  1.223  1.250  1.205  1.124  1.075  1.141  1.373  1.753  2.184  2.544  2.769  2.873  2.902  2.889  2.855  2.811  2.761  2.707  2.649  2.583
 125.000  125.000  1.854  1.606  1.356  1.142  1.019  0.991  0.983  0.964  0.945  0.931  0.923  0.921  0.923  0.931  0.953  1.022  1.209  1.512  1.718  1.748  1.693  1.610  1.521  1.433  1.352  1.278  1.213  1.155  1.101  1.037  0.941  0.807  0.700  0.651  0.634  0.628  0.626  0.625  0.626  0.629  0.634  0.643  0.660  0.691  0.742  0.812  0.892  0.986  1.107  1.263  1.443  1.612  1.732  1.785  1.772  1.708  1.619  1.546  1.554  1.702  1.970  2.265  2.501  2.651  2.721  2.733  2.701  2.636  2.542  2.418  2.264  2.076
 130.000  130.000  0.953  0.851  0.782  0.746  0.745  0.781  0.850  0.914  0.939  0.936  0.929  0.924  0.924  0.931  0.954  1.028  1.220  1.494  1.643  1.637  1.570  1.486  1.402  1.323  1.251  1.187  1.130  1.076  1.013  0.914  0.772  0.658  0.607  0.591  0.586  0.584  0.583  0.583  0.583  0.584  0.585  0.588  0.595  0.614  0.662  0.777  0.988  1.258  1.517  1.726  1.872  1.962  2.007  2.021  2.009  1.972  1.906  1.810  1.697  1.610  1.596  1.663  1.776  1.891  1.967  1.977  1.913  1.784  1.615  1.430  1.249  1.087
 135.000  135.000  0.712  0.700  0.696  0.700  0.717  0.752  0.808  0.882  0.955  1.000  1.004  0.983  0.961  0.950  0.963  1.031  1.212  1.442  1.541  1.516  1.447  1.369  1.294  1.224  1.162  1.106  1.053  0.990  0.890  0.751  0.643  0.597  0.582  0.578  0.576  0.576  0.575  0.575  0.575  0.575  0.575  0.576  0.579  0.591  0.635  0.787  1.141  1.580  1.863  1.989  2.043  2.066  2.072  2.066  2.048  2.011  1.944  1.837  1.689  1.529  1.401  1.325  1.290  1.267  1.229  1.160  1.066  0.966  0.879  0.812  0.764  0.733
 140.000  140.000  0.694  0.694  0.696  0.706  0.726  0.764  0.821  0.893  0.970  1.036  1.080  1.096  1.085  1.050  1.000  0.964  1.009  1.143  1.260  1.303  1.288  1.243  1.189  1.134  1.083  1.033  0.972  0.877  0.748  0.649  0.605  0.588  0.581  0.578  0.576  0.575  0.574  0.574  0.574  0.574  0.574  0.574  0.577  0.588  0.641  0.834  1.277  1.754  1.983  2.054  2.074  2.078  2.073  2.060  2.035  1.988  1.909  1.785  1.623  1.454  1.317  1.221  1.151  1.082  1.000  0.908  0.823  0.763  0.727  0.708  0.700  0.696
 145.000  145.000  0.700  0.701  0.705  0.716  0.739  0.779  0.837  0.908  0.980  1.041  1.083  1.104  1.105  1.079  1.002  0.839  0.665  0.601  0.639  0.730  0.842  0.938  0.995  1.010  0.998  0.966  0.902  0.804  0.715  0.659  0.626  0.606  0.594  0.586  0.581  0.578  0.577  0.575  0.575  0.574  0.574  0.575  0.578  0.593  0.661  0.899  1.381  1.817  1.998  2.049  2.063  2.062  2.053  2.034  1.999  1.939  1.843  1.704  1.536  1.375  1.249  1.160  1.087  1.011  0.924  0.838  0.772  0.731  0.711  0.703  0.701  0.700
 150.000  150.000  0.708  0.709  0.714  0.727  0.752  0.795  0.853  0.921  0.987  1.041  1.076  1.093  1.090  1.062  0.974  0.796  0.610  0.514  0.483  0.481  0.495  0.529  0.593  0.699  0.843  0.970  0.990  0.926  0.840  0.764  0.705  0.661  0.631  0.611  0.598  0.589  0.584  0.580  0.578  0.577  0.576  0.576  0.581  0.602  0.691  0.971  1.445  1.809  1.958  2.008  2.025  2.025  2.013  1.987  1.940  1.864  1.750  1.599  1.433  1.285  1.176  1.097  1.027  0.952  0.871  0.800  0.750  0.724  0.712  0.709  0.708  0.708
 155.000  155.000  0.715  0.716  0.723  0.738  0.767  0.811  0.868  0.932  0.992  1.039  1.068  1.079  1.074  1.041  0.947  0.772  0.609  0.530  0.500  0.488  0.483  0.485  0.499  0.556  0.736  1.030  1.172  1.142  1.055  0.958  0.865  0.785  0.722  0.675  0.642  0.619  0.604  0.595  0.588  0.585  0.582  0.582  0.589  0.619  0.735  1.033  1.439  1.724  1.860  1.922  1.949  1.954  1.940  1.906  1.845  1.752  1.623  1.468  1.313  1.186  1.095  1.027  0.963  0.893  0.824  0.770  0.737  0.721  0.715  0.714  0.715  0.715
 160.000  160.000  0.722  0.725  0.734  0.752  0.782  0.827  0.882  0.942  0.995  1.035  1.058  1.066  1.057  1.021  0.924  0.760  0.624  0.561  0.535  0.524  0.518  0.517  0.526  0.567  0.714  1.025  1.259  1.296  1.248  1.171  1.080  0.983  0.891  0.810  0.745  0.695  0.660  0.635  0.619  0.609  0.602  0.601  0.610  0.653  0.788  1.051  1.344  1.557  1.691  1.772  1.815  1.829  1.816  1.775  1.703  1.597  1.462  1.316  1.182  1.080  1.009  0.952  0.896  0.838  0.786  0.749  0.729  0.721  0.719  0.720  0.721  0.721
 165.000  165.000  0.729  0.735  0.746  0.767  0.799  0.843  0.896  0.950  0.996  1.029  1.048  1.052  1.041  1.003  0.907  0.761  0.653  0.603  0.581  0.570  0.564  0.564  0.572  0.605  0.721  0.997  1.270  1.358  1.351  1.312  1.253  1.178  1.092  1.001  0.914  0.838  0.776  0.729  0.695  0.671  0.656  0.650  0.660  0.709  0.829  1.009  1.193  1.349  1.472  1.561  1.618  1.640  1.630  1.587  1.511  1.405  1.280  1.156  1.052  0.976  0.924  0.880  0.836  0.793  0.758  0.735  0.725  0.722  0.723  0.725  0.726  0.727
 170.000  170.000  0.738  0.746  0.760  0.783  0.817  0.860  0.908  0.956  0.996  1.023  1.037  1.038  1.026  0.988  0.900  0.779  0.697  0.658  0.638  0.627  0.622  0.623  0.633  0.662  0.752  0.979  1.249  1.365  1.382  1.367  1.336  1.291  1.232  1.160  1.082  1.004  0.931  0.869  0.820  0.782  0.755  0.737  0.736  0.765  0.837  0.941  1.053  1.161  1.257  1.335  1.388  1.411  1.403  1.364  1.295  1.206  1.107  1.014  0.941  0.890  0.853  0.821  0.790  0.762  0.741  0.729  0.724  0.724  0.727  0.729  0.732  0.734
 175.000  175.000  0.749  0.759  0.776  0.802  0.835  0.876  0.920  0.961  0.994  1.016  1.026  1.025  1.013  0.979  0.906  0.816  0.757  0.725  0.707  0.696  0.692  0.696  0.708  0.737  0.809  0.984  1.220  1.343  1.373  1.370  1.354  1.326  1.286  1.234  1.174  1.108  1.043  0.984  0.932  0.888  0.850  0.818  0.794  0.791  0.822  0.881  0.954  1.027  1.093  1.147  1.183  1.198  1.190  1.158  1.107  1.043  0.976  0.916  0.868  0.834  0.807  0.785  0.764  0.746  0.734  0.728  0.726  0.728  0.731  0.735  0.738  0.742
