0 0 0 0 0 0
0 0 0 0 0 0
0 0 0 0 0 0
0 0 0 0 0 0
0 0 0 0 0 0
0 0 0 0 0 0
0 0 0 0 0 0
0 0 0 0 0 0
0 0 0 0 0 0
0 0 0 0 0 0
0 0 0 0 0 0
0 0 0 0 0 0
0 0 0 0 0 0
0 0 0 0 0 0
0 0 0 0 0 0
0 0 0 0 0 0
0 0 0 0 0 0
0 0 0 0 0 0
0 0 0 0 0 0
0 0 0 0 0 0
0 0 0 0 0 0
0 0 0 0 0 0
0 0 0 0 0 0
0 0 0 0 0 0
0 0 0 0 0 0
0 0 0 0 0 0
0 0 0 0 0 0
0 0 0 0 0 0
0 0 0 0 0 0
0 0 0 0 0 0
0 0 0 0 0 0
0 0 0 0 0 0
0 0 0 0 0 0
0 0 0 0 0 0
0 0 0 0 0 0
0 0 0 0 0 0
0 0 0 0 0 0
0 0 0 0 0 0
0 0 0 0 0 0
0 0 0 0 0 0
0 0 0 0 0 0
0 0 0 0 0 0
0 0 0 0 0 0
0 0 0 0 0 0
0 0 0 0 0 0
0 0 0 0 0 0
0 0 0 0 0 0
0 0 0 0 0 0
0 0 0 0 0 0
0 0 0 0 0 0
0 0 0 0 0 0
0 0 0 0 0 0
0 0 0 0 0 0
0 0 0 0 0 0
0 0 0 0 0 0
0 0 0 0 0 0
0 0 0 0 0 0
0 0 0 0 0 0
0 0 0 0 0 0
0 0 0 0 0 0
0 0 0 0 0 0
0 0 0 0 0 0
0 0 0 0 0 0
0 0 0 0 0 0
0 0 0 0 0 0
0 0 0 0 0 0
0 0 0 0 0 0
0 0 0 0 0 0
0 0 0 0 0 0
0 0 0 0 0 0
0 0 0 0 0 0
0 0 0 0 0 0
0 0 0 0 0 0
0 0 0 0 0 0
0 0 0 0 0 0
0 0 0 0 0 0
0 0 0 0 0 0
0 0 0 0 0 0
0 0 0 0 0 0
0 0 0 0 0 0
0 0 0 0 0 0
0 0 0 0 0 0
0 0 0 0 0 0
0 0 0 0 0 0
0 0 0 0 0 0
0 0 0 0 0 0
0 0 0 0 0 0
0 0 0 0 0 0
0 0 0 0 0 0
0 0 0 0 0 0
0 0 0 0 0 0
0 0 0 0 0 0
0 0 0 0 0 0
0 0 0 0 0 0
0 0 0 0 0 0
0 0 0 0 0 0
0 0 0 0 0 0
0 0 0 0 0 0
0 0 0 0 0 0
0 0 0 0 0 0
0 0 0 0 0 0
0 0 0 0 0 0
0 0 0 0 0 0
0 0 0 0 0 0
0 0 0 0 0 0
0 0 0 0 0 0
0 0 0 0 0 0
0 0 0 0 0 0
0 0 0 0 0 0
0 0 0 0 0 0
0 0 0 0 0 0
0 0 0 0 0 0
0 0 0 0 0 0
0 0 0 0 0 0
0 0 0 0 0 0
0 0 0 0 0 0
0 0 0 0 0 0
0 0 0 0 0 0
0 0 0 0 0 0
0 0 0 0 0 0
0 0 0 0 0 0
0 0 0 0 0 0
0 0 0 0 0 0
0 0 0 0 0 0
0 0 0 0 0 0
0 0 0 0 0 0
0 0 0 0 0 0
0 0 0 0 0 0
0 0 0 0 0 0
0 0 0 0 0 0
0 0 0 0 0 0
0 0 0 0 0 0
0 0 0 0 0 0
0 0 0 0 0 0
0 0 0 0 0 0
0 0 0 0 0 0
0 0 0 0 0 0
0 0 0 0 0 0
0 0 0 0 0 0
0 0 0 0 0 0
0 0 0 0 0 0
0 0 0 0 0 0
0 0 0 0 0 0
0 0 0 0 0 0
0 0 0 0 0 0
0 0 0 0 0 0
0 0 0 0 0 0
0 0 0 0 0 0
0 0 0 0 0 0
0 0 0 0 0 0
0 0 0 0 0 0
0 0 0 0 0 0
0 0 0 0 0 0
0 0 0 0 0 0
0 0 0 0 0 0
0 0 0 0 0 0
0 0 0 0 0 0
0 0 0 0 0 0
0 0 0 0 0 0
0 0 0 0 0 0
0 0 0 0 0 0
0 0 0 0 0 0
0 0 0 0 0 0
0 0 0 0 0 0
0 0 0 0 0 0
0 0 0 0 0 0
0 0 0 0 0 0
0 0 0 0 0 0
0 0 0 0 0 0
0 0 0 0 0 0
0 0 0 0 0 0
0 0 0 0 0 0
0 0 0 0 0 0
0 0 0 0 0 0
0 0 0 0 0 0
0 0 0 0 0 0
0 0 0 0 0 0
0 0 0 0 0 0
0 0 0 0 0 0
0 0 0 0 0 0
0 0 0 0 -1.1448148 0
0 0 0 0 -0.436909893 0
0 0 0 0 0 0
0 0 0 0 0 0
0 0 0 0 0 0
0 0 0 0 0 0
0 0 0 0 0 0
0 0 0 0 0 0
0 0 0 0 0 0
0 0 0 0 0 0
0 0 0 0 0 0
0 0 0 0 0 0
0 0 0 0 0 0
0 0 0 0 0 0
0 0 0 0 0 0
0 0 0 0 0 0
0 0 0 0 0 0
0 0 0 0 0 0
0 0 0 0 0 0
0 0 0 0 0 0
0 0 -1.53128393 0 -2.709277812 -0.881855605
0 0 -0.762193706 0 -2.094733218 -0.384978421
0 0 -0.228609729 0 -1.44518608 0
0 0 0 0 -0.993857866 0
0 0 0 0 -0.342236268 0
0 0 0 0 0 0
0 0 0 0 0 0
0 0 0 0 0 0
0 0 0 0 0 0
0 0 0 0 0 0
0 0 0 0 0 0
0 0 0 0 0 0
0 0 0 0 0 0
0 0 0 0 0 0
0 0 0 0 0 0
0 0 0 0 0 0
0 0 0 0 0 0
0 0 0 0 0 0
0 0 0 0 0 0
0 0 0 0 0 0
0 0 -2.540436899 0 -3.092136009 -2.092794298
0 0 -2.05536726 0 -2.722061171 -1.722552417
0 0 -1.587558054 -0.282139855 -2.460785023 -1.536665973
0 0 -0.602198717 -0.414802279 -2.1066982 -1.049810201
0 0 0 -0.468549163 -1.672139127 -0.691631106
0 0 0 -0.233697067 -1.247306055 -0.471714625
0 0 0 -0.250106794 -0.854848494 0
0 0 0 0 -0.199738581 0
0 0 0 0 0 0
0 0 0 0 0 0
0 0 0 0 0 0
0 0 0 0 0 0
0 0 0 0 0 0
0 0 0 0 0 0
0 0 0 0 0 0
0 0 0 0 0 0
0 0 0 0 0 0
0 0 0 0 0 0
0 0 0 0 0 0
0 0 0 0 0 0
0 0 -2.694854741 0 -2.663590855 -1.945901277
0 0 -2.499576182 -0.492702768 -2.468437896 -1.862335163
0 0 -2.341361346 -0.859526445 -2.263988845 -1.728979023
0 0 -1.768548781 -1.056075123 -2.148704254 -1.806633502
0 0 -1.062092675 -1.199158874 -2.016264649 -1.696146207
0 0 -0.10477821 -1.329003332 -1.747516182 -1.559239893
0 0 0 -1.314853543 -1.593079815 -1.285830739
0 0 0 -1.388105844 -1.260157751 -0.742394816
0 0 0 -1.240935862 -0.82064878 -0.470282487
0 0 0 -1.10997366 -0.542539509 0
0 0 0 -0.859526445 -0.05605207 0
0 0 0 -0.585532956 0 0
0 0 0 0 0 0
0 0 0 0 0 0
0 0 0 0 0 0
0 0 0 0 0 0
0 0 0 0 0 0
0 0 0 0 0 0
0 0 0 0 0 0
0 0 0 0 0 0
0 0 -1.615088763 -0.175813956 -2.060644126 -1.838725626
0 0 -1.636185758 -0.59556239 -1.898706798 -1.765826979
0 0 -1.571510663 -0.771442943 -1.765947222 -1.65789487
0 0 -1.514223693 -1.00767301 -1.708467275 -1.550772981
0 0 -1.130937582 -1.198624726 -1.616209702 -1.467417151
0 0 -0.909106881 -1.404598048 -1.482640413 -1.464415115
0 0 -0.343595444 -1.465965332 -1.340977343 -1.402400409
0 0 0 -1.636188461 -1.269986833 -1.443144667
0 0 0 -1.816732785 -1.196658182 -1.136454167
0 0 0 -1.838679131 -0.986946305 -1.058359798
0 0 0 -1.828984612 -0.72125706 -0.796817595
0 0 0 -1.051014978 -0.048747816 -0.521962651
0 0 0 -0.361083596 0 -0.107224895
0 0 0 0 0 0
0 0 0 0 0 0
0 0 0 0 0 0
0 0 0 0 0 0
0 0 0 0 0 0
0 0 0 0 0 0
0 0 0 0 0 0
0 0 -1.079647485 -0.22965592 -1.229676994 -1.638562616
0 0 -0.777925904 -0.656824279 -1.243379348 -1.728543657
0 0 -0.628567722 -0.796555843 -1.25353429 -1.600628642
0 0 -0.640883023 -1.130992259 -1.202582191 -1.522611933
0 0 -0.360116258 -1.231802431 -1.152626328 -1.419080418
0 0 -0.015185992 -1.469643054 -1.133823495 -1.427228191
0 0 0 -1.525506941 -1.090178123 -1.306635169
0 0 0 -1.556477812 -0.992356699 -1.217318826
0 0 0 -1.719813913 -0.849205536 -1.026755772
0 0 0 -1.781449001 -0.798755162 -1.002234806
0 0 0 -1.54812589 -0.583442356 -0.744041585
0 0 0 -1.105206651 -0.039379845 -0.924843664
0 0 0 -0.784629702 0 -0.906800843
0 0 0 -0.309939065 0 -0.722384095
0 0 0 0 0 -0.10662746
0 0 0 0 0 0
0 0 0 0 0 0
0 0 0 0 0 0
0 0 0 0 0 0
0 0 0 0 0 0
-0.678253884 0 -0.012467789 0 -0.307199448 -1.252707921
-0.472521853 0 0 -0.278244908 -0.450224148 -1.304874446
0 0 -0.070963045 -0.468086217 -0.445276099 -1.291408073
0 0 0 -0.721318688 -0.578228449 -1.224118277
0 0 0 -0.837359703 -0.589742667 -1.238515267
0 0 0 -1.091104947 -0.646757902 -1.167437576
0 0 0 -1.336562647 -0.630404326 -1.280502864
0 0 0 -1.420596802 -0.550338814 -1.224118277
0 0 0 -1.560430944 -0.603951471 -1.10408534
0 0 0 -1.687355011 -0.595450438 -0.978835354
0 0 0 -1.372195782 -0.248566104 -0.818364314
0 0 0 -0.861955037 0 -0.703189284
0 0 0 -0.408721975 0 -0.556175185
0 0 0 0 0 -0.77841241
0 0 0 0 0 -0.052117051
0 0 0 0 0 0
0 0 0 0 0 0
0 0 0 0 0 0
0 0 0 0 0 0
0 0 0 0 0 0
-1.161821319 0 0 0 0 -0.528635695
-1.05515309 0 0 -0.024209706 0 -0.612260466
-0.336079792 0 0 -0.091279829 0 -0.719550387
0 0 0 -0.426672517 0 -0.649317611
0 0 0 -0.490835116 0 -0.744666029
0 0 0 -0.68764806 -0.026598401 -0.72799255
0 0 0 -0.830131074 -0.063606809 -0.74052365
0 0 0 -1.040885636 -0.129759264 -0.876176272
0 0 0 -1.13655185 0 -0.879794123
0 0 0 -1.23277764 -0.215952238 -0.732187056
0 0 0 -0.894418493 0 -0.667343628
0 0 0 -0.56276222 0 -0.626318311
0 0 0 -0.13657435 0 -0.693787662
0 0 0 0 0 -0.65385467
0 0 0 0 0 0
0 0 0 0 0 0
0 0 0 0 0 0
0 0 0 0 0 0
0 0 0 0 0 0
0 0 0 0 0 0
-1.360130171 0 0 0 0 -0.244501336
-1.457665391 0 0 0 0 -0.115307018
-0.616646339 0 0 0 0 -0.256548163
-0.245163584 0 0 -0.071622999 0 -0.021389346
0 0 0 -0.07998979 0 -0.23842306
0 0 0 -0.182830208 0 -0.262517587
0 0 0 -0.296410568 0 -0.25054289
0 0 0 -0.518183125 0 -0.280214989
0 0 0 -0.734832345 0 -0.499819578
0 0 0 -0.695095672 0 -0.406395149
0 0 0 -0.241232084 0 -0.390812105
0 0 0 0 0 -0.390812105
0 0 0 0 0 -0.268451589
0 0 0 0 0 -0.129003908
0 0 0 0 0 0
0 0 0 0 0 0
0 0 0 0 0 0
0 0 0 0 0 0
0 0 0 0 0 0
0 0 0 0 0 0
-1.495191339 0 0 0 0 0
-1.404720075 0 0 0 0 0
-0.870573635 0 0 0 0 0
-0.358314393 0 0 0 0 0
0 0 0 0 0 0
0 0 0 -0.034314668 0 0
0 0 0 -0.034314668 0 0
0 0 0 -0.002601422 0 0
0 0 0 -0.065053021 0 0
0 0 0 -0.151975579 0 0
0 0 0 0 0 0
0 0 0 0 0 0
0 0 0 0 0 0
0 0 0 0 0 0
0 0 0 0 0 0
0 0 0 0 0 0
0 0 0 0 0 0
0 0 0 0 0 0
0 0 0 0 0 0
0 0 0 0 0 0
-1.406194664 0 0 0 0 0
-1.330938615 0 0 0 0 0
-0.840891256 0 0 0 0 0
-0.492740568 0 0 0 0 0
-0.092242771 0 0 0 0 0
0 0 0 0 0 0
0 0 0 0 0 0
0 0 0 0 0 0
0 0 0 0 0 0
0 0 0 0 0 0
0 0 0 0 0 0
0 0 0 0 0 0
0 0 0 0 0 0
0 0 0 0 0 0
0 0 0 0 0 0
0 0 0 0 0 0
0 0 0 0 0 0
0 0 0 0 0 0
0 0 0 0 0 0
0 0 0 0 0 0
-1.331486312 0 0 0 0 0
-1.241509392 0 0 0 0 0
-0.707784846 0 0 0 0 0
-0.268499908 0 0 0 0 0
0 0 0 0 0 0
0 0 0 0 0 0
0 0 0 0 0 0
0 0 0 0 0 0
0 0 0 0 0 0
0 0 0 0 0 0
0 0 0 0 0 0
0 0 0 0 0 0
0 0 0 0 0 0
0 0 0 0 0 0
0 0 0 0 0 0
0 0 0 0 0 0
0 0 0 0 0 0
0 0 0 0 0 0
0 0 0 0 0 0
0 0 0 0 0 0
-1.34430957 0 0 0 0 0
-0.990633727 0 0 0 0 0
-0.619044143 0 0 0 0 0
-0.138298905 0 0 0 0 0
0 0 0 0 0 0
0 0 0 0 0 0
0 0 0 0 0 0
0 0 0 0 0 0
0 0 0 0 0 0
0 0 0 0 0 0
0 0 0 0 0 0
0 0 0 0 0 0
0 0 0 0 0 0
0 0 0 0 0 0
0 0 0 0 0 0
0 0 0 0 0 0
0 0 0 0 0 0
0 0 0 0 0 0
0 0 0 0 0 0
0 0 0 0 0 0
-1.161821319 0 0 0 0 0
-1.05515309 0 0 0 0 0
-0.336079792 0 0 0 0 0
0 0 0 0 0 0
0 0 0 0 0 0
0 0 0 0 0 0
0 0 0 0 0 0
0 0 0 0 0 0
0 0 0 0 0 0
0 0 0 0 0 0
0 0 0 0 0 0
0 0 0 0 0 0
0 0 0 0 0 0
0 0 0 0 0 0
0 0 0 0 0 0
0 0 0 0 0 0
0 0 0 0 0 0
0 0 0 0 0 0
0 0 0 0 0 0
0 0 0 0 0 0
-0.678253884 0 0 0 0 0
-0.472521853 0 0 0 0 0
0 0 0 0 0 0
0 0 0 0 0 0
0 0 0 0 0 0
0 0 0 0 0 0
0 0 0 0 0 0
0 0 0 0 0 0
0 0 0 0 0 0
0 0 0 0 0 0
0 0 0 0 0 0
0 0 0 0 0 0
0 0 0 0 0 0
0 0 0 0 0 0
0 0 0 0 0 0
0 0 0 0 0 0
0 0 0 0 0 0
0 0 0 0 0 0
0 0 0 0 0 0
0 0 0 0 0 0
0 0 0 0 0 0
0 0 0 0 0 0
0 0 0 0 0 0
0 0 0 0 0 0
0 0 0 0 0 0
0 0 0 0 0 0
0 0 0 0 0 0
0 0 0 0 0 0
0 0 0 0 0 0
0 0 0 0 0 0
0 0 0 0 0 0
0 0 0 0 0 0
0 0 0 0 0 0
0 0 0 0 0 0
0 0 0 0 0 0
0 0 0 0 0 0
0 0 0 0 0 0
0 0 0 0 0 0
0 0 0 0 0 0
0 0 0 0 0 0
0 0 0 0 0 0
0 0 0 0 0 0
0 0 0 0 0 0
0 0 0 0 0 0
0 0 0 0 0 0
0 0 0 0 0 0
0 0 0 0 0 0
0 0 0 0 0 0
0 0 0 0 0 0
0 0 0 0 0 0
0 0 0 0 0 0
0 0 0 0 0 0
0 0 0 0 0 0
0 0 0 0 0 0
0 0 0 0 0 0
0 0 0 0 0 0
0 0 0 0 0 0
0 0 0 0 0 0
0 0 0 0 0 0
0 0 0 0 0 0
0 0 0 0 0 0
0 0 0 0 0 0
0 0 0 0 0 0
0 0 0 0 0 0
0 0 0 0 0 0
0 0 0 0 0 0
0 0 0 0 0 0
0 0 0 0 0 0
0 0 0 0 0 0
0 0 0 0 0 0
0 0 0 0 0 0
0 0 0 0 0 0
0 0 0 0 0 0
0 0 0 0 0 0
0 0 0 0 0 0
0 0 0 0 0 0
0 0 0 0 0 0
0 0 0 0 0 0
0 0 0 0 0 0
0 0 0 0 0 0
0 0 0 0 0 0
0 0 0 0 0 0
0 0 0 0 0 0
0 0 0 0 0 0
0 0 0 0 0 0
0 0 0 0 0 0
0 0 0 0 0 0
0 0 0 0 0 0
0 0 0 0 0 0
0 0 0 0 0 0
0 0 0 0 0 0
0 0 0 0 0 0
0 0 0 0 0 0
0 0 0 0 0 0
0 0 0 0 0 0
0 0 0 0 0 0
0 0 0 0 0 0
0 0 0 0 0 0
0 0 0 0 0 0
0 0 0 0 0 0
0 0 0 0 0 0
0 0 0 0 0 0
0 0 0 0 0 0
0 0 0 0 0 0
0 0 0 0 0 0
0 0 0 0 0 0
0 0 0 0 0 0
0 0 0 0 0 0
0 0 0 0 0 0
0 0 0 0 0 0
0 0 0 0 0 0
0 0 0 0 0 0
0 0 0 0 0 0
0 0 0 0 0 0
0 0 0 0 0 0
0 0 0 0 0 0
0 0 0 0 0 0
0 0 0 0 0 0
0 0 0 0 0 0
0 0 0 0 0 0
0 0 0 0 0 0
0 0 0 0 0 0
0 0 0 0 0 0
0 0 0 0 0 0
0 0 0 0 0 0
0 0 0 0 0 0
0 0 0 0 0 0
0 0 0 0 0 0
0 0 0 0 0 0
0 0 0 0 0 0
0 0 0 0 0 0
0 0 0 0 0 0
0 0 0 0 0 0
0 0 0 0 0 0
0 0 0 0 0 0
0 0 0 0 0 0
0 0 0 0 0 0
0 0 0 0 0 0
0 0 0 0 0 0
0 0 0 0 0 0
