-0.736621591 -0.52283678 -0.52283678 -1.129303514 -1.515895929 -0.917379303 -0.640276578
-0.714896611 -0.550256395 -0.550256395 -0.935510741 -1.098056412 -0.839458027 -0.651091526
-0.729552895 -0.556035473 -0.556035473 -0.826714333 -0.822654865 -0.783590235 -0.651462377
-0.68416627 -0.59770817 -0.59770817 -0.808399959 -0.606085282 -0.681272772 -0.652203667
-0.631923705 -0.595722072 -0.595722072 -0.710260201 -0.499908297 -0.623115068 -0.614833778
-0.542660648 -0.563249343 -0.563249343 -0.539171313 -0.409319225 -0.567280576 -0.501751216
-0.464651937 -0.50340372 -0.50340372 -0.307019007 -0.245923195 -0.469753385 -0.43910582
-0.35277126 -0.410100557 -0.410100557 -0.142703428 0 -0.285737349 -0.332266806
-0.19726565 -0.280688359 -0.280688359 0 0 -0.114532069 -0.251543595
-0.030088298 -0.154993194 -0.154993194 0 0 0 -0.091753889
0 0 0 0 0 0 0
0 0 0 0 0 0 0
0 0 0 0 0 0 0
0 0 0 0 0 0 0
0 0 0 0 0 0 0
0 0 0 0 0 0 0
0 0 0 0 0 0 0
0 0 0 0 0 0 0
0 0 0 0 0 0 0
0 0 0 0 0 0 0
