-0.975531227 -0.996384754 0 -0.811763897 0 0 0
-1.095525186 -0.870564581 0 -0.949914235 0 0 0
-1.059550083 -0.776928976 0 -0.726770684 0 0 0
-0.750892535 -0.666785397 0 -0.718673474 0 0 0
-0.49672402 -0.558376099 0 -0.685612612 0 0 0
-0.460713582 -0.550713226 0 -0.61601932 0 0 0
-0.426812031 -0.374526658 0 -0.550880018 0 0 0
-0.266319444 -0.392708977 0 -0.372397237 0 0 0
-0.019621297 -0.137526072 0 -0.263197945 0 0 0
0 0 0 0 0 0 0
0 0 0 0 0 0 0
0 0 0 0 0 0 0
0 0 0 0 0 0 0
0 0 0 0 0 0 0
0 0 0 0 0 0 0
0 0 0 0 0 0 0
0 0 0 0 0 0 0
0 0 0 0 0 0 0
0 0 0 0 0 0 0
0 0 0 0 0 0 0
