0 0 -1.845639705 -1.655826755 -1.982723485 -0.935085191 0
0 0 -1.229401619 -1.132484692 -1.198552737 -0.8898498 0
0 0 -0.485644437 -0.633145397 -0.427395722 -0.343386328 0
0 0 -0.029748475 -0.407561545 -0.028828853 0 -0.080266948
0 0 -0.021090413 -0.179168638 0 0 -0.360070533
0 0 0 0 0 0 -0.47445798
0 0 0 0 0 0 -0.308777239
-0.279520616 0 0 0 0 -0.465611669 -0.435146559
-0.792396922 0 0 0 0 -0.483754056 -0.181470855
-0.831426266 0 0 0 0 -0.408917932 -0.18045717
-0.89137186 0 0 0 0 -0.243142394 -0.11767505
-0.600548123 0 0 0 0 -0.127133182 0.043701095
-0.32233476 0 0 0 0 -0.128483986 -0.023767773
-0.051907168 0 0 0 0 -0.169219583 -0.003395589
-0.486701665 0 0 0 0 0 -0.154775224
-0.134048364 0 0 0 0 0 -0.102440806
0 0 0 0 0 0 0
0 0 0 0 0 0 0
0 0 0 0 0 0 0
0 0 0 0 0 0 0
