

VARS   PHI PSI -180 -175 -170 -165 -160 -155 -150 -145 -140 -135 -130 -125 -120 -115 -110 -105 -100 -95 -90 -85 -80 -75 -70 -65 -60 -55 -50 -45 -40 -35 -30 -25 -20 -15 -10 -5 0 5 10 15 20 25 30 35 40 45 50 55 60 65 70 75 80 85 90 95 100 105 110 115 120 125 130 135 140 145 150 155 160 165 170 175 
FORMAT %8.3f %8.3f %6.3f %6.3f %6.3f %6.3f %6.3f %6.3f %6.3f %6.3f %6.3f %6.3f %6.3f %6.3f %6.3f %6.3f %6.3f %6.3f %6.3f %6.3f %6.3f %6.3f %6.3f %6.3f %6.3f %6.3f %6.3f %6.3f %6.3f %6.3f %6.3f %6.3f %6.3f %6.3f %6.3f %6.3f %6.3f %6.3f %6.3f %6.3f %6.3f %6.3f %6.3f %6.3f %6.3f %6.3f %6.3f %6.3f %6.3f %6.3f %6.3f %6.3f %6.3f %6.3f %6.3f %6.3f %6.3f %6.3f %6.3f %6.3f %6.3f %6.3f %6.3f %6.3f %6.3f %6.3f %6.3f %6.3f %6.3f %6.3f %6.3f %6.3f %6.3f %6.3f

-180.000 -180.000  0.440  0.434  0.427  0.419  0.412  0.404  0.396  0.390  0.384  0.381  0.381  0.385  0.392  0.402  0.423  0.467  0.526  0.581  0.625  0.654  0.661  0.628  0.549  0.454  0.385  0.351  0.337  0.335  0.342  0.358  0.386  0.424  0.469  0.507  0.524  0.510  0.466  0.409  0.354  0.317  0.314  0.357  0.441  0.548  0.645  0.712  0.745  0.753  0.744  0.719  0.683  0.638  0.593  0.553  0.523  0.504  0.501  0.516  0.546  0.583  0.615  0.632  0.630  0.610  0.578  0.541  0.509  0.485  0.468  0.458  0.450  0.445
-175.000 -175.000  0.441  0.435  0.429  0.421  0.414  0.406  0.399  0.394  0.390  0.390  0.393  0.400  0.407  0.418  0.439  0.481  0.536  0.587  0.629  0.659  0.669  0.644  0.573  0.479  0.404  0.364  0.347  0.344  0.351  0.368  0.397  0.437  0.484  0.524  0.543  0.531  0.490  0.434  0.377  0.333  0.318  0.345  0.418  0.518  0.616  0.687  0.726  0.737  0.729  0.707  0.674  0.635  0.597  0.563  0.536  0.517  0.510  0.517  0.540  0.570  0.598  0.614  0.615  0.599  0.571  0.538  0.508  0.485  0.468  0.458  0.451  0.446
-170.000 -170.000  0.442  0.437  0.430  0.423  0.416  0.409  0.403  0.400  0.399  0.403  0.409  0.417  0.424  0.433  0.452  0.492  0.543  0.592  0.633  0.663  0.676  0.658  0.595  0.504  0.425  0.380  0.360  0.355  0.362  0.380  0.410  0.452  0.500  0.541  0.561  0.551  0.514  0.459  0.401  0.352  0.327  0.340  0.399  0.490  0.586  0.660  0.702  0.716  0.711  0.692  0.663  0.630  0.598  0.571  0.546  0.527  0.515  0.516  0.530  0.553  0.576  0.591  0.594  0.582  0.559  0.532  0.506  0.484  0.469  0.460  0.453  0.448
-165.000 -165.000  0.444  0.438  0.432  0.425  0.419  0.413  0.409  0.409  0.413  0.420  0.429  0.436  0.441  0.446  0.462  0.499  0.548  0.596  0.637  0.667  0.682  0.670  0.615  0.528  0.448  0.398  0.375  0.368  0.375  0.393  0.426  0.470  0.519  0.560  0.580  0.571  0.536  0.484  0.426  0.374  0.341  0.342  0.387  0.467  0.558  0.631  0.674  0.690  0.687  0.671  0.648  0.622  0.597  0.575  0.553  0.532  0.516  0.510  0.517  0.532  0.550  0.564  0.567  0.560  0.544  0.522  0.501  0.483  0.470  0.461  0.455  0.450
-160.000 -160.000  0.446  0.440  0.433  0.427  0.422  0.419  0.419  0.423  0.432  0.441  0.449  0.454  0.455  0.455  0.468  0.504  0.552  0.599  0.640  0.671  0.688  0.680  0.633  0.552  0.471  0.418  0.392  0.384  0.390  0.410  0.444  0.490  0.539  0.581  0.600  0.591  0.558  0.508  0.451  0.398  0.359  0.350  0.382  0.449  0.531  0.600  0.643  0.660  0.659  0.646  0.628  0.609  0.592  0.574  0.554  0.532  0.513  0.501  0.501  0.510  0.523  0.534  0.539  0.535  0.525  0.510  0.494  0.481  0.471  0.463  0.457  0.451
-155.000 -155.000  0.446  0.440  0.434  0.429  0.426  0.427  0.433  0.443  0.454  0.464  0.470  0.470  0.465  0.460  0.471  0.507  0.555  0.602  0.643  0.674  0.693  0.689  0.650  0.575  0.495  0.440  0.412  0.403  0.409  0.430  0.465  0.512  0.562  0.603  0.621  0.612  0.579  0.531  0.476  0.423  0.382  0.365  0.384  0.438  0.509  0.571  0.610  0.626  0.626  0.617  0.604  0.592  0.580  0.567  0.548  0.526  0.504  0.489  0.484  0.488  0.497  0.506  0.511  0.511  0.506  0.497  0.487  0.477  0.469  0.463  0.457  0.452
-150.000 -150.000  0.446  0.440  0.435  0.432  0.433  0.440  0.452  0.466  0.478  0.485  0.487  0.482  0.470  0.460  0.470  0.507  0.556  0.604  0.645  0.677  0.698  0.697  0.665  0.597  0.520  0.464  0.434  0.424  0.430  0.452  0.489  0.537  0.587  0.626  0.642  0.632  0.601  0.554  0.501  0.449  0.406  0.384  0.392  0.433  0.491  0.545  0.579  0.593  0.593  0.586  0.577  0.569  0.563  0.552  0.535  0.513  0.490  0.474  0.467  0.469  0.475  0.483  0.488  0.491  0.489  0.485  0.479  0.473  0.467  0.462  0.457  0.451
-145.000 -145.000  0.444  0.439  0.436  0.437  0.443  0.457  0.474  0.490  0.501  0.504  0.500  0.487  0.469  0.455  0.467  0.505  0.555  0.604  0.647  0.680  0.702  0.705  0.679  0.618  0.546  0.490  0.458  0.447  0.454  0.477  0.515  0.564  0.612  0.648  0.662  0.652  0.621  0.577  0.525  0.474  0.432  0.407  0.407  0.435  0.480  0.524  0.552  0.563  0.561  0.554  0.547  0.543  0.538  0.530  0.514  0.493  0.473  0.459  0.453  0.454  0.460  0.467  0.473  0.477  0.478  0.477  0.474  0.470  0.466  0.461  0.455  0.450
-140.000 -140.000  0.443  0.439  0.438  0.443  0.456  0.476  0.497  0.513  0.519  0.517  0.506  0.486  0.461  0.446  0.460  0.501  0.554  0.604  0.648  0.683  0.707  0.714  0.693  0.639  0.572  0.516  0.484  0.472  0.478  0.502  0.541  0.589  0.636  0.669  0.681  0.670  0.640  0.598  0.549  0.500  0.459  0.432  0.427  0.443  0.476  0.509  0.530  0.537  0.533  0.525  0.518  0.513  0.509  0.501  0.487  0.470  0.454  0.445  0.443  0.446  0.452  0.459  0.466  0.471  0.473  0.474  0.472  0.469  0.465  0.460  0.454  0.449
-135.000 -135.000  0.444  0.441  0.442  0.451  0.470  0.496  0.518  0.530  0.531  0.521  0.503  0.476  0.447  0.434  0.451  0.495  0.550  0.603  0.649  0.687  0.713  0.723  0.707  0.660  0.598  0.543  0.510  0.496  0.502  0.526  0.565  0.611  0.654  0.684  0.694  0.684  0.656  0.617  0.571  0.524  0.485  0.458  0.449  0.457  0.479  0.502  0.516  0.518  0.510  0.500  0.491  0.484  0.478  0.470  0.459  0.447  0.438  0.436  0.438  0.444  0.452  0.459  0.466  0.471  0.474  0.475  0.474  0.471  0.467  0.462  0.456  0.450
-130.000 -130.000  0.449  0.446  0.448  0.460  0.483  0.511  0.531  0.538  0.532  0.515  0.490  0.458  0.429  0.418  0.439  0.486  0.544  0.600  0.649  0.690  0.720  0.734  0.723  0.682  0.623  0.570  0.534  0.519  0.524  0.547  0.584  0.627  0.666  0.692  0.701  0.692  0.667  0.632  0.590  0.547  0.509  0.483  0.472  0.475  0.488  0.503  0.511  0.508  0.496  0.481  0.468  0.458  0.450  0.442  0.434  0.429  0.428  0.432  0.439  0.448  0.457  0.465  0.471  0.476  0.479  0.480  0.479  0.476  0.472  0.466  0.460  0.454
-125.000 -125.000  0.458  0.454  0.456  0.468  0.490  0.515  0.531  0.532  0.520  0.498  0.468  0.435  0.407  0.400  0.425  0.474  0.535  0.595  0.649  0.694  0.728  0.746  0.740  0.703  0.647  0.594  0.556  0.538  0.541  0.562  0.596  0.635  0.669  0.692  0.699  0.692  0.672  0.642  0.605  0.566  0.532  0.506  0.494  0.493  0.502  0.512  0.516  0.508  0.492  0.472  0.454  0.440  0.429  0.422  0.418  0.420  0.426  0.435  0.445  0.456  0.466  0.473  0.479  0.483  0.485  0.486  0.485  0.483  0.479  0.475  0.469  0.463
-120.000 -120.000  0.470  0.466  0.466  0.473  0.488  0.506  0.515  0.510  0.494  0.469  0.438  0.406  0.383  0.381  0.408  0.460  0.523  0.588  0.648  0.699  0.738  0.761  0.756  0.722  0.668  0.614  0.574  0.552  0.551  0.569  0.599  0.633  0.663  0.683  0.691  0.686  0.670  0.646  0.615  0.582  0.551  0.527  0.514  0.511  0.517  0.525  0.528  0.519  0.499  0.475  0.452  0.433  0.420  0.413  0.413  0.419  0.429  0.442  0.454  0.466  0.476  0.483  0.488  0.491  0.492  0.493  0.492  0.491  0.489  0.485  0.481  0.476
-115.000 -115.000  0.485  0.480  0.475  0.474  0.478  0.483  0.483  0.473  0.455  0.431  0.403  0.376  0.359  0.361  0.390  0.442  0.508  0.578  0.645  0.704  0.750  0.775  0.769  0.733  0.680  0.626  0.584  0.559  0.554  0.567  0.593  0.623  0.649  0.667  0.675  0.673  0.663  0.644  0.620  0.593  0.566  0.544  0.531  0.527  0.532  0.540  0.545  0.538  0.518  0.491  0.463  0.440  0.423  0.415  0.417  0.425  0.438  0.452  0.465  0.477  0.486  0.493  0.497  0.499  0.499  0.500  0.500  0.500  0.499  0.498  0.495  0.491
-110.000 -110.000  0.501  0.492  0.483  0.472  0.462  0.452  0.440  0.425  0.408  0.388  0.366  0.347  0.336  0.342  0.371  0.422  0.490  0.565  0.640  0.708  0.759  0.781  0.770  0.731  0.678  0.625  0.583  0.556  0.548  0.557  0.578  0.604  0.627  0.645  0.655  0.656  0.651  0.638  0.621  0.600  0.578  0.559  0.545  0.541  0.545  0.554  0.562  0.561  0.544  0.516  0.484  0.456  0.436  0.426  0.426  0.435  0.449  0.463  0.477  0.488  0.497  0.502  0.505  0.506  0.507  0.507  0.508  0.509  0.511  0.512  0.510  0.507
-105.000 -105.000  0.515  0.504  0.489  0.470  0.448  0.422  0.397  0.376  0.360  0.345  0.331  0.319  0.314  0.323  0.351  0.400  0.467  0.547  0.631  0.705  0.755  0.769  0.748  0.706  0.655  0.608  0.570  0.545  0.536  0.541  0.557  0.579  0.600  0.618  0.630  0.636  0.636  0.629  0.618  0.603  0.586  0.570  0.558  0.552  0.555  0.566  0.578  0.583  0.571  0.543  0.509  0.477  0.453  0.440  0.439  0.448  0.461  0.475  0.488  0.499  0.507  0.512  0.514  0.515  0.515  0.516  0.518  0.521  0.525  0.527  0.526  0.523
-100.000 -100.000  0.530  0.516  0.497  0.472  0.441  0.404  0.366  0.336  0.318  0.308  0.300  0.295  0.295  0.305  0.331  0.375  0.440  0.523  0.611  0.686  0.727  0.728  0.701  0.660  0.618  0.580  0.550  0.530  0.521  0.523  0.535  0.553  0.572  0.591  0.605  0.615  0.619  0.618  0.613  0.604  0.592  0.579  0.568  0.562  0.565  0.576  0.593  0.603  0.594  0.568  0.533  0.498  0.470  0.455  0.453  0.460  0.472  0.486  0.499  0.509  0.517  0.521  0.524  0.524  0.525  0.527  0.530  0.535  0.540  0.544  0.544  0.540
 -95.000  -95.000  0.547  0.530  0.508  0.479  0.444  0.400  0.353  0.313  0.288  0.278  0.275  0.275  0.278  0.288  0.310  0.348  0.408  0.488  0.575  0.642  0.672  0.666  0.641  0.608  0.577  0.550  0.529  0.516  0.509  0.510  0.518  0.531  0.548  0.566  0.582  0.594  0.603  0.607  0.607  0.602  0.595  0.585  0.576  0.570  0.572  0.585  0.605  0.618  0.612  0.586  0.551  0.515  0.486  0.470  0.466  0.473  0.484  0.497  0.509  0.519  0.527  0.531  0.534  0.535  0.537  0.540  0.546  0.553  0.559  0.564  0.564  0.559
 -90.000  -90.000  0.569  0.550  0.525  0.495  0.458  0.412  0.359  0.308  0.273  0.258  0.256  0.258  0.263  0.271  0.287  0.318  0.371  0.445  0.525  0.584  0.607  0.604  0.586  0.564  0.544  0.526  0.513  0.505  0.501  0.502  0.508  0.518  0.531  0.547  0.563  0.577  0.589  0.596  0.600  0.600  0.596  0.589  0.582  0.577  0.579  0.594  0.616  0.630  0.623  0.598  0.564  0.528  0.499  0.483  0.479  0.485  0.497  0.509  0.521  0.530  0.537  0.542  0.545  0.547  0.550  0.556  0.564  0.573  0.582  0.587  0.587  0.581
 -85.000  -85.000  0.596  0.576  0.550  0.519  0.483  0.437  0.382  0.323  0.275  0.249  0.242  0.244  0.247  0.251  0.260  0.284  0.332  0.403  0.478  0.531  0.554  0.555  0.545  0.532  0.520  0.509  0.502  0.497  0.496  0.498  0.503  0.511  0.522  0.536  0.551  0.566  0.578  0.588  0.594  0.597  0.596  0.592  0.587  0.582  0.585  0.601  0.625  0.638  0.631  0.606  0.572  0.537  0.510  0.495  0.493  0.500  0.511  0.523  0.533  0.542  0.549  0.553  0.557  0.560  0.565  0.573  0.583  0.595  0.606  0.614  0.615  0.609
 -80.000  -80.000  0.627  0.607  0.581  0.551  0.515  0.472  0.418  0.355  0.294  0.253  0.236  0.232  0.230  0.227  0.230  0.252  0.302  0.374  0.445  0.493  0.516  0.521  0.517  0.510  0.503  0.497  0.493  0.492  0.493  0.496  0.501  0.509  0.519  0.531  0.545  0.559  0.572  0.583  0.591  0.595  0.596  0.594  0.590  0.587  0.591  0.608  0.632  0.643  0.634  0.610  0.577  0.545  0.520  0.508  0.508  0.516  0.528  0.539  0.549  0.556  0.562  0.566  0.569  0.573  0.579  0.589  0.603  0.618  0.632  0.642  0.645  0.640
 -75.000  -75.000  0.661  0.641  0.616  0.586  0.552  0.512  0.463  0.400  0.330  0.271  0.235  0.219  0.208  0.198  0.201  0.229  0.287  0.359  0.425  0.469  0.490  0.497  0.497  0.494  0.490  0.488  0.487  0.488  0.490  0.495  0.501  0.509  0.519  0.530  0.543  0.557  0.570  0.581  0.589  0.594  0.596  0.595  0.592  0.590  0.595  0.613  0.637  0.646  0.636  0.611  0.580  0.551  0.530  0.523  0.526  0.536  0.547  0.557  0.565  0.571  0.575  0.578  0.580  0.585  0.592  0.604  0.620  0.639  0.657  0.670  0.676  0.673
 -70.000  -70.000  0.693  0.674  0.648  0.619  0.587  0.551  0.507  0.451  0.379  0.303  0.243  0.205  0.181  0.170  0.180  0.220  0.284  0.355  0.415  0.453  0.473  0.480  0.482  0.481  0.480  0.480  0.481  0.484  0.488  0.493  0.501  0.509  0.519  0.531  0.544  0.558  0.571  0.582  0.590  0.595  0.597  0.597  0.594  0.593  0.598  0.617  0.640  0.647  0.635  0.612  0.583  0.557  0.542  0.540  0.547  0.558  0.568  0.577  0.582  0.586  0.588  0.589  0.590  0.594  0.602  0.615  0.634  0.656  0.678  0.696  0.705  0.704
 -65.000  -65.000  0.720  0.701  0.676  0.647  0.615  0.582  0.545  0.497  0.433  0.348  0.258  0.190  0.155  0.149  0.172  0.222  0.289  0.357  0.410  0.443  0.460  0.467  0.470  0.471  0.472  0.474  0.477  0.480  0.486  0.492  0.500  0.509  0.520  0.532  0.546  0.560  0.573  0.585  0.594  0.599  0.600  0.600  0.597  0.596  0.600  0.619  0.641  0.646  0.635  0.612  0.586  0.565  0.556  0.559  0.569  0.580  0.588  0.594  0.598  0.599  0.598  0.597  0.598  0.601  0.609  0.624  0.644  0.669  0.695  0.716  0.728  0.729
 -60.000  -60.000  0.739  0.720  0.694  0.665  0.635  0.604  0.571  0.533  0.480  0.397  0.280  0.177  0.134  0.139  0.175  0.232  0.299  0.361  0.406  0.434  0.449  0.456  0.460  0.463  0.466  0.469  0.472  0.477  0.483  0.491  0.499  0.509  0.520  0.533  0.547  0.562  0.576  0.589  0.598  0.603  0.605  0.604  0.602  0.599  0.603  0.619  0.640  0.645  0.633  0.612  0.590  0.575  0.572  0.579  0.590  0.599  0.605  0.609  0.609  0.608  0.606  0.603  0.602  0.605  0.613  0.628  0.650  0.677  0.705  0.730  0.745  0.748
 -55.000  -55.000  0.749  0.729  0.703  0.673  0.643  0.613  0.584  0.553  0.512  0.439  0.303  0.169  0.124  0.140  0.185  0.246  0.310  0.365  0.404  0.427  0.440  0.447  0.452  0.456  0.459  0.463  0.468  0.474  0.481  0.489  0.498  0.508  0.520  0.534  0.548  0.564  0.579  0.592  0.602  0.609  0.611  0.610  0.608  0.605  0.606  0.620  0.639  0.644  0.632  0.613  0.595  0.586  0.589  0.597  0.607  0.614  0.617  0.618  0.617  0.614  0.610  0.606  0.604  0.606  0.614  0.629  0.652  0.680  0.710  0.736  0.753  0.757
 -50.000  -50.000  0.749  0.729  0.702  0.671  0.640  0.611  0.584  0.558  0.527  0.465  0.321  0.167  0.123  0.150  0.201  0.262  0.322  0.370  0.402  0.421  0.432  0.439  0.444  0.449  0.453  0.458  0.464  0.470  0.478  0.486  0.496  0.507  0.520  0.533  0.549  0.565  0.581  0.596  0.607  0.614  0.617  0.617  0.615  0.612  0.611  0.621  0.638  0.642  0.631  0.615  0.601  0.598  0.603  0.611  0.619  0.623  0.624  0.623  0.620  0.615  0.610  0.606  0.604  0.605  0.612  0.627  0.649  0.678  0.709  0.736  0.754  0.758
 -45.000  -45.000  0.741  0.720  0.691  0.660  0.628  0.600  0.574  0.551  0.526  0.475  0.334  0.169  0.130  0.165  0.219  0.279  0.333  0.373  0.398  0.414  0.424  0.431  0.437  0.442  0.448  0.453  0.460  0.467  0.475  0.484  0.494  0.505  0.518  0.532  0.548  0.565  0.583  0.598  0.611  0.619  0.624  0.624  0.623  0.619  0.617  0.623  0.636  0.640  0.631  0.617  0.608  0.608  0.613  0.620  0.625  0.627  0.626  0.624  0.619  0.614  0.608  0.603  0.600  0.601  0.608  0.622  0.643  0.672  0.702  0.730  0.747  0.751
 -40.000  -40.000  0.725  0.702  0.672  0.640  0.608  0.580  0.555  0.534  0.513  0.472  0.341  0.175  0.143  0.183  0.239  0.295  0.341  0.374  0.395  0.408  0.417  0.424  0.430  0.436  0.442  0.448  0.455  0.463  0.471  0.481  0.491  0.503  0.516  0.531  0.547  0.565  0.583  0.600  0.614  0.624  0.629  0.631  0.630  0.627  0.625  0.627  0.636  0.639  0.630  0.618  0.612  0.614  0.618  0.623  0.625  0.626  0.624  0.621  0.616  0.610  0.604  0.599  0.595  0.596  0.601  0.614  0.634  0.661  0.691  0.717  0.733  0.736
 -35.000  -35.000  0.702  0.678  0.647  0.614  0.582  0.553  0.529  0.510  0.492  0.459  0.343  0.183  0.160  0.204  0.259  0.309  0.347  0.373  0.390  0.402  0.410  0.417  0.424  0.430  0.437  0.443  0.451  0.459  0.468  0.478  0.488  0.500  0.514  0.528  0.545  0.563  0.582  0.600  0.616  0.627  0.634  0.637  0.637  0.635  0.632  0.632  0.636  0.637  0.628  0.618  0.614  0.615  0.618  0.621  0.622  0.621  0.619  0.615  0.610  0.604  0.598  0.592  0.588  0.588  0.593  0.604  0.622  0.647  0.675  0.699  0.714  0.715
 -30.000  -30.000  0.673  0.648  0.616  0.582  0.550  0.522  0.499  0.481  0.465  0.438  0.340  0.193  0.180  0.226  0.277  0.320  0.350  0.371  0.385  0.395  0.403  0.410  0.417  0.424  0.431  0.438  0.446  0.455  0.464  0.474  0.485  0.497  0.511  0.525  0.542  0.561  0.580  0.600  0.617  0.630  0.638  0.642  0.643  0.642  0.639  0.637  0.636  0.633  0.624  0.614  0.611  0.611  0.613  0.615  0.615  0.614  0.612  0.608  0.603  0.597  0.590  0.585  0.581  0.579  0.583  0.592  0.609  0.631  0.656  0.677  0.690  0.688
 -25.000  -25.000  0.641  0.614  0.581  0.547  0.516  0.488  0.466  0.448  0.434  0.413  0.333  0.205  0.201  0.247  0.292  0.327  0.351  0.367  0.379  0.388  0.396  0.403  0.411  0.418  0.425  0.433  0.442  0.450  0.460  0.470  0.482  0.494  0.507  0.522  0.539  0.557  0.578  0.598  0.616  0.631  0.641  0.646  0.648  0.646  0.641  0.630  0.611  0.597  0.597  0.600  0.602  0.604  0.605  0.606  0.607  0.605  0.603  0.599  0.594  0.589  0.582  0.577  0.572  0.570  0.572  0.580  0.594  0.613  0.635  0.653  0.662  0.658
 -20.000  -20.000  0.606  0.577  0.544  0.511  0.479  0.453  0.431  0.414  0.402  0.385  0.322  0.217  0.223  0.266  0.303  0.330  0.349  0.362  0.372  0.381  0.389  0.396  0.404  0.412  0.420  0.428  0.437  0.446  0.456  0.467  0.478  0.490  0.504  0.518  0.535  0.553  0.574  0.595  0.615  0.631  0.642  0.648  0.647  0.637  0.606  0.541  0.457  0.416  0.451  0.522  0.570  0.588  0.594  0.596  0.597  0.596  0.594  0.591  0.586  0.581  0.574  0.568  0.564  0.561  0.561  0.567  0.578  0.594  0.612  0.626  0.632  0.625
 -15.000  -15.000  0.570  0.540  0.507  0.473  0.443  0.417  0.396  0.380  0.368  0.355  0.308  0.229  0.243  0.280  0.309  0.330  0.345  0.356  0.365  0.373  0.381  0.389  0.397  0.405  0.414  0.423  0.432  0.442  0.452  0.463  0.475  0.487  0.500  0.514  0.530  0.549  0.569  0.591  0.611  0.629  0.639  0.638  0.613  0.551  0.460  0.379  0.324  0.293  0.287  0.329  0.431  0.527  0.570  0.583  0.587  0.588  0.586  0.583  0.578  0.573  0.567  0.561  0.555  0.552  0.551  0.554  0.562  0.575  0.589  0.599  0.601  0.591
 -10.000  -10.000  0.534  0.503  0.470  0.437  0.407  0.381  0.361  0.346  0.335  0.325  0.292  0.240  0.259  0.289  0.312  0.327  0.339  0.349  0.357  0.365  0.374  0.382  0.390  0.399  0.408  0.418  0.428  0.438  0.449  0.460  0.472  0.484  0.497  0.510  0.526  0.544  0.564  0.586  0.607  0.621  0.616  0.575  0.507  0.442  0.392  0.353  0.321  0.293  0.270  0.256  0.270  0.349  0.470  0.546  0.572  0.578  0.578  0.576  0.572  0.566  0.560  0.554  0.548  0.544  0.542  0.543  0.548  0.556  0.566  0.572  0.570  0.557
  -5.000   -5.000  0.499  0.467  0.434  0.402  0.373  0.348  0.329  0.314  0.304  0.295  0.274  0.248  0.270  0.294  0.310  0.323  0.333  0.341  0.349  0.358  0.366  0.375  0.384  0.393  0.403  0.413  0.424  0.435  0.446  0.457  0.469  0.481  0.493  0.507  0.522  0.539  0.559  0.583  0.604  0.604  0.572  0.528  0.486  0.447  0.410  0.375  0.343  0.313  0.285  0.261  0.242  0.239  0.285  0.403  0.513  0.559  0.569  0.569  0.566  0.561  0.555  0.549  0.543  0.537  0.534  0.533  0.535  0.539  0.545  0.546  0.540  0.524
   0.000    0.000  0.467  0.436  0.403  0.372  0.345  0.322  0.304  0.290  0.281  0.274  0.262  0.255  0.276  0.294  0.307  0.317  0.325  0.333  0.341  0.350  0.358  0.367  0.377  0.387  0.398  0.409  0.420  0.431  0.443  0.455  0.466  0.478  0.490  0.502  0.516  0.536  0.568  0.610  0.630  0.616  0.586  0.552  0.515  0.478  0.441  0.404  0.369  0.336  0.306  0.278  0.252  0.231  0.220  0.242  0.336  0.467  0.540  0.560  0.561  0.557  0.551  0.545  0.538  0.532  0.528  0.524  0.523  0.524  0.525  0.523  0.513  0.494
   5.000    5.000  0.472  0.451  0.431  0.413  0.399  0.388  0.380  0.375  0.373  0.370  0.347  0.284  0.280  0.292  0.302  0.310  0.318  0.325  0.333  0.342  0.351  0.360  0.370  0.381  0.392  0.403  0.415  0.426  0.437  0.447  0.457  0.465  0.472  0.481  0.501  0.551  0.629  0.670  0.668  0.647  0.619  0.586  0.551  0.513  0.474  0.435  0.398  0.362  0.328  0.297  0.269  0.243  0.221  0.206  0.212  0.277  0.410  0.514  0.548  0.552  0.549  0.543  0.536  0.529  0.523  0.519  0.516  0.514  0.514  0.511  0.504  0.490
  10.000   10.000  0.765  0.791  0.810  0.824  0.834  0.843  0.850  0.857  0.862  0.864  0.824  0.538  0.307  0.289  0.295  0.303  0.310  0.317  0.325  0.334  0.343  0.352  0.362  0.373  0.382  0.391  0.398  0.402  0.403  0.400  0.393  0.385  0.380  0.394  0.458  0.579  0.673  0.701  0.696  0.677  0.651  0.621  0.586  0.549  0.509  0.469  0.429  0.390  0.353  0.318  0.287  0.259  0.234  0.212  0.195  0.192  0.232  0.348  0.476  0.533  0.544  0.541  0.535  0.529  0.524  0.523  0.529  0.547  0.582  0.630  0.682  0.729
  15.000   15.000  1.080  1.086  1.090  1.092  1.094  1.095  1.096  1.097  1.098  1.098  1.093  1.009  0.565  0.309  0.290  0.295  0.302  0.309  0.316  0.324  0.332  0.338  0.343  0.345  0.343  0.336  0.327  0.316  0.305  0.296  0.289  0.287  0.296  0.335  0.437  0.584  0.687  0.720  0.719  0.704  0.681  0.653  0.621  0.584  0.545  0.503  0.461  0.420  0.380  0.342  0.307  0.276  0.248  0.223  0.202  0.185  0.177  0.199  0.289  0.428  0.514  0.538  0.543  0.552  0.578  0.637  0.735  0.850  0.948  1.012  1.049  1.069
  20.000   20.000  1.116  1.116  1.116  1.117  1.117  1.117  1.117  1.117  1.117  1.117  1.117  1.111  1.015  0.545  0.305  0.288  0.292  0.297  0.301  0.303  0.301  0.297  0.290  0.284  0.278  0.273  0.269  0.267  0.265  0.264  0.264  0.268  0.282  0.326  0.431  0.583  0.694  0.735  0.738  0.727  0.708  0.684  0.654  0.619  0.580  0.538  0.495  0.451  0.408  0.367  0.329  0.295  0.264  0.237  0.213  0.193  0.177  0.167  0.176  0.242  0.387  0.536  0.647  0.767  0.897  1.001  1.062  1.091  1.105  1.111  1.114  1.115
  25.000   25.000  1.118  1.118  1.118  1.118  1.118  1.118  1.118  1.118  1.118  1.118  1.118  1.118  1.110  0.992  0.491  0.290  0.276  0.275  0.273  0.270  0.267  0.265  0.264  0.262  0.262  0.261  0.261  0.261  0.261  0.261  0.262  0.266  0.280  0.324  0.428  0.582  0.700  0.747  0.755  0.747  0.732  0.711  0.684  0.652  0.615  0.574  0.529  0.484  0.438  0.394  0.353  0.316  0.282  0.252  0.226  0.204  0.185  0.169  0.159  0.170  0.284  0.626  0.952  1.063  1.097  1.109  1.114  1.116  1.117  1.118  1.118  1.118
  30.000   30.000  1.118  1.118  1.118  1.118  1.118  1.118  1.118  1.118  1.118  1.118  1.118  1.118  1.117  1.099  0.806  0.323  0.264  0.262  0.261  0.261  0.261  0.260  0.260  0.260  0.260  0.260  0.260  0.260  0.260  0.261  0.262  0.266  0.281  0.324  0.427  0.581  0.704  0.756  0.768  0.764  0.752  0.735  0.711  0.682  0.648  0.608  0.564  0.517  0.470  0.423  0.379  0.338  0.301  0.268  0.240  0.216  0.195  0.178  0.165  0.173  0.323  0.776  1.067  1.111  1.116  1.117  1.118  1.118  1.118  1.118  1.118  1.118
  35.000   35.000  1.118  1.118  1.118  1.118  1.118  1.118  1.118  1.118  1.118  1.118  1.118  1.118  1.118  1.110  0.917  0.357  0.263  0.260  0.260  0.260  0.260  0.260  0.260  0.260  0.260  0.260  0.260  0.260  0.260  0.261  0.262  0.266  0.281  0.325  0.427  0.580  0.706  0.763  0.779  0.778  0.769  0.755  0.735  0.709  0.678  0.640  0.597  0.550  0.501  0.453  0.405  0.361  0.321  0.286  0.255  0.229  0.206  0.188  0.174  0.195  0.414  0.898  1.094  1.116  1.118  1.118  1.118  1.118  1.118  1.118  1.118  1.118
  40.000   40.000  1.118  1.118  1.118  1.118  1.118  1.118  1.118  1.118  1.118  1.118  1.118  1.118  1.118  1.113  0.968  0.389  0.265  0.260  0.260  0.260  0.260  0.260  0.260  0.260  0.260  0.260  0.260  0.260  0.260  0.261  0.262  0.267  0.282  0.327  0.429  0.580  0.707  0.767  0.786  0.788  0.782  0.771  0.755  0.733  0.704  0.670  0.629  0.583  0.533  0.483  0.433  0.386  0.343  0.305  0.271  0.243  0.218  0.198  0.186  0.229  0.531  0.985  1.105  1.117  1.118  1.118  1.118  1.118  1.118  1.118  1.118  1.118
  45.000   45.000  1.118  1.118  1.118  1.118  1.118  1.118  1.118  1.118  1.118  1.118  1.118  1.118  1.118  1.114  1.005  0.428  0.267  0.260  0.260  0.260  0.260  0.260  0.260  0.260  0.260  0.260  0.260  0.260  0.260  0.261  0.263  0.268  0.284  0.330  0.432  0.581  0.706  0.767  0.789  0.794  0.791  0.783  0.770  0.752  0.727  0.696  0.658  0.614  0.565  0.513  0.462  0.412  0.366  0.325  0.289  0.258  0.232  0.210  0.200  0.277  0.662  1.042  1.111  1.117  1.118  1.118  1.118  1.118  1.118  1.118  1.118  1.118
  50.000   50.000  1.118  1.118  1.118  1.118  1.118  1.118  1.118  1.118  1.118  1.118  1.118  1.118  1.118  1.115  1.035  0.475  0.269  0.260  0.260  0.260  0.260  0.260  0.260  0.260  0.260  0.260  0.260  0.260  0.260  0.261  0.263  0.270  0.288  0.336  0.438  0.582  0.702  0.764  0.788  0.796  0.796  0.792  0.782  0.767  0.746  0.718  0.684  0.642  0.595  0.544  0.491  0.439  0.391  0.347  0.308  0.274  0.246  0.223  0.218  0.345  0.793  1.076  1.115  1.118  1.118  1.118  1.118  1.118  1.118  1.118  1.118  1.118
  55.000   55.000  1.118  1.118  1.118  1.118  1.118  1.118  1.118  1.118  1.118  1.118  1.118  1.118  1.118  1.116  1.057  0.528  0.273  0.260  0.260  0.260  0.260  0.260  0.260  0.260  0.260  0.260  0.260  0.260  0.261  0.262  0.265  0.272  0.293  0.345  0.448  0.584  0.696  0.756  0.783  0.794  0.797  0.795  0.789  0.777  0.760  0.737  0.706  0.668  0.623  0.573  0.520  0.467  0.416  0.369  0.328  0.292  0.261  0.237  0.242  0.434  0.905  1.095  1.116  1.118  1.118  1.118  1.118  1.118  1.118  1.118  1.118  1.118
  60.000   60.000  1.118  1.118  1.118  1.118  1.118  1.118  1.118  1.118  1.118  1.118  1.118  1.118  1.118  1.117  1.074  0.589  0.278  0.261  0.260  0.260  0.260  0.260  0.260  0.260  0.260  0.260  0.260  0.261  0.261  0.263  0.267  0.277  0.303  0.360  0.461  0.587  0.686  0.743  0.771  0.786  0.793  0.795  0.791  0.783  0.770  0.750  0.723  0.689  0.648  0.601  0.549  0.495  0.443  0.394  0.349  0.311  0.278  0.254  0.274  0.545  0.988  1.106  1.117  1.118  1.118  1.118  1.118  1.118  1.118  1.118  1.118  1.118
  65.000   65.000  1.118  1.118  1.118  1.118  1.118  1.118  1.118  1.118  1.118  1.118  1.118  1.118  1.118  1.117  1.086  0.654  0.286  0.261  0.260  0.260  0.260  0.260  0.260  0.260  0.260  0.260  0.260  0.261  0.262  0.265  0.271  0.285  0.317  0.380  0.480  0.590  0.674  0.725  0.754  0.772  0.783  0.788  0.788  0.784  0.774  0.758  0.736  0.706  0.670  0.626  0.576  0.523  0.470  0.419  0.373  0.332  0.296  0.272  0.319  0.669  1.043  1.112  1.117  1.118  1.118  1.118  1.118  1.118  1.118  1.118  1.118  1.118
  70.000   70.000  1.118  1.118  1.118  1.118  1.118  1.118  1.118  1.118  1.118  1.118  1.118  1.118  1.118  1.117  1.095  0.721  0.296  0.261  0.260  0.260  0.260  0.260  0.260  0.260  0.260  0.260  0.261  0.262  0.264  0.268  0.277  0.298  0.339  0.410  0.505  0.596  0.662  0.704  0.733  0.753  0.767  0.776  0.780  0.779  0.772  0.760  0.742  0.718  0.686  0.647  0.601  0.551  0.498  0.446  0.398  0.354  0.317  0.294  0.379  0.793  1.076  1.115  1.118  1.118  1.118  1.118  1.118  1.118  1.118  1.118  1.118  1.118
  75.000   75.000  1.118  1.118  1.118  1.118  1.118  1.118  1.118  1.118  1.118  1.118  1.118  1.118  1.118  1.118  1.102  0.788  0.309  0.262  0.260  0.260  0.260  0.260  0.260  0.260  0.260  0.261  0.261  0.263  0.266  0.273  0.289  0.319  0.372  0.449  0.533  0.604  0.651  0.684  0.708  0.729  0.746  0.758  0.765  0.767  0.764  0.756  0.743  0.723  0.696  0.663  0.622  0.576  0.526  0.475  0.425  0.379  0.340  0.321  0.457  0.900  1.095  1.116  1.118  1.118  1.118  1.118  1.118  1.118  1.118  1.118  1.118  1.118
  80.000   80.000  1.118  1.118  1.118  1.118  1.118  1.118  1.118  1.118  1.118  1.118  1.118  1.118  1.118  1.118  1.107  0.851  0.327  0.262  0.260  0.260  0.260  0.260  0.260  0.260  0.260  0.261  0.262  0.265  0.271  0.283  0.307  0.350  0.415  0.494  0.564  0.613  0.644  0.666  0.685  0.704  0.721  0.735  0.745  0.751  0.751  0.746  0.736  0.721  0.700  0.673  0.639  0.598  0.552  0.504  0.454  0.407  0.366  0.354  0.553  0.981  1.105  1.117  1.118  1.118  1.118  1.118  1.118  1.118  1.118  1.118  1.118  1.118
  85.000   85.000  1.118  1.118  1.118  1.118  1.118  1.118  1.118  1.118  1.118  1.118  1.118  1.118  1.118  1.118  1.110  0.907  0.350  0.263  0.260  0.260  0.260  0.260  0.260  0.260  0.261  0.262  0.264  0.269  0.279  0.299  0.336  0.394  0.468  0.541  0.594  0.625  0.642  0.654  0.666  0.680  0.695  0.710  0.721  0.729  0.732  0.730  0.723  0.712  0.697  0.676  0.649  0.615  0.576  0.532  0.485  0.438  0.397  0.397  0.661  1.036  1.111  1.117  1.118  1.118  1.118  1.118  1.118  1.118  1.118  1.118  1.118  1.118
  90.000   90.000  1.118  1.118  1.118  1.118  1.118  1.118  1.118  1.118  1.118  1.118  1.118  1.118  1.118  1.118  1.112  0.955  0.379  0.264  0.260  0.260  0.260  0.260  0.260  0.261  0.262  0.263  0.267  0.276  0.293  0.324  0.376  0.448  0.523  0.584  0.620  0.637  0.644  0.648  0.653  0.661  0.673  0.685  0.696  0.705  0.709  0.709  0.706  0.698  0.687  0.671  0.651  0.626  0.595  0.558  0.516  0.472  0.432  0.449  0.769  1.070  1.114  1.118  1.118  1.118  1.118  1.118  1.118  1.118  1.118  1.118  1.118  1.118
  95.000   95.000  1.118  1.118  1.118  1.118  1.118  1.118  1.118  1.118  1.118  1.118  1.118  1.118  1.118  1.118  1.114  0.995  0.416  0.266  0.260  0.260  0.260  0.260  0.261  0.261  0.263  0.266  0.273  0.287  0.315  0.362  0.429  0.507  0.575  0.619  0.641  0.648  0.649  0.648  0.647  0.650  0.655  0.664  0.673  0.680  0.685  0.687  0.685  0.681  0.673  0.662  0.648  0.630  0.607  0.578  0.545  0.507  0.471  0.509  0.864  1.089  1.116  1.118  1.118  1.118  1.118  1.118  1.118  1.118  1.118  1.118  1.118  1.118
 100.000  100.000  1.118  1.118  1.118  1.118  1.118  1.118  1.118  1.118  1.118  1.118  1.118  1.118  1.118  1.118  1.115  1.026  0.460  0.268  0.260  0.260  0.260  0.261  0.261  0.262  0.265  0.271  0.283  0.307  0.349  0.412  0.490  0.564  0.616  0.645  0.657  0.659  0.656  0.651  0.647  0.645  0.645  0.648  0.653  0.659  0.663  0.665  0.665  0.662  0.657  0.650  0.640  0.628  0.612  0.592  0.568  0.538  0.509  0.572  0.937  1.101  1.117  1.118  1.118  1.118  1.118  1.118  1.118  1.118  1.118  1.118  1.118  1.118
 105.000  105.000  1.118  1.118  1.118  1.118  1.118  1.118  1.118  1.118  1.118  1.118  1.118  1.118  1.118  1.118  1.116  1.051  0.511  0.272  0.260  0.260  0.260  0.261  0.262  0.264  0.269  0.279  0.300  0.337  0.395  0.472  0.550  0.611  0.647  0.664  0.669  0.668  0.664  0.657  0.651  0.645  0.641  0.639  0.640  0.642  0.645  0.647  0.647  0.645  0.642  0.637  0.631  0.623  0.613  0.600  0.583  0.562  0.544  0.628  0.985  1.107  1.117  1.118  1.118  1.118  1.118  1.118  1.118  1.118  1.118  1.118  1.118  1.118
 110.000  110.000  1.118  1.118  1.118  1.118  1.118  1.118  1.118  1.118  1.118  1.118  1.118  1.118  1.118  1.118  1.116  1.069  0.570  0.277  0.261  0.260  0.261  0.262  0.264  0.268  0.276  0.294  0.326  0.380  0.453  0.534  0.601  0.645  0.668  0.677  0.679  0.676  0.671  0.664  0.657  0.649  0.642  0.636  0.633  0.631  0.631  0.632  0.632  0.631  0.629  0.626  0.622  0.617  0.611  0.603  0.592  0.579  0.569  0.670  1.009  1.106  1.115  1.116  1.117  1.117  1.117  1.118  1.118  1.118  1.118  1.118  1.118  1.118
 115.000  115.000  1.116  1.116  1.117  1.117  1.117  1.116  1.116  1.116  1.116  1.116  1.115  1.115  1.115  1.114  1.112  1.078  0.633  0.283  0.261  0.261  0.261  0.263  0.266  0.274  0.288  0.317  0.365  0.435  0.516  0.589  0.640  0.669  0.682  0.687  0.686  0.683  0.678  0.671  0.664  0.656  0.647  0.638  0.631  0.626  0.623  0.621  0.620  0.620  0.618  0.617  0.614  0.611  0.607  0.603  0.596  0.587  0.579  0.664  0.943  1.059  1.090  1.101  1.107  1.110  1.112  1.113  1.114  1.115  1.115  1.116  1.116  1.116
 120.000  120.000  1.101  1.101  1.102  1.102  1.102  1.101  1.099  1.098  1.096  1.093  1.089  1.085  1.079  1.072  1.063  1.033  0.685  0.293  0.261  0.261  0.262  0.265  0.271  0.284  0.308  0.352  0.417  0.497  0.575  0.633  0.667  0.684  0.691  0.693  0.692  0.688  0.684  0.678  0.671  0.663  0.653  0.643  0.634  0.625  0.619  0.615  0.613  0.612  0.611  0.610  0.608  0.606  0.604  0.601  0.593  0.572  0.520  0.511  0.641  0.796  0.908  0.976  1.016  1.041  1.058  1.070  1.079  1.086  1.091  1.094  1.097  1.099
 125.000  125.000  0.970  0.974  0.975  0.974  0.969  0.962  0.952  0.939  0.923  0.904  0.882  0.857  0.829  0.798  0.765  0.724  0.600  0.309  0.263  0.262  0.264  0.270  0.280  0.301  0.339  0.399  0.478  0.558  0.622  0.663  0.684  0.694  0.697  0.698  0.696  0.693  0.689  0.684  0.678  0.670  0.661  0.650  0.639  0.628  0.619  0.613  0.609  0.607  0.606  0.605  0.604  0.603  0.600  0.589  0.548  0.452  0.388  0.422  0.498  0.579  0.650  0.705  0.749  0.786  0.820  0.851  0.878  0.902  0.923  0.940  0.953  0.963
 130.000  130.000  0.647  0.640  0.630  0.618  0.604  0.588  0.570  0.552  0.533  0.514  0.495  0.477  0.461  0.446  0.431  0.418  0.403  0.350  0.277  0.267  0.269  0.277  0.295  0.328  0.383  0.458  0.540  0.610  0.656  0.682  0.695  0.700  0.701  0.701  0.699  0.697  0.693  0.689  0.683  0.677  0.668  0.657  0.645  0.633  0.622  0.613  0.608  0.605  0.604  0.605  0.605  0.602  0.583  0.515  0.405  0.347  0.364  0.419  0.486  0.550  0.596  0.621  0.630  0.634  0.637  0.641  0.645  0.649  0.652  0.653  0.653  0.651
 135.000  135.000  0.511  0.493  0.475  0.457  0.440  0.425  0.411  0.400  0.390  0.383  0.377  0.372  0.368  0.366  0.364  0.362  0.364  0.386  0.417  0.357  0.306  0.298  0.320  0.366  0.436  0.518  0.593  0.647  0.678  0.694  0.701  0.704  0.704  0.703  0.702  0.700  0.697  0.693  0.689  0.682  0.675  0.665  0.653  0.640  0.628  0.619  0.616  0.619  0.627  0.638  0.642  0.618  0.543  0.439  0.365  0.346  0.373  0.427  0.492  0.553  0.595  0.613  0.614  0.607  0.599  0.591  0.584  0.576  0.567  0.556  0.542  0.527
 140.000  140.000  0.483  0.466  0.448  0.431  0.415  0.402  0.390  0.381  0.374  0.368  0.364  0.361  0.359  0.358  0.357  0.357  0.366  0.415  0.510  0.550  0.490  0.399  0.354  0.365  0.420  0.500  0.580  0.641  0.676  0.694  0.702  0.705  0.705  0.705  0.704  0.702  0.699  0.696  0.692  0.687  0.680  0.671  0.661  0.652  0.651  0.662  0.686  0.714  0.732  0.730  0.700  0.635  0.540  0.443  0.378  0.361  0.386  0.438  0.501  0.560  0.600  0.616  0.613  0.601  0.587  0.575  0.564  0.554  0.543  0.531  0.517  0.501
 145.000  145.000  0.471  0.455  0.439  0.424  0.410  0.398  0.387  0.379  0.372  0.367  0.363  0.361  0.358  0.357  0.356  0.358  0.379  0.450  0.544  0.584  0.546  0.454  0.372  0.331  0.322  0.335  0.373  0.438  0.521  0.599  0.652  0.681  0.695  0.700  0.700  0.699  0.696  0.691  0.685  0.677  0.668  0.661  0.666  0.691  0.731  0.766  0.785  0.789  0.779  0.753  0.708  0.639  0.549  0.458  0.396  0.378  0.401  0.450  0.511  0.569  0.608  0.623  0.617  0.599  0.580  0.563  0.550  0.538  0.527  0.515  0.502  0.487
 150.000  150.000  0.462  0.447  0.433  0.420  0.407  0.396  0.387  0.379  0.373  0.368  0.364  0.361  0.358  0.357  0.356  0.364  0.400  0.484  0.567  0.601  0.571  0.484  0.393  0.338  0.314  0.307  0.307  0.315  0.335  0.371  0.428  0.501  0.569  0.615  0.633  0.632  0.617  0.594  0.566  0.542  0.537  0.569  0.639  0.713  0.765  0.791  0.799  0.795  0.780  0.753  0.707  0.641  0.557  0.474  0.415  0.396  0.416  0.462  0.521  0.578  0.617  0.631  0.622  0.601  0.576  0.554  0.537  0.524  0.512  0.500  0.488  0.475
 155.000  155.000  0.454  0.441  0.429  0.417  0.406  0.396  0.387  0.380  0.374  0.368  0.364  0.361  0.359  0.357  0.359  0.374  0.425  0.512  0.583  0.614  0.592  0.513  0.416  0.352  0.321  0.309  0.306  0.308  0.315  0.329  0.352  0.384  0.424  0.458  0.468  0.446  0.405  0.363  0.338  0.346  0.398  0.491  0.601  0.695  0.755  0.786  0.796  0.792  0.777  0.749  0.705  0.642  0.565  0.489  0.434  0.415  0.431  0.474  0.531  0.586  0.625  0.639  0.629  0.604  0.575  0.548  0.527  0.511  0.499  0.488  0.477  0.466
 160.000  160.000  0.447  0.437  0.426  0.416  0.406  0.397  0.388  0.381  0.375  0.370  0.365  0.362  0.360  0.360  0.365  0.390  0.452  0.534  0.596  0.625  0.611  0.540  0.442  0.368  0.330  0.315  0.310  0.311  0.318  0.331  0.352  0.382  0.418  0.446  0.450  0.420  0.370  0.322  0.296  0.305  0.359  0.453  0.567  0.669  0.739  0.776  0.790  0.788  0.773  0.746  0.702  0.642  0.571  0.503  0.453  0.434  0.447  0.486  0.539  0.592  0.631  0.646  0.636  0.609  0.576  0.544  0.519  0.501  0.487  0.477  0.467  0.458
 165.000  165.000  0.443  0.434  0.425  0.416  0.406  0.398  0.390  0.383  0.376  0.371  0.367  0.364  0.363  0.365  0.376  0.409  0.476  0.551  0.605  0.634  0.627  0.566  0.469  0.386  0.341  0.321  0.315  0.316  0.322  0.336  0.359  0.391  0.429  0.460  0.468  0.441  0.391  0.338  0.302  0.299  0.339  0.423  0.533  0.641  0.720  0.765  0.782  0.782  0.768  0.741  0.699  0.642  0.578  0.517  0.472  0.453  0.462  0.496  0.545  0.596  0.634  0.649  0.641  0.614  0.578  0.543  0.514  0.493  0.479  0.468  0.460  0.451
 170.000  170.000  0.440  0.433  0.425  0.416  0.408  0.400  0.392  0.385  0.378  0.373  0.369  0.367  0.369  0.374  0.390  0.430  0.497  0.564  0.613  0.642  0.640  0.589  0.496  0.407  0.354  0.329  0.321  0.321  0.328  0.343  0.367  0.401  0.441  0.476  0.487  0.465  0.416  0.360  0.316  0.300  0.325  0.396  0.500  0.611  0.698  0.750  0.773  0.775  0.762  0.735  0.694  0.641  0.583  0.530  0.490  0.471  0.477  0.505  0.549  0.596  0.632  0.649  0.643  0.616  0.580  0.542  0.511  0.488  0.473  0.462  0.454  0.447
 175.000  175.000  0.439  0.433  0.426  0.418  0.410  0.402  0.394  0.387  0.381  0.376  0.373  0.374  0.378  0.387  0.406  0.450  0.513  0.573  0.619  0.648  0.651  0.610  0.523  0.430  0.368  0.339  0.328  0.327  0.334  0.350  0.376  0.412  0.455  0.491  0.506  0.487  0.441  0.384  0.333  0.306  0.317  0.374  0.469  0.579  0.673  0.733  0.761  0.766  0.754  0.728  0.689  0.640  0.589  0.542  0.507  0.489  0.490  0.512  0.549  0.591  0.626  0.644  0.639  0.616  0.580  0.542  0.510  0.485  0.469  0.459  0.451  0.445
