

VARS   PHI PSI -180 -175 -170 -165 -160 -155 -150 -145 -140 -135 -130 -125 -120 -115 -110 -105 -100 -95 -90 -85 -80 -75 -70 -65 -60 -55 -50 -45 -40 -35 -30 -25 -20 -15 -10 -5 0 5 10 15 20 25 30 35 40 45 50 55 60 65 70 75 80 85 90 95 100 105 110 115 120 125 130 135 140 145 150 155 160 165 170 175 
FORMAT %8.3f %8.3f %6.3f %6.3f %6.3f %6.3f %6.3f %6.3f %6.3f %6.3f %6.3f %6.3f %6.3f %6.3f %6.3f %6.3f %6.3f %6.3f %6.3f %6.3f %6.3f %6.3f %6.3f %6.3f %6.3f %6.3f %6.3f %6.3f %6.3f %6.3f %6.3f %6.3f %6.3f %6.3f %6.3f %6.3f %6.3f %6.3f %6.3f %6.3f %6.3f %6.3f %6.3f %6.3f %6.3f %6.3f %6.3f %6.3f %6.3f %6.3f %6.3f %6.3f %6.3f %6.3f %6.3f %6.3f %6.3f %6.3f %6.3f %6.3f %6.3f %6.3f %6.3f %6.3f %6.3f %6.3f %6.3f %6.3f %6.3f %6.3f %6.3f %6.3f %6.3f %6.3f

-180.000 -180.000  0.624  0.612  0.595  0.573  0.550  0.525  0.501  0.477  0.453  0.431  0.412  0.403  0.439  0.514  0.544  0.547  0.543  0.532  0.510  0.474  0.423  0.368  0.331  0.328  0.363  0.435  0.536  0.647  0.746  0.818  0.862  0.886  0.899  0.904  0.907  0.906  0.902  0.895  0.882  0.863  0.838  0.808  0.774  0.734  0.687  0.629  0.567  0.522  0.497  0.480  0.466  0.455  0.447  0.440  0.434  0.428  0.423  0.419  0.417  0.419  0.424  0.434  0.449  0.470  0.495  0.523  0.552  0.580  0.602  0.619  0.629  0.630
-175.000 -175.000  0.582  0.568  0.550  0.528  0.505  0.482  0.460  0.439  0.420  0.402  0.387  0.388  0.443  0.520  0.545  0.548  0.543  0.533  0.512  0.478  0.429  0.375  0.337  0.330  0.356  0.413  0.497  0.595  0.689  0.763  0.812  0.841  0.858  0.867  0.872  0.874  0.874  0.869  0.859  0.842  0.820  0.792  0.758  0.720  0.674  0.620  0.569  0.536  0.517  0.502  0.488  0.476  0.466  0.458  0.450  0.442  0.434  0.428  0.423  0.421  0.422  0.428  0.439  0.455  0.476  0.500  0.525  0.549  0.569  0.583  0.590  0.590
-170.000 -170.000  0.545  0.532  0.516  0.499  0.480  0.461  0.443  0.425  0.408  0.392  0.380  0.388  0.453  0.525  0.546  0.548  0.544  0.534  0.514  0.481  0.434  0.383  0.345  0.334  0.354  0.399  0.468  0.551  0.636  0.707  0.758  0.791  0.811  0.824  0.832  0.837  0.839  0.838  0.830  0.817  0.797  0.771  0.739  0.702  0.658  0.612  0.572  0.550  0.536  0.522  0.508  0.495  0.483  0.473  0.463  0.454  0.444  0.436  0.429  0.424  0.423  0.425  0.432  0.444  0.460  0.479  0.500  0.520  0.536  0.548  0.553  0.552
-165.000 -165.000  0.516  0.507  0.496  0.482  0.468  0.453  0.437  0.421  0.404  0.389  0.378  0.391  0.463  0.529  0.547  0.548  0.544  0.534  0.515  0.484  0.439  0.390  0.353  0.342  0.356  0.392  0.448  0.516  0.588  0.653  0.703  0.738  0.760  0.775  0.786  0.794  0.799  0.801  0.797  0.786  0.769  0.745  0.716  0.681  0.642  0.603  0.576  0.563  0.554  0.542  0.527  0.512  0.498  0.485  0.474  0.463  0.452  0.443  0.435  0.429  0.425  0.425  0.428  0.435  0.447  0.462  0.478  0.495  0.508  0.518  0.522  0.522
-160.000 -160.000  0.498  0.492  0.485  0.475  0.464  0.450  0.436  0.420  0.403  0.387  0.376  0.394  0.472  0.532  0.548  0.548  0.544  0.534  0.516  0.486  0.443  0.397  0.363  0.351  0.362  0.391  0.435  0.490  0.549  0.605  0.651  0.684  0.707  0.724  0.736  0.746  0.754  0.758  0.757  0.750  0.736  0.715  0.689  0.658  0.624  0.595  0.579  0.575  0.572  0.561  0.545  0.527  0.509  0.494  0.481  0.468  0.457  0.448  0.439  0.432  0.427  0.425  0.425  0.430  0.438  0.449  0.462  0.475  0.486  0.495  0.499  0.500
-155.000 -155.000  0.487  0.485  0.480  0.473  0.463  0.451  0.436  0.419  0.402  0.385  0.375  0.399  0.479  0.534  0.548  0.548  0.543  0.533  0.516  0.487  0.446  0.403  0.372  0.361  0.370  0.394  0.429  0.472  0.519  0.564  0.603  0.632  0.654  0.670  0.683  0.695  0.704  0.711  0.713  0.709  0.698  0.681  0.659  0.633  0.607  0.587  0.582  0.587  0.588  0.578  0.561  0.540  0.519  0.500  0.485  0.471  0.460  0.450  0.441  0.434  0.429  0.425  0.424  0.426  0.431  0.439  0.449  0.460  0.470  0.478  0.484  0.487
-150.000 -150.000  0.482  0.482  0.479  0.474  0.465  0.452  0.437  0.419  0.400  0.382  0.373  0.403  0.486  0.536  0.547  0.547  0.542  0.532  0.514  0.486  0.448  0.410  0.382  0.373  0.380  0.399  0.427  0.460  0.496  0.531  0.561  0.585  0.603  0.617  0.629  0.641  0.651  0.660  0.665  0.664  0.657  0.645  0.629  0.609  0.590  0.579  0.584  0.596  0.601  0.593  0.574  0.550  0.525  0.504  0.487  0.472  0.461  0.451  0.442  0.435  0.429  0.425  0.423  0.423  0.426  0.432  0.440  0.449  0.459  0.467  0.474  0.479
-145.000 -145.000  0.479  0.481  0.480  0.475  0.467  0.454  0.437  0.418  0.398  0.379  0.372  0.408  0.492  0.537  0.547  0.546  0.540  0.530  0.512  0.485  0.450  0.415  0.392  0.385  0.391  0.407  0.428  0.454  0.480  0.505  0.527  0.544  0.557  0.568  0.578  0.588  0.598  0.608  0.615  0.617  0.616  0.609  0.599  0.586  0.575  0.572  0.584  0.603  0.613  0.606  0.585  0.557  0.529  0.506  0.487  0.472  0.460  0.450  0.442  0.435  0.429  0.424  0.422  0.421  0.423  0.427  0.434  0.442  0.451  0.460  0.468  0.475
-140.000 -140.000  0.479  0.482  0.482  0.477  0.468  0.455  0.437  0.417  0.396  0.377  0.371  0.413  0.497  0.538  0.545  0.543  0.537  0.526  0.508  0.481  0.450  0.421  0.402  0.397  0.402  0.415  0.432  0.450  0.469  0.486  0.500  0.510  0.518  0.524  0.530  0.538  0.547  0.557  0.566  0.572  0.575  0.575  0.571  0.565  0.561  0.564  0.582  0.607  0.621  0.615  0.592  0.561  0.531  0.505  0.486  0.471  0.459  0.450  0.442  0.435  0.429  0.424  0.421  0.420  0.421  0.424  0.430  0.437  0.446  0.456  0.465  0.473
-135.000 -135.000  0.479  0.483  0.484  0.480  0.470  0.456  0.438  0.416  0.394  0.375  0.372  0.418  0.501  0.537  0.543  0.540  0.533  0.520  0.502  0.477  0.449  0.426  0.412  0.408  0.413  0.424  0.436  0.450  0.462  0.472  0.479  0.483  0.485  0.487  0.489  0.494  0.501  0.511  0.521  0.531  0.539  0.544  0.547  0.547  0.548  0.556  0.578  0.608  0.625  0.620  0.595  0.562  0.530  0.503  0.484  0.470  0.459  0.450  0.442  0.435  0.429  0.425  0.421  0.420  0.420  0.423  0.427  0.435  0.443  0.453  0.463  0.472
-130.000 -130.000  0.481  0.485  0.486  0.482  0.473  0.459  0.439  0.417  0.395  0.376  0.374  0.424  0.504  0.536  0.540  0.535  0.526  0.513  0.494  0.472  0.449  0.431  0.421  0.420  0.424  0.432  0.441  0.450  0.457  0.461  0.463  0.462  0.459  0.457  0.456  0.457  0.463  0.471  0.483  0.495  0.507  0.518  0.525  0.530  0.535  0.546  0.571  0.604  0.624  0.619  0.593  0.558  0.526  0.500  0.482  0.469  0.459  0.450  0.443  0.436  0.431  0.426  0.423  0.421  0.421  0.423  0.427  0.434  0.443  0.453  0.463  0.473
-125.000 -125.000  0.483  0.488  0.490  0.486  0.478  0.463  0.444  0.422  0.399  0.380  0.379  0.431  0.506  0.533  0.534  0.528  0.518  0.504  0.486  0.467  0.449  0.437  0.431  0.431  0.435  0.441  0.447  0.452  0.454  0.454  0.451  0.446  0.440  0.434  0.430  0.429  0.432  0.440  0.451  0.466  0.481  0.495  0.506  0.515  0.523  0.535  0.561  0.595  0.618  0.612  0.585  0.551  0.520  0.497  0.480  0.469  0.460  0.452  0.445  0.439  0.434  0.429  0.426  0.424  0.424  0.425  0.429  0.435  0.443  0.454  0.464  0.474
-120.000 -120.000  0.487  0.494  0.496  0.494  0.486  0.473  0.455  0.433  0.409  0.390  0.388  0.440  0.507  0.527  0.526  0.518  0.507  0.494  0.478  0.463  0.451  0.443  0.441  0.442  0.445  0.449  0.452  0.454  0.453  0.450  0.444  0.436  0.427  0.419  0.413  0.410  0.411  0.417  0.428  0.442  0.459  0.475  0.489  0.500  0.509  0.522  0.547  0.581  0.604  0.599  0.573  0.541  0.513  0.493  0.479  0.469  0.461  0.454  0.448  0.443  0.438  0.434  0.431  0.430  0.429  0.430  0.433  0.439  0.447  0.456  0.467  0.478
-115.000 -115.000  0.495  0.503  0.507  0.507  0.502  0.491  0.474  0.453  0.429  0.408  0.404  0.450  0.505  0.519  0.516  0.507  0.496  0.484  0.472  0.461  0.454  0.451  0.450  0.452  0.454  0.456  0.457  0.456  0.453  0.448  0.441  0.431  0.421  0.411  0.403  0.399  0.398  0.402  0.410  0.424  0.440  0.456  0.471  0.484  0.494  0.507  0.530  0.564  0.586  0.582  0.558  0.530  0.506  0.490  0.478  0.470  0.463  0.458  0.453  0.448  0.444  0.441  0.438  0.436  0.436  0.437  0.440  0.445  0.452  0.462  0.473  0.485
-110.000 -110.000  0.508  0.518  0.525  0.529  0.527  0.519  0.506  0.486  0.463  0.439  0.429  0.462  0.502  0.509  0.503  0.494  0.484  0.475  0.467  0.462  0.459  0.458  0.459  0.460  0.461  0.461  0.460  0.458  0.454  0.448  0.441  0.431  0.421  0.411  0.402  0.396  0.393  0.394  0.400  0.410  0.424  0.439  0.454  0.467  0.477  0.490  0.513  0.545  0.568  0.566  0.546  0.522  0.503  0.488  0.479  0.472  0.467  0.462  0.458  0.454  0.451  0.448  0.446  0.445  0.445  0.446  0.449  0.454  0.461  0.471  0.483  0.496
-105.000 -105.000  0.528  0.541  0.553  0.561  0.564  0.561  0.552  0.536  0.513  0.487  0.466  0.477  0.496  0.496  0.490  0.482  0.475  0.469  0.465  0.463  0.462  0.463  0.464  0.465  0.464  0.463  0.460  0.457  0.453  0.448  0.442  0.435  0.427  0.418  0.409  0.401  0.396  0.394  0.395  0.401  0.411  0.424  0.437  0.449  0.460  0.474  0.498  0.534  0.559  0.560  0.543  0.522  0.504  0.491  0.481  0.475  0.470  0.467  0.464  0.461  0.458  0.457  0.455  0.455  0.456  0.458  0.461  0.466  0.474  0.485  0.498  0.512
-100.000 -100.000  0.555  0.574  0.590  0.604  0.613  0.617  0.614  0.602  0.583  0.555  0.520  0.494  0.488  0.483  0.477  0.471  0.466  0.463  0.462  0.462  0.463  0.464  0.464  0.463  0.461  0.459  0.456  0.453  0.450  0.447  0.443  0.439  0.434  0.428  0.420  0.413  0.405  0.400  0.398  0.399  0.404  0.412  0.423  0.433  0.444  0.461  0.493  0.538  0.570  0.572  0.557  0.535  0.514  0.498  0.487  0.480  0.475  0.472  0.470  0.468  0.466  0.466  0.466  0.467  0.469  0.471  0.476  0.482  0.491  0.502  0.518  0.536
 -95.000  -95.000  0.589  0.614  0.636  0.656  0.671  0.682  0.686  0.682  0.669  0.644  0.594  0.516  0.480  0.471  0.466  0.461  0.459  0.457  0.457  0.458  0.458  0.458  0.457  0.455  0.453  0.451  0.448  0.446  0.444  0.443  0.443  0.442  0.441  0.439  0.435  0.428  0.421  0.413  0.407  0.403  0.403  0.407  0.413  0.421  0.432  0.456  0.505  0.567  0.605  0.607  0.588  0.561  0.534  0.512  0.497  0.487  0.481  0.478  0.476  0.475  0.475  0.476  0.478  0.480  0.484  0.488  0.494  0.501  0.511  0.524  0.543  0.565
 -90.000  -90.000  0.626  0.657  0.686  0.712  0.733  0.750  0.762  0.768  0.765  0.748  0.683  0.543  0.474  0.460  0.455  0.452  0.450  0.449  0.449  0.449  0.449  0.448  0.446  0.444  0.442  0.440  0.438  0.438  0.438  0.438  0.440  0.443  0.445  0.448  0.448  0.445  0.439  0.431  0.423  0.415  0.411  0.409  0.410  0.415  0.429  0.466  0.540  0.621  0.661  0.661  0.636  0.601  0.564  0.533  0.511  0.497  0.489  0.485  0.484  0.484  0.485  0.488  0.491  0.496  0.501  0.507  0.515  0.523  0.534  0.549  0.570  0.596
 -85.000  -85.000  0.661  0.699  0.735  0.767  0.795  0.818  0.837  0.851  0.859  0.852  0.777  0.575  0.471  0.452  0.446  0.442  0.440  0.438  0.438  0.437  0.436  0.434  0.433  0.432  0.430  0.429  0.429  0.430  0.431  0.433  0.437  0.441  0.447  0.453  0.457  0.460  0.458  0.452  0.444  0.435  0.427  0.421  0.418  0.420  0.437  0.493  0.598  0.693  0.733  0.728  0.697  0.652  0.604  0.561  0.530  0.509  0.498  0.493  0.492  0.494  0.497  0.501  0.507  0.513  0.521  0.528  0.537  0.546  0.557  0.573  0.595  0.625
 -80.000  -80.000  0.691  0.736  0.780  0.819  0.854  0.883  0.908  0.928  0.943  0.942  0.854  0.602  0.472  0.447  0.438  0.433  0.429  0.426  0.424  0.423  0.423  0.422  0.421  0.420  0.420  0.420  0.421  0.423  0.425  0.428  0.433  0.439  0.446  0.455  0.464  0.471  0.474  0.473  0.467  0.459  0.451  0.442  0.437  0.437  0.460  0.540  0.673  0.776  0.813  0.805  0.767  0.711  0.650  0.595  0.552  0.524  0.509  0.503  0.502  0.505  0.509  0.516  0.523  0.531  0.540  0.549  0.558  0.567  0.578  0.593  0.616  0.649
 -75.000  -75.000  0.713  0.766  0.820  0.868  0.908  0.943  0.971  0.995  1.013  1.011  0.898  0.614  0.476  0.446  0.434  0.425  0.418  0.414  0.412  0.411  0.411  0.411  0.411  0.411  0.412  0.413  0.415  0.417  0.420  0.424  0.430  0.436  0.445  0.455  0.467  0.478  0.487  0.491  0.491  0.487  0.479  0.471  0.465  0.465  0.495  0.600  0.758  0.865  0.899  0.886  0.842  0.776  0.702  0.632  0.577  0.541  0.521  0.513  0.513  0.516  0.522  0.530  0.539  0.548  0.557  0.566  0.575  0.583  0.593  0.607  0.630  0.665
 -70.000  -70.000  0.727  0.790  0.853  0.910  0.957  0.995  1.026  1.051  1.069  1.058  0.907  0.606  0.479  0.449  0.434  0.421  0.411  0.405  0.403  0.402  0.402  0.403  0.404  0.405  0.406  0.408  0.410  0.413  0.417  0.421  0.427  0.434  0.443  0.455  0.468  0.482  0.495  0.506  0.512  0.513  0.510  0.505  0.500  0.502  0.540  0.669  0.847  0.955  0.987  0.970  0.919  0.843  0.754  0.669  0.601  0.557  0.533  0.523  0.523  0.528  0.535  0.543  0.552  0.562  0.571  0.579  0.587  0.594  0.602  0.615  0.637  0.674
 -65.000  -65.000  0.734  0.805  0.879  0.944  0.997  1.039  1.071  1.095  1.110  1.084  0.887  0.588  0.480  0.453  0.436  0.420  0.407  0.400  0.396  0.395  0.396  0.397  0.398  0.400  0.402  0.404  0.407  0.410  0.414  0.419  0.425  0.433  0.442  0.454  0.468  0.484  0.500  0.516  0.528  0.536  0.539  0.538  0.537  0.543  0.589  0.738  0.935  1.045  1.074  1.053  0.995  0.908  0.805  0.704  0.624  0.571  0.543  0.533  0.532  0.537  0.545  0.553  0.562  0.571  0.580  0.588  0.594  0.600  0.607  0.618  0.639  0.677
 -60.000  -60.000  0.736  0.814  0.896  0.970  1.029  1.073  1.105  1.128  1.138  1.093  0.849  0.567  0.479  0.456  0.439  0.421  0.406  0.397  0.392  0.391  0.392  0.393  0.395  0.397  0.399  0.402  0.405  0.409  0.413  0.418  0.424  0.432  0.441  0.452  0.467  0.484  0.503  0.522  0.540  0.554  0.563  0.569  0.572  0.582  0.635  0.801  1.017  1.132  1.158  1.133  1.067  0.968  0.850  0.734  0.642  0.581  0.551  0.540  0.540  0.545  0.552  0.560  0.569  0.577  0.585  0.591  0.597  0.602  0.608  0.617  0.637  0.675
 -55.000  -55.000  0.733  0.817  0.907  0.987  1.051  1.097  1.130  1.151  1.157  1.087  0.803  0.546  0.477  0.458  0.441  0.423  0.406  0.395  0.389  0.388  0.389  0.391  0.393  0.396  0.398  0.401  0.405  0.408  0.413  0.418  0.424  0.431  0.440  0.452  0.466  0.483  0.503  0.525  0.547  0.566  0.582  0.593  0.602  0.617  0.674  0.852  1.090  1.213  1.238  1.207  1.132  1.019  0.885  0.755  0.652  0.587  0.555  0.544  0.544  0.549  0.556  0.563  0.571  0.579  0.585  0.592  0.597  0.601  0.606  0.615  0.634  0.671
 -50.000  -50.000  0.727  0.814  0.910  0.997  1.065  1.113  1.146  1.167  1.166  1.067  0.752  0.528  0.473  0.456  0.441  0.423  0.406  0.393  0.388  0.386  0.387  0.390  0.392  0.395  0.398  0.401  0.405  0.409  0.413  0.418  0.424  0.432  0.440  0.451  0.465  0.482  0.502  0.525  0.550  0.574  0.595  0.612  0.626  0.645  0.703  0.887  1.151  1.287  1.310  1.271  1.185  1.058  0.907  0.764  0.654  0.586  0.554  0.544  0.544  0.549  0.556  0.563  0.570  0.577  0.583  0.589  0.594  0.599  0.603  0.611  0.629  0.665
 -45.000  -45.000  0.719  0.808  0.908  1.001  1.073  1.123  1.157  1.177  1.169  1.036  0.702  0.510  0.467  0.451  0.437  0.419  0.402  0.391  0.385  0.384  0.386  0.389  0.392  0.395  0.399  0.402  0.406  0.410  0.415  0.420  0.426  0.433  0.441  0.451  0.464  0.480  0.500  0.524  0.551  0.578  0.604  0.626  0.644  0.666  0.722  0.905  1.194  1.350  1.372  1.324  1.224  1.079  0.913  0.760  0.646  0.579  0.549  0.540  0.541  0.545  0.551  0.558  0.565  0.572  0.578  0.584  0.589  0.594  0.599  0.607  0.623  0.658
 -40.000  -40.000  0.709  0.798  0.902  0.999  1.075  1.129  1.163  1.182  1.165  0.994  0.652  0.492  0.456  0.441  0.427  0.410  0.395  0.384  0.380  0.381  0.384  0.388  0.392  0.396  0.400  0.404  0.408  0.412  0.417  0.422  0.428  0.435  0.442  0.452  0.464  0.479  0.498  0.522  0.550  0.580  0.609  0.635  0.657  0.681  0.733  0.906  1.217  1.400  1.422  1.362  1.245  1.081  0.901  0.741  0.628  0.566  0.539  0.532  0.533  0.538  0.544  0.550  0.557  0.564  0.570  0.577  0.583  0.588  0.594  0.602  0.617  0.650
 -35.000  -35.000  0.698  0.785  0.892  0.993  1.074  1.130  1.166  1.184  1.154  0.939  0.602  0.470  0.439  0.424  0.409  0.393  0.380  0.372  0.371  0.375  0.381  0.386  0.392  0.397  0.401  0.406  0.410  0.415  0.420  0.425  0.431  0.437  0.445  0.453  0.464  0.477  0.495  0.518  0.547  0.579  0.611  0.641  0.666  0.692  0.739  0.896  1.218  1.434  1.457  1.382  1.244  1.062  0.870  0.709  0.603  0.547  0.525  0.520  0.522  0.526  0.532  0.539  0.546  0.553  0.560  0.568  0.575  0.581  0.587  0.596  0.611  0.641
 -30.000  -30.000  0.685  0.771  0.878  0.984  1.070  1.129  1.167  1.183  1.136  0.871  0.550  0.443  0.415  0.398  0.381  0.366  0.355  0.352  0.355  0.364  0.373  0.382  0.390  0.396  0.402  0.407  0.413  0.418  0.423  0.429  0.435  0.441  0.448  0.455  0.465  0.477  0.493  0.515  0.543  0.576  0.611  0.644  0.672  0.699  0.742  0.880  1.200  1.449  1.473  1.379  1.217  1.016  0.819  0.666  0.571  0.524  0.507  0.504  0.507  0.512  0.518  0.525  0.532  0.540  0.548  0.556  0.564  0.572  0.579  0.588  0.603  0.631
 -25.000  -25.000  0.671  0.754  0.862  0.972  1.062  1.126  1.166  1.179  1.106  0.788  0.494  0.408  0.381  0.362  0.345  0.331  0.322  0.322  0.331  0.345  0.360  0.374  0.385  0.394  0.402  0.408  0.415  0.421  0.427  0.433  0.439  0.445  0.452  0.459  0.467  0.477  0.491  0.511  0.538  0.572  0.608  0.644  0.676  0.704  0.743  0.860  1.164  1.436  1.453  1.330  1.143  0.932  0.744  0.609  0.532  0.497  0.485  0.485  0.488  0.494  0.500  0.508  0.516  0.524  0.533  0.542  0.551  0.560  0.569  0.579  0.594  0.621
 -20.000  -20.000  0.656  0.735  0.843  0.957  1.053  1.121  1.163  1.172  1.057  0.689  0.434  0.365  0.340  0.321  0.304  0.291  0.284  0.286  0.298  0.317  0.338  0.358  0.375  0.388  0.398  0.407  0.415  0.422  0.430  0.437  0.443  0.450  0.456  0.462  0.469  0.478  0.490  0.508  0.533  0.566  0.605  0.643  0.677  0.707  0.743  0.840  1.107  1.351  1.316  1.148  0.949  0.764  0.621  0.528  0.479  0.460  0.456  0.460  0.465  0.472  0.480  0.488  0.496  0.505  0.515  0.525  0.536  0.546  0.556  0.568  0.583  0.608
 -15.000  -15.000  0.639  0.714  0.821  0.938  1.040  1.114  1.158  1.157  0.981  0.579  0.372  0.319  0.296  0.278  0.263  0.252  0.247  0.250  0.262  0.283  0.309  0.334  0.357  0.375  0.390  0.402  0.412  0.422  0.431  0.439  0.447  0.454  0.461  0.467  0.473  0.480  0.490  0.505  0.528  0.560  0.599  0.640  0.677  0.709  0.742  0.817  0.991  1.051  0.912  0.751  0.619  0.523  0.461  0.427  0.412  0.410  0.415  0.423  0.433  0.443  0.453  0.463  0.473  0.483  0.494  0.506  0.518  0.529  0.541  0.554  0.569  0.594
 -10.000  -10.000  0.620  0.692  0.796  0.916  1.025  1.104  1.151  1.130  0.867  0.468  0.314  0.274  0.255  0.240  0.228  0.219  0.216  0.218  0.229  0.249  0.275  0.304  0.331  0.355  0.375  0.391  0.405  0.417  0.428  0.439  0.448  0.457  0.465  0.471  0.477  0.483  0.490  0.503  0.523  0.554  0.593  0.635  0.675  0.709  0.739  0.771  0.741  0.616  0.517  0.453  0.413  0.389  0.375  0.369  0.367  0.369  0.373  0.381  0.391  0.402  0.415  0.428  0.442  0.455  0.469  0.482  0.496  0.510  0.523  0.537  0.554  0.578
  -5.000   -5.000  0.599  0.667  0.768  0.891  1.006  1.093  1.139  1.081  0.720  0.369  0.264  0.236  0.221  0.210  0.201  0.195  0.192  0.194  0.203  0.219  0.242  0.270  0.300  0.328  0.353  0.373  0.391  0.406  0.420  0.434  0.446  0.457  0.466  0.474  0.480  0.486  0.492  0.502  0.519  0.547  0.586  0.629  0.671  0.706  0.722  0.648  0.480  0.407  0.381  0.368  0.361  0.358  0.355  0.355  0.354  0.355  0.356  0.358  0.362  0.367  0.376  0.387  0.401  0.417  0.434  0.451  0.468  0.485  0.501  0.517  0.535  0.560
   0.000    0.000  0.576  0.639  0.737  0.862  0.984  1.078  1.121  0.993  0.561  0.291  0.224  0.206  0.196  0.188  0.182  0.178  0.176  0.178  0.184  0.196  0.214  0.238  0.267  0.296  0.324  0.348  0.370  0.389  0.406  0.422  0.438  0.452  0.464  0.475  0.482  0.488  0.494  0.502  0.516  0.541  0.578  0.622  0.665  0.697  0.658  0.472  0.378  0.361  0.356  0.354  0.353  0.353  0.352  0.352  0.352  0.352  0.352  0.353  0.353  0.354  0.357  0.360  0.366  0.376  0.390  0.408  0.429  0.450  0.471  0.491  0.512  0.538
   5.000    5.000  0.548  0.608  0.703  0.828  0.957  1.059  1.088  0.858  0.420  0.235  0.196  0.185  0.178  0.173  0.169  0.167  0.166  0.167  0.171  0.179  0.193  0.213  0.237  0.265  0.293  0.319  0.343  0.364  0.385  0.404  0.423  0.441  0.457  0.470  0.481  0.489  0.495  0.502  0.514  0.535  0.569  0.613  0.656  0.663  0.515  0.381  0.356  0.353  0.353  0.352  0.352  0.352  0.352  0.352  0.352  0.352  0.352  0.352  0.352  0.352  0.352  0.353  0.354  0.357  0.361  0.370  0.384  0.403  0.426  0.452  0.479  0.508
  10.000   10.000  0.506  0.568  0.660  0.787  0.925  1.034  1.031  0.686  0.313  0.199  0.178  0.171  0.167  0.164  0.161  0.160  0.159  0.160  0.163  0.169  0.179  0.193  0.213  0.237  0.263  0.289  0.313  0.336  0.358  0.380  0.402  0.422  0.442  0.460  0.474  0.485  0.494  0.501  0.511  0.530  0.561  0.603  0.637  0.563  0.400  0.358  0.353  0.352  0.352  0.352  0.352  0.352  0.352  0.352  0.352  0.352  0.352  0.352  0.352  0.352  0.352  0.352  0.352  0.352  0.353  0.355  0.359  0.367  0.380  0.400  0.428  0.463
  15.000   15.000  0.442  0.503  0.598  0.730  0.880  0.998  0.934  0.514  0.241  0.178  0.166  0.162  0.160  0.158  0.157  0.156  0.156  0.156  0.158  0.162  0.169  0.180  0.195  0.215  0.238  0.261  0.285  0.307  0.330  0.352  0.375  0.398  0.421  0.442  0.461  0.477  0.489  0.498  0.508  0.524  0.552  0.589  0.583  0.433  0.362  0.353  0.352  0.352  0.352  0.352  0.352  0.352  0.352  0.352  0.352  0.352  0.352  0.352  0.352  0.352  0.352  0.352  0.352  0.352  0.352  0.352  0.353  0.354  0.358  0.365  0.379  0.403
  20.000   20.000  0.382  0.420  0.497  0.632  0.805  0.939  0.791  0.374  0.198  0.165  0.159  0.157  0.156  0.155  0.154  0.153  0.153  0.154  0.155  0.158  0.163  0.171  0.183  0.198  0.217  0.238  0.259  0.280  0.302  0.324  0.347  0.370  0.395  0.419  0.442  0.462  0.478  0.491  0.503  0.518  0.543  0.564  0.475  0.370  0.353  0.351  0.351  0.351  0.351  0.351  0.351  0.351  0.351  0.351  0.351  0.351  0.351  0.351  0.351  0.351  0.351  0.351  0.351  0.351  0.351  0.351  0.351  0.352  0.352  0.354  0.357  0.365
  25.000   25.000  0.357  0.368  0.400  0.485  0.655  0.824  0.619  0.276  0.174  0.158  0.155  0.154  0.153  0.153  0.152  0.152  0.152  0.152  0.154  0.155  0.159  0.165  0.174  0.186  0.202  0.219  0.238  0.257  0.277  0.297  0.319  0.342  0.366  0.391  0.417  0.440  0.461  0.479  0.494  0.510  0.530  0.506  0.386  0.352  0.349  0.348  0.348  0.349  0.349  0.349  0.349  0.349  0.349  0.349  0.349  0.349  0.349  0.349  0.350  0.350  0.350  0.350  0.350  0.350  0.350  0.350  0.350  0.350  0.350  0.350  0.351  0.353
  30.000   30.000  0.348  0.350  0.358  0.383  0.466  0.620  0.457  0.216  0.162  0.155  0.153  0.152  0.152  0.152  0.151  0.151  0.151  0.152  0.152  0.154  0.157  0.161  0.168  0.178  0.190  0.205  0.221  0.238  0.255  0.274  0.293  0.315  0.338  0.363  0.389  0.414  0.439  0.461  0.480  0.498  0.505  0.413  0.348  0.341  0.340  0.341  0.341  0.341  0.342  0.342  0.342  0.342  0.343  0.343  0.343  0.343  0.344  0.344  0.344  0.344  0.345  0.345  0.345  0.345  0.345  0.346  0.346  0.346  0.346  0.346  0.347  0.347
  35.000   35.000  0.336  0.337  0.339  0.344  0.364  0.424  0.338  0.183  0.156  0.152  0.152  0.151  0.151  0.151  0.151  0.151  0.151  0.151  0.152  0.153  0.155  0.158  0.164  0.171  0.182  0.194  0.208  0.222  0.237  0.254  0.271  0.290  0.311  0.335  0.360  0.386  0.412  0.438  0.461  0.479  0.442  0.337  0.319  0.319  0.319  0.320  0.321  0.322  0.322  0.323  0.324  0.324  0.325  0.326  0.326  0.327  0.328  0.328  0.329  0.330  0.330  0.331  0.331  0.332  0.332  0.333  0.333  0.334  0.334  0.335  0.335  0.336
  40.000   40.000  0.309  0.310  0.311  0.313  0.317  0.329  0.279  0.168  0.153  0.151  0.151  0.151  0.151  0.151  0.150  0.150  0.151  0.151  0.151  0.152  0.154  0.156  0.161  0.167  0.175  0.186  0.197  0.210  0.223  0.237  0.252  0.269  0.288  0.309  0.332  0.357  0.384  0.411  0.436  0.440  0.327  0.278  0.275  0.276  0.277  0.279  0.280  0.281  0.282  0.284  0.285  0.286  0.287  0.289  0.290  0.291  0.292  0.293  0.294  0.296  0.297  0.298  0.299  0.300  0.301  0.302  0.303  0.304  0.305  0.306  0.307  0.308
  45.000   45.000  0.262  0.264  0.265  0.266  0.268  0.271  0.254  0.164  0.152  0.151  0.151  0.150  0.150  0.150  0.150  0.150  0.150  0.151  0.151  0.152  0.153  0.155  0.159  0.164  0.171  0.180  0.189  0.200  0.211  0.223  0.236  0.251  0.267  0.286  0.307  0.330  0.355  0.382  0.403  0.335  0.234  0.224  0.225  0.226  0.227  0.228  0.229  0.230  0.232  0.233  0.234  0.235  0.236  0.238  0.239  0.240  0.241  0.243  0.244  0.245  0.247  0.248  0.249  0.250  0.252  0.253  0.254  0.256  0.257  0.258  0.260  0.261
  50.000   50.000  0.215  0.216  0.217  0.218  0.219  0.220  0.219  0.173  0.151  0.150  0.150  0.150  0.150  0.150  0.150  0.150  0.150  0.150  0.151  0.151  0.152  0.154  0.157  0.161  0.167  0.175  0.183  0.192  0.202  0.212  0.223  0.236  0.250  0.266  0.284  0.305  0.328  0.352  0.338  0.216  0.192  0.191  0.191  0.192  0.192  0.193  0.194  0.194  0.195  0.196  0.196  0.197  0.198  0.198  0.199  0.200  0.201  0.201  0.202  0.203  0.204  0.205  0.205  0.206  0.207  0.208  0.209  0.210  0.211  0.212  0.213  0.214
  55.000   55.000  0.186  0.187  0.187  0.188  0.189  0.192  0.200  0.206  0.160  0.151  0.150  0.150  0.150  0.150  0.150  0.150  0.150  0.150  0.151  0.151  0.152  0.154  0.156  0.160  0.165  0.171  0.178  0.186  0.195  0.203  0.213  0.223  0.235  0.249  0.265  0.283  0.303  0.314  0.226  0.179  0.176  0.176  0.177  0.177  0.177  0.177  0.178  0.178  0.178  0.178  0.179  0.179  0.179  0.179  0.180  0.180  0.180  0.181  0.181  0.181  0.182  0.182  0.182  0.183  0.183  0.183  0.184  0.184  0.185  0.185  0.185  0.186
  60.000   60.000  0.175  0.175  0.176  0.177  0.182  0.199  0.250  0.357  0.349  0.185  0.153  0.150  0.150  0.150  0.150  0.150  0.150  0.150  0.151  0.151  0.152  0.153  0.155  0.158  0.163  0.168  0.174  0.181  0.188  0.196  0.204  0.213  0.223  0.235  0.249  0.264  0.279  0.243  0.177  0.171  0.171  0.171  0.171  0.171  0.172  0.172  0.172  0.172  0.172  0.172  0.172  0.172  0.172  0.172  0.172  0.173  0.173  0.173  0.173  0.173  0.173  0.173  0.173  0.173  0.174  0.174  0.174  0.174  0.174  0.174  0.174  0.175
  65.000   65.000  0.171  0.172  0.174  0.184  0.216  0.298  0.443  0.585  0.649  0.552  0.268  0.163  0.151  0.150  0.150  0.150  0.150  0.150  0.150  0.151  0.151  0.153  0.154  0.157  0.161  0.166  0.171  0.177  0.184  0.190  0.197  0.205  0.213  0.223  0.235  0.247  0.244  0.182  0.170  0.170  0.170  0.170  0.170  0.170  0.170  0.170  0.170  0.170  0.170  0.170  0.170  0.170  0.170  0.170  0.170  0.170  0.170  0.170  0.170  0.170  0.170  0.170  0.170  0.170  0.170  0.170  0.171  0.171  0.171  0.171  0.171  0.171
  70.000   70.000  0.171  0.177  0.195  0.248  0.365  0.522  0.633  0.678  0.692  0.692  0.657  0.433  0.201  0.155  0.150  0.150  0.150  0.150  0.150  0.151  0.151  0.152  0.154  0.156  0.159  0.164  0.169  0.174  0.179  0.185  0.191  0.198  0.205  0.214  0.223  0.230  0.193  0.170  0.169  0.169  0.169  0.169  0.169  0.169  0.169  0.169  0.169  0.169  0.169  0.169  0.169  0.169  0.169  0.169  0.169  0.169  0.169  0.169  0.169  0.169  0.169  0.169  0.169  0.169  0.169  0.169  0.169  0.169  0.170  0.170  0.170  0.170
  75.000   75.000  0.183  0.215  0.299  0.445  0.587  0.662  0.687  0.694  0.696  0.697  0.696  0.688  0.596  0.309  0.170  0.152  0.150  0.150  0.150  0.151  0.151  0.152  0.153  0.155  0.158  0.162  0.166  0.171  0.176  0.181  0.186  0.192  0.198  0.205  0.213  0.201  0.172  0.169  0.169  0.169  0.169  0.169  0.169  0.169  0.169  0.169  0.169  0.169  0.169  0.169  0.169  0.169  0.169  0.169  0.169  0.169  0.169  0.169  0.169  0.169  0.169  0.169  0.169  0.169  0.169  0.169  0.169  0.169  0.169  0.169  0.170  0.173
  80.000   80.000  0.249  0.367  0.523  0.634  0.678  0.692  0.696  0.697  0.697  0.697  0.697  0.697  0.695  0.671  0.488  0.224  0.157  0.151  0.150  0.151  0.151  0.152  0.153  0.155  0.157  0.161  0.165  0.169  0.173  0.178  0.182  0.187  0.193  0.199  0.200  0.175  0.169  0.169  0.169  0.169  0.169  0.169  0.169  0.169  0.169  0.169  0.169  0.169  0.169  0.169  0.169  0.169  0.169  0.169  0.169  0.169  0.169  0.169  0.169  0.169  0.169  0.169  0.169  0.169  0.169  0.169  0.169  0.169  0.170  0.171  0.176  0.194
  85.000   85.000  0.446  0.589  0.662  0.687  0.694  0.696  0.697  0.697  0.697  0.697  0.697  0.697  0.697  0.697  0.691  0.627  0.357  0.179  0.153  0.151  0.151  0.152  0.153  0.154  0.157  0.160  0.163  0.167  0.171  0.175  0.179  0.183  0.188  0.193  0.181  0.170  0.169  0.169  0.169  0.169  0.169  0.169  0.169  0.169  0.169  0.169  0.169  0.169  0.169  0.169  0.169  0.169  0.169  0.169  0.169  0.169  0.169  0.169  0.169  0.169  0.169  0.169  0.169  0.169  0.169  0.169  0.169  0.170  0.173  0.183  0.215  0.300
  90.000   90.000  0.634  0.679  0.692  0.696  0.697  0.697  0.697  0.697  0.697  0.697  0.697  0.697  0.697  0.697  0.697  0.696  0.680  0.537  0.253  0.161  0.152  0.151  0.152  0.154  0.156  0.159  0.162  0.166  0.171  0.178  0.189  0.212  0.258  0.305  0.209  0.173  0.169  0.169  0.169  0.169  0.169  0.169  0.169  0.169  0.169  0.169  0.169  0.169  0.169  0.169  0.169  0.169  0.169  0.169  0.169  0.169  0.169  0.169  0.169  0.169  0.169  0.169  0.169  0.169  0.169  0.170  0.171  0.176  0.195  0.250  0.369  0.525
  95.000   95.000  0.688  0.694  0.696  0.697  0.697  0.697  0.697  0.697  0.697  0.697  0.697  0.697  0.697  0.697  0.697  0.697  0.697  0.693  0.649  0.407  0.192  0.155  0.153  0.155  0.161  0.176  0.212  0.287  0.416  0.600  0.799  0.954  1.031  0.979  0.591  0.255  0.179  0.170  0.169  0.169  0.169  0.169  0.169  0.169  0.169  0.169  0.169  0.169  0.169  0.169  0.169  0.169  0.169  0.169  0.169  0.169  0.169  0.169  0.169  0.169  0.169  0.169  0.169  0.169  0.170  0.173  0.183  0.216  0.301  0.448  0.590  0.663
 100.000  100.000  0.696  0.697  0.697  0.697  0.697  0.697  0.697  0.697  0.697  0.697  0.697  0.697  0.697  0.697  0.697  0.697  0.697  0.697  0.696  0.685  0.576  0.294  0.239  0.359  0.578  0.826  0.997  1.075  1.103  1.112  1.112  1.109  1.103  1.090  1.036  0.757  0.341  0.193  0.171  0.169  0.169  0.169  0.169  0.169  0.169  0.169  0.169  0.169  0.169  0.169  0.169  0.169  0.169  0.169  0.169  0.169  0.169  0.169  0.169  0.169  0.169  0.169  0.170  0.171  0.176  0.195  0.251  0.370  0.526  0.635  0.679  0.692
 105.000  105.000  0.697  0.697  0.697  0.697  0.697  0.697  0.697  0.697  0.697  0.697  0.697  0.697  0.697  0.697  0.697  0.697  0.697  0.697  0.697  0.696  0.688  0.635  0.753  0.934  1.040  1.089  1.109  1.115  1.116  1.114  1.111  1.107  1.101  1.091  1.076  1.040  0.882  0.478  0.229  0.176  0.170  0.169  0.169  0.169  0.169  0.169  0.169  0.169  0.169  0.169  0.169  0.169  0.169  0.169  0.169  0.169  0.169  0.169  0.169  0.169  0.169  0.170  0.173  0.183  0.217  0.303  0.450  0.591  0.663  0.688  0.694  0.696
 110.000  110.000  0.697  0.697  0.697  0.697  0.697  0.697  0.697  0.697  0.697  0.697  0.697  0.697  0.697  0.697  0.697  0.697  0.697  0.697  0.697  0.695  0.665  0.572  0.717  0.897  1.016  1.076  1.101  1.110  1.112  1.111  1.108  1.103  1.097  1.088  1.075  1.055  1.023  0.937  0.648  0.305  0.189  0.171  0.169  0.169  0.169  0.169  0.169  0.169  0.169  0.169  0.169  0.169  0.169  0.169  0.169  0.169  0.169  0.169  0.169  0.170  0.171  0.176  0.196  0.252  0.372  0.528  0.636  0.679  0.692  0.696  0.696  0.697
 115.000  115.000  0.697  0.697  0.697  0.697  0.697  0.697  0.697  0.697  0.697  0.697  0.697  0.697  0.697  0.697  0.697  0.697  0.697  0.697  0.696  0.686  0.580  0.495  0.651  0.840  0.980  1.057  1.091  1.104  1.107  1.107  1.104  1.099  1.093  1.084  1.071  1.053  1.028  0.993  0.938  0.779  0.439  0.224  0.176  0.170  0.169  0.169  0.169  0.169  0.169  0.169  0.169  0.169  0.169  0.169  0.169  0.169  0.169  0.169  0.170  0.173  0.183  0.218  0.305  0.452  0.592  0.663  0.687  0.694  0.696  0.696  0.697  0.697
 120.000  120.000  0.697  0.697  0.697  0.697  0.697  0.697  0.697  0.697  0.697  0.697  0.697  0.697  0.697  0.697  0.697  0.697  0.697  0.697  0.693  0.647  0.458  0.443  0.587  0.777  0.936  1.032  1.077  1.096  1.101  1.102  1.099  1.095  1.088  1.080  1.068  1.050  1.026  0.995  0.958  0.911  0.828  0.598  0.303  0.191  0.172  0.169  0.169  0.169  0.169  0.169  0.169  0.169  0.169  0.169  0.169  0.169  0.170  0.171  0.177  0.197  0.254  0.375  0.529  0.635  0.678  0.691  0.695  0.696  0.696  0.696  0.697  0.697
 125.000  125.000  0.696  0.697  0.697  0.697  0.697  0.697  0.697  0.697  0.697  0.697  0.697  0.697  0.697  0.697  0.697  0.697  0.697  0.696  0.679  0.548  0.395  0.406  0.528  0.711  0.884  1.000  1.060  1.085  1.094  1.096  1.093  1.089  1.083  1.075  1.063  1.046  1.024  0.994  0.959  0.919  0.876  0.822  0.703  0.434  0.230  0.178  0.170  0.169  0.169  0.169  0.169  0.169  0.169  0.169  0.170  0.171  0.175  0.187  0.224  0.313  0.456  0.590  0.659  0.684  0.691  0.694  0.695  0.695  0.696  0.696  0.696  0.696
 130.000  130.000  0.696  0.696  0.696  0.697  0.697  0.697  0.697  0.697  0.697  0.697  0.697  0.697  0.697  0.697  0.697  0.697  0.696  0.690  0.624  0.459  0.377  0.380  0.476  0.644  0.825  0.961  1.037  1.072  1.085  1.088  1.087  1.083  1.077  1.069  1.058  1.042  1.020  0.992  0.959  0.921  0.880  0.838  0.794  0.729  0.566  0.316  0.198  0.174  0.171  0.170  0.170  0.171  0.172  0.175  0.180  0.193  0.222  0.285  0.394  0.523  0.616  0.661  0.680  0.688  0.691  0.693  0.694  0.695  0.695  0.695  0.696  0.696
 135.000  135.000  0.696  0.696  0.696  0.696  0.696  0.697  0.697  0.697  0.697  0.697  0.697  0.697  0.697  0.697  0.697  0.697  0.694  0.663  0.537  0.432  0.374  0.362  0.432  0.581  0.762  0.914  1.009  1.055  1.073  1.079  1.079  1.075  1.070  1.062  1.051  1.037  1.016  0.990  0.958  0.922  0.882  0.842  0.801  0.759  0.709  0.613  0.421  0.262  0.208  0.195  0.194  0.200  0.214  0.237  0.272  0.320  0.381  0.450  0.521  0.582  0.627  0.655  0.672  0.682  0.687  0.690  0.692  0.693  0.694  0.695  0.695  0.695
 140.000  140.000  0.695  0.695  0.696  0.696  0.696  0.696  0.696  0.696  0.697  0.697  0.697  0.697  0.697  0.697  0.697  0.695  0.680  0.595  0.495  0.431  0.375  0.350  0.396  0.523  0.696  0.860  0.973  1.033  1.059  1.068  1.069  1.067  1.061  1.054  1.044  1.030  1.011  0.987  0.956  0.921  0.883  0.844  0.804  0.763  0.718  0.656  0.547  0.409  0.326  0.294  0.287  0.299  0.322  0.351  0.380  0.406  0.433  0.464  0.502  0.546  0.589  0.626  0.653  0.670  0.680  0.686  0.690  0.692  0.693  0.694  0.694  0.695
 145.000  145.000  0.695  0.695  0.695  0.695  0.696  0.696  0.696  0.696  0.696  0.696  0.696  0.696  0.696  0.696  0.695  0.687  0.633  0.540  0.488  0.436  0.379  0.344  0.369  0.472  0.632  0.800  0.930  1.005  1.040  1.054  1.058  1.056  1.051  1.045  1.035  1.023  1.005  0.982  0.954  0.920  0.884  0.845  0.805  0.765  0.720  0.658  0.557  0.435  0.360  0.330  0.320  0.325  0.342  0.364  0.385  0.404  0.423  0.444  0.471  0.505  0.545  0.586  0.623  0.650  0.668  0.679  0.686  0.689  0.691  0.693  0.694  0.694
 150.000  150.000  0.694  0.694  0.694  0.695  0.695  0.695  0.695  0.695  0.695  0.695  0.695  0.695  0.695  0.694  0.689  0.655  0.571  0.524  0.490  0.442  0.384  0.341  0.349  0.428  0.570  0.737  0.879  0.970  1.017  1.037  1.044  1.043  1.040  1.034  1.025  1.013  0.997  0.976  0.950  0.918  0.883  0.845  0.806  0.766  0.720  0.658  0.559  0.447  0.379  0.350  0.336  0.335  0.345  0.362  0.380  0.397  0.412  0.429  0.449  0.475  0.508  0.547  0.586  0.622  0.649  0.668  0.680  0.686  0.690  0.692  0.693  0.694
 155.000  155.000  0.694  0.694  0.694  0.694  0.694  0.694  0.694  0.693  0.693  0.693  0.692  0.692  0.690  0.686  0.665  0.593  0.545  0.523  0.494  0.448  0.390  0.342  0.335  0.394  0.515  0.673  0.822  0.928  0.987  1.015  1.026  1.028  1.026  1.020  1.013  1.003  0.988  0.969  0.944  0.914  0.881  0.844  0.806  0.765  0.719  0.656  0.560  0.458  0.398  0.370  0.355  0.349  0.353  0.364  0.378  0.392  0.405  0.419  0.434  0.455  0.482  0.514  0.552  0.589  0.624  0.651  0.670  0.682  0.689  0.692  0.693  0.694
 160.000  160.000  0.694  0.693  0.692  0.691  0.691  0.690  0.689  0.688  0.687  0.685  0.683  0.679  0.674  0.658  0.606  0.556  0.540  0.525  0.498  0.454  0.397  0.345  0.327  0.367  0.468  0.611  0.761  0.879  0.951  0.988  1.004  1.009  1.009  1.005  0.998  0.990  0.977  0.960  0.937  0.909  0.877  0.842  0.804  0.764  0.717  0.653  0.562  0.470  0.417  0.392  0.376  0.368  0.366  0.372  0.381  0.392  0.402  0.412  0.424  0.441  0.462  0.490  0.523  0.559  0.595  0.628  0.655  0.674  0.685  0.692  0.694  0.695
 165.000  165.000  0.694  0.691  0.688  0.685  0.682  0.679  0.675  0.671  0.666  0.660  0.652  0.640  0.623  0.590  0.557  0.547  0.540  0.527  0.501  0.459  0.403  0.349  0.324  0.348  0.429  0.555  0.699  0.824  0.908  0.955  0.978  0.986  0.988  0.986  0.981  0.974  0.963  0.948  0.928  0.902  0.871  0.837  0.800  0.760  0.713  0.649  0.562  0.482  0.437  0.414  0.399  0.389  0.384  0.385  0.389  0.395  0.402  0.409  0.418  0.430  0.448  0.471  0.499  0.532  0.568  0.603  0.634  0.659  0.677  0.688  0.694  0.695
 170.000  170.000  0.686  0.681  0.674  0.666  0.658  0.648  0.638  0.626  0.612  0.596  0.577  0.553  0.529  0.527  0.543  0.547  0.541  0.529  0.505  0.465  0.410  0.355  0.324  0.336  0.399  0.506  0.639  0.765  0.859  0.916  0.945  0.959  0.963  0.963  0.961  0.955  0.947  0.934  0.916  0.892  0.863  0.831  0.794  0.754  0.706  0.643  0.564  0.495  0.457  0.436  0.422  0.411  0.405  0.402  0.402  0.403  0.405  0.409  0.414  0.423  0.437  0.455  0.479  0.509  0.542  0.576  0.609  0.637  0.660  0.676  0.685  0.688
 175.000  175.000  0.662  0.654  0.641  0.626  0.609  0.590  0.570  0.548  0.525  0.501  0.476  0.454  0.458  0.511  0.543  0.547  0.542  0.530  0.508  0.469  0.416  0.361  0.326  0.329  0.377  0.466  0.583  0.705  0.804  0.870  0.907  0.926  0.934  0.936  0.936  0.933  0.927  0.916  0.901  0.879  0.852  0.821  0.786  0.745  0.698  0.636  0.565  0.508  0.477  0.458  0.444  0.434  0.426  0.421  0.417  0.415  0.413  0.413  0.414  0.419  0.429  0.443  0.463  0.488  0.517  0.549  0.581  0.610  0.634  0.652  0.662  0.666
