

VARS   PHI PSI -180 -175 -170 -165 -160 -155 -150 -145 -140 -135 -130 -125 -120 -115 -110 -105 -100 -95 -90 -85 -80 -75 -70 -65 -60 -55 -50 -45 -40 -35 -30 -25 -20 -15 -10 -5 0 5 10 15 20 25 30 35 40 45 50 55 60 65 70 75 80 85 90 95 100 105 110 115 120 125 130 135 140 145 150 155 160 165 170 175 
FORMAT %8.3f %8.3f %6.3f %6.3f %6.3f %6.3f %6.3f %6.3f %6.3f %6.3f %6.3f %6.3f %6.3f %6.3f %6.3f %6.3f %6.3f %6.3f %6.3f %6.3f %6.3f %6.3f %6.3f %6.3f %6.3f %6.3f %6.3f %6.3f %6.3f %6.3f %6.3f %6.3f %6.3f %6.3f %6.3f %6.3f %6.3f %6.3f %6.3f %6.3f %6.3f %6.3f %6.3f %6.3f %6.3f %6.3f %6.3f %6.3f %6.3f %6.3f %6.3f %6.3f %6.3f %6.3f %6.3f %6.3f %6.3f %6.3f %6.3f %6.3f %6.3f %6.3f %6.3f %6.3f %6.3f %6.3f %6.3f %6.3f %6.3f %6.3f %6.3f %6.3f %6.3f %6.3f

-180.000 -180.000  0.454  0.450  0.447  0.446  0.446  0.446  0.446  0.445  0.442  0.437  0.437  0.494  0.761  1.176  1.490  1.696  1.836  1.924  1.968  1.970  1.930  1.847  1.731  1.600  1.477  1.378  1.306  1.253  1.208  1.157  1.084  0.979  0.847  0.722  0.647  0.622  0.621  0.621  0.619  0.618  0.626  0.644  0.667  0.687  0.697  0.695  0.685  0.673  0.664  0.663  0.670  0.683  0.697  0.712  0.727  0.744  0.761  0.776  0.784  0.778  0.752  0.706  0.648  0.594  0.554  0.530  0.515  0.504  0.492  0.481  0.471  0.462
-175.000 -175.000  0.477  0.475  0.474  0.474  0.474  0.473  0.471  0.468  0.461  0.452  0.446  0.490  0.711  1.046  1.328  1.546  1.712  1.831  1.906  1.937  1.927  1.873  1.779  1.657  1.529  1.416  1.326  1.255  1.189  1.113  1.009  0.877  0.741  0.642  0.600  0.595  0.600  0.601  0.595  0.586  0.581  0.587  0.601  0.619  0.632  0.636  0.631  0.625  0.624  0.629  0.640  0.654  0.667  0.678  0.686  0.694  0.700  0.704  0.702  0.689  0.664  0.627  0.586  0.551  0.527  0.515  0.509  0.503  0.497  0.491  0.485  0.480
-170.000 -170.000  0.500  0.500  0.501  0.502  0.502  0.500  0.497  0.490  0.480  0.466  0.452  0.477  0.646  0.910  1.158  1.376  1.561  1.707  1.811  1.872  1.891  1.867  1.799  1.694  1.570  1.447  1.339  1.245  1.152  1.043  0.910  0.766  0.648  0.582  0.566  0.573  0.581  0.582  0.575  0.563  0.552  0.547  0.550  0.561  0.573  0.580  0.582  0.583  0.588  0.597  0.610  0.624  0.636  0.644  0.648  0.649  0.648  0.645  0.636  0.621  0.598  0.570  0.542  0.520  0.509  0.505  0.504  0.504  0.503  0.502  0.500  0.500
-165.000 -165.000  0.521  0.524  0.527  0.529  0.529  0.527  0.521  0.512  0.498  0.479  0.456  0.459  0.576  0.779  0.991  1.198  1.390  1.554  1.682  1.770  1.817  1.821  1.781  1.698  1.584  1.457  1.331  1.211  1.086  0.945  0.795  0.662  0.574  0.539  0.540  0.553  0.563  0.564  0.557  0.545  0.532  0.522  0.520  0.524  0.533  0.541  0.547  0.552  0.559  0.569  0.582  0.595  0.605  0.612  0.613  0.612  0.607  0.599  0.588  0.573  0.554  0.533  0.514  0.501  0.497  0.497  0.500  0.504  0.507  0.511  0.514  0.517
-160.000 -160.000  0.539  0.546  0.551  0.554  0.555  0.552  0.545  0.534  0.516  0.492  0.458  0.438  0.507  0.659  0.836  1.023  1.208  1.379  1.523  1.632  1.702  1.731  1.715  1.653  1.552  1.425  1.284  1.138  0.984  0.826  0.682  0.577  0.522  0.510  0.519  0.534  0.544  0.546  0.540  0.529  0.518  0.508  0.503  0.505  0.511  0.519  0.526  0.531  0.538  0.547  0.557  0.569  0.578  0.583  0.584  0.582  0.576  0.567  0.556  0.542  0.526  0.511  0.498  0.490  0.489  0.491  0.496  0.503  0.510  0.517  0.524  0.532
-155.000 -155.000  0.553  0.564  0.572  0.577  0.579  0.577  0.569  0.555  0.535  0.505  0.461  0.417  0.445  0.554  0.698  0.859  1.028  1.193  1.341  1.462  1.548  1.595  1.597  1.551  1.460  1.333  1.182  1.019  0.854  0.704  0.588  0.517  0.489  0.490  0.503  0.518  0.527  0.529  0.524  0.516  0.507  0.499  0.495  0.496  0.501  0.507  0.513  0.518  0.524  0.530  0.538  0.548  0.556  0.561  0.562  0.560  0.555  0.547  0.537  0.525  0.511  0.499  0.490  0.484  0.483  0.486  0.491  0.499  0.508  0.519  0.530  0.542
-150.000 -150.000  0.563  0.577  0.589  0.598  0.601  0.600  0.592  0.577  0.554  0.520  0.466  0.400  0.393  0.467  0.580  0.714  0.860  1.010  1.151  1.273  1.366  1.422  1.433  1.396  1.309  1.182  1.030  0.871  0.722  0.603  0.524  0.483  0.473  0.479  0.492  0.505  0.513  0.515  0.512  0.505  0.498  0.493  0.490  0.491  0.495  0.501  0.506  0.510  0.514  0.518  0.525  0.532  0.540  0.545  0.548  0.547  0.542  0.535  0.526  0.515  0.504  0.493  0.485  0.480  0.479  0.481  0.485  0.493  0.504  0.517  0.532  0.547
-145.000 -145.000  0.568  0.586  0.603  0.615  0.621  0.621  0.613  0.598  0.574  0.536  0.473  0.388  0.353  0.398  0.483  0.590  0.711  0.840  0.966  1.080  1.170  1.227  1.241  1.205  1.122  1.001  0.863  0.728  0.616  0.536  0.489  0.470  0.468  0.476  0.488  0.498  0.504  0.506  0.504  0.499  0.494  0.490  0.488  0.489  0.492  0.496  0.500  0.503  0.506  0.510  0.515  0.522  0.530  0.536  0.539  0.539  0.536  0.529  0.521  0.510  0.500  0.490  0.482  0.478  0.476  0.476  0.480  0.487  0.497  0.511  0.529  0.548
-140.000 -140.000  0.569  0.592  0.612  0.628  0.637  0.638  0.631  0.616  0.592  0.551  0.480  0.380  0.325  0.346  0.407  0.489  0.586  0.692  0.799  0.898  0.979  1.031  1.043  1.009  0.932  0.826  0.715  0.617  0.544  0.498  0.476  0.469  0.471  0.480  0.489  0.497  0.502  0.503  0.501  0.498  0.494  0.491  0.489  0.489  0.491  0.493  0.496  0.498  0.500  0.503  0.508  0.515  0.524  0.531  0.535  0.536  0.533  0.526  0.517  0.507  0.497  0.487  0.480  0.476  0.473  0.473  0.475  0.481  0.491  0.505  0.523  0.545
-135.000 -135.000  0.568  0.594  0.618  0.636  0.646  0.649  0.643  0.629  0.604  0.563  0.487  0.377  0.308  0.312  0.353  0.414  0.489  0.573  0.660  0.743  0.812  0.857  0.865  0.833  0.766  0.683  0.604  0.542  0.501  0.480  0.472  0.472  0.478  0.486  0.495  0.501  0.505  0.506  0.504  0.501  0.498  0.495  0.492  0.491  0.491  0.491  0.492  0.494  0.495  0.498  0.503  0.511  0.520  0.528  0.532  0.533  0.530  0.523  0.514  0.503  0.493  0.485  0.479  0.475  0.472  0.472  0.473  0.478  0.486  0.499  0.518  0.541
-130.000 -130.000  0.566  0.593  0.618  0.637  0.648  0.651  0.645  0.631  0.608  0.567  0.490  0.377  0.301  0.294  0.322  0.366  0.423  0.489  0.559  0.627  0.684  0.720  0.724  0.694  0.641  0.581  0.530  0.495  0.476  0.470  0.471  0.476  0.485  0.494  0.501  0.507  0.511  0.511  0.510  0.507  0.504  0.501  0.498  0.495  0.493  0.491  0.490  0.490  0.491  0.494  0.499  0.507  0.516  0.524  0.529  0.529  0.525  0.518  0.509  0.499  0.490  0.483  0.478  0.475  0.474  0.474  0.476  0.479  0.486  0.498  0.516  0.539
-125.000 -125.000  0.566  0.592  0.614  0.631  0.640  0.641  0.634  0.620  0.598  0.560  0.487  0.378  0.302  0.290  0.310  0.345  0.390  0.444  0.503  0.559  0.606  0.632  0.630  0.601  0.558  0.515  0.484  0.467  0.462  0.463  0.470  0.479  0.489  0.498  0.507  0.513  0.516  0.517  0.516  0.513  0.510  0.507  0.503  0.500  0.497  0.493  0.490  0.488  0.488  0.490  0.495  0.503  0.512  0.519  0.523  0.523  0.519  0.512  0.503  0.495  0.487  0.481  0.479  0.478  0.478  0.479  0.481  0.484  0.491  0.501  0.518  0.540
-120.000 -120.000  0.569  0.591  0.608  0.620  0.624  0.622  0.612  0.597  0.575  0.541  0.478  0.380  0.310  0.298  0.315  0.346  0.388  0.437  0.490  0.540  0.577  0.592  0.580  0.548  0.509  0.478  0.459  0.451  0.452  0.458  0.467  0.478  0.489  0.500  0.508  0.515  0.518  0.520  0.519  0.517  0.515  0.512  0.508  0.505  0.501  0.497  0.492  0.489  0.487  0.488  0.492  0.499  0.507  0.514  0.517  0.517  0.513  0.507  0.500  0.492  0.486  0.482  0.481  0.482  0.484  0.486  0.489  0.493  0.500  0.510  0.526  0.546
-115.000 -115.000  0.576  0.593  0.604  0.609  0.607  0.599  0.586  0.569  0.547  0.516  0.464  0.382  0.321  0.312  0.332  0.365  0.408  0.458  0.511  0.556  0.584  0.585  0.560  0.522  0.485  0.459  0.445  0.442  0.445  0.452  0.462  0.474  0.486  0.497  0.506  0.513  0.517  0.519  0.519  0.518  0.516  0.514  0.511  0.509  0.505  0.502  0.497  0.493  0.490  0.489  0.492  0.497  0.503  0.509  0.512  0.512  0.509  0.505  0.499  0.492  0.487  0.484  0.484  0.486  0.489  0.493  0.497  0.502  0.510  0.522  0.538  0.557
-110.000 -110.000  0.585  0.596  0.602  0.601  0.593  0.581  0.565  0.545  0.522  0.494  0.452  0.386  0.335  0.331  0.355  0.393  0.442  0.497  0.550  0.589  0.604  0.588  0.551  0.507  0.472  0.450  0.439  0.437  0.440  0.447  0.457  0.468  0.480  0.490  0.500  0.507  0.512  0.514  0.516  0.515  0.515  0.513  0.512  0.510  0.509  0.507  0.504  0.501  0.497  0.495  0.495  0.498  0.502  0.506  0.509  0.510  0.508  0.505  0.500  0.495  0.490  0.487  0.486  0.488  0.491  0.496  0.502  0.510  0.520  0.534  0.551  0.569
-105.000 -105.000  0.592  0.600  0.601  0.596  0.585  0.569  0.550  0.528  0.505  0.478  0.444  0.393  0.350  0.352  0.382  0.428  0.483  0.541  0.591  0.619  0.615  0.582  0.537  0.495  0.465  0.446  0.438  0.435  0.437  0.443  0.451  0.461  0.472  0.482  0.491  0.498  0.503  0.507  0.509  0.510  0.510  0.510  0.509  0.510  0.511  0.512  0.512  0.511  0.508  0.504  0.502  0.502  0.504  0.506  0.509  0.510  0.510  0.507  0.503  0.498  0.492  0.488  0.487  0.487  0.491  0.496  0.503  0.513  0.525  0.542  0.560  0.578
-100.000 -100.000  0.595  0.601  0.600  0.592  0.579  0.562  0.541  0.519  0.495  0.470  0.441  0.401  0.366  0.374  0.412  0.465  0.525  0.582  0.621  0.628  0.602  0.558  0.515  0.481  0.458  0.444  0.437  0.435  0.436  0.440  0.446  0.454  0.463  0.472  0.481  0.487  0.493  0.497  0.499  0.501  0.502  0.504  0.505  0.507  0.511  0.516  0.521  0.523  0.521  0.516  0.511  0.509  0.508  0.509  0.511  0.512  0.511  0.509  0.505  0.499  0.493  0.488  0.485  0.484  0.487  0.492  0.500  0.511  0.526  0.545  0.565  0.583
 -95.000  -95.000  0.594  0.598  0.596  0.587  0.573  0.555  0.534  0.512  0.489  0.466  0.441  0.410  0.383  0.396  0.443  0.502  0.563  0.609  0.624  0.605  0.565  0.524  0.491  0.467  0.452  0.442  0.437  0.434  0.434  0.437  0.442  0.449  0.456  0.464  0.471  0.477  0.482  0.486  0.489  0.491  0.494  0.496  0.499  0.503  0.510  0.519  0.529  0.534  0.532  0.526  0.520  0.515  0.513  0.512  0.512  0.512  0.512  0.509  0.505  0.499  0.492  0.486  0.481  0.479  0.480  0.484  0.493  0.506  0.523  0.543  0.564  0.582
 -90.000  -90.000  0.587  0.592  0.589  0.580  0.565  0.548  0.527  0.506  0.485  0.463  0.441  0.417  0.398  0.418  0.473  0.536  0.586  0.608  0.594  0.560  0.523  0.493  0.471  0.456  0.446  0.439  0.435  0.433  0.433  0.435  0.439  0.445  0.451  0.457  0.462  0.467  0.471  0.475  0.478  0.481  0.484  0.487  0.492  0.498  0.508  0.522  0.536  0.543  0.541  0.534  0.526  0.520  0.516  0.513  0.512  0.511  0.509  0.506  0.502  0.496  0.488  0.481  0.476  0.472  0.472  0.476  0.484  0.497  0.515  0.536  0.558  0.576
 -85.000  -85.000  0.577  0.581  0.578  0.569  0.555  0.538  0.519  0.499  0.479  0.460  0.441  0.422  0.409  0.437  0.500  0.556  0.582  0.574  0.546  0.515  0.490  0.471  0.457  0.448  0.441  0.436  0.433  0.431  0.431  0.433  0.437  0.441  0.447  0.451  0.456  0.459  0.462  0.465  0.468  0.472  0.475  0.479  0.485  0.493  0.507  0.525  0.542  0.549  0.546  0.538  0.529  0.522  0.516  0.512  0.510  0.508  0.505  0.501  0.497  0.490  0.483  0.476  0.470  0.466  0.465  0.467  0.474  0.487  0.504  0.525  0.547  0.565
 -80.000  -80.000  0.562  0.568  0.565  0.557  0.543  0.527  0.509  0.490  0.472  0.454  0.438  0.423  0.416  0.449  0.515  0.550  0.548  0.527  0.503  0.482  0.467  0.456  0.447  0.441  0.436  0.432  0.430  0.429  0.429  0.431  0.434  0.439  0.444  0.448  0.451  0.454  0.456  0.458  0.460  0.463  0.467  0.472  0.479  0.490  0.507  0.529  0.547  0.553  0.548  0.539  0.529  0.521  0.514  0.509  0.506  0.502  0.499  0.495  0.490  0.485  0.478  0.471  0.465  0.461  0.458  0.459  0.465  0.475  0.491  0.511  0.532  0.550
 -75.000  -75.000  0.545  0.551  0.550  0.542  0.529  0.514  0.496  0.479  0.462  0.447  0.433  0.421  0.417  0.452  0.508  0.519  0.505  0.487  0.472  0.461  0.452  0.445  0.440  0.435  0.432  0.429  0.427  0.427  0.427  0.429  0.432  0.437  0.441  0.445  0.449  0.450  0.451  0.453  0.454  0.457  0.461  0.466  0.475  0.488  0.508  0.533  0.551  0.554  0.548  0.538  0.527  0.518  0.511  0.505  0.500  0.497  0.493  0.489  0.485  0.480  0.474  0.468  0.462  0.457  0.453  0.452  0.455  0.463  0.477  0.495  0.514  0.532
 -70.000  -70.000  0.525  0.532  0.532  0.525  0.513  0.499  0.483  0.467  0.451  0.438  0.426  0.416  0.414  0.446  0.484  0.482  0.471  0.461  0.453  0.447  0.442  0.438  0.434  0.431  0.428  0.426  0.425  0.425  0.426  0.428  0.431  0.435  0.440  0.444  0.447  0.448  0.449  0.449  0.450  0.452  0.457  0.463  0.473  0.488  0.512  0.538  0.555  0.555  0.546  0.535  0.524  0.514  0.506  0.500  0.495  0.491  0.488  0.485  0.481  0.477  0.472  0.466  0.460  0.455  0.450  0.447  0.448  0.453  0.463  0.478  0.495  0.512
 -65.000  -65.000  0.504  0.511  0.512  0.507  0.496  0.482  0.467  0.452  0.439  0.427  0.417  0.409  0.408  0.434  0.456  0.454  0.449  0.444  0.440  0.437  0.434  0.431  0.429  0.427  0.425  0.424  0.423  0.423  0.424  0.426  0.430  0.434  0.438  0.443  0.446  0.448  0.448  0.447  0.448  0.450  0.454  0.462  0.474  0.492  0.518  0.545  0.558  0.555  0.544  0.532  0.519  0.509  0.501  0.495  0.490  0.488  0.485  0.483  0.480  0.476  0.472  0.467  0.461  0.454  0.448  0.444  0.442  0.444  0.451  0.462  0.476  0.492
 -60.000  -60.000  0.483  0.490  0.491  0.487  0.477  0.464  0.450  0.436  0.424  0.414  0.405  0.399  0.400  0.423  0.437  0.437  0.435  0.434  0.432  0.430  0.429  0.427  0.425  0.424  0.423  0.422  0.422  0.423  0.424  0.426  0.429  0.433  0.438  0.442  0.445  0.447  0.448  0.447  0.447  0.449  0.453  0.462  0.476  0.497  0.526  0.552  0.561  0.555  0.542  0.528  0.514  0.504  0.496  0.490  0.488  0.486  0.485  0.483  0.481  0.478  0.474  0.468  0.462  0.455  0.449  0.443  0.439  0.438  0.442  0.449  0.460  0.472
 -55.000  -55.000  0.464  0.470  0.471  0.466  0.457  0.445  0.432  0.419  0.408  0.399  0.392  0.388  0.392  0.417  0.429  0.430  0.430  0.429  0.428  0.427  0.425  0.424  0.423  0.423  0.422  0.422  0.422  0.423  0.424  0.426  0.429  0.433  0.437  0.442  0.445  0.448  0.448  0.447  0.447  0.449  0.454  0.464  0.480  0.504  0.535  0.560  0.565  0.554  0.539  0.523  0.509  0.498  0.491  0.488  0.487  0.487  0.486  0.485  0.483  0.480  0.476  0.471  0.465  0.458  0.450  0.444  0.438  0.436  0.436  0.440  0.447  0.456
 -50.000  -50.000  0.449  0.452  0.452  0.447  0.437  0.425  0.412  0.400  0.390  0.382  0.376  0.375  0.388  0.425  0.435  0.435  0.433  0.432  0.430  0.428  0.426  0.425  0.424  0.423  0.423  0.423  0.423  0.424  0.426  0.428  0.430  0.434  0.438  0.442  0.446  0.448  0.449  0.448  0.448  0.449  0.455  0.466  0.485  0.512  0.545  0.568  0.568  0.554  0.536  0.519  0.504  0.494  0.488  0.487  0.487  0.488  0.489  0.488  0.487  0.484  0.480  0.474  0.468  0.461  0.453  0.446  0.440  0.436  0.434  0.435  0.439  0.444
 -45.000  -45.000  0.439  0.439  0.436  0.429  0.419  0.406  0.392  0.380  0.370  0.363  0.359  0.362  0.400  0.458  0.464  0.460  0.454  0.449  0.444  0.439  0.435  0.432  0.430  0.428  0.427  0.427  0.427  0.428  0.429  0.430  0.433  0.436  0.439  0.443  0.446  0.449  0.450  0.449  0.449  0.450  0.455  0.468  0.489  0.519  0.554  0.576  0.572  0.553  0.533  0.514  0.499  0.490  0.486  0.486  0.488  0.490  0.491  0.491  0.489  0.487  0.483  0.478  0.471  0.464  0.457  0.450  0.444  0.439  0.436  0.435  0.436  0.437
 -40.000  -40.000  0.435  0.432  0.425  0.416  0.403  0.388  0.373  0.360  0.350  0.343  0.340  0.356  0.453  0.534  0.532  0.519  0.505  0.492  0.480  0.469  0.460  0.452  0.446  0.441  0.438  0.436  0.434  0.434  0.434  0.435  0.436  0.439  0.441  0.445  0.448  0.450  0.451  0.451  0.450  0.451  0.456  0.469  0.491  0.525  0.563  0.584  0.575  0.552  0.529  0.510  0.495  0.486  0.484  0.486  0.489  0.491  0.493  0.493  0.492  0.489  0.486  0.481  0.475  0.468  0.461  0.454  0.448  0.444  0.440  0.438  0.437  0.436
 -35.000  -35.000  0.436  0.430  0.421  0.408  0.392  0.374  0.356  0.341  0.329  0.322  0.323  0.375  0.578  0.668  0.654  0.629  0.603  0.577  0.553  0.532  0.512  0.495  0.481  0.470  0.461  0.454  0.449  0.446  0.444  0.443  0.443  0.444  0.445  0.447  0.450  0.452  0.452  0.452  0.451  0.452  0.457  0.469  0.493  0.529  0.569  0.590  0.577  0.551  0.525  0.504  0.490  0.483  0.482  0.484  0.488  0.491  0.493  0.494  0.493  0.492  0.489  0.484  0.479  0.472  0.466  0.460  0.454  0.450  0.446  0.444  0.442  0.440
 -30.000  -30.000  0.443  0.435  0.422  0.406  0.386  0.364  0.343  0.325  0.311  0.303  0.316  0.462  0.782  0.855  0.829  0.792  0.754  0.715  0.677  0.641  0.607  0.576  0.549  0.525  0.506  0.490  0.478  0.468  0.461  0.456  0.453  0.452  0.451  0.452  0.453  0.454  0.454  0.454  0.453  0.453  0.458  0.470  0.494  0.531  0.574  0.595  0.579  0.549  0.521  0.499  0.485  0.478  0.478  0.481  0.485  0.489  0.492  0.494  0.495  0.495  0.492  0.489  0.483  0.477  0.471  0.465  0.460  0.457  0.454  0.452  0.450  0.448
 -25.000  -25.000  0.453  0.444  0.430  0.411  0.387  0.361  0.335  0.313  0.296  0.290  0.343  0.653  1.009  1.056  1.028  0.988  0.944  0.897  0.848  0.799  0.751  0.704  0.661  0.621  0.586  0.556  0.530  0.510  0.494  0.481  0.472  0.465  0.461  0.458  0.457  0.457  0.457  0.456  0.455  0.456  0.460  0.473  0.499  0.539  0.584  0.603  0.586  0.554  0.523  0.498  0.482  0.474  0.473  0.476  0.481  0.487  0.492  0.496  0.498  0.499  0.498  0.494  0.490  0.484  0.478  0.472  0.467  0.464  0.462  0.461  0.460  0.458
 -20.000  -20.000  0.466  0.457  0.443  0.422  0.395  0.365  0.335  0.310  0.299  0.327  0.476  0.836  1.117  1.196  1.196  1.170  1.133  1.089  1.040  0.987  0.932  0.875  0.818  0.763  0.711  0.663  0.620  0.583  0.551  0.526  0.505  0.490  0.478  0.470  0.465  0.462  0.461  0.460  0.461  0.465  0.477  0.502  0.541  0.585  0.615  0.623  0.614  0.595  0.567  0.533  0.501  0.480  0.472  0.472  0.478  0.485  0.493  0.499  0.503  0.506  0.505  0.502  0.498  0.492  0.485  0.479  0.475  0.472  0.471  0.471  0.471  0.470
 -15.000  -15.000  0.480  0.473  0.459  0.438  0.410  0.379  0.355  0.364  0.434  0.545  0.638  0.748  0.940  1.140  1.251  1.283  1.275  1.247  1.210  1.165  1.115  1.060  1.000  0.938  0.875  0.813  0.752  0.696  0.645  0.601  0.563  0.533  0.509  0.491  0.479  0.472  0.470  0.473  0.487  0.514  0.555  0.597  0.623  0.630  0.628  0.625  0.625  0.624  0.620  0.607  0.578  0.535  0.497  0.479  0.479  0.486  0.496  0.505  0.511  0.515  0.515  0.513  0.508  0.502  0.495  0.488  0.483  0.480  0.479  0.480  0.482  0.483
 -10.000  -10.000  0.495  0.490  0.478  0.459  0.437  0.434  0.494  0.606  0.673  0.676  0.652  0.638  0.689  0.851  1.072  1.241  1.319  1.338  1.327  1.300  1.264  1.221  1.171  1.115  1.054  0.988  0.919  0.849  0.781  0.717  0.658  0.606  0.563  0.530  0.506  0.495  0.501  0.530  0.577  0.622  0.645  0.647  0.638  0.625  0.617  0.615  0.618  0.623  0.628  0.629  0.626  0.610  0.575  0.527  0.498  0.495  0.503  0.513  0.521  0.526  0.528  0.526  0.521  0.514  0.507  0.499  0.493  0.489  0.488  0.489  0.492  0.495
  -5.000   -5.000  0.509  0.508  0.501  0.498  0.534  0.640  0.723  0.739  0.721  0.688  0.647  0.606  0.583  0.615  0.747  0.963  1.174  1.307  1.363  1.374  1.361  1.336  1.302  1.260  1.211  1.155  1.091  1.021  0.946  0.869  0.792  0.719  0.652  0.597  0.561  0.557  0.591  0.635  0.660  0.664  0.655  0.639  0.622  0.609  0.603  0.604  0.609  0.615  0.622  0.627  0.630  0.628  0.620  0.597  0.558  0.525  0.518  0.526  0.535  0.541  0.543  0.541  0.536  0.529  0.520  0.512  0.504  0.498  0.496  0.498  0.502  0.507
   0.000    0.000  0.524  0.530  0.550  0.630  0.737  0.775  0.770  0.749  0.721  0.686  0.645  0.600  0.557  0.532  0.551  0.650  0.838  1.065  1.249  1.352  1.393  1.398  1.384  1.360  1.327  1.287  1.238  1.180  1.113  1.037  0.954  0.866  0.778  0.698  0.651  0.651  0.667  0.672  0.666  0.653  0.636  0.618  0.602  0.591  0.588  0.591  0.598  0.606  0.613  0.619  0.623  0.625  0.623  0.616  0.601  0.574  0.549  0.543  0.550  0.556  0.560  0.558  0.554  0.546  0.537  0.526  0.517  0.510  0.507  0.507  0.512  0.518
   5.000    5.000  0.550  0.588  0.692  0.780  0.797  0.787  0.769  0.746  0.717  0.683  0.644  0.599  0.553  0.513  0.490  0.502  0.572  0.719  0.931  1.147  1.303  1.384  1.412  1.413  1.399  1.375  1.343  1.302  1.252  1.190  1.114  1.019  0.900  0.771  0.697  0.677  0.670  0.661  0.648  0.631  0.613  0.596  0.582  0.575  0.575  0.579  0.587  0.596  0.604  0.610  0.615  0.616  0.615  0.611  0.603  0.590  0.574  0.561  0.563  0.571  0.577  0.577  0.573  0.566  0.557  0.546  0.537  0.530  0.526  0.527  0.532  0.539
  10.000   10.000  0.623  0.681  0.768  0.800  0.797  0.783  0.763  0.740  0.713  0.680  0.641  0.598  0.553  0.510  0.477  0.459  0.467  0.515  0.621  0.796  1.014  1.213  1.343  1.405  1.426  1.423  1.408  1.383  1.349  1.301  1.226  1.091  0.885  0.728  0.675  0.660  0.650  0.639  0.625  0.608  0.592  0.577  0.566  0.562  0.563  0.568  0.576  0.585  0.593  0.600  0.605  0.606  0.605  0.601  0.594  0.583  0.570  0.557  0.554  0.571  0.590  0.600  0.602  0.602  0.601  0.602  0.606  0.613  0.623  0.631  0.633  0.625
  15.000   15.000  0.639  0.668  0.752  0.790  0.790  0.776  0.757  0.734  0.707  0.675  0.638  0.597  0.553  0.511  0.475  0.450  0.439  0.446  0.478  0.549  0.680  0.871  1.086  1.264  1.370  1.418  1.431  1.423  1.398  1.339  1.197  0.945  0.738  0.664  0.645  0.636  0.628  0.616  0.603  0.588  0.574  0.562  0.554  0.551  0.553  0.559  0.566  0.575  0.583  0.590  0.594  0.596  0.595  0.590  0.582  0.571  0.558  0.542  0.529  0.536  0.585  0.648  0.696  0.734  0.767  0.798  0.821  0.831  0.826  0.800  0.752  0.689
  20.000   20.000  0.610  0.622  0.716  0.773  0.781  0.769  0.751  0.728  0.701  0.670  0.634  0.595  0.552  0.511  0.474  0.447  0.432  0.427  0.434  0.455  0.502  0.591  0.738  0.935  1.136  1.285  1.365  1.386  1.343  1.189  0.925  0.723  0.648  0.629  0.622  0.616  0.608  0.598  0.586  0.574  0.562  0.553  0.547  0.545  0.546  0.551  0.558  0.566  0.573  0.580  0.584  0.585  0.584  0.579  0.570  0.559  0.544  0.527  0.511  0.511  0.583  0.745  0.862  0.910  0.928  0.933  0.926  0.907  0.873  0.822  0.754  0.676
  25.000   25.000  0.580  0.574  0.670  0.751  0.770  0.761  0.743  0.720  0.694  0.664  0.629  0.591  0.550  0.510  0.474  0.446  0.429  0.421  0.422  0.429  0.443  0.472  0.527  0.624  0.769  0.936  1.071  1.117  1.024  0.830  0.688  0.635  0.620  0.614  0.609  0.602  0.595  0.585  0.575  0.565  0.556  0.548  0.543  0.541  0.541  0.545  0.551  0.558  0.565  0.570  0.574  0.575  0.573  0.568  0.559  0.547  0.531  0.513  0.496  0.504  0.612  0.807  0.913  0.943  0.949  0.944  0.930  0.905  0.865  0.808  0.735  0.652
  30.000   30.000  0.551  0.528  0.616  0.721  0.756  0.752  0.735  0.713  0.686  0.657  0.623  0.586  0.547  0.508  0.473  0.445  0.427  0.418  0.417  0.420  0.426  0.436  0.451  0.476  0.518  0.577  0.638  0.672  0.660  0.634  0.622  0.618  0.614  0.609  0.603  0.596  0.588  0.579  0.570  0.562  0.554  0.547  0.542  0.539  0.539  0.541  0.546  0.551  0.557  0.562  0.566  0.566  0.564  0.558  0.548  0.535  0.518  0.500  0.485  0.509  0.652  0.835  0.915  0.938  0.943  0.937  0.922  0.894  0.850  0.790  0.714  0.628
  35.000   35.000  0.524  0.488  0.559  0.682  0.739  0.742  0.726  0.704  0.678  0.648  0.616  0.580  0.543  0.505  0.471  0.443  0.425  0.415  0.413  0.415  0.419  0.424  0.425  0.422  0.413  0.400  0.403  0.452  0.536  0.592  0.613  0.617  0.615  0.610  0.603  0.594  0.585  0.577  0.569  0.561  0.554  0.548  0.543  0.540  0.538  0.540  0.543  0.547  0.552  0.556  0.558  0.558  0.555  0.549  0.538  0.524  0.507  0.488  0.478  0.524  0.692  0.846  0.907  0.927  0.932  0.927  0.911  0.881  0.834  0.770  0.691  0.604
  40.000   40.000  0.499  0.452  0.501  0.634  0.716  0.729  0.716  0.694  0.668  0.639  0.607  0.573  0.537  0.501  0.468  0.441  0.422  0.412  0.409  0.411  0.414  0.415  0.409  0.392  0.362  0.330  0.328  0.397  0.509  0.584  0.613  0.620  0.619  0.613  0.605  0.595  0.586  0.577  0.569  0.562  0.556  0.550  0.545  0.541  0.539  0.539  0.541  0.544  0.548  0.551  0.553  0.552  0.549  0.542  0.530  0.515  0.497  0.478  0.474  0.548  0.722  0.844  0.892  0.912  0.919  0.915  0.898  0.867  0.817  0.750  0.668  0.580
  45.000   45.000  0.475  0.421  0.448  0.578  0.685  0.714  0.705  0.683  0.657  0.629  0.597  0.564  0.529  0.495  0.463  0.437  0.418  0.408  0.404  0.405  0.407  0.403  0.390  0.362  0.323  0.293  0.302  0.380  0.498  0.580  0.613  0.622  0.622  0.616  0.608  0.598  0.587  0.578  0.570  0.564  0.558  0.552  0.548  0.544  0.541  0.540  0.541  0.543  0.546  0.548  0.549  0.548  0.544  0.536  0.524  0.508  0.488  0.470  0.477  0.576  0.737  0.832  0.873  0.894  0.903  0.900  0.884  0.851  0.799  0.729  0.645  0.557
  50.000   50.000  0.452  0.394  0.402  0.517  0.647  0.695  0.691  0.671  0.645  0.617  0.586  0.553  0.520  0.487  0.457  0.432  0.413  0.403  0.399  0.398  0.397  0.388  0.364  0.327  0.289  0.269  0.289  0.370  0.488  0.574  0.611  0.623  0.624  0.619  0.611  0.600  0.590  0.580  0.571  0.565  0.559  0.555  0.551  0.547  0.544  0.543  0.542  0.544  0.546  0.547  0.548  0.546  0.542  0.533  0.520  0.502  0.482  0.466  0.486  0.602  0.738  0.812  0.849  0.872  0.884  0.883  0.867  0.833  0.779  0.707  0.622  0.534
  55.000   55.000  0.431  0.371  0.362  0.456  0.600  0.671  0.676  0.657  0.632  0.603  0.573  0.541  0.509  0.478  0.449  0.425  0.407  0.396  0.392  0.389  0.383  0.366  0.333  0.294  0.263  0.254  0.281  0.362  0.479  0.567  0.607  0.621  0.623  0.620  0.613  0.602  0.591  0.581  0.572  0.566  0.561  0.557  0.553  0.550  0.547  0.545  0.545  0.545  0.547  0.548  0.548  0.546  0.541  0.531  0.517  0.499  0.478  0.465  0.501  0.620  0.727  0.786  0.822  0.848  0.862  0.864  0.849  0.814  0.758  0.684  0.598  0.511
  60.000   60.000  0.411  0.350  0.330  0.400  0.545  0.641  0.658  0.642  0.616  0.588  0.558  0.527  0.496  0.467  0.440  0.417  0.400  0.389  0.383  0.377  0.365  0.338  0.301  0.266  0.246  0.245  0.276  0.357  0.471  0.558  0.601  0.616  0.621  0.619  0.613  0.604  0.593  0.582  0.573  0.566  0.561  0.558  0.555  0.552  0.550  0.548  0.548  0.548  0.549  0.550  0.550  0.548  0.542  0.531  0.516  0.496  0.475  0.467  0.519  0.627  0.708  0.757  0.793  0.820  0.838  0.842  0.828  0.793  0.736  0.661  0.575  0.489
  65.000   65.000  0.392  0.332  0.305  0.351  0.486  0.604  0.636  0.624  0.600  0.571  0.541  0.511  0.482  0.454  0.428  0.407  0.391  0.380  0.372  0.362  0.341  0.308  0.272  0.246  0.235  0.240  0.274  0.353  0.463  0.549  0.592  0.610  0.616  0.616  0.612  0.603  0.593  0.582  0.572  0.565  0.561  0.558  0.556  0.554  0.552  0.551  0.551  0.552  0.553  0.554  0.553  0.550  0.544  0.533  0.516  0.495  0.474  0.473  0.535  0.624  0.685  0.727  0.761  0.790  0.810  0.817  0.805  0.771  0.714  0.638  0.552  0.467
  70.000   70.000  0.374  0.316  0.284  0.310  0.427  0.560  0.610  0.604  0.581  0.552  0.523  0.494  0.466  0.439  0.416  0.396  0.380  0.369  0.359  0.343  0.315  0.280  0.250  0.234  0.229  0.239  0.274  0.351  0.457  0.540  0.583  0.601  0.609  0.611  0.608  0.601  0.592  0.581  0.571  0.564  0.559  0.557  0.555  0.555  0.554  0.554  0.554  0.555  0.557  0.558  0.557  0.554  0.547  0.535  0.517  0.495  0.475  0.482  0.546  0.615  0.660  0.696  0.729  0.759  0.781  0.790  0.781  0.748  0.690  0.614  0.530  0.447
  75.000   75.000  0.357  0.301  0.267  0.278  0.371  0.509  0.580  0.582  0.560  0.532  0.503  0.475  0.448  0.424  0.402  0.384  0.369  0.357  0.344  0.322  0.289  0.257  0.236  0.227  0.227  0.239  0.276  0.352  0.453  0.532  0.572  0.591  0.600  0.604  0.603  0.598  0.589  0.579  0.569  0.562  0.557  0.555  0.555  0.555  0.556  0.557  0.558  0.559  0.561  0.562  0.562  0.558  0.550  0.537  0.518  0.495  0.477  0.493  0.551  0.602  0.637  0.668  0.698  0.727  0.750  0.762  0.755  0.723  0.666  0.591  0.508  0.427
  80.000   80.000  0.341  0.288  0.253  0.253  0.323  0.456  0.545  0.557  0.537  0.510  0.482  0.455  0.430  0.408  0.388  0.371  0.357  0.345  0.328  0.300  0.267  0.241  0.228  0.223  0.226  0.241  0.280  0.356  0.452  0.525  0.562  0.581  0.590  0.595  0.596  0.592  0.585  0.576  0.567  0.559  0.554  0.552  0.553  0.554  0.557  0.559  0.561  0.564  0.566  0.568  0.567  0.563  0.554  0.540  0.520  0.496  0.480  0.502  0.551  0.588  0.615  0.642  0.669  0.696  0.720  0.733  0.727  0.698  0.643  0.568  0.487  0.409
  85.000   85.000  0.327  0.276  0.241  0.234  0.283  0.402  0.505  0.529  0.513  0.487  0.461  0.435  0.412  0.392  0.374  0.359  0.346  0.332  0.311  0.281  0.250  0.232  0.224  0.223  0.229  0.246  0.289  0.365  0.455  0.520  0.554  0.570  0.579  0.585  0.587  0.585  0.580  0.572  0.563  0.555  0.551  0.549  0.550  0.553  0.557  0.561  0.565  0.569  0.572  0.574  0.573  0.569  0.559  0.544  0.522  0.497  0.485  0.510  0.549  0.575  0.596  0.619  0.643  0.668  0.690  0.703  0.700  0.673  0.619  0.547  0.467  0.391
  90.000   90.000  0.313  0.265  0.232  0.219  0.251  0.352  0.462  0.499  0.487  0.464  0.439  0.416  0.395  0.376  0.361  0.347  0.335  0.320  0.296  0.265  0.240  0.228  0.225  0.228  0.238  0.261  0.308  0.384  0.466  0.521  0.548  0.561  0.569  0.575  0.577  0.577  0.573  0.566  0.558  0.551  0.547  0.545  0.548  0.552  0.558  0.565  0.571  0.577  0.581  0.583  0.582  0.577  0.566  0.549  0.526  0.500  0.491  0.516  0.545  0.564  0.581  0.599  0.619  0.641  0.662  0.675  0.673  0.648  0.597  0.526  0.448  0.375
  95.000   95.000  0.301  0.255  0.223  0.208  0.227  0.307  0.418  0.467  0.461  0.440  0.418  0.397  0.378  0.362  0.348  0.336  0.325  0.308  0.283  0.255  0.238  0.234  0.239  0.251  0.271  0.305  0.360  0.431  0.496  0.534  0.549  0.556  0.561  0.565  0.567  0.568  0.565  0.560  0.553  0.546  0.542  0.542  0.545  0.552  0.561  0.570  0.579  0.587  0.593  0.596  0.595  0.588  0.577  0.558  0.533  0.507  0.499  0.520  0.541  0.555  0.568  0.582  0.599  0.618  0.636  0.649  0.647  0.624  0.575  0.507  0.431  0.360
 100.000  100.000  0.290  0.247  0.216  0.200  0.209  0.270  0.375  0.435  0.436  0.418  0.398  0.379  0.363  0.349  0.338  0.327  0.316  0.299  0.276  0.258  0.256  0.268  0.290  0.321  0.364  0.420  0.485  0.544  0.576  0.579  0.570  0.562  0.558  0.558  0.559  0.559  0.557  0.552  0.546  0.541  0.537  0.538  0.544  0.553  0.566  0.579  0.592  0.602  0.610  0.613  0.612  0.605  0.592  0.572  0.546  0.518  0.508  0.523  0.537  0.547  0.557  0.569  0.583  0.598  0.614  0.625  0.624  0.602  0.556  0.489  0.415  0.347
 105.000  105.000  0.280  0.239  0.210  0.193  0.196  0.241  0.334  0.402  0.411  0.397  0.379  0.363  0.350  0.338  0.328  0.319  0.309  0.297  0.288  0.298  0.328  0.370  0.425  0.490  0.564  0.641  0.708  0.744  0.736  0.691  0.638  0.597  0.572  0.559  0.554  0.551  0.549  0.545  0.539  0.535  0.532  0.535  0.543  0.557  0.574  0.593  0.609  0.623  0.632  0.635  0.634  0.626  0.613  0.592  0.565  0.533  0.517  0.525  0.534  0.541  0.549  0.558  0.569  0.582  0.594  0.603  0.602  0.582  0.538  0.473  0.402  0.335
 110.000  110.000  0.272  0.232  0.205  0.188  0.187  0.218  0.298  0.372  0.388  0.378  0.363  0.350  0.338  0.329  0.321  0.314  0.311  0.320  0.361  0.427  0.503  0.585  0.670  0.755  0.833  0.898  0.940  0.953  0.929  0.867  0.781  0.695  0.627  0.585  0.561  0.550  0.543  0.538  0.533  0.528  0.527  0.532  0.545  0.564  0.587  0.611  0.632  0.648  0.658  0.662  0.660  0.652  0.638  0.617  0.589  0.553  0.530  0.530  0.534  0.539  0.544  0.550  0.559  0.568  0.578  0.586  0.584  0.565  0.523  0.460  0.390  0.325
 115.000  115.000  0.265  0.227  0.201  0.185  0.181  0.202  0.268  0.343  0.367  0.361  0.349  0.338  0.329  0.321  0.316  0.317  0.342  0.424  0.553  0.674  0.773  0.857  0.927  0.983  1.025  1.054  1.069  1.071  1.056  1.018  0.952  0.861  0.759  0.668  0.604  0.566  0.546  0.534  0.527  0.523  0.523  0.531  0.548  0.574  0.605  0.634  0.659  0.677  0.687  0.690  0.688  0.680  0.666  0.647  0.623  0.597  0.576  0.563  0.555  0.550  0.549  0.550  0.554  0.560  0.567  0.572  0.569  0.550  0.510  0.450  0.381  0.317
 120.000  120.000  0.271  0.234  0.209  0.194  0.187  0.198  0.245  0.314  0.346  0.346  0.337  0.329  0.322  0.317  0.320  0.352  0.467  0.664  0.832  0.933  0.996  1.038  1.068  1.089  1.102  1.111  1.115  1.114  1.108  1.093  1.064  1.012  0.932  0.828  0.721  0.633  0.575  0.543  0.526  0.519  0.520  0.532  0.556  0.590  0.628  0.662  0.690  0.708  0.718  0.720  0.717  0.709  0.700  0.694  0.714  0.773  0.800  0.760  0.705  0.657  0.622  0.598  0.583  0.575  0.572  0.569  0.562  0.542  0.503  0.446  0.380  0.320
 125.000  125.000  0.330  0.296  0.271  0.252  0.240  0.237  0.247  0.279  0.317  0.330  0.327  0.321  0.317  0.321  0.357  0.488  0.733  0.936  1.030  1.071  1.093  1.107  1.116  1.121  1.125  1.127  1.128  1.128  1.126  1.121  1.110  1.091  1.054  0.992  0.898  0.781  0.671  0.590  0.544  0.524  0.522  0.538  0.570  0.614  0.659  0.697  0.724  0.741  0.749  0.751  0.749  0.747  0.761  0.834  1.007  1.188  1.251  1.218  1.142  1.049  0.952  0.860  0.780  0.715  0.665  0.626  0.594  0.561  0.520  0.471  0.419  0.371
 130.000  130.000  0.384  0.350  0.321  0.298  0.281  0.271  0.267  0.269  0.279  0.298  0.312  0.316  0.324  0.364  0.504  0.772  0.993  1.080  1.107  1.118  1.123  1.126  1.129  1.130  1.131  1.132  1.132  1.131  1.131  1.129  1.126  1.120  1.107  1.083  1.037  0.959  0.846  0.718  0.614  0.557  0.547  0.573  0.621  0.674  0.719  0.751  0.771  0.781  0.786  0.786  0.788  0.812  0.899  1.075  1.260  1.378  1.432  1.447  1.436  1.403  1.348  1.269  1.166  1.042  0.907  0.780  0.676  0.602  0.548  0.503  0.462  0.422
 135.000  135.000  0.388  0.355  0.327  0.306  0.291  0.281  0.278  0.278  0.282  0.289  0.300  0.325  0.399  0.578  0.860  1.063  1.124  1.133  1.133  1.132  1.132  1.132  1.132  1.133  1.133  1.133  1.133  1.133  1.132  1.132  1.131  1.129  1.125  1.117  1.101  1.070  1.009  0.905  0.773  0.674  0.661  0.703  0.747  0.777  0.795  0.804  0.808  0.809  0.807  0.805  0.811  0.853  0.961  1.118  1.262  1.364  1.426  1.460  1.473  1.467  1.441  1.389  1.299  1.164  0.991  0.819  0.686  0.601  0.545  0.502  0.462  0.424
 140.000  140.000  0.385  0.354  0.329  0.310  0.297  0.290  0.288  0.290  0.294  0.301  0.311  0.349  0.544  1.035  1.337  1.312  1.237  1.187  1.159  1.146  1.139  1.136  1.135  1.134  1.134  1.134  1.133  1.133  1.133  1.133  1.133  1.132  1.131  1.128  1.123  1.113  1.089  1.035  0.929  0.820  0.793  0.801  0.809  0.813  0.815  0.815  0.814  0.811  0.806  0.801  0.805  0.841  0.933  1.068  1.203  1.309  1.382  1.426  1.447  1.447  1.424  1.371  1.277  1.133  0.955  0.786  0.663  0.585  0.534  0.493  0.456  0.419
 145.000  145.000  0.382  0.355  0.332  0.316  0.306  0.301  0.301  0.303  0.309  0.315  0.327  0.370  0.607  1.262  1.704  1.640  1.472  1.331  1.239  1.187  1.161  1.148  1.141  1.138  1.136  1.135  1.135  1.134  1.134  1.134  1.133  1.133  1.133  1.132  1.130  1.126  1.113  1.068  0.952  0.847  0.819  0.817  0.817  0.817  0.816  0.815  0.813  0.808  0.802  0.794  0.794  0.821  0.895  1.009  1.134  1.242  1.323  1.377  1.404  1.408  1.384  1.326  1.224  1.075  0.901  0.746  0.637  0.569  0.523  0.485  0.449  0.414
 150.000  150.000  0.383  0.358  0.338  0.325  0.317  0.314  0.315  0.319  0.325  0.331  0.343  0.392  0.656  1.351  1.870  1.910  1.787  1.612  1.443  1.314  1.232  1.187  1.163  1.151  1.144  1.141  1.139  1.137  1.136  1.136  1.135  1.135  1.134  1.133  1.131  1.126  1.106  1.031  0.897  0.830  0.817  0.816  0.816  0.816  0.815  0.813  0.810  0.804  0.796  0.786  0.783  0.803  0.860  0.953  1.062  1.167  1.253  1.313  1.348  1.355  1.331  1.268  1.160  1.009  0.844  0.706  0.613  0.554  0.513  0.477  0.444  0.412
 155.000  155.000  0.385  0.364  0.348  0.337  0.332  0.330  0.332  0.337  0.342  0.348  0.360  0.415  0.704  1.404  1.909  2.012  1.975  1.871  1.718  1.548  1.399  1.292  1.226  1.189  1.168  1.157  1.150  1.146  1.143  1.141  1.139  1.137  1.135  1.132  1.125  1.108  1.057  0.940  0.838  0.812  0.811  0.813  0.814  0.814  0.813  0.810  0.806  0.798  0.788  0.776  0.771  0.785  0.829  0.902  0.993  1.088  1.172  1.237  1.277  1.287  1.263  1.197  1.086  0.939  0.788  0.668  0.590  0.541  0.504  0.471  0.441  0.411
 160.000  160.000  0.392  0.374  0.361  0.353  0.349  0.349  0.352  0.356  0.361  0.366  0.377  0.438  0.747  1.427  1.891  2.019  2.033  1.991  1.899  1.765  1.608  1.460  1.346  1.268  1.221  1.193  1.177  1.167  1.159  1.154  1.148  1.142  1.133  1.119  1.093  1.037  0.935  0.827  0.789  0.791  0.799  0.805  0.808  0.809  0.808  0.805  0.799  0.789  0.776  0.763  0.757  0.768  0.801  0.857  0.929  1.009  1.085  1.149  1.190  1.202  1.179  1.112  1.002  0.865  0.732  0.633  0.570  0.529  0.497  0.468  0.440  0.414
 165.000  165.000  0.402  0.387  0.377  0.371  0.369  0.370  0.373  0.377  0.381  0.384  0.394  0.459  0.780  1.417  1.837  1.983  2.029  2.025  1.978  1.887  1.759  1.613  1.477  1.369  1.294  1.246  1.217  1.198  1.185  1.173  1.160  1.142  1.114  1.067  0.989  0.881  0.782  0.738  0.740  0.759  0.776  0.789  0.796  0.800  0.799  0.795  0.786  0.774  0.759  0.746  0.741  0.750  0.776  0.817  0.871  0.933  0.997  1.053  1.091  1.103  1.079  1.014  0.911  0.789  0.679  0.601  0.552  0.518  0.492  0.466  0.442  0.421
 170.000  170.000  0.416  0.405  0.397  0.394  0.393  0.394  0.396  0.399  0.401  0.403  0.410  0.477  0.796  1.371  1.751  1.917  1.993  2.020  2.005  1.948  1.850  1.721  1.582  1.458  1.362  1.297  1.254  1.226  1.206  1.185  1.159  1.119  1.053  0.954  0.835  0.738  0.691  0.681  0.692  0.713  0.737  0.758  0.773  0.780  0.781  0.776  0.765  0.750  0.734  0.723  0.721  0.731  0.751  0.780  0.818  0.864  0.911  0.955  0.985  0.993  0.969  0.908  0.817  0.717  0.631  0.573  0.536  0.511  0.489  0.468  0.448  0.431
 175.000  175.000  0.434  0.426  0.421  0.419  0.418  0.419  0.421  0.422  0.421  0.420  0.425  0.489  0.790  1.288  1.634  1.821  1.929  1.986  2.000  1.973  1.904  1.796  1.665  1.533  1.422  1.339  1.282  1.244  1.213  1.180  1.134  1.062  0.955  0.827  0.719  0.663  0.647  0.646  0.650  0.662  0.682  0.707  0.730  0.744  0.748  0.744  0.732  0.716  0.702  0.695  0.698  0.709  0.725  0.746  0.771  0.801  0.832  0.861  0.880  0.881  0.856  0.802  0.727  0.650  0.588  0.549  0.524  0.506  0.489  0.473  0.458  0.445
