

VARS   PHI PSI -180 -175 -170 -165 -160 -155 -150 -145 -140 -135 -130 -125 -120 -115 -110 -105 -100 -95 -90 -85 -80 -75 -70 -65 -60 -55 -50 -45 -40 -35 -30 -25 -20 -15 -10 -5 0 5 10 15 20 25 30 35 40 45 50 55 60 65 70 75 80 85 90 95 100 105 110 115 120 125 130 135 140 145 150 155 160 165 170 175 
FORMAT %8.3f %8.3f %6.3f %6.3f %6.3f %6.3f %6.3f %6.3f %6.3f %6.3f %6.3f %6.3f %6.3f %6.3f %6.3f %6.3f %6.3f %6.3f %6.3f %6.3f %6.3f %6.3f %6.3f %6.3f %6.3f %6.3f %6.3f %6.3f %6.3f %6.3f %6.3f %6.3f %6.3f %6.3f %6.3f %6.3f %6.3f %6.3f %6.3f %6.3f %6.3f %6.3f %6.3f %6.3f %6.3f %6.3f %6.3f %6.3f %6.3f %6.3f %6.3f %6.3f %6.3f %6.3f %6.3f %6.3f %6.3f %6.3f %6.3f %6.3f %6.3f %6.3f %6.3f %6.3f %6.3f %6.3f %6.3f %6.3f %6.3f %6.3f %6.3f %6.3f %6.3f %6.3f

-180.000 -180.000  0.469  0.476  0.482  0.486  0.489  0.490  0.487  0.480  0.468  0.451  0.429  0.403  0.373  0.340  0.287  0.186  0.140  0.143  0.151  0.162  0.175  0.190  0.209  0.231  0.256  0.284  0.312  0.332  0.342  0.342  0.339  0.335  0.332  0.331  0.330  0.330  0.332  0.334  0.338  0.345  0.353  0.357  0.355  0.348  0.342  0.341  0.352  0.376  0.412  0.448  0.474  0.489  0.499  0.512  0.526  0.541  0.550  0.553  0.547  0.533  0.513  0.488  0.464  0.443  0.428  0.421  0.421  0.426  0.435  0.444  0.453  0.462
-175.000 -175.000  0.465  0.475  0.484  0.491  0.495  0.495  0.490  0.479  0.463  0.442  0.415  0.385  0.351  0.314  0.256  0.165  0.138  0.143  0.152  0.164  0.178  0.194  0.214  0.237  0.263  0.292  0.321  0.343  0.355  0.356  0.351  0.346  0.343  0.340  0.340  0.340  0.341  0.344  0.349  0.356  0.364  0.368  0.366  0.358  0.350  0.347  0.353  0.373  0.405  0.439  0.464  0.477  0.482  0.486  0.494  0.503  0.511  0.514  0.511  0.500  0.484  0.464  0.443  0.425  0.412  0.405  0.405  0.410  0.419  0.430  0.442  0.453
-170.000 -170.000  0.464  0.478  0.489  0.498  0.501  0.500  0.492  0.477  0.456  0.430  0.399  0.365  0.329  0.290  0.229  0.153  0.139  0.145  0.155  0.167  0.182  0.200  0.221  0.245  0.273  0.303  0.333  0.357  0.370  0.372  0.367  0.361  0.356  0.353  0.352  0.352  0.354  0.357  0.362  0.369  0.375  0.378  0.376  0.368  0.359  0.354  0.357  0.372  0.399  0.430  0.456  0.468  0.471  0.471  0.472  0.475  0.479  0.481  0.479  0.471  0.459  0.443  0.426  0.412  0.401  0.395  0.395  0.399  0.408  0.420  0.434  0.449
-165.000 -165.000  0.467  0.483  0.497  0.505  0.508  0.503  0.492  0.473  0.447  0.416  0.382  0.345  0.308  0.268  0.208  0.148  0.141  0.148  0.159  0.172  0.188  0.207  0.230  0.255  0.285  0.316  0.347  0.373  0.388  0.391  0.386  0.379  0.373  0.369  0.367  0.367  0.368  0.372  0.376  0.381  0.386  0.388  0.385  0.378  0.369  0.362  0.361  0.371  0.394  0.423  0.448  0.462  0.465  0.463  0.459  0.457  0.457  0.456  0.454  0.448  0.439  0.428  0.415  0.403  0.394  0.389  0.389  0.393  0.402  0.416  0.432  0.449
-160.000 -160.000  0.472  0.490  0.503  0.511  0.512  0.504  0.489  0.466  0.436  0.401  0.364  0.325  0.288  0.251  0.197  0.150  0.145  0.153  0.165  0.180  0.197  0.218  0.242  0.269  0.300  0.333  0.365  0.392  0.409  0.413  0.408  0.399  0.392  0.387  0.384  0.383  0.384  0.387  0.390  0.394  0.397  0.397  0.394  0.387  0.378  0.370  0.367  0.372  0.390  0.416  0.441  0.457  0.462  0.460  0.455  0.449  0.445  0.442  0.439  0.434  0.427  0.418  0.409  0.400  0.392  0.388  0.387  0.392  0.401  0.415  0.432  0.452
-155.000 -155.000  0.476  0.495  0.508  0.515  0.513  0.502  0.483  0.456  0.423  0.385  0.346  0.307  0.272  0.242  0.201  0.158  0.152  0.160  0.174  0.190  0.209  0.232  0.258  0.288  0.320  0.355  0.387  0.415  0.431  0.435  0.430  0.421  0.412  0.406  0.402  0.401  0.401  0.402  0.404  0.406  0.407  0.406  0.402  0.396  0.387  0.378  0.373  0.375  0.388  0.410  0.434  0.452  0.460  0.460  0.455  0.449  0.442  0.437  0.432  0.427  0.422  0.416  0.408  0.401  0.395  0.391  0.390  0.394  0.402  0.416  0.434  0.455
-150.000 -150.000  0.479  0.497  0.510  0.514  0.510  0.497  0.475  0.445  0.409  0.369  0.329  0.292  0.264  0.247  0.217  0.174  0.163  0.172  0.187  0.205  0.227  0.252  0.281  0.313  0.347  0.382  0.414  0.440  0.455  0.458  0.452  0.442  0.432  0.424  0.420  0.417  0.417  0.417  0.418  0.419  0.418  0.415  0.411  0.403  0.394  0.386  0.379  0.378  0.387  0.405  0.428  0.448  0.460  0.463  0.460  0.453  0.446  0.439  0.433  0.428  0.423  0.418  0.412  0.406  0.401  0.397  0.395  0.398  0.406  0.419  0.437  0.458
-145.000 -145.000  0.479  0.496  0.508  0.511  0.505  0.489  0.464  0.432  0.394  0.353  0.313  0.282  0.266  0.260  0.240  0.196  0.179  0.189  0.206  0.227  0.252  0.280  0.312  0.346  0.381  0.416  0.447  0.469  0.481  0.481  0.473  0.461  0.450  0.441  0.436  0.433  0.432  0.432  0.432  0.431  0.429  0.425  0.419  0.411  0.402  0.393  0.385  0.382  0.387  0.402  0.424  0.446  0.461  0.467  0.466  0.461  0.453  0.445  0.438  0.433  0.428  0.424  0.419  0.414  0.409  0.404  0.402  0.404  0.411  0.422  0.439  0.459
-140.000 -140.000  0.477  0.493  0.503  0.505  0.497  0.480  0.453  0.419  0.379  0.337  0.301  0.280  0.274  0.275  0.263  0.224  0.203  0.213  0.233  0.259  0.287  0.318  0.353  0.388  0.424  0.457  0.484  0.501  0.508  0.503  0.492  0.478  0.465  0.456  0.450  0.447  0.446  0.445  0.445  0.443  0.440  0.435  0.427  0.418  0.408  0.399  0.391  0.387  0.389  0.401  0.423  0.446  0.463  0.473  0.474  0.469  0.461  0.453  0.445  0.440  0.435  0.431  0.427  0.423  0.418  0.413  0.411  0.411  0.416  0.426  0.441  0.459
-135.000 -135.000  0.475  0.489  0.498  0.498  0.489  0.471  0.443  0.406  0.363  0.323  0.295  0.284  0.283  0.286  0.281  0.254  0.235  0.247  0.272  0.301  0.334  0.368  0.405  0.441  0.475  0.504  0.524  0.534  0.534  0.524  0.508  0.492  0.478  0.469  0.463  0.460  0.458  0.458  0.457  0.455  0.451  0.445  0.436  0.426  0.414  0.404  0.396  0.391  0.392  0.403  0.424  0.448  0.468  0.480  0.482  0.478  0.470  0.461  0.452  0.446  0.442  0.438  0.435  0.431  0.427  0.422  0.419  0.419  0.422  0.430  0.443  0.459
-130.000 -130.000  0.475  0.487  0.494  0.493  0.484  0.463  0.433  0.392  0.348  0.313  0.294  0.289  0.291  0.295  0.295  0.282  0.274  0.292  0.323  0.357  0.393  0.431  0.467  0.502  0.531  0.553  0.565  0.566  0.558  0.542  0.523  0.505  0.490  0.480  0.474  0.471  0.470  0.469  0.468  0.466  0.462  0.455  0.445  0.433  0.421  0.409  0.400  0.395  0.396  0.408  0.430  0.455  0.476  0.488  0.491  0.486  0.477  0.467  0.458  0.451  0.447  0.444  0.441  0.438  0.435  0.431  0.428  0.427  0.429  0.436  0.446  0.460
-125.000 -125.000  0.477  0.488  0.494  0.492  0.481  0.458  0.424  0.380  0.336  0.307  0.295  0.293  0.297  0.301  0.305  0.306  0.318  0.350  0.388  0.426  0.464  0.501  0.535  0.563  0.585  0.597  0.600  0.593  0.578  0.558  0.537  0.517  0.502  0.491  0.485  0.482  0.480  0.479  0.478  0.475  0.471  0.464  0.454  0.441  0.426  0.413  0.403  0.399  0.403  0.417  0.441  0.466  0.486  0.498  0.500  0.494  0.483  0.472  0.462  0.455  0.450  0.448  0.446  0.444  0.441  0.438  0.436  0.435  0.437  0.443  0.452  0.464
-120.000 -120.000  0.482  0.492  0.497  0.494  0.481  0.455  0.416  0.369  0.328  0.305  0.298  0.298  0.302  0.307  0.312  0.324  0.362  0.417  0.463  0.502  0.538  0.570  0.596  0.615  0.626  0.629  0.624  0.611  0.593  0.571  0.548  0.528  0.513  0.502  0.496  0.492  0.489  0.487  0.485  0.483  0.478  0.471  0.460  0.447  0.431  0.417  0.407  0.404  0.413  0.432  0.457  0.482  0.500  0.508  0.508  0.500  0.488  0.475  0.464  0.457  0.452  0.450  0.448  0.447  0.446  0.444  0.443  0.443  0.445  0.451  0.459  0.471
-115.000 -115.000  0.489  0.498  0.501  0.497  0.482  0.453  0.409  0.361  0.324  0.306  0.301  0.302  0.306  0.311  0.318  0.337  0.401  0.483  0.535  0.570  0.597  0.619  0.634  0.642  0.645  0.641  0.631  0.616  0.598  0.577  0.556  0.538  0.523  0.513  0.506  0.501  0.497  0.494  0.491  0.487  0.482  0.475  0.464  0.451  0.435  0.419  0.410  0.411  0.427  0.452  0.478  0.501  0.515  0.519  0.515  0.504  0.490  0.476  0.465  0.457  0.452  0.450  0.449  0.449  0.448  0.447  0.447  0.449  0.452  0.458  0.467  0.478
-110.000 -110.000  0.495  0.504  0.507  0.502  0.485  0.452  0.405  0.357  0.323  0.308  0.305  0.307  0.311  0.316  0.323  0.348  0.430  0.531  0.580  0.605  0.620  0.630  0.636  0.637  0.634  0.628  0.618  0.606  0.591  0.575  0.558  0.544  0.531  0.522  0.514  0.508  0.503  0.498  0.493  0.489  0.483  0.475  0.465  0.451  0.436  0.421  0.413  0.421  0.445  0.475  0.503  0.522  0.531  0.530  0.521  0.507  0.491  0.476  0.464  0.456  0.451  0.449  0.448  0.448  0.448  0.449  0.450  0.452  0.457  0.464  0.474  0.485
-105.000 -105.000  0.502  0.510  0.513  0.508  0.490  0.455  0.406  0.357  0.325  0.311  0.309  0.311  0.315  0.320  0.328  0.356  0.446  0.543  0.580  0.594  0.601  0.604  0.605  0.604  0.600  0.595  0.589  0.581  0.572  0.562  0.552  0.543  0.535  0.527  0.520  0.513  0.507  0.500  0.494  0.488  0.481  0.473  0.463  0.449  0.434  0.421  0.418  0.434  0.466  0.500  0.526  0.542  0.546  0.540  0.526  0.508  0.490  0.474  0.462  0.453  0.448  0.446  0.445  0.445  0.446  0.447  0.450  0.454  0.461  0.469  0.480  0.491
-100.000 -100.000  0.510  0.518  0.522  0.517  0.499  0.464  0.413  0.362  0.330  0.316  0.313  0.315  0.319  0.323  0.331  0.362  0.449  0.522  0.547  0.555  0.558  0.559  0.559  0.558  0.557  0.554  0.552  0.548  0.545  0.541  0.538  0.535  0.532  0.528  0.523  0.517  0.509  0.501  0.493  0.486  0.477  0.468  0.458  0.445  0.431  0.420  0.424  0.448  0.486  0.521  0.546  0.558  0.558  0.547  0.529  0.508  0.487  0.470  0.458  0.449  0.444  0.441  0.440  0.440  0.442  0.444  0.449  0.456  0.464  0.475  0.486  0.499
 -95.000  -95.000  0.521  0.530  0.535  0.531  0.515  0.480  0.427  0.373  0.337  0.322  0.318  0.319  0.322  0.326  0.333  0.364  0.438  0.488  0.506  0.512  0.514  0.515  0.516  0.516  0.516  0.516  0.516  0.516  0.516  0.517  0.519  0.521  0.523  0.523  0.522  0.517  0.510  0.502  0.493  0.483  0.473  0.463  0.452  0.439  0.426  0.420  0.430  0.462  0.503  0.537  0.560  0.570  0.566  0.552  0.530  0.506  0.483  0.465  0.452  0.443  0.437  0.434  0.433  0.434  0.437  0.441  0.448  0.458  0.469  0.482  0.496  0.509
 -90.000  -90.000  0.538  0.547  0.553  0.550  0.536  0.502  0.448  0.389  0.348  0.328  0.323  0.323  0.324  0.325  0.328  0.358  0.419  0.458  0.473  0.478  0.481  0.482  0.483  0.484  0.484  0.485  0.487  0.488  0.490  0.494  0.498  0.504  0.510  0.515  0.517  0.516  0.511  0.503  0.493  0.482  0.471  0.459  0.447  0.433  0.421  0.419  0.437  0.474  0.515  0.548  0.568  0.576  0.570  0.553  0.528  0.502  0.478  0.459  0.445  0.435  0.429  0.426  0.426  0.427  0.432  0.439  0.450  0.463  0.478  0.494  0.510  0.525
 -85.000  -85.000  0.558  0.569  0.575  0.574  0.561  0.530  0.476  0.411  0.362  0.337  0.328  0.325  0.322  0.316  0.313  0.344  0.400  0.435  0.450  0.456  0.458  0.460  0.461  0.461  0.462  0.464  0.465  0.467  0.470  0.474  0.480  0.487  0.495  0.504  0.511  0.513  0.511  0.505  0.496  0.484  0.471  0.458  0.444  0.429  0.418  0.419  0.442  0.482  0.523  0.553  0.571  0.577  0.570  0.551  0.525  0.497  0.471  0.451  0.436  0.426  0.420  0.417  0.417  0.421  0.428  0.439  0.453  0.470  0.489  0.508  0.527  0.544
 -80.000  -80.000  0.581  0.593  0.599  0.599  0.589  0.561  0.509  0.439  0.380  0.346  0.331  0.323  0.311  0.292  0.286  0.325  0.383  0.420  0.436  0.442  0.445  0.446  0.446  0.447  0.448  0.449  0.450  0.452  0.455  0.459  0.465  0.472  0.482  0.493  0.503  0.511  0.513  0.510  0.502  0.490  0.477  0.462  0.445  0.428  0.415  0.417  0.444  0.486  0.525  0.554  0.571  0.575  0.567  0.547  0.520  0.491  0.465  0.443  0.427  0.416  0.410  0.408  0.410  0.415  0.425  0.439  0.457  0.478  0.501  0.524  0.546  0.565
 -75.000  -75.000  0.604  0.617  0.625  0.626  0.618  0.594  0.545  0.473  0.403  0.357  0.331  0.311  0.282  0.253  0.257  0.308  0.369  0.409  0.427  0.434  0.436  0.437  0.437  0.437  0.438  0.439  0.440  0.442  0.444  0.448  0.453  0.461  0.471  0.483  0.497  0.508  0.515  0.516  0.511  0.502  0.488  0.472  0.452  0.431  0.414  0.414  0.440  0.483  0.523  0.551  0.568  0.572  0.563  0.543  0.515  0.485  0.457  0.434  0.418  0.407  0.401  0.399  0.402  0.410  0.422  0.439  0.461  0.485  0.512  0.539  0.564  0.586
 -70.000  -70.000  0.624  0.639  0.649  0.651  0.646  0.626  0.584  0.512  0.430  0.366  0.322  0.280  0.236  0.212  0.235  0.295  0.359  0.401  0.421  0.428  0.431  0.431  0.431  0.431  0.431  0.432  0.433  0.434  0.436  0.439  0.444  0.452  0.462  0.475  0.491  0.506  0.518  0.524  0.524  0.517  0.505  0.488  0.465  0.438  0.412  0.405  0.429  0.471  0.514  0.545  0.563  0.568  0.559  0.538  0.509  0.478  0.449  0.426  0.409  0.398  0.392  0.392  0.396  0.405  0.419  0.438  0.462  0.489  0.519  0.549  0.578  0.603
 -65.000  -65.000  0.639  0.658  0.670  0.674  0.671  0.656  0.621  0.553  0.458  0.367  0.292  0.230  0.188  0.185  0.223  0.286  0.350  0.395  0.417  0.425  0.427  0.427  0.427  0.427  0.426  0.427  0.427  0.428  0.430  0.433  0.438  0.445  0.455  0.469  0.486  0.505  0.521  0.533  0.538  0.536  0.526  0.509  0.482  0.447  0.410  0.391  0.409  0.451  0.498  0.535  0.557  0.563  0.554  0.532  0.503  0.471  0.441  0.417  0.400  0.390  0.385  0.385  0.391  0.400  0.415  0.435  0.460  0.489  0.521  0.554  0.586  0.615
 -60.000  -60.000  0.648  0.670  0.686  0.693  0.694  0.683  0.655  0.592  0.481  0.349  0.243  0.179  0.157  0.173  0.217  0.280  0.343  0.389  0.413  0.422  0.425  0.425  0.424  0.423  0.423  0.423  0.423  0.424  0.426  0.429  0.433  0.440  0.450  0.464  0.483  0.504  0.525  0.542  0.553  0.555  0.549  0.531  0.501  0.455  0.404  0.373  0.382  0.423  0.476  0.521  0.550  0.558  0.549  0.526  0.495  0.462  0.432  0.409  0.393  0.384  0.380  0.381  0.386  0.396  0.410  0.430  0.455  0.484  0.518  0.553  0.588  0.620
 -55.000  -55.000  0.650  0.676  0.696  0.707  0.711  0.706  0.684  0.624  0.488  0.309  0.190  0.144  0.143  0.169  0.215  0.276  0.338  0.385  0.410  0.420  0.423  0.422  0.421  0.421  0.420  0.420  0.420  0.421  0.422  0.425  0.429  0.436  0.446  0.460  0.480  0.503  0.528  0.550  0.567  0.574  0.571  0.554  0.518  0.461  0.397  0.354  0.352  0.390  0.447  0.503  0.540  0.552  0.542  0.517  0.484  0.452  0.424  0.403  0.388  0.380  0.377  0.378  0.383  0.392  0.405  0.423  0.447  0.476  0.509  0.546  0.583  0.619
 -50.000  -50.000  0.645  0.675  0.699  0.715  0.724  0.723  0.707  0.644  0.468  0.257  0.151  0.127  0.138  0.169  0.215  0.274  0.335  0.381  0.407  0.418  0.421  0.421  0.420  0.418  0.418  0.417  0.418  0.418  0.420  0.422  0.426  0.433  0.443  0.457  0.477  0.502  0.530  0.557  0.579  0.591  0.591  0.573  0.532  0.464  0.388  0.335  0.324  0.355  0.414  0.479  0.527  0.544  0.533  0.506  0.472  0.441  0.416  0.398  0.386  0.379  0.376  0.377  0.381  0.389  0.401  0.417  0.438  0.465  0.497  0.534  0.572  0.610
 -45.000  -45.000  0.633  0.667  0.695  0.716  0.730  0.734  0.722  0.647  0.426  0.209  0.128  0.121  0.139  0.172  0.218  0.274  0.333  0.379  0.405  0.416  0.419  0.419  0.418  0.417  0.416  0.415  0.415  0.416  0.417  0.420  0.424  0.430  0.440  0.455  0.475  0.502  0.532  0.563  0.589  0.605  0.608  0.590  0.542  0.464  0.379  0.318  0.299  0.323  0.380  0.453  0.511  0.532  0.520  0.492  0.460  0.432  0.410  0.395  0.386  0.381  0.379  0.380  0.383  0.389  0.398  0.411  0.429  0.453  0.483  0.518  0.556  0.595
 -40.000  -40.000  0.616  0.652  0.685  0.711  0.729  0.739  0.728  0.632  0.373  0.174  0.118  0.121  0.143  0.176  0.222  0.277  0.333  0.377  0.404  0.415  0.418  0.418  0.417  0.415  0.414  0.414  0.414  0.414  0.416  0.418  0.422  0.428  0.438  0.453  0.473  0.501  0.533  0.567  0.596  0.617  0.622  0.602  0.549  0.462  0.370  0.305  0.280  0.295  0.347  0.424  0.492  0.518  0.505  0.477  0.448  0.425  0.408  0.397  0.390  0.387  0.386  0.386  0.389  0.393  0.400  0.409  0.423  0.443  0.468  0.500  0.537  0.576
 -35.000  -35.000  0.593  0.632  0.668  0.698  0.722  0.736  0.726  0.602  0.321  0.150  0.114  0.124  0.148  0.182  0.227  0.281  0.335  0.377  0.403  0.415  0.418  0.417  0.416  0.414  0.413  0.413  0.413  0.413  0.415  0.417  0.421  0.427  0.436  0.451  0.471  0.499  0.533  0.569  0.602  0.626  0.633  0.612  0.553  0.460  0.363  0.294  0.265  0.272  0.317  0.395  0.471  0.501  0.489  0.464  0.440  0.423  0.411  0.403  0.399  0.397  0.397  0.398  0.400  0.403  0.406  0.412  0.422  0.436  0.456  0.482  0.516  0.553
 -30.000  -30.000  0.568  0.608  0.646  0.680  0.708  0.727  0.715  0.560  0.276  0.136  0.115  0.129  0.154  0.190  0.235  0.288  0.339  0.380  0.405  0.416  0.419  0.419  0.417  0.415  0.414  0.413  0.412  0.413  0.414  0.416  0.420  0.426  0.435  0.448  0.469  0.496  0.531  0.569  0.605  0.632  0.641  0.620  0.557  0.458  0.357  0.287  0.254  0.255  0.293  0.369  0.450  0.483  0.474  0.454  0.438  0.426  0.419  0.415  0.414  0.414  0.415  0.416  0.418  0.419  0.421  0.423  0.428  0.435  0.448  0.468  0.496  0.530
 -25.000  -25.000  0.542  0.581  0.620  0.656  0.689  0.712  0.696  0.515  0.248  0.139  0.125  0.138  0.164  0.200  0.246  0.298  0.348  0.387  0.411  0.422  0.424  0.423  0.421  0.418  0.416  0.414  0.413  0.413  0.414  0.416  0.419  0.424  0.433  0.446  0.465  0.492  0.527  0.567  0.605  0.635  0.646  0.625  0.559  0.455  0.352  0.281  0.246  0.244  0.275  0.347  0.431  0.468  0.464  0.452  0.442  0.437  0.434  0.434  0.436  0.438  0.440  0.443  0.444  0.445  0.445  0.444  0.444  0.445  0.450  0.462  0.481  0.508
 -20.000  -20.000  0.520  0.554  0.591  0.629  0.665  0.692  0.677  0.507  0.303  0.217  0.185  0.177  0.189  0.219  0.262  0.313  0.361  0.399  0.422  0.432  0.435  0.433  0.429  0.425  0.422  0.419  0.417  0.415  0.415  0.416  0.419  0.423  0.430  0.442  0.461  0.487  0.521  0.561  0.602  0.635  0.648  0.628  0.559  0.452  0.350  0.282  0.250  0.246  0.267  0.325  0.406  0.452  0.459  0.456  0.454  0.454  0.457  0.460  0.464  0.469  0.473  0.476  0.478  0.479  0.478  0.475  0.471  0.468  0.465  0.467  0.476  0.494
 -15.000  -15.000  0.506  0.531  0.564  0.601  0.639  0.682  0.725  0.700  0.605  0.504  0.415  0.345  0.300  0.286  0.304  0.342  0.384  0.419  0.440  0.451  0.453  0.450  0.445  0.439  0.433  0.428  0.424  0.420  0.419  0.418  0.419  0.422  0.428  0.438  0.454  0.478  0.512  0.552  0.594  0.630  0.645  0.621  0.545  0.442  0.361  0.315  0.293  0.284  0.285  0.302  0.348  0.411  0.448  0.463  0.470  0.477  0.484  0.491  0.497  0.504  0.509  0.513  0.516  0.517  0.516  0.513  0.508  0.501  0.494  0.488  0.486  0.491
 -10.000  -10.000  0.508  0.519  0.542  0.577  0.636  0.759  0.899  0.957  0.955  0.915  0.842  0.744  0.634  0.530  0.455  0.425  0.432  0.452  0.468  0.477  0.478  0.475  0.468  0.460  0.452  0.443  0.436  0.430  0.425  0.422  0.420  0.421  0.425  0.432  0.446  0.468  0.499  0.538  0.582  0.618  0.626  0.580  0.502  0.436  0.390  0.357  0.332  0.314  0.302  0.296  0.303  0.337  0.396  0.445  0.474  0.492  0.506  0.517  0.527  0.535  0.542  0.547  0.551  0.552  0.552  0.550  0.546  0.540  0.531  0.521  0.512  0.506
  -5.000   -5.000  0.527  0.525  0.537  0.588  0.718  0.855  0.940  0.996  1.034  1.057  1.063  1.048  1.007  0.931  0.813  0.674  0.567  0.520  0.510  0.510  0.509  0.505  0.497  0.488  0.477  0.465  0.454  0.444  0.436  0.429  0.424  0.421  0.422  0.426  0.436  0.454  0.483  0.524  0.572  0.604  0.589  0.543  0.493  0.449  0.409  0.376  0.348  0.327  0.310  0.299  0.294  0.301  0.332  0.383  0.432  0.470  0.499  0.522  0.540  0.553  0.564  0.571  0.576  0.579  0.581  0.580  0.578  0.573  0.567  0.558  0.547  0.536
   0.000    0.000  0.557  0.547  0.559  0.644  0.752  0.838  0.910  0.971  1.020  1.058  1.086  1.103  1.111  1.105  1.075  0.999  0.856  0.694  0.593  0.556  0.543  0.536  0.528  0.518  0.505  0.492  0.478  0.464  0.452  0.440  0.431  0.424  0.420  0.420  0.427  0.445  0.481  0.541  0.595  0.605  0.582  0.546  0.505  0.464  0.424  0.390  0.360  0.336  0.317  0.304  0.295  0.294  0.304  0.331  0.368  0.406  0.443  0.479  0.512  0.540  0.561  0.576  0.586  0.593  0.597  0.599  0.599  0.597  0.593  0.587  0.579  0.569
   5.000    5.000  0.581  0.560  0.569  0.637  0.717  0.795  0.869  0.935  0.991  1.035  1.070  1.096  1.114  1.125  1.129  1.119  1.075  0.961  0.785  0.650  0.590  0.568  0.557  0.546  0.534  0.520  0.504  0.488  0.471  0.456  0.442  0.430  0.422  0.421  0.435  0.476  0.540  0.592  0.612  0.607  0.586  0.554  0.517  0.477  0.438  0.402  0.371  0.345  0.325  0.309  0.299  0.293  0.296  0.309  0.330  0.352  0.377  0.407  0.442  0.480  0.516  0.547  0.571  0.587  0.598  0.605  0.608  0.609  0.608  0.606  0.601  0.594
  10.000   10.000  0.573  0.518  0.536  0.599  0.672  0.749  0.824  0.894  0.955  1.006  1.046  1.076  1.099  1.115  1.126  1.132  1.129  1.102  1.013  0.846  0.691  0.614  0.585  0.570  0.558  0.544  0.529  0.511  0.493  0.475  0.459  0.447  0.449  0.472  0.516  0.556  0.582  0.598  0.605  0.602  0.586  0.559  0.525  0.487  0.449  0.413  0.381  0.354  0.332  0.315  0.302  0.295  0.294  0.302  0.315  0.328  0.340  0.355  0.375  0.402  0.437  0.476  0.514  0.547  0.573  0.591  0.603  0.610  0.613  0.614  0.612  0.605
  15.000   15.000  0.501  0.461  0.498  0.559  0.628  0.702  0.778  0.850  0.915  0.971  1.016  1.052  1.079  1.098  1.113  1.123  1.129  1.128  1.108  1.036  0.880  0.713  0.624  0.589  0.573  0.560  0.546  0.530  0.514  0.501  0.498  0.517  0.554  0.579  0.583  0.581  0.582  0.588  0.594  0.593  0.582  0.560  0.530  0.495  0.459  0.423  0.390  0.362  0.339  0.320  0.307  0.297  0.294  0.299  0.309  0.319  0.326  0.332  0.340  0.353  0.371  0.397  0.431  0.470  0.509  0.544  0.572  0.592  0.604  0.611  0.611  0.586
  20.000   20.000  0.416  0.424  0.466  0.521  0.585  0.656  0.730  0.804  0.872  0.932  0.982  1.022  1.053  1.076  1.094  1.107  1.116  1.121  1.119  1.097  1.018  0.849  0.674  0.582  0.549  0.536  0.528  0.524  0.528  0.553  0.602  0.639  0.641  0.624  0.603  0.586  0.578  0.578  0.582  0.582  0.575  0.558  0.532  0.500  0.466  0.431  0.399  0.370  0.346  0.326  0.311  0.300  0.295  0.297  0.306  0.315  0.321  0.324  0.328  0.332  0.339  0.350  0.367  0.392  0.424  0.463  0.503  0.539  0.569  0.587  0.582  0.504
  25.000   25.000  0.374  0.398  0.438  0.487  0.546  0.612  0.683  0.756  0.825  0.888  0.942  0.987  1.022  1.049  1.069  1.085  1.096  1.103  1.105  1.090  1.026  0.867  0.651  0.506  0.448  0.433  0.437  0.460  0.521  0.617  0.685  0.695  0.674  0.645  0.617  0.593  0.578  0.571  0.571  0.571  0.566  0.552  0.531  0.502  0.470  0.438  0.406  0.377  0.352  0.332  0.315  0.304  0.297  0.296  0.303  0.312  0.319  0.322  0.323  0.325  0.327  0.331  0.338  0.348  0.364  0.387  0.418  0.456  0.495  0.525  0.499  0.399
  30.000   30.000  0.353  0.379  0.413  0.457  0.509  0.570  0.637  0.707  0.776  0.841  0.898  0.946  0.985  1.015  1.039  1.057  1.070  1.079  1.079  1.057  0.973  0.785  0.567  0.435  0.384  0.373  0.383  0.423  0.517  0.644  0.718  0.723  0.699  0.666  0.634  0.605  0.583  0.569  0.563  0.560  0.556  0.545  0.526  0.502  0.473  0.442  0.411  0.383  0.358  0.337  0.320  0.307  0.299  0.296  0.301  0.310  0.317  0.320  0.322  0.323  0.324  0.325  0.327  0.330  0.336  0.346  0.360  0.382  0.411  0.433  0.392  0.346
  35.000   35.000  0.340  0.362  0.392  0.430  0.476  0.531  0.593  0.659  0.726  0.790  0.849  0.899  0.941  0.974  1.001  1.021  1.037  1.046  1.044  1.009  0.893  0.683  0.493  0.398  0.366  0.361  0.374  0.419  0.521  0.660  0.743  0.751  0.726  0.691  0.655  0.621  0.593  0.572  0.559  0.552  0.546  0.536  0.520  0.499  0.473  0.444  0.415  0.388  0.363  0.342  0.325  0.311  0.302  0.297  0.300  0.308  0.316  0.320  0.321  0.322  0.322  0.323  0.324  0.325  0.326  0.330  0.335  0.343  0.356  0.361  0.333  0.326
  40.000   40.000  0.330  0.348  0.373  0.406  0.447  0.495  0.552  0.613  0.676  0.739  0.796  0.848  0.891  0.927  0.956  0.978  0.995  1.005  0.998  0.945  0.797  0.588  0.440  0.378  0.360  0.359  0.374  0.422  0.529  0.676  0.768  0.781  0.755  0.719  0.680  0.642  0.608  0.581  0.560  0.547  0.538  0.527  0.513  0.494  0.470  0.444  0.418  0.392  0.368  0.347  0.329  0.315  0.305  0.299  0.299  0.306  0.314  0.319  0.321  0.322  0.322  0.322  0.322  0.323  0.323  0.324  0.326  0.329  0.332  0.327  0.312  0.316
  45.000   45.000  0.321  0.337  0.358  0.385  0.421  0.463  0.513  0.569  0.628  0.686  0.742  0.793  0.836  0.873  0.903  0.927  0.945  0.954  0.941  0.866  0.696  0.511  0.405  0.367  0.357  0.360  0.377  0.427  0.539  0.694  0.795  0.813  0.789  0.751  0.709  0.667  0.628  0.594  0.567  0.547  0.532  0.520  0.505  0.488  0.466  0.443  0.418  0.394  0.371  0.351  0.334  0.320  0.309  0.302  0.300  0.305  0.313  0.318  0.321  0.322  0.322  0.322  0.322  0.322  0.322  0.323  0.323  0.324  0.324  0.313  0.304  0.310
  50.000   50.000  0.314  0.327  0.345  0.368  0.398  0.435  0.479  0.528  0.581  0.635  0.687  0.735  0.778  0.814  0.845  0.869  0.888  0.895  0.872  0.776  0.603  0.453  0.383  0.361  0.357  0.361  0.380  0.434  0.551  0.714  0.823  0.847  0.824  0.786  0.742  0.697  0.653  0.613  0.579  0.552  0.531  0.514  0.499  0.481  0.461  0.440  0.417  0.395  0.373  0.354  0.338  0.324  0.313  0.305  0.302  0.304  0.311  0.317  0.320  0.321  0.322  0.322  0.322  0.322  0.322  0.322  0.322  0.322  0.320  0.306  0.300  0.305
  55.000   55.000  0.309  0.319  0.334  0.353  0.379  0.410  0.448  0.491  0.538  0.586  0.634  0.678  0.718  0.753  0.782  0.806  0.824  0.828  0.795  0.684  0.524  0.415  0.372  0.360  0.359  0.365  0.386  0.443  0.566  0.735  0.853  0.882  0.862  0.824  0.778  0.731  0.683  0.638  0.597  0.563  0.535  0.513  0.494  0.475  0.456  0.436  0.415  0.394  0.375  0.357  0.341  0.328  0.317  0.309  0.305  0.305  0.310  0.316  0.320  0.321  0.322  0.322  0.322  0.322  0.322  0.322  0.322  0.322  0.318  0.301  0.297  0.301
  60.000   60.000  0.304  0.313  0.325  0.341  0.362  0.389  0.421  0.458  0.499  0.541  0.583  0.622  0.659  0.690  0.718  0.741  0.757  0.757  0.713  0.598  0.466  0.393  0.368  0.363  0.365  0.373  0.396  0.457  0.584  0.759  0.882  0.917  0.901  0.864  0.818  0.768  0.717  0.667  0.621  0.579  0.544  0.516  0.492  0.471  0.451  0.431  0.411  0.392  0.374  0.358  0.344  0.331  0.321  0.314  0.308  0.307  0.310  0.316  0.319  0.321  0.322  0.322  0.322  0.322  0.322  0.322  0.322  0.321  0.315  0.297  0.294  0.298
  65.000   65.000  0.300  0.308  0.317  0.331  0.348  0.371  0.398  0.429  0.464  0.500  0.536  0.570  0.602  0.630  0.655  0.675  0.689  0.685  0.634  0.526  0.429  0.385  0.373  0.373  0.378  0.389  0.415  0.478  0.607  0.783  0.912  0.952  0.940  0.905  0.860  0.809  0.755  0.701  0.650  0.602  0.560  0.524  0.494  0.468  0.446  0.426  0.407  0.389  0.373  0.358  0.345  0.334  0.325  0.318  0.313  0.310  0.311  0.315  0.319  0.321  0.322  0.322  0.322  0.322  0.322  0.322  0.322  0.321  0.312  0.294  0.292  0.295
  70.000   70.000  0.298  0.303  0.312  0.323  0.337  0.356  0.378  0.404  0.433  0.463  0.494  0.523  0.550  0.574  0.595  0.613  0.624  0.616  0.564  0.476  0.414  0.392  0.390  0.395  0.403  0.418  0.447  0.511  0.638  0.809  0.939  0.985  0.978  0.947  0.903  0.852  0.796  0.739  0.683  0.630  0.581  0.537  0.500  0.470  0.444  0.422  0.402  0.385  0.370  0.357  0.345  0.336  0.328  0.322  0.317  0.314  0.314  0.316  0.319  0.321  0.321  0.322  0.322  0.322  0.322  0.322  0.322  0.320  0.308  0.292  0.291  0.293
  75.000   75.000  0.295  0.300  0.307  0.316  0.328  0.343  0.362  0.383  0.407  0.432  0.457  0.481  0.503  0.523  0.541  0.556  0.564  0.555  0.510  0.452  0.423  0.419  0.425  0.436  0.449  0.468  0.500  0.562  0.677  0.836  0.964  1.015  1.014  0.987  0.946  0.896  0.840  0.781  0.721  0.662  0.607  0.557  0.513  0.475  0.444  0.419  0.398  0.381  0.366  0.354  0.344  0.336  0.329  0.324  0.321  0.318  0.317  0.317  0.319  0.320  0.321  0.322  0.322  0.322  0.322  0.322  0.322  0.319  0.303  0.290  0.290  0.292
  80.000   80.000  0.294  0.298  0.303  0.311  0.321  0.333  0.348  0.366  0.385  0.406  0.426  0.445  0.463  0.479  0.494  0.506  0.513  0.508  0.484  0.463  0.462  0.472  0.487  0.503  0.523  0.546  0.578  0.632  0.727  0.862  0.983  1.040  1.047  1.025  0.988  0.940  0.885  0.824  0.762  0.699  0.639  0.582  0.530  0.485  0.447  0.417  0.394  0.376  0.362  0.351  0.342  0.335  0.330  0.326  0.323  0.321  0.319  0.319  0.319  0.320  0.321  0.322  0.322  0.322  0.322  0.322  0.322  0.318  0.299  0.288  0.289  0.291
  85.000   85.000  0.292  0.296  0.300  0.307  0.315  0.325  0.338  0.352  0.368  0.384  0.400  0.415  0.429  0.442  0.454  0.465  0.475  0.484  0.498  0.515  0.535  0.554  0.575  0.596  0.618  0.642  0.671  0.712  0.780  0.884  0.993  1.058  1.074  1.060  1.029  0.984  0.930  0.870  0.805  0.740  0.675  0.613  0.554  0.500  0.455  0.419  0.391  0.371  0.357  0.346  0.338  0.333  0.329  0.326  0.323  0.322  0.321  0.320  0.320  0.320  0.321  0.322  0.322  0.322  0.322  0.322  0.321  0.316  0.295  0.288  0.288  0.290
  90.000   90.000  0.291  0.294  0.298  0.304  0.310  0.319  0.329  0.341  0.353  0.366  0.379  0.391  0.402  0.412  0.422  0.434  0.456  0.501  0.560  0.603  0.631  0.654  0.675  0.696  0.716  0.736  0.758  0.785  0.828  0.899  0.991  1.064  1.094  1.091  1.065  1.026  0.974  0.915  0.851  0.783  0.715  0.647  0.582  0.521  0.467  0.423  0.390  0.367  0.352  0.341  0.335  0.330  0.327  0.325  0.323  0.322  0.321  0.320  0.320  0.320  0.321  0.321  0.322  0.322  0.322  0.323  0.322  0.314  0.293  0.287  0.288  0.289
  95.000   95.000  0.291  0.293  0.297  0.301  0.307  0.314  0.323  0.332  0.342  0.353  0.362  0.372  0.381  0.389  0.399  0.419  0.471  0.569  0.656  0.702  0.728  0.748  0.765  0.780  0.794  0.808  0.822  0.838  0.862  0.906  0.977  1.055  1.104  1.114  1.098  1.064  1.017  0.960  0.896  0.828  0.757  0.686  0.615  0.546  0.483  0.430  0.390  0.364  0.347  0.337  0.331  0.327  0.325  0.323  0.322  0.321  0.321  0.320  0.320  0.320  0.321  0.322  0.324  0.328  0.332  0.339  0.348  0.344  0.305  0.290  0.288  0.289
 100.000  100.000  0.291  0.293  0.296  0.300  0.305  0.311  0.318  0.326  0.334  0.342  0.350  0.357  0.364  0.372  0.387  0.430  0.537  0.673  0.752  0.785  0.803  0.816  0.827  0.836  0.845  0.852  0.860  0.868  0.881  0.907  0.957  1.031  1.098  1.128  1.125  1.099  1.056  1.003  0.941  0.873  0.801  0.727  0.652  0.575  0.503  0.440  0.393  0.361  0.343  0.332  0.327  0.324  0.322  0.321  0.321  0.320  0.320  0.319  0.320  0.321  0.326  0.342  0.371  0.408  0.448  0.486  0.519  0.521  0.432  0.332  0.298  0.291
 105.000  105.000  0.301  0.295  0.295  0.299  0.303  0.308  0.314  0.321  0.328  0.334  0.340  0.346  0.352  0.363  0.394  0.485  0.647  0.771  0.821  0.840  0.850  0.857  0.863  0.868  0.872  0.876  0.880  0.885  0.891  0.905  0.937  0.997  1.075  1.129  1.144  1.128  1.092  1.043  0.984  0.917  0.846  0.770  0.691  0.608  0.527  0.453  0.397  0.360  0.339  0.329  0.324  0.322  0.320  0.320  0.319  0.319  0.319  0.320  0.323  0.336  0.380  0.462  0.531  0.563  0.578  0.587  0.594  0.597  0.583  0.516  0.405  0.328
 110.000  110.000  0.404  0.334  0.307  0.301  0.303  0.307  0.312  0.317  0.323  0.328  0.333  0.338  0.346  0.367  0.434  0.590  0.757  0.836  0.861  0.870  0.875  0.879  0.882  0.884  0.886  0.888  0.890  0.892  0.896  0.903  0.922  0.964  1.037  1.113  1.152  1.151  1.123  1.079  1.024  0.960  0.890  0.814  0.732  0.644  0.553  0.469  0.403  0.360  0.337  0.326  0.322  0.320  0.319  0.319  0.319  0.319  0.320  0.327  0.355  0.430  0.522  0.569  0.584  0.589  0.592  0.595  0.600  0.605  0.606  0.594  0.563  0.497
 115.000  115.000  0.538  0.487  0.409  0.342  0.314  0.309  0.311  0.315  0.320  0.324  0.328  0.334  0.348  0.393  0.523  0.714  0.832  0.871  0.882  0.886  0.888  0.890  0.891  0.892  0.893  0.894  0.895  0.896  0.898  0.902  0.912  0.939  0.996  1.078  1.144  1.165  1.149  1.111  1.060  1.000  0.932  0.857  0.774  0.681  0.582  0.486  0.409  0.361  0.336  0.325  0.320  0.319  0.318  0.318  0.319  0.322  0.337  0.388  0.482  0.555  0.581  0.588  0.589  0.591  0.593  0.597  0.603  0.608  0.609  0.603  0.588  0.568
 120.000  120.000  0.558  0.539  0.516  0.476  0.411  0.349  0.321  0.316  0.318  0.322  0.326  0.335  0.364  0.461  0.649  0.809  0.870  0.887  0.891  0.893  0.894  0.895  0.895  0.896  0.896  0.897  0.897  0.898  0.899  0.901  0.906  0.922  0.960  1.033  1.118  1.166  1.167  1.139  1.093  1.036  0.971  0.898  0.815  0.719  0.611  0.503  0.417  0.362  0.335  0.324  0.319  0.318  0.318  0.319  0.327  0.357  0.435  0.528  0.574  0.587  0.590  0.590  0.590  0.591  0.594  0.598  0.604  0.610  0.611  0.604  0.591  0.575
 125.000  125.000  0.560  0.544  0.529  0.514  0.496  0.464  0.408  0.351  0.326  0.322  0.327  0.345  0.411  0.575  0.767  0.861  0.887  0.894  0.895  0.896  0.897  0.897  0.897  0.898  0.898  0.898  0.898  0.898  0.899  0.900  0.903  0.911  0.935  0.989  1.075  1.150  1.176  1.160  1.121  1.069  1.007  0.937  0.855  0.756  0.641  0.522  0.425  0.364  0.335  0.323  0.319  0.318  0.322  0.338  0.392  0.490  0.562  0.587  0.592  0.592  0.592  0.591  0.591  0.591  0.594  0.598  0.605  0.610  0.610  0.603  0.591  0.576
 130.000  130.000  0.559  0.544  0.530  0.517  0.505  0.494  0.479  0.453  0.402  0.352  0.340  0.376  0.503  0.706  0.840  0.884  0.894  0.897  0.897  0.898  0.898  0.898  0.898  0.898  0.898  0.899  0.899  0.899  0.899  0.900  0.901  0.906  0.919  0.954  1.025  1.115  1.171  1.174  1.145  1.098  1.040  0.972  0.892  0.792  0.670  0.540  0.433  0.367  0.335  0.323  0.321  0.328  0.361  0.445  0.540  0.585  0.596  0.597  0.596  0.595  0.593  0.592  0.591  0.591  0.593  0.597  0.603  0.608  0.607  0.601  0.589  0.574
 135.000  135.000  0.557  0.543  0.529  0.517  0.505  0.495  0.487  0.478  0.467  0.444  0.409  0.446  0.630  0.806  0.875  0.893  0.897  0.898  0.898  0.898  0.898  0.899  0.899  0.899  0.899  0.899  0.899  0.899  0.899  0.899  0.900  0.903  0.910  0.930  0.980  1.066  1.148  1.178  1.162  1.122  1.069  1.005  0.927  0.826  0.698  0.558  0.441  0.370  0.337  0.329  0.344  0.405  0.509  0.581  0.604  0.607  0.606  0.603  0.601  0.598  0.595  0.593  0.591  0.590  0.590  0.593  0.598  0.602  0.602  0.595  0.585  0.571
 140.000  140.000  0.553  0.540  0.527  0.515  0.504  0.494  0.486  0.480  0.474  0.468  0.463  0.491  0.701  0.854  0.890  0.897  0.898  0.899  0.899  0.899  0.899  0.899  0.899  0.899  0.899  0.899  0.899  0.899  0.899  0.899  0.900  0.901  0.905  0.916  0.946  1.013  1.104  1.164  1.169  1.139  1.092  1.032  0.956  0.856  0.723  0.573  0.448  0.376  0.353  0.382  0.473  0.570  0.613  0.622  0.621  0.618  0.614  0.610  0.606  0.602  0.598  0.594  0.590  0.586  0.585  0.587  0.590  0.593  0.593  0.587  0.578  0.566
 145.000  145.000  0.547  0.535  0.523  0.512  0.501  0.493  0.485  0.479  0.474  0.470  0.467  0.472  0.588  0.840  0.893  0.898  0.899  0.899  0.899  0.899  0.899  0.899  0.899  0.899  0.899  0.899  0.899  0.899  0.899  0.899  0.899  0.899  0.900  0.904  0.916  0.948  1.010  1.077  1.110  1.106  1.075  1.023  0.946  0.834  0.689  0.541  0.438  0.406  0.450  0.539  0.608  0.634  0.640  0.638  0.634  0.629  0.624  0.619  0.613  0.607  0.600  0.594  0.587  0.581  0.576  0.575  0.577  0.580  0.580  0.576  0.569  0.559
 150.000  150.000  0.539  0.528  0.517  0.507  0.498  0.490  0.483  0.478  0.473  0.470  0.466  0.463  0.482  0.685  0.875  0.897  0.899  0.899  0.899  0.899  0.899  0.899  0.899  0.899  0.899  0.899  0.899  0.899  0.898  0.898  0.896  0.891  0.881  0.858  0.814  0.746  0.682  0.653  0.663  0.690  0.705  0.677  0.595  0.488  0.407  0.371  0.381  0.430  0.502  0.574  0.621  0.643  0.650  0.651  0.647  0.642  0.636  0.629  0.621  0.612  0.602  0.592  0.581  0.571  0.563  0.559  0.560  0.563  0.564  0.562  0.557  0.549
 155.000  155.000  0.528  0.520  0.510  0.502  0.494  0.487  0.482  0.477  0.473  0.469  0.465  0.459  0.454  0.497  0.756  0.884  0.895  0.897  0.897  0.897  0.897  0.898  0.898  0.898  0.898  0.898  0.897  0.896  0.892  0.883  0.862  0.817  0.735  0.619  0.502  0.417  0.370  0.351  0.347  0.350  0.353  0.349  0.335  0.323  0.321  0.334  0.365  0.415  0.479  0.544  0.597  0.631  0.649  0.656  0.657  0.653  0.647  0.638  0.628  0.616  0.602  0.587  0.571  0.556  0.544  0.539  0.539  0.542  0.545  0.545  0.542  0.536
 160.000  160.000  0.516  0.510  0.503  0.496  0.490  0.485  0.480  0.477  0.473  0.468  0.462  0.453  0.442  0.434  0.511  0.769  0.850  0.862  0.867  0.872  0.875  0.878  0.880  0.881  0.882  0.880  0.874  0.859  0.823  0.754  0.648  0.528  0.430  0.369  0.338  0.324  0.318  0.317  0.317  0.319  0.322  0.323  0.321  0.317  0.319  0.331  0.359  0.403  0.458  0.513  0.563  0.603  0.631  0.648  0.656  0.657  0.652  0.643  0.631  0.616  0.598  0.577  0.556  0.536  0.522  0.515  0.515  0.519  0.523  0.526  0.525  0.521
 165.000  165.000  0.503  0.499  0.495  0.490  0.487  0.483  0.480  0.477  0.472  0.466  0.457  0.445  0.429  0.409  0.393  0.446  0.541  0.580  0.607  0.632  0.654  0.674  0.691  0.704  0.711  0.705  0.678  0.619  0.533  0.446  0.382  0.346  0.329  0.321  0.318  0.316  0.316  0.317  0.318  0.322  0.326  0.329  0.327  0.323  0.323  0.332  0.355  0.394  0.442  0.489  0.531  0.567  0.599  0.624  0.639  0.646  0.646  0.639  0.626  0.608  0.586  0.561  0.536  0.513  0.497  0.489  0.489  0.494  0.500  0.504  0.506  0.505
 170.000  170.000  0.490  0.489  0.488  0.486  0.485  0.483  0.481  0.478  0.472  0.463  0.451  0.434  0.413  0.388  0.351  0.271  0.218  0.225  0.240  0.257  0.274  0.293  0.312  0.332  0.350  0.365  0.371  0.364  0.351  0.337  0.328  0.323  0.321  0.319  0.319  0.319  0.319  0.320  0.323  0.328  0.334  0.338  0.336  0.330  0.328  0.334  0.352  0.386  0.430  0.472  0.505  0.534  0.561  0.587  0.607  0.620  0.625  0.621  0.609  0.591  0.567  0.540  0.512  0.488  0.471  0.464  0.464  0.470  0.477  0.483  0.487  0.489
 175.000  175.000  0.478  0.481  0.483  0.485  0.486  0.486  0.484  0.479  0.471  0.458  0.441  0.420  0.394  0.364  0.319  0.216  0.150  0.148  0.157  0.167  0.180  0.195  0.213  0.234  0.258  0.284  0.309  0.327  0.333  0.333  0.330  0.327  0.325  0.324  0.323  0.323  0.324  0.326  0.330  0.335  0.343  0.347  0.345  0.339  0.334  0.337  0.351  0.381  0.420  0.459  0.487  0.507  0.526  0.546  0.566  0.582  0.591  0.591  0.582  0.565  0.541  0.514  0.487  0.464  0.448  0.441  0.441  0.447  0.454  0.462  0.469  0.474
