

VARS   PHI PSI -180 -175 -170 -165 -160 -155 -150 -145 -140 -135 -130 -125 -120 -115 -110 -105 -100 -95 -90 -85 -80 -75 -70 -65 -60 -55 -50 -45 -40 -35 -30 -25 -20 -15 -10 -5 0 5 10 15 20 25 30 35 40 45 50 55 60 65 70 75 80 85 90 95 100 105 110 115 120 125 130 135 140 145 150 155 160 165 170 175 
FORMAT %8.3f %8.3f %6.3f %6.3f %6.3f %6.3f %6.3f %6.3f %6.3f %6.3f %6.3f %6.3f %6.3f %6.3f %6.3f %6.3f %6.3f %6.3f %6.3f %6.3f %6.3f %6.3f %6.3f %6.3f %6.3f %6.3f %6.3f %6.3f %6.3f %6.3f %6.3f %6.3f %6.3f %6.3f %6.3f %6.3f %6.3f %6.3f %6.3f %6.3f %6.3f %6.3f %6.3f %6.3f %6.3f %6.3f %6.3f %6.3f %6.3f %6.3f %6.3f %6.3f %6.3f %6.3f %6.3f %6.3f %6.3f %6.3f %6.3f %6.3f %6.3f %6.3f %6.3f %6.3f %6.3f %6.3f %6.3f %6.3f %6.3f %6.3f %6.3f %6.3f %6.3f %6.3f

-180.000 -180.000  0.443  0.434  0.421  0.403  0.376  0.340  0.298  0.255  0.216  0.186  0.165  0.152  0.145  0.144  0.150  0.164  0.172  0.174  0.176  0.179  0.183  0.192  0.212  0.257  0.339  0.439  0.512  0.545  0.555  0.555  0.552  0.546  0.541  0.535  0.530  0.527  0.526  0.530  0.543  0.571  0.618  0.668  0.692  0.680  0.646  0.609  0.576  0.549  0.530  0.513  0.494  0.467  0.434  0.406  0.390  0.381  0.379  0.381  0.387  0.398  0.412  0.429  0.447  0.462  0.472  0.477  0.478  0.475  0.470  0.464  0.458  0.451
-175.000 -175.000  0.443  0.436  0.426  0.411  0.389  0.358  0.320  0.279  0.242  0.214  0.194  0.183  0.177  0.175  0.175  0.175  0.175  0.176  0.178  0.181  0.187  0.197  0.217  0.258  0.331  0.425  0.502  0.543  0.559  0.563  0.562  0.558  0.554  0.549  0.545  0.543  0.544  0.548  0.560  0.584  0.623  0.667  0.693  0.687  0.658  0.621  0.587  0.560  0.542  0.528  0.513  0.490  0.458  0.425  0.402  0.390  0.386  0.387  0.392  0.401  0.413  0.428  0.443  0.456  0.465  0.469  0.469  0.467  0.463  0.458  0.454  0.449
-170.000 -170.000  0.443  0.438  0.431  0.419  0.401  0.375  0.342  0.305  0.272  0.246  0.228  0.218  0.213  0.207  0.193  0.179  0.177  0.178  0.180  0.185  0.192  0.203  0.224  0.262  0.326  0.412  0.489  0.537  0.560  0.569  0.571  0.569  0.566  0.563  0.560  0.559  0.560  0.565  0.574  0.593  0.623  0.661  0.689  0.690  0.666  0.632  0.598  0.572  0.554  0.543  0.533  0.515  0.485  0.449  0.420  0.403  0.396  0.394  0.398  0.405  0.416  0.428  0.441  0.452  0.460  0.463  0.463  0.461  0.458  0.455  0.451  0.447
-165.000 -165.000  0.445  0.442  0.436  0.428  0.413  0.392  0.364  0.333  0.304  0.281  0.265  0.256  0.250  0.235  0.202  0.182  0.178  0.180  0.184  0.190  0.198  0.212  0.234  0.270  0.326  0.401  0.475  0.528  0.557  0.572  0.578  0.579  0.578  0.576  0.574  0.573  0.574  0.577  0.584  0.597  0.620  0.651  0.679  0.687  0.671  0.640  0.609  0.584  0.568  0.560  0.553  0.540  0.513  0.475  0.441  0.419  0.408  0.404  0.405  0.410  0.418  0.429  0.440  0.449  0.456  0.459  0.459  0.458  0.456  0.453  0.450  0.448
-160.000 -160.000  0.448  0.446  0.442  0.436  0.425  0.409  0.387  0.361  0.336  0.316  0.303  0.294  0.285  0.255  0.205  0.183  0.181  0.183  0.189  0.196  0.207  0.224  0.247  0.281  0.331  0.394  0.460  0.514  0.550  0.570  0.581  0.585  0.586  0.585  0.584  0.584  0.584  0.585  0.589  0.597  0.613  0.639  0.666  0.679  0.671  0.646  0.618  0.595  0.582  0.577  0.574  0.565  0.541  0.503  0.464  0.436  0.421  0.414  0.413  0.415  0.422  0.430  0.439  0.447  0.453  0.457  0.457  0.457  0.455  0.453  0.451  0.449
-155.000 -155.000  0.452  0.451  0.449  0.446  0.438  0.427  0.410  0.389  0.369  0.352  0.340  0.330  0.315  0.266  0.205  0.185  0.184  0.188  0.195  0.206  0.220  0.239  0.264  0.297  0.339  0.391  0.447  0.498  0.537  0.563  0.578  0.586  0.589  0.590  0.589  0.588  0.588  0.587  0.589  0.594  0.605  0.625  0.650  0.667  0.667  0.649  0.625  0.606  0.596  0.593  0.594  0.588  0.567  0.529  0.486  0.453  0.434  0.424  0.421  0.421  0.425  0.432  0.439  0.446  0.452  0.456  0.457  0.457  0.456  0.455  0.454  0.453
-150.000 -150.000  0.459  0.459  0.459  0.457  0.454  0.446  0.435  0.420  0.403  0.388  0.376  0.364  0.340  0.271  0.205  0.187  0.189  0.195  0.205  0.218  0.235  0.257  0.284  0.316  0.351  0.393  0.438  0.483  0.522  0.551  0.570  0.581  0.586  0.588  0.588  0.587  0.586  0.585  0.585  0.587  0.595  0.611  0.633  0.652  0.658  0.648  0.630  0.615  0.609  0.610  0.613  0.610  0.590  0.551  0.505  0.469  0.446  0.434  0.428  0.427  0.429  0.434  0.440  0.446  0.452  0.456  0.459  0.460  0.460  0.459  0.459  0.459
-145.000 -145.000  0.468  0.469  0.471  0.472  0.473  0.470  0.464  0.454  0.441  0.428  0.415  0.400  0.363  0.274  0.206  0.192  0.196  0.205  0.218  0.234  0.255  0.280  0.308  0.337  0.367  0.398  0.433  0.470  0.505  0.534  0.556  0.569  0.576  0.580  0.580  0.580  0.579  0.578  0.578  0.580  0.586  0.598  0.616  0.635  0.646  0.643  0.632  0.623  0.621  0.625  0.630  0.628  0.608  0.568  0.520  0.481  0.457  0.443  0.436  0.433  0.433  0.437  0.441  0.447  0.453  0.457  0.461  0.463  0.464  0.465  0.466  0.467
-140.000 -140.000  0.479  0.482  0.487  0.491  0.496  0.500  0.500  0.495  0.487  0.475  0.461  0.441  0.390  0.280  0.209  0.199  0.206  0.218  0.235  0.255  0.280  0.306  0.334  0.360  0.384  0.408  0.433  0.462  0.491  0.518  0.538  0.553  0.562  0.566  0.568  0.569  0.569  0.569  0.570  0.571  0.576  0.586  0.601  0.618  0.631  0.635  0.631  0.628  0.630  0.638  0.644  0.641  0.620  0.579  0.530  0.490  0.465  0.451  0.442  0.439  0.438  0.440  0.443  0.448  0.454  0.459  0.463  0.467  0.470  0.472  0.475  0.477
-135.000 -135.000  0.492  0.498  0.505  0.514  0.525  0.535  0.543  0.545  0.542  0.532  0.518  0.494  0.425  0.291  0.216  0.209  0.219  0.236  0.256  0.281  0.308  0.336  0.362  0.384  0.403  0.420  0.438  0.459  0.482  0.503  0.522  0.536  0.545  0.550  0.554  0.556  0.558  0.559  0.560  0.563  0.567  0.575  0.587  0.602  0.616  0.624  0.627  0.630  0.637  0.647  0.654  0.649  0.626  0.583  0.534  0.496  0.471  0.457  0.449  0.444  0.442  0.443  0.445  0.449  0.454  0.460  0.466  0.471  0.476  0.480  0.484  0.488
-130.000 -130.000  0.506  0.514  0.525  0.540  0.557  0.576  0.592  0.602  0.605  0.600  0.587  0.559  0.472  0.310  0.228  0.223  0.238  0.259  0.284  0.312  0.341  0.368  0.391  0.409  0.423  0.435  0.447  0.461  0.477  0.494  0.509  0.520  0.529  0.536  0.540  0.544  0.547  0.549  0.552  0.554  0.559  0.565  0.574  0.587  0.600  0.611  0.620  0.629  0.641  0.652  0.658  0.650  0.624  0.580  0.534  0.498  0.476  0.463  0.455  0.450  0.447  0.446  0.448  0.451  0.455  0.461  0.467  0.474  0.481  0.487  0.493  0.499
-125.000 -125.000  0.519  0.531  0.546  0.566  0.590  0.618  0.643  0.662  0.672  0.673  0.664  0.635  0.533  0.340  0.246  0.244  0.263  0.288  0.317  0.348  0.377  0.402  0.421  0.435  0.444  0.452  0.460  0.469  0.479  0.490  0.501  0.510  0.518  0.524  0.529  0.534  0.537  0.541  0.544  0.547  0.551  0.556  0.564  0.574  0.585  0.597  0.610  0.624  0.639  0.651  0.655  0.644  0.614  0.571  0.530  0.499  0.481  0.470  0.462  0.456  0.452  0.450  0.450  0.451  0.455  0.461  0.468  0.477  0.485  0.494  0.502  0.510
-120.000 -120.000  0.530  0.545  0.564  0.589  0.621  0.657  0.691  0.719  0.737  0.744  0.741  0.715  0.603  0.380  0.272  0.271  0.295  0.325  0.357  0.387  0.414  0.435  0.450  0.460  0.466  0.471  0.475  0.481  0.486  0.493  0.499  0.506  0.512  0.517  0.522  0.527  0.531  0.534  0.537  0.540  0.544  0.549  0.555  0.562  0.571  0.582  0.596  0.613  0.630  0.642  0.643  0.628  0.598  0.559  0.524  0.500  0.486  0.476  0.469  0.463  0.458  0.454  0.452  0.452  0.455  0.461  0.468  0.478  0.488  0.498  0.509  0.519
-115.000 -115.000  0.538  0.555  0.577  0.607  0.645  0.688  0.730  0.766  0.792  0.806  0.810  0.790  0.678  0.430  0.307  0.308  0.336  0.369  0.400  0.428  0.451  0.467  0.477  0.484  0.488  0.491  0.493  0.496  0.499  0.501  0.504  0.507  0.511  0.515  0.519  0.523  0.526  0.529  0.532  0.535  0.538  0.542  0.547  0.552  0.558  0.566  0.578  0.595  0.612  0.622  0.621  0.605  0.577  0.545  0.519  0.501  0.491  0.484  0.477  0.470  0.464  0.458  0.454  0.453  0.455  0.460  0.468  0.478  0.489  0.501  0.513  0.525
-110.000 -110.000  0.542  0.559  0.584  0.616  0.659  0.707  0.755  0.798  0.831  0.852  0.862  0.850  0.747  0.487  0.353  0.356  0.385  0.416  0.443  0.464  0.480  0.491  0.498  0.502  0.506  0.508  0.511  0.513  0.514  0.514  0.514  0.514  0.515  0.517  0.520  0.522  0.524  0.527  0.529  0.531  0.534  0.537  0.540  0.543  0.546  0.550  0.557  0.569  0.583  0.592  0.590  0.577  0.555  0.532  0.514  0.503  0.497  0.491  0.485  0.478  0.470  0.463  0.458  0.455  0.456  0.460  0.468  0.478  0.490  0.502  0.515  0.528
-105.000 -105.000  0.542  0.559  0.583  0.616  0.660  0.710  0.763  0.810  0.848  0.875  0.890  0.885  0.794  0.537  0.405  0.408  0.432  0.454  0.472  0.486  0.495  0.502  0.507  0.512  0.516  0.520  0.524  0.527  0.528  0.528  0.527  0.525  0.523  0.522  0.522  0.523  0.524  0.525  0.526  0.528  0.529  0.532  0.534  0.536  0.535  0.534  0.533  0.537  0.546  0.553  0.554  0.547  0.534  0.521  0.511  0.506  0.503  0.499  0.494  0.486  0.478  0.469  0.462  0.458  0.458  0.462  0.469  0.479  0.491  0.503  0.515  0.528
-100.000 -100.000  0.539  0.554  0.576  0.607  0.649  0.698  0.750  0.797  0.837  0.865  0.884  0.883  0.801  0.558  0.446  0.446  0.460  0.472  0.482  0.490  0.496  0.501  0.506  0.512  0.518  0.524  0.530  0.535  0.539  0.540  0.539  0.536  0.533  0.529  0.526  0.525  0.524  0.524  0.524  0.524  0.526  0.527  0.529  0.529  0.525  0.517  0.508  0.503  0.506  0.513  0.518  0.519  0.516  0.512  0.510  0.509  0.509  0.507  0.502  0.495  0.486  0.476  0.469  0.464  0.463  0.466  0.473  0.482  0.493  0.505  0.516  0.527
 -95.000  -95.000  0.537  0.549  0.567  0.594  0.631  0.674  0.721  0.763  0.799  0.825  0.842  0.841  0.757  0.541  0.462  0.460  0.467  0.474  0.480  0.485  0.490  0.495  0.501  0.507  0.514  0.521  0.529  0.537  0.543  0.547  0.548  0.546  0.542  0.536  0.530  0.526  0.523  0.522  0.521  0.521  0.522  0.523  0.523  0.522  0.515  0.501  0.484  0.472  0.472  0.479  0.489  0.496  0.501  0.505  0.509  0.513  0.515  0.514  0.510  0.503  0.494  0.485  0.477  0.472  0.471  0.474  0.480  0.489  0.499  0.509  0.518  0.527
 -90.000  -90.000  0.539  0.549  0.563  0.585  0.614  0.650  0.687  0.721  0.748  0.769  0.782  0.778  0.689  0.513  0.463  0.462  0.466  0.471  0.475  0.479  0.484  0.489  0.494  0.501  0.508  0.516  0.525  0.534  0.542  0.548  0.552  0.552  0.548  0.542  0.534  0.528  0.523  0.519  0.518  0.517  0.518  0.518  0.518  0.515  0.505  0.486  0.463  0.448  0.447  0.454  0.466  0.478  0.489  0.499  0.508  0.515  0.520  0.521  0.517  0.511  0.502  0.494  0.487  0.483  0.483  0.486  0.492  0.500  0.509  0.518  0.525  0.532
 -85.000  -85.000  0.549  0.557  0.568  0.584  0.607  0.634  0.662  0.686  0.706  0.720  0.729  0.721  0.631  0.495  0.463  0.462  0.465  0.468  0.472  0.475  0.479  0.484  0.489  0.495  0.502  0.510  0.519  0.528  0.538  0.546  0.552  0.554  0.553  0.547  0.538  0.529  0.522  0.517  0.514  0.513  0.513  0.513  0.512  0.507  0.494  0.471  0.446  0.431  0.430  0.438  0.451  0.465  0.480  0.494  0.506  0.517  0.523  0.525  0.523  0.517  0.509  0.502  0.497  0.495  0.497  0.501  0.508  0.516  0.525  0.532  0.538  0.544
 -80.000  -80.000  0.568  0.574  0.583  0.595  0.612  0.631  0.650  0.667  0.680  0.690  0.695  0.684  0.595  0.491  0.467  0.464  0.465  0.467  0.470  0.473  0.476  0.480  0.485  0.491  0.497  0.505  0.514  0.523  0.532  0.541  0.549  0.554  0.555  0.551  0.543  0.532  0.522  0.514  0.510  0.508  0.507  0.507  0.505  0.499  0.483  0.458  0.433  0.420  0.420  0.428  0.440  0.455  0.471  0.488  0.504  0.517  0.525  0.528  0.526  0.521  0.515  0.510  0.508  0.508  0.512  0.519  0.527  0.536  0.544  0.552  0.558  0.563
 -75.000  -75.000  0.593  0.599  0.606  0.616  0.627  0.640  0.652  0.662  0.670  0.675  0.678  0.664  0.581  0.500  0.477  0.470  0.468  0.468  0.469  0.471  0.474  0.478  0.482  0.487  0.494  0.501  0.509  0.518  0.527  0.536  0.545  0.552  0.555  0.554  0.547  0.536  0.524  0.514  0.507  0.503  0.501  0.500  0.498  0.490  0.473  0.446  0.423  0.412  0.413  0.421  0.432  0.447  0.464  0.483  0.501  0.516  0.525  0.528  0.527  0.523  0.520  0.517  0.518  0.522  0.529  0.538  0.548  0.558  0.567  0.575  0.581  0.587
 -70.000  -70.000  0.621  0.628  0.635  0.642  0.649  0.655  0.660  0.665  0.668  0.670  0.671  0.657  0.586  0.522  0.495  0.481  0.474  0.471  0.470  0.471  0.473  0.477  0.480  0.485  0.491  0.497  0.505  0.513  0.522  0.532  0.541  0.549  0.554  0.555  0.551  0.542  0.529  0.517  0.506  0.499  0.495  0.493  0.490  0.481  0.462  0.435  0.415  0.408  0.409  0.416  0.426  0.440  0.457  0.477  0.497  0.513  0.523  0.527  0.527  0.525  0.523  0.525  0.529  0.536  0.546  0.557  0.569  0.580  0.590  0.599  0.606  0.614
 -65.000  -65.000  0.648  0.657  0.665  0.671  0.674  0.675  0.674  0.672  0.671  0.671  0.671  0.661  0.609  0.556  0.521  0.498  0.484  0.476  0.473  0.472  0.474  0.476  0.479  0.484  0.489  0.495  0.502  0.509  0.518  0.527  0.537  0.545  0.552  0.556  0.555  0.548  0.537  0.522  0.509  0.498  0.491  0.487  0.482  0.472  0.452  0.427  0.410  0.404  0.406  0.412  0.421  0.434  0.451  0.472  0.493  0.510  0.520  0.525  0.526  0.526  0.528  0.532  0.540  0.550  0.562  0.575  0.588  0.600  0.611  0.621  0.630  0.639
 -60.000  -60.000  0.673  0.685  0.694  0.700  0.700  0.696  0.690  0.683  0.678  0.675  0.677  0.677  0.645  0.598  0.556  0.523  0.500  0.486  0.478  0.475  0.475  0.477  0.479  0.483  0.487  0.493  0.499  0.507  0.515  0.524  0.533  0.542  0.550  0.556  0.558  0.555  0.546  0.532  0.517  0.502  0.491  0.483  0.476  0.464  0.444  0.420  0.406  0.402  0.404  0.409  0.417  0.428  0.445  0.466  0.488  0.506  0.517  0.522  0.525  0.528  0.533  0.540  0.550  0.563  0.576  0.590  0.604  0.617  0.628  0.639  0.650  0.662
 -55.000  -55.000  0.693  0.707  0.719  0.726  0.726  0.719  0.708  0.696  0.687  0.682  0.689  0.706  0.686  0.642  0.596  0.554  0.522  0.500  0.486  0.480  0.478  0.478  0.480  0.483  0.487  0.492  0.498  0.505  0.513  0.521  0.530  0.540  0.549  0.556  0.561  0.561  0.556  0.545  0.529  0.512  0.496  0.484  0.472  0.458  0.437  0.414  0.402  0.399  0.401  0.405  0.411  0.422  0.439  0.461  0.484  0.502  0.513  0.520  0.525  0.531  0.539  0.549  0.561  0.575  0.589  0.603  0.617  0.630  0.642  0.654  0.666  0.679
 -50.000  -50.000  0.708  0.725  0.740  0.750  0.751  0.742  0.727  0.711  0.698  0.693  0.712  0.738  0.721  0.683  0.637  0.590  0.549  0.518  0.498  0.487  0.482  0.481  0.482  0.484  0.488  0.492  0.498  0.504  0.511  0.520  0.529  0.538  0.548  0.557  0.564  0.569  0.568  0.561  0.547  0.529  0.509  0.491  0.474  0.455  0.432  0.410  0.399  0.397  0.398  0.400  0.405  0.416  0.433  0.457  0.479  0.498  0.510  0.519  0.527  0.536  0.547  0.559  0.572  0.586  0.600  0.614  0.627  0.639  0.651  0.664  0.677  0.692
 -45.000  -45.000  0.717  0.737  0.755  0.769  0.773  0.765  0.748  0.728  0.711  0.709  0.743  0.766  0.749  0.716  0.674  0.627  0.581  0.542  0.514  0.497  0.488  0.484  0.484  0.486  0.489  0.493  0.498  0.504  0.511  0.519  0.527  0.537  0.547  0.558  0.568  0.576  0.581  0.579  0.570  0.553  0.532  0.508  0.484  0.458  0.430  0.407  0.396  0.393  0.393  0.394  0.399  0.409  0.428  0.452  0.475  0.493  0.507  0.518  0.529  0.541  0.554  0.568  0.582  0.596  0.609  0.622  0.634  0.646  0.657  0.669  0.683  0.699
 -40.000  -40.000  0.721  0.743  0.765  0.783  0.791  0.786  0.770  0.747  0.727  0.733  0.774  0.785  0.769  0.742  0.706  0.662  0.615  0.570  0.535  0.510  0.496  0.490  0.488  0.489  0.491  0.495  0.499  0.505  0.511  0.519  0.527  0.537  0.548  0.560  0.573  0.585  0.595  0.600  0.597  0.586  0.565  0.538  0.507  0.471  0.433  0.405  0.393  0.389  0.387  0.387  0.391  0.403  0.423  0.447  0.470  0.488  0.504  0.517  0.531  0.546  0.561  0.576  0.590  0.604  0.617  0.628  0.639  0.650  0.660  0.672  0.685  0.702
 -35.000  -35.000  0.721  0.745  0.770  0.791  0.805  0.805  0.790  0.767  0.747  0.763  0.796  0.797  0.784  0.762  0.732  0.693  0.647  0.600  0.559  0.527  0.508  0.497  0.493  0.492  0.494  0.497  0.501  0.506  0.512  0.520  0.528  0.538  0.550  0.564  0.579  0.596  0.612  0.624  0.629  0.625  0.608  0.581  0.545  0.498  0.445  0.406  0.390  0.384  0.380  0.379  0.383  0.397  0.418  0.442  0.464  0.483  0.500  0.516  0.533  0.550  0.566  0.582  0.597  0.610  0.622  0.633  0.642  0.651  0.661  0.671  0.684  0.700
 -30.000  -30.000  0.716  0.742  0.769  0.795  0.814  0.820  0.810  0.787  0.771  0.791  0.809  0.805  0.794  0.776  0.751  0.718  0.677  0.630  0.585  0.548  0.522  0.506  0.499  0.497  0.498  0.500  0.504  0.509  0.515  0.521  0.530  0.540  0.553  0.568  0.587  0.609  0.631  0.650  0.664  0.668  0.659  0.636  0.599  0.544  0.472  0.411  0.386  0.377  0.372  0.370  0.376  0.391  0.413  0.437  0.458  0.477  0.495  0.514  0.533  0.552  0.570  0.587  0.602  0.615  0.626  0.636  0.644  0.651  0.659  0.668  0.680  0.696
 -25.000  -25.000  0.709  0.735  0.764  0.793  0.818  0.831  0.827  0.808  0.795  0.810  0.816  0.811  0.801  0.787  0.767  0.739  0.702  0.659  0.613  0.571  0.539  0.518  0.507  0.503  0.503  0.505  0.508  0.512  0.518  0.524  0.533  0.543  0.557  0.575  0.597  0.624  0.652  0.679  0.701  0.713  0.714  0.699  0.666  0.609  0.519  0.428  0.385  0.370  0.363  0.361  0.369  0.387  0.409  0.431  0.451  0.470  0.489  0.510  0.531  0.552  0.571  0.589  0.604  0.617  0.628  0.637  0.644  0.650  0.656  0.663  0.674  0.689
 -20.000  -20.000  0.699  0.724  0.755  0.787  0.817  0.836  0.840  0.826  0.814  0.820  0.820  0.815  0.807  0.795  0.778  0.755  0.724  0.684  0.640  0.595  0.558  0.532  0.517  0.511  0.509  0.510  0.513  0.517  0.522  0.529  0.537  0.548  0.563  0.584  0.610  0.641  0.675  0.709  0.738  0.758  0.767  0.761  0.736  0.684  0.588  0.471  0.399  0.369  0.356  0.354  0.364  0.382  0.404  0.424  0.443  0.462  0.482  0.504  0.527  0.549  0.570  0.588  0.604  0.617  0.628  0.636  0.642  0.647  0.652  0.658  0.666  0.680
 -15.000  -15.000  0.687  0.711  0.742  0.777  0.811  0.837  0.848  0.838  0.825  0.824  0.822  0.818  0.811  0.801  0.787  0.768  0.741  0.706  0.664  0.620  0.580  0.549  0.530  0.520  0.517  0.517  0.519  0.523  0.528  0.534  0.543  0.555  0.571  0.594  0.624  0.660  0.700  0.739  0.773  0.799  0.813  0.811  0.785  0.720  0.627  0.542  0.476  0.422  0.380  0.359  0.362  0.378  0.397  0.416  0.434  0.453  0.474  0.497  0.521  0.544  0.566  0.585  0.602  0.615  0.625  0.633  0.638  0.643  0.646  0.651  0.658  0.669
 -10.000  -10.000  0.674  0.697  0.727  0.763  0.800  0.832  0.851  0.844  0.830  0.827  0.824  0.820  0.814  0.806  0.794  0.778  0.755  0.724  0.687  0.644  0.602  0.568  0.544  0.532  0.526  0.526  0.528  0.531  0.535  0.542  0.550  0.563  0.581  0.606  0.640  0.681  0.725  0.768  0.805  0.830  0.836  0.805  0.735  0.660  0.603  0.557  0.516  0.475  0.436  0.399  0.374  0.374  0.388  0.406  0.423  0.443  0.465  0.488  0.513  0.537  0.559  0.579  0.596  0.610  0.620  0.628  0.633  0.637  0.640  0.643  0.649  0.658
  -5.000   -5.000  0.660  0.681  0.710  0.746  0.785  0.822  0.848  0.844  0.831  0.828  0.825  0.822  0.817  0.810  0.800  0.786  0.766  0.740  0.706  0.666  0.624  0.587  0.561  0.545  0.538  0.537  0.538  0.541  0.545  0.551  0.559  0.572  0.592  0.620  0.657  0.701  0.748  0.791  0.819  0.816  0.771  0.711  0.664  0.627  0.592  0.557  0.520  0.484  0.450  0.419  0.392  0.372  0.371  0.388  0.409  0.431  0.454  0.478  0.503  0.528  0.551  0.571  0.589  0.603  0.613  0.621  0.626  0.630  0.632  0.635  0.639  0.647
   0.000    0.000  0.646  0.664  0.692  0.727  0.768  0.809  0.841  0.840  0.831  0.829  0.826  0.823  0.819  0.813  0.804  0.792  0.775  0.752  0.722  0.685  0.645  0.607  0.578  0.560  0.552  0.549  0.550  0.553  0.557  0.562  0.570  0.584  0.604  0.634  0.673  0.718  0.758  0.775  0.754  0.714  0.684  0.663  0.643  0.618  0.589  0.556  0.520  0.486  0.453  0.423  0.396  0.373  0.356  0.353  0.375  0.407  0.437  0.465  0.492  0.517  0.541  0.561  0.579  0.593  0.605  0.613  0.618  0.622  0.624  0.626  0.629  0.635
   5.000    5.000  0.632  0.648  0.672  0.706  0.747  0.791  0.831  0.836  0.832  0.829  0.827  0.825  0.821  0.815  0.808  0.797  0.782  0.762  0.735  0.702  0.664  0.626  0.596  0.577  0.567  0.564  0.565  0.567  0.570  0.576  0.583  0.596  0.616  0.644  0.677  0.698  0.692  0.671  0.659  0.657  0.656  0.649  0.634  0.613  0.586  0.554  0.520  0.486  0.453  0.424  0.397  0.374  0.352  0.334  0.327  0.344  0.387  0.433  0.471  0.502  0.528  0.549  0.568  0.583  0.594  0.602  0.608  0.612  0.615  0.617  0.619  0.623
  10.000   10.000  0.619  0.632  0.653  0.684  0.724  0.772  0.821  0.834  0.832  0.830  0.828  0.826  0.822  0.817  0.811  0.801  0.788  0.770  0.746  0.716  0.680  0.643  0.613  0.593  0.582  0.579  0.579  0.581  0.585  0.589  0.596  0.605  0.615  0.621  0.613  0.600  0.599  0.612  0.627  0.639  0.643  0.639  0.627  0.608  0.582  0.551  0.519  0.485  0.453  0.424  0.397  0.373  0.351  0.330  0.312  0.302  0.308  0.342  0.401  0.460  0.503  0.532  0.554  0.570  0.582  0.591  0.597  0.602  0.605  0.607  0.609  0.612
  15.000   15.000  0.606  0.616  0.634  0.662  0.701  0.752  0.815  0.833  0.832  0.830  0.829  0.827  0.823  0.819  0.813  0.804  0.792  0.775  0.752  0.721  0.685  0.648  0.617  0.597  0.586  0.583  0.582  0.584  0.587  0.590  0.592  0.591  0.580  0.559  0.545  0.552  0.572  0.594  0.614  0.628  0.633  0.631  0.620  0.602  0.577  0.548  0.517  0.484  0.453  0.423  0.396  0.372  0.349  0.328  0.309  0.294  0.284  0.283  0.298  0.342  0.413  0.481  0.525  0.551  0.567  0.578  0.585  0.590  0.593  0.596  0.598  0.601
  20.000   20.000  0.594  0.602  0.616  0.640  0.676  0.734  0.813  0.832  0.832  0.831  0.829  0.827  0.824  0.819  0.813  0.802  0.787  0.762  0.728  0.685  0.642  0.607  0.585  0.574  0.570  0.569  0.570  0.573  0.576  0.580  0.581  0.576  0.560  0.539  0.530  0.541  0.563  0.586  0.606  0.619  0.625  0.623  0.613  0.596  0.573  0.545  0.514  0.482  0.451  0.422  0.395  0.370  0.347  0.326  0.308  0.293  0.281  0.274  0.270  0.274  0.293  0.343  0.422  0.494  0.537  0.559  0.571  0.577  0.582  0.584  0.587  0.589
  25.000   25.000  0.581  0.588  0.600  0.620  0.653  0.720  0.815  0.832  0.832  0.830  0.828  0.825  0.819  0.809  0.792  0.764  0.724  0.678  0.636  0.605  0.585  0.574  0.568  0.565  0.563  0.564  0.566  0.568  0.572  0.575  0.575  0.569  0.553  0.532  0.525  0.537  0.559  0.582  0.601  0.614  0.620  0.618  0.608  0.591  0.568  0.541  0.511  0.479  0.449  0.420  0.393  0.368  0.345  0.324  0.307  0.292  0.281  0.273  0.268  0.264  0.264  0.269  0.291  0.345  0.427  0.500  0.541  0.559  0.568  0.572  0.575  0.578
  30.000   30.000  0.569  0.575  0.584  0.601  0.631  0.713  0.817  0.830  0.828  0.823  0.814  0.799  0.773  0.736  0.694  0.655  0.625  0.605  0.592  0.583  0.577  0.572  0.568  0.565  0.564  0.563  0.564  0.566  0.569  0.571  0.570  0.563  0.547  0.527  0.521  0.534  0.557  0.580  0.600  0.613  0.618  0.615  0.605  0.588  0.565  0.537  0.507  0.476  0.445  0.417  0.390  0.365  0.342  0.323  0.306  0.292  0.282  0.274  0.268  0.264  0.261  0.260  0.260  0.268  0.291  0.347  0.431  0.502  0.540  0.555  0.562  0.566
  35.000   35.000  0.556  0.562  0.570  0.583  0.612  0.713  0.812  0.813  0.796  0.769  0.734  0.696  0.663  0.639  0.622  0.611  0.603  0.596  0.590  0.585  0.580  0.575  0.571  0.567  0.565  0.564  0.564  0.564  0.566  0.567  0.564  0.556  0.539  0.520  0.517  0.532  0.556  0.581  0.601  0.614  0.619  0.616  0.605  0.586  0.562  0.534  0.504  0.472  0.442  0.413  0.386  0.362  0.340  0.321  0.305  0.292  0.282  0.274  0.269  0.264  0.261  0.259  0.258  0.257  0.259  0.267  0.292  0.350  0.434  0.502  0.536  0.550
  40.000   40.000  0.533  0.546  0.555  0.567  0.597  0.711  0.755  0.724  0.690  0.663  0.645  0.633  0.625  0.619  0.614  0.609  0.605  0.600  0.594  0.589  0.584  0.578  0.574  0.569  0.566  0.564  0.563  0.562  0.562  0.561  0.558  0.548  0.530  0.513  0.511  0.529  0.556  0.583  0.605  0.619  0.624  0.620  0.608  0.588  0.562  0.533  0.501  0.469  0.437  0.408  0.382  0.358  0.337  0.320  0.304  0.292  0.283  0.275  0.269  0.265  0.262  0.260  0.258  0.256  0.256  0.256  0.258  0.267  0.293  0.354  0.438  0.502
  45.000   45.000  0.442  0.503  0.533  0.550  0.588  0.668  0.660  0.647  0.638  0.633  0.629  0.626  0.623  0.620  0.616  0.613  0.608  0.604  0.599  0.593  0.588  0.582  0.577  0.572  0.567  0.564  0.561  0.559  0.558  0.556  0.550  0.539  0.520  0.504  0.505  0.525  0.555  0.585  0.610  0.626  0.633  0.629  0.615  0.594  0.566  0.534  0.499  0.465  0.432  0.403  0.377  0.354  0.335  0.318  0.304  0.293  0.283  0.276  0.270  0.266  0.263  0.260  0.258  0.257  0.256  0.255  0.254  0.255  0.257  0.267  0.296  0.359
  50.000   50.000  0.299  0.365  0.449  0.514  0.608  0.639  0.637  0.634  0.633  0.631  0.629  0.627  0.625  0.622  0.619  0.616  0.612  0.608  0.603  0.597  0.592  0.586  0.580  0.574  0.568  0.564  0.560  0.556  0.553  0.549  0.542  0.528  0.509  0.494  0.498  0.521  0.553  0.587  0.615  0.634  0.643  0.640  0.626  0.603  0.572  0.537  0.499  0.462  0.428  0.397  0.371  0.350  0.332  0.317  0.304  0.293  0.284  0.277  0.271  0.267  0.263  0.261  0.259  0.257  0.256  0.255  0.254  0.254  0.254  0.254  0.257  0.268
  55.000   55.000  0.258  0.270  0.305  0.429  0.628  0.636  0.635  0.634  0.633  0.632  0.630  0.629  0.627  0.625  0.622  0.619  0.615  0.611  0.606  0.601  0.595  0.589  0.583  0.576  0.569  0.563  0.558  0.553  0.548  0.542  0.532  0.517  0.497  0.483  0.489  0.515  0.550  0.587  0.619  0.642  0.654  0.654  0.640  0.616  0.583  0.544  0.501  0.460  0.423  0.391  0.366  0.345  0.329  0.315  0.304  0.294  0.285  0.278  0.272  0.268  0.264  0.261  0.259  0.257  0.256  0.255  0.254  0.254  0.253  0.253  0.253  0.254
  60.000   60.000  0.253  0.254  0.260  0.407  0.632  0.636  0.635  0.635  0.634  0.633  0.632  0.630  0.629  0.627  0.624  0.621  0.618  0.614  0.610  0.605  0.599  0.592  0.585  0.578  0.570  0.563  0.556  0.549  0.542  0.534  0.522  0.504  0.484  0.471  0.480  0.507  0.545  0.585  0.621  0.649  0.665  0.668  0.657  0.632  0.597  0.553  0.506  0.459  0.418  0.385  0.359  0.340  0.326  0.314  0.303  0.294  0.286  0.279  0.273  0.269  0.265  0.262  0.260  0.258  0.257  0.255  0.255  0.254  0.254  0.253  0.253  0.253
  65.000   65.000  0.253  0.253  0.255  0.429  0.634  0.636  0.636  0.635  0.635  0.634  0.633  0.632  0.630  0.628  0.626  0.624  0.621  0.617  0.613  0.608  0.602  0.595  0.588  0.580  0.571  0.562  0.553  0.545  0.536  0.525  0.511  0.491  0.470  0.460  0.470  0.499  0.539  0.581  0.621  0.653  0.675  0.682  0.673  0.650  0.613  0.566  0.512  0.460  0.414  0.378  0.353  0.335  0.322  0.311  0.302  0.294  0.287  0.280  0.275  0.270  0.266  0.263  0.260  0.258  0.257  0.256  0.255  0.254  0.254  0.253  0.253  0.253
  70.000   70.000  0.253  0.253  0.260  0.452  0.633  0.637  0.636  0.636  0.635  0.635  0.634  0.633  0.631  0.630  0.628  0.626  0.623  0.620  0.615  0.611  0.605  0.598  0.590  0.581  0.572  0.561  0.551  0.540  0.529  0.516  0.499  0.478  0.456  0.448  0.460  0.490  0.531  0.575  0.618  0.655  0.682  0.694  0.690  0.669  0.631  0.580  0.521  0.461  0.409  0.371  0.346  0.329  0.318  0.309  0.301  0.294  0.287  0.281  0.275  0.271  0.267  0.264  0.261  0.259  0.257  0.256  0.255  0.254  0.254  0.253  0.253  0.253
  75.000   75.000  0.255  0.266  0.310  0.434  0.611  0.636  0.637  0.636  0.636  0.635  0.635  0.634  0.633  0.631  0.629  0.627  0.625  0.622  0.618  0.613  0.607  0.600  0.592  0.583  0.572  0.560  0.548  0.535  0.522  0.506  0.487  0.464  0.443  0.436  0.450  0.480  0.521  0.567  0.613  0.655  0.686  0.704  0.704  0.686  0.650  0.596  0.530  0.463  0.405  0.364  0.338  0.323  0.313  0.306  0.299  0.293  0.287  0.282  0.276  0.272  0.268  0.264  0.262  0.260  0.258  0.256  0.255  0.255  0.254  0.254  0.253  0.253
  80.000   80.000  0.293  0.370  0.412  0.394  0.470  0.615  0.636  0.637  0.636  0.636  0.635  0.634  0.633  0.632  0.631  0.629  0.626  0.623  0.620  0.615  0.609  0.602  0.594  0.584  0.572  0.559  0.546  0.531  0.515  0.496  0.475  0.450  0.429  0.425  0.440  0.470  0.511  0.558  0.606  0.651  0.687  0.711  0.716  0.703  0.667  0.611  0.539  0.464  0.401  0.357  0.331  0.316  0.308  0.302  0.297  0.292  0.287  0.282  0.277  0.273  0.269  0.265  0.262  0.260  0.258  0.257  0.256  0.255  0.254  0.254  0.255  0.261
  85.000   85.000  0.446  0.461  0.430  0.385  0.348  0.465  0.615  0.636  0.637  0.636  0.636  0.635  0.634  0.633  0.632  0.630  0.628  0.625  0.621  0.617  0.611  0.604  0.595  0.585  0.573  0.558  0.543  0.526  0.507  0.486  0.462  0.436  0.417  0.414  0.430  0.460  0.500  0.547  0.597  0.645  0.686  0.714  0.726  0.716  0.683  0.625  0.548  0.466  0.396  0.350  0.323  0.309  0.302  0.298  0.294  0.290  0.286  0.282  0.277  0.273  0.269  0.266  0.263  0.261  0.259  0.257  0.256  0.255  0.255  0.259  0.279  0.351
  90.000   90.000  0.503  0.470  0.429  0.382  0.327  0.296  0.458  0.614  0.635  0.637  0.636  0.636  0.635  0.634  0.633  0.631  0.629  0.626  0.623  0.619  0.613  0.606  0.597  0.586  0.573  0.557  0.540  0.521  0.500  0.476  0.449  0.423  0.405  0.404  0.420  0.450  0.489  0.536  0.586  0.636  0.681  0.714  0.732  0.727  0.697  0.638  0.556  0.467  0.392  0.342  0.315  0.302  0.296  0.293  0.290  0.288  0.285  0.281  0.277  0.274  0.270  0.267  0.264  0.261  0.259  0.258  0.257  0.258  0.270  0.323  0.442  0.512
  95.000   95.000  0.506  0.469  0.427  0.379  0.322  0.264  0.248  0.447  0.612  0.635  0.636  0.636  0.635  0.634  0.633  0.632  0.630  0.627  0.624  0.620  0.614  0.607  0.598  0.587  0.573  0.556  0.537  0.516  0.493  0.466  0.437  0.410  0.393  0.394  0.411  0.440  0.478  0.523  0.574  0.625  0.673  0.711  0.734  0.735  0.708  0.649  0.562  0.466  0.387  0.335  0.307  0.295  0.289  0.287  0.286  0.284  0.282  0.280  0.277  0.274  0.270  0.267  0.264  0.262  0.260  0.260  0.265  0.299  0.410  0.536  0.562  0.539
 100.000  100.000  0.506  0.468  0.425  0.375  0.318  0.257  0.203  0.209  0.432  0.609  0.635  0.636  0.636  0.635  0.634  0.633  0.631  0.628  0.625  0.621  0.615  0.608  0.599  0.587  0.573  0.555  0.535  0.512  0.486  0.456  0.425  0.398  0.383  0.386  0.403  0.431  0.467  0.511  0.560  0.613  0.663  0.705  0.733  0.739  0.716  0.656  0.565  0.465  0.381  0.328  0.300  0.288  0.283  0.281  0.281  0.281  0.280  0.278  0.276  0.273  0.270  0.267  0.265  0.263  0.265  0.284  0.368  0.524  0.606  0.601  0.573  0.540
 105.000  105.000  0.504  0.466  0.423  0.372  0.315  0.254  0.196  0.152  0.180  0.416  0.605  0.634  0.636  0.635  0.634  0.633  0.631  0.629  0.626  0.622  0.616  0.609  0.600  0.588  0.573  0.554  0.532  0.507  0.479  0.447  0.414  0.386  0.373  0.378  0.395  0.422  0.457  0.499  0.547  0.599  0.651  0.697  0.729  0.741  0.721  0.662  0.567  0.462  0.376  0.321  0.293  0.281  0.277  0.276  0.276  0.276  0.276  0.276  0.274  0.272  0.270  0.268  0.268  0.277  0.330  0.477  0.617  0.649  0.632  0.604  0.572  0.539
 110.000  110.000  0.502  0.464  0.420  0.369  0.311  0.251  0.194  0.146  0.114  0.159  0.398  0.600  0.633  0.636  0.635  0.634  0.632  0.630  0.627  0.623  0.617  0.610  0.600  0.588  0.572  0.553  0.530  0.503  0.472  0.438  0.403  0.376  0.365  0.370  0.388  0.413  0.446  0.486  0.533  0.584  0.637  0.686  0.723  0.739  0.723  0.664  0.567  0.458  0.370  0.314  0.286  0.275  0.271  0.270  0.271  0.272  0.272  0.273  0.272  0.271  0.271  0.275  0.304  0.413  0.577  0.660  0.671  0.655  0.630  0.601  0.570  0.537
 115.000  115.000  0.499  0.461  0.417  0.366  0.308  0.248  0.192  0.144  0.108  0.088  0.143  0.380  0.595  0.632  0.635  0.634  0.633  0.630  0.627  0.623  0.618  0.611  0.601  0.588  0.572  0.552  0.528  0.499  0.466  0.429  0.392  0.366  0.357  0.364  0.381  0.405  0.436  0.474  0.519  0.569  0.622  0.673  0.713  0.734  0.722  0.665  0.565  0.454  0.364  0.308  0.280  0.269  0.265  0.265  0.265  0.267  0.268  0.269  0.271  0.274  0.290  0.354  0.487  0.604  0.657  0.672  0.667  0.650  0.625  0.597  0.566  0.534
 120.000  120.000  0.495  0.458  0.414  0.363  0.306  0.247  0.191  0.144  0.108  0.082  0.071  0.130  0.361  0.588  0.631  0.634  0.633  0.631  0.628  0.624  0.619  0.611  0.602  0.589  0.572  0.551  0.526  0.495  0.460  0.420  0.383  0.358  0.350  0.358  0.374  0.398  0.427  0.463  0.506  0.554  0.607  0.658  0.702  0.726  0.718  0.663  0.562  0.449  0.358  0.303  0.275  0.264  0.260  0.260  0.261  0.263  0.266  0.272  0.286  0.323  0.398  0.488  0.564  0.619  0.651  0.663  0.658  0.642  0.619  0.592  0.562  0.530
 125.000  125.000  0.491  0.454  0.411  0.361  0.305  0.246  0.191  0.145  0.109  0.082  0.064  0.060  0.120  0.342  0.581  0.630  0.633  0.631  0.628  0.624  0.619  0.612  0.602  0.589  0.572  0.550  0.524  0.491  0.454  0.412  0.374  0.350  0.344  0.352  0.368  0.391  0.418  0.452  0.493  0.539  0.591  0.643  0.688  0.717  0.713  0.659  0.557  0.443  0.352  0.297  0.270  0.259  0.256  0.257  0.261  0.271  0.290  0.322  0.359  0.398  0.443  0.499  0.556  0.605  0.637  0.650  0.647  0.633  0.611  0.585  0.556  0.525
 130.000  130.000  0.486  0.450  0.408  0.359  0.304  0.246  0.192  0.146  0.110  0.084  0.065  0.052  0.052  0.111  0.323  0.572  0.628  0.631  0.629  0.625  0.619  0.612  0.602  0.589  0.572  0.549  0.522  0.488  0.448  0.404  0.366  0.342  0.338  0.347  0.363  0.384  0.410  0.442  0.480  0.525  0.575  0.626  0.673  0.705  0.705  0.653  0.552  0.436  0.346  0.293  0.267  0.259  0.262  0.277  0.305  0.338  0.361  0.373  0.385  0.406  0.440  0.489  0.542  0.589  0.621  0.635  0.634  0.621  0.601  0.576  0.548  0.518
 135.000  135.000  0.481  0.446  0.406  0.359  0.305  0.248  0.195  0.149  0.113  0.086  0.067  0.054  0.045  0.048  0.103  0.304  0.562  0.625  0.628  0.625  0.620  0.612  0.602  0.589  0.571  0.548  0.520  0.485  0.443  0.397  0.358  0.336  0.333  0.342  0.358  0.377  0.402  0.432  0.468  0.511  0.559  0.610  0.658  0.692  0.695  0.646  0.545  0.430  0.343  0.295  0.282  0.297  0.328  0.356  0.371  0.375  0.377  0.379  0.386  0.403  0.434  0.478  0.528  0.573  0.604  0.619  0.619  0.608  0.589  0.566  0.540  0.512
 140.000  140.000  0.475  0.442  0.404  0.359  0.306  0.251  0.198  0.153  0.117  0.090  0.070  0.056  0.047  0.042  0.046  0.097  0.284  0.540  0.612  0.619  0.617  0.611  0.602  0.588  0.571  0.547  0.518  0.482  0.439  0.393  0.356  0.336  0.333  0.340  0.354  0.372  0.395  0.423  0.457  0.497  0.543  0.593  0.641  0.676  0.678  0.629  0.533  0.434  0.370  0.352  0.361  0.374  0.380  0.381  0.380  0.378  0.377  0.378  0.385  0.401  0.429  0.469  0.515  0.557  0.587  0.602  0.603  0.593  0.576  0.555  0.530  0.504
 145.000  145.000  0.469  0.439  0.403  0.360  0.310  0.256  0.204  0.158  0.122  0.094  0.074  0.060  0.050  0.044  0.042  0.048  0.097  0.247  0.415  0.498  0.541  0.566  0.576  0.574  0.562  0.542  0.516  0.487  0.459  0.435  0.416  0.402  0.390  0.382  0.380  0.384  0.396  0.416  0.444  0.482  0.527  0.576  0.619  0.635  0.610  0.560  0.512  0.474  0.440  0.414  0.398  0.390  0.385  0.382  0.379  0.377  0.376  0.377  0.384  0.398  0.424  0.460  0.502  0.541  0.569  0.584  0.585  0.577  0.562  0.542  0.520  0.496
 150.000  150.000  0.463  0.436  0.403  0.362  0.315  0.262  0.211  0.165  0.128  0.100  0.079  0.065  0.055  0.049  0.046  0.050  0.075  0.136  0.187  0.215  0.245  0.287  0.345  0.413  0.475  0.509  0.519  0.516  0.509  0.500  0.491  0.481  0.470  0.459  0.449  0.439  0.432  0.430  0.439  0.466  0.520  0.582  0.609  0.595  0.567  0.541  0.517  0.492  0.463  0.431  0.407  0.393  0.385  0.381  0.378  0.375  0.374  0.376  0.383  0.397  0.420  0.453  0.490  0.525  0.551  0.565  0.567  0.560  0.547  0.529  0.509  0.487
 155.000  155.000  0.458  0.433  0.403  0.366  0.321  0.271  0.220  0.174  0.136  0.107  0.086  0.071  0.061  0.056  0.054  0.061  0.095  0.146  0.169  0.175  0.180  0.193  0.228  0.305  0.412  0.492  0.522  0.526  0.521  0.513  0.505  0.495  0.486  0.477  0.467  0.459  0.452  0.448  0.454  0.480  0.540  0.608  0.626  0.606  0.577  0.549  0.525  0.502  0.476  0.445  0.415  0.396  0.386  0.380  0.377  0.374  0.373  0.375  0.382  0.395  0.417  0.447  0.480  0.511  0.534  0.547  0.549  0.543  0.532  0.516  0.499  0.479
 160.000  160.000  0.453  0.432  0.405  0.372  0.330  0.281  0.231  0.185  0.146  0.116  0.094  0.080  0.070  0.065  0.064  0.077  0.119  0.159  0.171  0.174  0.178  0.188  0.217  0.286  0.394  0.485  0.524  0.532  0.529  0.522  0.513  0.505  0.496  0.487  0.478  0.471  0.465  0.463  0.470  0.498  0.560  0.626  0.644  0.622  0.590  0.560  0.534  0.511  0.487  0.458  0.427  0.402  0.388  0.380  0.376  0.373  0.372  0.375  0.381  0.394  0.415  0.441  0.471  0.498  0.518  0.530  0.532  0.527  0.517  0.503  0.488  0.472
 165.000  165.000  0.449  0.431  0.408  0.378  0.340  0.294  0.244  0.198  0.159  0.128  0.106  0.091  0.082  0.078  0.079  0.099  0.142  0.167  0.173  0.175  0.178  0.187  0.213  0.275  0.379  0.476  0.524  0.537  0.536  0.530  0.522  0.514  0.506  0.497  0.489  0.483  0.478  0.478  0.487  0.518  0.578  0.642  0.660  0.638  0.604  0.571  0.544  0.520  0.498  0.472  0.442  0.412  0.393  0.382  0.376  0.372  0.372  0.374  0.381  0.394  0.413  0.437  0.463  0.487  0.504  0.514  0.515  0.511  0.502  0.491  0.479  0.465
 170.000  170.000  0.446  0.431  0.412  0.386  0.351  0.308  0.260  0.214  0.174  0.143  0.121  0.107  0.098  0.095  0.099  0.123  0.158  0.171  0.174  0.176  0.179  0.188  0.211  0.266  0.364  0.466  0.523  0.541  0.543  0.538  0.532  0.524  0.516  0.509  0.502  0.496  0.493  0.494  0.506  0.537  0.595  0.655  0.674  0.654  0.619  0.584  0.554  0.529  0.508  0.486  0.458  0.427  0.401  0.385  0.377  0.373  0.372  0.375  0.382  0.394  0.412  0.433  0.456  0.477  0.492  0.499  0.501  0.497  0.490  0.481  0.470  0.459
 175.000  175.000  0.444  0.432  0.416  0.394  0.363  0.324  0.278  0.233  0.193  0.162  0.140  0.127  0.119  0.117  0.123  0.147  0.167  0.173  0.175  0.177  0.181  0.189  0.211  0.260  0.350  0.453  0.519  0.544  0.549  0.547  0.541  0.535  0.528  0.521  0.515  0.511  0.509  0.512  0.525  0.555  0.608  0.664  0.685  0.668  0.633  0.596  0.564  0.539  0.518  0.499  0.476  0.445  0.415  0.393  0.381  0.376  0.375  0.377  0.384  0.396  0.412  0.431  0.451  0.468  0.481  0.487  0.488  0.485  0.479  0.472  0.463  0.454
