

VARS   PHI PSI -180 -175 -170 -165 -160 -155 -150 -145 -140 -135 -130 -125 -120 -115 -110 -105 -100 -95 -90 -85 -80 -75 -70 -65 -60 -55 -50 -45 -40 -35 -30 -25 -20 -15 -10 -5 0 5 10 15 20 25 30 35 40 45 50 55 60 65 70 75 80 85 90 95 100 105 110 115 120 125 130 135 140 145 150 155 160 165 170 175 
FORMAT %8.3f %8.3f %6.3f %6.3f %6.3f %6.3f %6.3f %6.3f %6.3f %6.3f %6.3f %6.3f %6.3f %6.3f %6.3f %6.3f %6.3f %6.3f %6.3f %6.3f %6.3f %6.3f %6.3f %6.3f %6.3f %6.3f %6.3f %6.3f %6.3f %6.3f %6.3f %6.3f %6.3f %6.3f %6.3f %6.3f %6.3f %6.3f %6.3f %6.3f %6.3f %6.3f %6.3f %6.3f %6.3f %6.3f %6.3f %6.3f %6.3f %6.3f %6.3f %6.3f %6.3f %6.3f %6.3f %6.3f %6.3f %6.3f %6.3f %6.3f %6.3f %6.3f %6.3f %6.3f %6.3f %6.3f %6.3f %6.3f %6.3f %6.3f %6.3f %6.3f %6.3f %6.3f

-180.000 -180.000  1.492  1.470  1.441  1.408  1.373  1.339  1.312  1.302  1.334  1.437  1.632  1.917  2.260  2.614  2.933  3.174  3.258  3.230  3.200  3.172  3.137  3.088  3.022  2.939  2.842  2.743  2.653  2.581  2.523  2.474  2.426  2.372  2.307  2.229  2.134  2.018  1.871  1.680  1.436  1.160  0.907  0.728  0.637  0.636  0.717  0.859  1.017  1.154  1.259  1.334  1.384  1.414  1.428  1.428  1.418  1.404  1.391  1.380  1.372  1.365  1.360  1.358  1.361  1.371  1.388  1.411  1.437  1.464  1.487  1.503  1.509  1.506
-175.000 -175.000  1.512  1.490  1.457  1.415  1.366  1.317  1.281  1.286  1.366  1.549  1.832  2.180  2.543  2.869  3.124  3.275  3.265  3.188  3.146  3.115  3.079  3.029  2.962  2.878  2.779  2.676  2.580  2.500  2.435  2.378  2.323  2.262  2.189  2.102  1.999  1.876  1.728  1.547  1.331  1.100  0.891  0.737  0.652  0.637  0.691  0.802  0.944  1.083  1.201  1.293  1.359  1.401  1.423  1.427  1.416  1.398  1.379  1.364  1.354  1.347  1.343  1.343  1.349  1.362  1.382  1.408  1.438  1.467  1.494  1.514  1.524  1.524
-170.000 -170.000  1.531  1.512  1.481  1.438  1.387  1.337  1.312  1.349  1.490  1.747  2.089  2.461  2.803  3.078  3.268  3.345  3.258  3.131  3.074  3.041  3.003  2.952  2.885  2.799  2.699  2.593  2.492  2.404  2.331  2.267  2.204  2.136  2.056  1.964  1.857  1.735  1.595  1.432  1.247  1.054  0.880  0.748  0.669  0.646  0.679  0.764  0.884  1.015  1.138  1.242  1.322  1.377  1.407  1.416  1.406  1.386  1.363  1.345  1.334  1.328  1.326  1.330  1.339  1.354  1.376  1.405  1.436  1.469  1.498  1.521  1.535  1.539
-165.000 -165.000  1.546  1.531  1.504  1.465  1.418  1.377  1.374  1.458  1.666  1.986  2.362  2.724  3.022  3.238  3.370  3.390  3.238  3.057  2.981  2.944  2.907  2.856  2.789  2.703  2.603  2.496  2.392  2.298  2.217  2.145  2.075  2.000  1.916  1.821  1.717  1.603  1.476  1.335  1.178  1.018  0.871  0.757  0.685  0.660  0.679  0.742  0.839  0.956  1.076  1.185  1.275  1.341  1.380  1.394  1.387  1.366  1.342  1.323  1.313  1.309  1.310  1.317  1.329  1.347  1.372  1.401  1.434  1.468  1.499  1.524  1.541  1.549
-160.000 -160.000  1.553  1.543  1.521  1.488  1.450  1.425  1.455  1.597  1.873  2.242  2.624  2.951  3.194  3.354  3.438  3.414  3.203  2.963  2.864  2.824  2.788  2.739  2.673  2.590  2.493  2.388  2.283  2.187  2.100  2.021  1.944  1.863  1.777  1.684  1.587  1.484  1.374  1.253  1.121  0.985  0.862  0.763  0.700  0.674  0.686  0.733  0.811  0.912  1.022  1.130  1.224  1.297  1.344  1.363  1.358  1.338  1.315  1.297  1.289  1.288  1.292  1.303  1.318  1.340  1.366  1.397  1.431  1.465  1.496  1.522  1.541  1.552
-155.000 -155.000  1.550  1.545  1.529  1.504  1.477  1.474  1.548  1.755  2.095  2.492  2.856  3.134  3.321  3.433  3.480  3.418  3.154  2.852  2.726  2.681  2.647  2.602  2.541  2.463  2.372  2.272  2.171  2.075  1.986  1.902  1.819  1.735  1.648  1.559  1.471  1.382  1.286  1.182  1.069  0.955  0.850  0.766  0.711  0.688  0.696  0.733  0.797  0.883  0.982  1.083  1.176  1.252  1.302  1.324  1.322  1.304  1.283  1.268  1.262  1.264  1.272  1.286  1.306  1.330  1.358  1.390  1.424  1.457  1.488  1.514  1.534  1.547
-150.000 -150.000  1.537  1.535  1.524  1.507  1.495  1.521  1.646  1.921  2.314  2.718  3.046  3.271  3.409  3.484  3.500  3.405  3.091  2.731  2.572  2.521  2.489  2.449  2.395  2.325  2.243  2.153  2.059  1.968  1.879  1.792  1.705  1.618  1.532  1.449  1.370  1.291  1.209  1.119  1.023  0.926  0.838  0.767  0.720  0.700  0.707  0.739  0.795  0.870  0.958  1.051  1.139  1.212  1.263  1.286  1.284  1.267  1.248  1.235  1.232  1.237  1.249  1.267  1.289  1.315  1.345  1.378  1.411  1.444  1.474  1.499  1.519  1.531
-145.000 -145.000  1.512  1.512  1.506  1.497  1.501  1.558  1.738  2.080  2.513  2.907  3.192  3.368  3.466  3.511  3.499  3.372  3.020  2.612  2.419  2.355  2.323  2.288  2.242  2.182  2.112  2.032  1.949  1.864  1.778  1.691  1.603  1.515  1.430  1.352  1.280  1.211  1.139  1.062  0.981  0.900  0.826  0.767  0.727  0.711  0.719  0.750  0.803  0.872  0.953  1.038  1.119  1.187  1.233  1.254  1.251  1.233  1.214  1.202  1.201  1.208  1.223  1.243  1.267  1.295  1.326  1.359  1.392  1.423  1.452  1.475  1.494  1.506
-140.000 -140.000  1.478  1.479  1.476  1.474  1.493  1.581  1.814  2.216  2.677  3.053  3.296  3.432  3.498  3.516  3.476  3.317  2.947  2.516  2.283  2.199  2.161  2.129  2.090  2.040  1.981  1.913  1.840  1.762  1.681  1.596  1.507  1.420  1.338  1.265  1.200  1.138  1.076  1.011  0.944  0.877  0.817  0.768  0.735  0.722  0.732  0.765  0.819  0.889  0.967  1.047  1.121  1.181  1.220  1.235  1.227  1.206  1.185  1.172  1.170  1.178  1.194  1.216  1.241  1.270  1.301  1.333  1.365  1.395  1.421  1.443  1.460  1.472
-135.000 -135.000  1.436  1.438  1.437  1.442  1.473  1.585  1.861  2.312  2.795  3.156  3.365  3.469  3.506  3.495  3.424  3.241  2.881  2.455  2.182  2.066  2.016  1.982  1.947  1.905  1.854  1.796  1.732  1.661  1.584  1.502  1.416  1.332  1.254  1.186  1.127  1.073  1.021  0.967  0.913  0.860  0.811  0.771  0.745  0.736  0.749  0.787  0.846  0.922  1.002  1.080  1.148  1.199  1.229  1.234  1.218  1.190  1.164  1.147  1.143  1.151  1.166  1.188  1.213  1.241  1.271  1.301  1.331  1.359  1.384  1.404  1.420  1.430
-130.000 -130.000  1.391  1.394  1.396  1.406  1.445  1.570  1.870  2.355  2.860  3.215  3.402  3.478  3.486  3.443  3.340  3.147  2.825  2.428  2.122  1.964  1.893  1.853  1.817  1.779  1.733  1.682  1.623  1.558  1.487  1.409  1.328  1.249  1.177  1.116  1.063  1.017  0.974  0.932  0.890  0.849  0.810  0.779  0.758  0.754  0.773  0.818  0.889  0.976  1.064  1.142  1.203  1.244  1.261  1.253  1.225  1.187  1.153  1.131  1.123  1.128  1.142  1.161  1.185  1.211  1.238  1.265  1.292  1.317  1.340  1.359  1.374  1.384
-125.000 -125.000  1.346  1.353  1.360  1.374  1.417  1.543  1.839  2.334  2.864  3.230  3.406  3.456  3.431  3.353  3.226  3.041  2.770  2.418  2.091  1.889  1.790  1.738  1.698  1.659  1.616  1.568  1.514  1.454  1.387  1.316  1.243  1.172  1.109  1.054  1.009  0.971  0.937  0.904  0.873  0.843  0.814  0.791  0.777  0.779  0.806  0.863  0.952  1.059  1.159  1.237  1.290  1.317  1.317  1.292  1.249  1.198  1.154  1.124  1.111  1.112  1.122  1.139  1.159  1.181  1.204  1.227  1.250  1.272  1.293  1.311  1.326  1.337
-120.000 -120.000  1.306  1.319  1.334  1.355  1.400  1.513  1.778  2.249  2.798  3.194  3.370  3.395  3.336  3.230  3.095  2.928  2.701  2.393  2.064  1.824  1.694  1.627  1.582  1.540  1.498  1.451  1.401  1.346  1.287  1.225  1.162  1.102  1.049  1.003  0.966  0.935  0.908  0.885  0.863  0.842  0.822  0.807  0.801  0.812  0.851  0.927  1.041  1.173  1.287  1.364  1.405  1.413  1.393  1.348  1.286  1.221  1.165  1.127  1.107  1.103  1.109  1.121  1.137  1.154  1.171  1.189  1.208  1.226  1.244  1.261  1.278  1.292
-115.000 -115.000  1.274  1.297  1.322  1.353  1.400  1.495  1.707  2.115  2.659  3.096  3.286  3.291  3.206  3.087  2.954  2.803  2.605  2.333  2.012  1.745  1.588  1.506  1.455  1.412  1.371  1.328  1.283  1.236  1.187  1.137  1.087  1.040  0.997  0.961  0.931  0.907  0.888  0.871  0.857  0.844  0.833  0.827  0.830  0.853  0.908  1.009  1.154  1.312  1.437  1.509  1.534  1.522  1.479  1.412  1.331  1.250  1.183  1.136  1.110  1.101  1.102  1.109  1.120  1.131  1.143  1.155  1.167  1.181  1.197  1.214  1.232  1.252
-110.000 -110.000  1.252  1.286  1.324  1.365  1.415  1.492  1.646  1.961  2.459  2.934  3.152  3.149  3.055  2.935  2.808  2.663  2.478  2.225  1.914  1.633  1.456  1.364  1.311  1.270  1.234  1.198  1.162  1.125  1.089  1.052  1.017  0.983  0.952  0.925  0.903  0.886  0.873  0.863  0.855  0.850  0.846  0.849  0.862  0.899  0.975  1.103  1.278  1.454  1.581  1.644  1.653  1.623  1.561  1.474  1.376  1.280  1.203  1.149  1.117  1.103  1.100  1.102  1.108  1.113  1.119  1.125  1.131  1.141  1.154  1.171  1.194  1.220
-105.000 -105.000  1.239  1.285  1.334  1.384  1.436  1.498  1.602  1.820  2.234  2.722  2.979  2.987  2.896  2.779  2.651  2.506  2.322  2.075  1.767  1.481  1.300  1.207  1.158  1.124  1.096  1.069  1.043  1.018  0.994  0.971  0.950  0.929  0.911  0.894  0.881  0.870  0.862  0.858  0.856  0.856  0.860  0.871  0.896  0.948  1.045  1.199  1.393  1.572  1.688  1.739  1.739  1.698  1.623  1.523  1.411  1.305  1.220  1.160  1.124  1.106  1.099  1.098  1.099  1.099  1.099  1.100  1.101  1.107  1.118  1.136  1.163  1.197
-100.000 -100.000  1.231  1.286  1.343  1.399  1.451  1.501  1.568  1.705  2.019  2.490  2.788  2.817  2.732  2.614  2.483  2.333  2.144  1.892  1.585  1.309  1.139  1.057  1.018  0.993  0.973  0.955  0.939  0.924  0.910  0.898  0.888  0.880  0.873  0.866  0.861  0.857  0.855  0.855  0.857  0.863  0.873  0.892  0.927  0.994  1.111  1.284  1.482  1.645  1.743  1.782  1.777  1.734  1.655  1.549  1.430  1.318  1.228  1.166  1.128  1.107  1.098  1.093  1.090  1.087  1.083  1.079  1.077  1.080  1.090  1.111  1.141  1.182
 -95.000  -95.000  1.224  1.283  1.343  1.400  1.449  1.490  1.529  1.608  1.832  2.262  2.591  2.642  2.561  2.442  2.306  2.149  1.952  1.692  1.392  1.142  1.000  0.936  0.907  0.890  0.877  0.866  0.857  0.849  0.842  0.838  0.836  0.836  0.837  0.840  0.842  0.845  0.848  0.853  0.859  0.869  0.884  0.910  0.955  1.035  1.166  1.347  1.533  1.670  1.747  1.778  1.771  1.731  1.654  1.549  1.429  1.316  1.225  1.163  1.124  1.102  1.091  1.084  1.078  1.073  1.066  1.060  1.057  1.060  1.071  1.093  1.127  1.171
 -90.000  -90.000  1.215  1.272  1.330  1.383  1.427  1.458  1.478  1.516  1.670  2.046  2.392  2.462  2.385  2.264  2.125  1.962  1.754  1.490  1.211  1.005  0.897  0.851  0.831  0.819  0.811  0.804  0.799  0.795  0.792  0.792  0.795  0.800  0.807  0.815  0.824  0.833  0.841  0.850  0.860  0.874  0.894  0.925  0.978  1.067  1.205  1.382  1.546  1.656  1.715  1.737  1.731  1.694  1.624  1.522  1.406  1.296  1.209  1.148  1.111  1.089  1.077  1.068  1.062  1.055  1.047  1.041  1.039  1.043  1.057  1.081  1.117  1.162
 -85.000  -85.000  1.200  1.252  1.304  1.350  1.387  1.408  1.413  1.423  1.524  1.842  2.191  2.278  2.206  2.086  1.945  1.776  1.559  1.299  1.059  0.904  0.830  0.798  0.784  0.775  0.769  0.764  0.761  0.759  0.759  0.761  0.766  0.773  0.783  0.795  0.808  0.821  0.833  0.846  0.860  0.877  0.900  0.936  0.993  1.087  1.226  1.389  1.528  1.614  1.658  1.674  1.668  1.634  1.569  1.475  1.365  1.261  1.179  1.123  1.088  1.067  1.055  1.046  1.039  1.032  1.025  1.021  1.021  1.028  1.045  1.072  1.108  1.151
 -80.000  -80.000  1.181  1.225  1.269  1.307  1.334  1.345  1.339  1.331  1.390  1.653  1.993  2.096  2.031  1.914  1.772  1.596  1.374  1.134  0.945  0.838  0.790  0.768  0.757  0.749  0.744  0.740  0.738  0.737  0.738  0.741  0.746  0.755  0.765  0.779  0.793  0.809  0.824  0.840  0.856  0.876  0.902  0.941  1.002  1.097  1.229  1.373  1.487  1.555  1.587  1.598  1.590  1.558  1.498  1.410  1.309  1.214  1.139  1.089  1.057  1.039  1.027  1.019  1.012  1.005  1.000  0.998  1.002  1.013  1.033  1.062  1.097  1.137
 -75.000  -75.000  1.159  1.196  1.230  1.258  1.276  1.279  1.264  1.241  1.270  1.480  1.804  1.921  1.866  1.753  1.607  1.423  1.204  1.002  0.867  0.798  0.767  0.751  0.742  0.736  0.731  0.727  0.725  0.724  0.726  0.729  0.735  0.743  0.754  0.767  0.782  0.798  0.814  0.831  0.849  0.871  0.899  0.940  1.002  1.094  1.214  1.338  1.431  1.484  1.509  1.515  1.505  1.474  1.417  1.336  1.243  1.158  1.093  1.049  1.023  1.007  0.997  0.990  0.984  0.978  0.975  0.976  0.983  0.998  1.021  1.051  1.085  1.122
 -70.000  -70.000  1.137  1.166  1.192  1.210  1.220  1.214  1.192  1.160  1.165  1.328  1.631  1.759  1.713  1.600  1.448  1.258  1.060  0.907  0.818  0.775  0.755  0.743  0.735  0.729  0.724  0.720  0.718  0.717  0.719  0.722  0.728  0.736  0.746  0.759  0.773  0.788  0.804  0.821  0.839  0.862  0.891  0.932  0.993  1.079  1.185  1.289  1.365  1.409  1.428  1.431  1.418  1.386  1.331  1.256  1.172  1.098  1.043  1.008  0.987  0.975  0.968  0.962  0.957  0.954  0.953  0.956  0.966  0.983  1.008  1.038  1.071  1.105
 -65.000  -65.000  1.116  1.140  1.157  1.168  1.169  1.157  1.129  1.090  1.076  1.198  1.472  1.607  1.566  1.449  1.289  1.106  0.946  0.842  0.788  0.762  0.749  0.740  0.733  0.726  0.721  0.717  0.715  0.714  0.715  0.718  0.724  0.732  0.742  0.753  0.766  0.780  0.795  0.810  0.827  0.849  0.878  0.919  0.976  1.053  1.142  1.227  1.292  1.331  1.348  1.348  1.333  1.300  1.246  1.176  1.101  1.038  0.994  0.968  0.954  0.946  0.941  0.938  0.935  0.933  0.934  0.939  0.950  0.969  0.994  1.025  1.057  1.088
 -60.000  -60.000  1.097  1.116  1.129  1.133  1.128  1.110  1.078  1.033  1.003  1.083  1.312  1.437  1.399  1.283  1.129  0.975  0.862  0.799  0.769  0.755  0.746  0.739  0.732  0.726  0.721  0.716  0.714  0.713  0.714  0.717  0.722  0.729  0.739  0.750  0.762  0.774  0.787  0.800  0.815  0.834  0.861  0.900  0.952  1.018  1.090  1.158  1.214  1.252  1.270  1.270  1.253  1.218  1.165  1.099  1.033  0.982  0.949  0.932  0.924  0.921  0.919  0.918  0.917  0.917  0.919  0.925  0.937  0.956  0.981  1.011  1.042  1.072
 -55.000  -55.000  1.080  1.097  1.106  1.106  1.096  1.074  1.038  0.988  0.940  0.961  1.096  1.182  1.164  1.081  0.968  0.867  0.803  0.772  0.757  0.750  0.744  0.738  0.732  0.726  0.721  0.717  0.714  0.712  0.713  0.716  0.721  0.728  0.737  0.748  0.759  0.770  0.781  0.791  0.803  0.819  0.843  0.877  0.923  0.976  1.031  1.084  1.134  1.173  1.195  1.197  1.179  1.143  1.090  1.028  0.971  0.932  0.910  0.901  0.899  0.899  0.901  0.902  0.902  0.903  0.906  0.913  0.925  0.943  0.968  0.997  1.028  1.056
 -50.000  -50.000  1.064  1.080  1.088  1.086  1.073  1.049  1.010  0.951  0.869  0.787  0.779  0.816  0.841  0.837  0.810  0.779  0.760  0.752  0.749  0.746  0.743  0.738  0.733  0.727  0.722  0.718  0.714  0.713  0.713  0.716  0.720  0.728  0.737  0.747  0.757  0.767  0.776  0.784  0.793  0.805  0.824  0.853  0.890  0.930  0.968  1.008  1.053  1.096  1.124  1.129  1.112  1.075  1.022  0.964  0.917  0.889  0.878  0.875  0.877  0.881  0.884  0.887  0.889  0.891  0.895  0.901  0.913  0.931  0.954  0.983  1.013  1.041
 -45.000  -45.000  1.049  1.066  1.073  1.071  1.058  1.032  0.988  0.908  0.750  0.556  0.481  0.497  0.541  0.598  0.655  0.698  0.722  0.735  0.741  0.742  0.741  0.738  0.734  0.728  0.723  0.719  0.715  0.714  0.714  0.716  0.720  0.727  0.736  0.746  0.756  0.766  0.773  0.779  0.785  0.793  0.807  0.829  0.856  0.883  0.907  0.934  0.974  1.020  1.056  1.067  1.052  1.014  0.962  0.909  0.872  0.854  0.850  0.853  0.858  0.864  0.869  0.873  0.876  0.879  0.883  0.890  0.901  0.917  0.940  0.967  0.997  1.025
 -40.000  -40.000  1.034  1.052  1.061  1.060  1.048  1.020  0.964  0.826  0.567  0.375  0.327  0.335  0.367  0.426  0.515  0.610  0.679  0.715  0.731  0.738  0.739  0.738  0.734  0.730  0.725  0.720  0.717  0.715  0.714  0.716  0.720  0.726  0.735  0.745  0.755  0.764  0.771  0.776  0.779  0.783  0.791  0.806  0.823  0.837  0.848  0.865  0.899  0.948  0.991  1.009  0.997  0.959  0.907  0.861  0.834  0.825  0.827  0.832  0.840  0.847  0.854  0.859  0.863  0.866  0.870  0.877  0.887  0.902  0.924  0.950  0.979  1.008
 -35.000  -35.000  1.017  1.038  1.051  1.052  1.041  1.009  0.916  0.673  0.401  0.294  0.275  0.279  0.295  0.332  0.405  0.514  0.619  0.686  0.718  0.732  0.737  0.737  0.735  0.731  0.727  0.723  0.719  0.716  0.715  0.716  0.720  0.726  0.734  0.744  0.754  0.763  0.770  0.773  0.775  0.775  0.778  0.785  0.792  0.795  0.795  0.803  0.832  0.880  0.930  0.955  0.946  0.908  0.859  0.820  0.803  0.800  0.805  0.813  0.822  0.830  0.838  0.843  0.848  0.852  0.856  0.862  0.871  0.885  0.905  0.930  0.959  0.989
 -30.000  -30.000  0.997  1.022  1.039  1.045  1.035  0.986  0.809  0.492  0.310  0.267  0.261  0.263  0.270  0.289  0.335  0.423  0.541  0.641  0.697  0.722  0.733  0.736  0.736  0.733  0.730  0.726  0.722  0.719  0.717  0.718  0.721  0.726  0.734  0.743  0.753  0.762  0.769  0.772  0.772  0.770  0.768  0.767  0.764  0.756  0.748  0.750  0.774  0.821  0.875  0.906  0.899  0.860  0.816  0.786  0.776  0.778  0.785  0.795  0.804  0.813  0.821  0.827  0.832  0.836  0.840  0.845  0.853  0.865  0.883  0.907  0.936  0.967
 -25.000  -25.000  0.973  1.002  1.024  1.035  1.022  0.927  0.637  0.363  0.275  0.259  0.258  0.258  0.262  0.271  0.295  0.354  0.457  0.576  0.663  0.708  0.728  0.736  0.738  0.738  0.735  0.732  0.728  0.724  0.722  0.721  0.723  0.727  0.734  0.742  0.752  0.761  0.768  0.771  0.770  0.766  0.760  0.752  0.741  0.727  0.716  0.718  0.742  0.788  0.843  0.874  0.862  0.820  0.779  0.757  0.752  0.757  0.766  0.776  0.786  0.796  0.804  0.810  0.815  0.819  0.822  0.826  0.832  0.843  0.859  0.881  0.908  0.940
 -20.000  -20.000  0.943  0.976  1.004  1.019  0.990  0.802  0.469  0.301  0.264  0.258  0.257  0.257  0.258  0.263  0.276  0.310  0.385  0.501  0.615  0.687  0.723  0.739  0.747  0.749  0.749  0.746  0.742  0.738  0.734  0.732  0.731  0.733  0.737  0.744  0.753  0.761  0.767  0.771  0.769  0.764  0.756  0.747  0.741  0.745  0.766  0.807  0.867  0.936  0.985  0.977  0.906  0.818  0.758  0.735  0.732  0.738  0.748  0.758  0.768  0.778  0.786  0.792  0.797  0.800  0.802  0.805  0.809  0.817  0.831  0.850  0.877  0.908
 -15.000  -15.000  0.906  0.943  0.974  0.982  0.900  0.622  0.369  0.283  0.264  0.259  0.257  0.257  0.257  0.260  0.266  0.286  0.336  0.433  0.560  0.664  0.725  0.756  0.773  0.782  0.786  0.786  0.783  0.778  0.771  0.765  0.759  0.756  0.755  0.757  0.761  0.766  0.770  0.772  0.771  0.769  0.773  0.807  0.900  1.041  1.200  1.359  1.509  1.628  1.677  1.599  1.359  1.044  0.826  0.739  0.719  0.722  0.730  0.740  0.751  0.760  0.768  0.774  0.778  0.780  0.781  0.782  0.784  0.789  0.800  0.817  0.841  0.871
 -10.000  -10.000  0.864  0.898  0.917  0.874  0.701  0.484  0.357  0.301  0.276  0.265  0.260  0.258  0.258  0.259  0.262  0.275  0.310  0.389  0.518  0.652  0.748  0.806  0.842  0.867  0.882  0.891  0.892  0.887  0.877  0.863  0.847  0.831  0.817  0.805  0.796  0.791  0.787  0.786  0.790  0.820  0.930  1.155  1.417  1.633  1.802  1.941  2.054  2.138  2.189  2.185  2.068  1.735  1.244  0.891  0.752  0.718  0.717  0.724  0.734  0.743  0.750  0.755  0.758  0.759  0.759  0.758  0.757  0.760  0.767  0.781  0.802  0.830
  -5.000   -5.000  0.812  0.824  0.775  0.649  0.532  0.460  0.406  0.355  0.313  0.286  0.271  0.264  0.261  0.260  0.262  0.272  0.302  0.376  0.509  0.669  0.803  0.896  0.964  1.016  1.058  1.087  1.105  1.111  1.104  1.087  1.060  1.026  0.989  0.950  0.913  0.880  0.857  0.855  0.911  1.074  1.296  1.484  1.632  1.762  1.880  1.985  2.075  2.148  2.203  2.237  2.239  2.169  1.921  1.448  1.014  0.801  0.732  0.718  0.720  0.726  0.732  0.737  0.739  0.738  0.736  0.733  0.730  0.730  0.734  0.744  0.760  0.785
   0.000    0.000  0.734  0.680  0.587  0.525  0.495  0.475  0.452  0.418  0.377  0.335  0.303  0.283  0.272  0.267  0.267  0.276  0.308  0.389  0.535  0.713  0.869  0.989  1.086  1.171  1.245  1.309  1.360  1.395  1.414  1.415  1.398  1.364  1.316  1.254  1.185  1.114  1.064  1.085  1.190  1.302  1.396  1.488  1.588  1.693  1.799  1.898  1.987  2.062  2.122  2.166  2.194  2.199  2.155  1.996  1.646  1.217  0.921  0.784  0.735  0.721  0.719  0.719  0.719  0.717  0.712  0.707  0.702  0.699  0.700  0.706  0.719  0.734
   5.000    5.000  0.632  0.571  0.531  0.510  0.496  0.485  0.472  0.455  0.432  0.401  0.366  0.333  0.309  0.294  0.288  0.294  0.330  0.424  0.582  0.761  0.917  1.044  1.156  1.260  1.358  1.449  1.530  1.598  1.651  1.687  1.704  1.702  1.680  1.634  1.560  1.449  1.326  1.271  1.280  1.315  1.367  1.435  1.518  1.612  1.709  1.803  1.890  1.967  2.031  2.082  2.120  2.142  2.144  2.111  2.012  1.805  1.488  1.159  0.923  0.795  0.738  0.715  0.704  0.697  0.690  0.682  0.675  0.670  0.668  0.671  0.678  0.675
  10.000   10.000  0.623  0.577  0.544  0.521  0.504  0.491  0.480  0.469  0.458  0.445  0.429  0.409  0.387  0.366  0.350  0.348  0.380  0.476  0.632  0.798  0.940  1.063  1.177  1.289  1.397  1.501  1.598  1.684  1.759  1.819  1.865  1.894  1.903  1.877  1.771  1.542  1.341  1.273  1.269  1.291  1.330  1.385  1.456  1.538  1.625  1.714  1.798  1.875  1.942  1.999  2.044  2.076  2.093  2.088  2.057  1.994  1.888  1.719  1.473  1.192  0.956  0.808  0.732  0.695  0.674  0.660  0.650  0.644  0.646  0.661  0.683  0.672
  15.000   15.000  0.704  0.634  0.583  0.546  0.519  0.500  0.486  0.475  0.468  0.464  0.464  0.467  0.470  0.469  0.464  0.459  0.475  0.547  0.677  0.818  0.945  1.061  1.174  1.288  1.400  1.509  1.612  1.707  1.790  1.862  1.920  1.961  1.972  1.903  1.680  1.411  1.284  1.252  1.252  1.268  1.298  1.343  1.403  1.474  1.552  1.633  1.713  1.788  1.857  1.918  1.970  2.012  2.041  2.050  2.037  2.004  1.958  1.903  1.828  1.709  1.515  1.257  1.006  0.827  0.723  0.670  0.650  0.662  0.726  0.830  0.858  0.789
  20.000   20.000  0.837  0.730  0.650  0.590  0.547  0.517  0.495  0.481  0.474  0.473  0.481  0.497  0.520  0.546  0.569  0.585  0.597  0.632  0.714  0.824  0.936  1.047  1.158  1.272  1.385  1.497  1.603  1.702  1.790  1.867  1.927  1.960  1.924  1.745  1.477  1.310  1.252  1.237  1.237  1.249  1.272  1.309  1.358  1.419  1.488  1.561  1.636  1.709  1.778  1.843  1.902  1.953  1.993  2.014  2.011  1.987  1.953  1.918  1.886  1.856  1.814  1.738  1.593  1.365  1.106  0.909  0.853  0.989  1.203  1.243  1.122  0.970
  25.000   25.000  1.024  0.874  0.755  0.664  0.596  0.547  0.514  0.492  0.482  0.481  0.492  0.515  0.548  0.587  0.626  0.659  0.683  0.704  0.744  0.819  0.915  1.018  1.126  1.239  1.354  1.468  1.578  1.680  1.772  1.849  1.901  1.893  1.763  1.532  1.351  1.268  1.237  1.227  1.226  1.234  1.251  1.280  1.321  1.373  1.433  1.499  1.568  1.638  1.707  1.774  1.839  1.900  1.950  1.981  1.986  1.967  1.936  1.904  1.880  1.866  1.859  1.855  1.844  1.808  1.720  1.595  1.601  1.781  1.787  1.621  1.409  1.204
  30.000   30.000  1.262  1.069  0.907  0.776  0.675  0.600  0.547  0.512  0.495  0.492  0.504  0.531  0.569  0.613  0.657  0.695  0.724  0.745  0.767  0.809  0.877  0.964  1.063  1.171  1.286  1.402  1.517  1.625  1.721  1.796  1.822  1.747  1.577  1.411  1.307  1.254  1.230  1.220  1.218  1.222  1.235  1.258  1.291  1.335  1.388  1.447  1.510  1.576  1.644  1.714  1.784  1.852  1.912  1.951  1.961  1.944  1.914  1.885  1.864  1.856  1.858  1.869  1.885  1.900  1.916  1.967  2.153  2.266  2.148  1.944  1.714  1.481
  35.000   35.000  1.539  1.312  1.108  0.934  0.792  0.682  0.601  0.547  0.516  0.508  0.519  0.548  0.588  0.634  0.678  0.715  0.744  0.766  0.782  0.802  0.837  0.889  0.959  1.045  1.145  1.255  1.370  1.484  1.591  1.671  1.682  1.603  1.482  1.374  1.298  1.252  1.228  1.217  1.213  1.215  1.223  1.240  1.267  1.304  1.349  1.402  1.460  1.523  1.589  1.660  1.735  1.810  1.877  1.922  1.934  1.918  1.889  1.862  1.847  1.845  1.855  1.874  1.896  1.920  1.952  2.044  2.310  2.473  2.389  2.218  2.009  1.777
  40.000   40.000  1.826  1.584  1.350  1.136  0.952  0.801  0.685  0.602  0.552  0.531  0.538  0.566  0.607  0.652  0.695  0.730  0.757  0.777  0.790  0.800  0.812  0.832  0.862  0.904  0.961  1.034  1.124  1.237  1.374  1.505  1.566  1.534  1.454  1.369  1.299  1.253  1.228  1.216  1.211  1.211  1.216  1.228  1.249  1.279  1.318  1.365  1.418  1.477  1.542  1.613  1.691  1.772  1.845  1.893  1.905  1.888  1.861  1.839  1.832  1.839  1.858  1.883  1.909  1.936  1.971  2.075  2.378  2.589  2.554  2.430  2.262  2.057
  45.000   45.000  2.090  1.859  1.614  1.373  1.151  0.959  0.803  0.684  0.605  0.566  0.562  0.586  0.626  0.670  0.710  0.742  0.767  0.784  0.795  0.800  0.803  0.806  0.812  0.821  0.836  0.862  0.915  1.023  1.202  1.398  1.508  1.508  1.447  1.370  1.303  1.256  1.230  1.218  1.213  1.212  1.214  1.221  1.236  1.260  1.293  1.333  1.382  1.437  1.500  1.572  1.652  1.737  1.814  1.863  1.874  1.857  1.834  1.821  1.825  1.843  1.870  1.900  1.930  1.957  1.993  2.103  2.425  2.662  2.662  2.579  2.455  2.292
  50.000   50.000  2.308  2.108  1.876  1.627  1.381  1.153  0.956  0.797  0.682  0.615  0.594  0.609  0.645  0.686  0.723  0.752  0.774  0.789  0.798  0.801  0.800  0.797  0.793  0.787  0.780  0.782  0.814  0.920  1.119  1.342  1.475  1.492  1.441  1.370  1.305  1.259  1.233  1.222  1.218  1.217  1.217  1.220  1.230  1.247  1.273  1.308  1.351  1.403  1.463  1.535  1.617  1.704  1.782  1.831  1.841  1.828  1.815  1.816  1.834  1.863  1.897  1.932  1.962  1.989  2.024  2.135  2.463  2.708  2.729  2.677  2.591  2.469
  55.000   55.000  2.474  2.312  2.111  1.876  1.624  1.373  1.141  0.941  0.785  0.682  0.635  0.635  0.663  0.699  0.733  0.759  0.779  0.792  0.799  0.800  0.797  0.792  0.783  0.770  0.755  0.745  0.770  0.873  1.074  1.301  1.444  1.474  1.433  1.368  1.306  1.262  1.238  1.229  1.227  1.227  1.226  1.226  1.230  1.241  1.260  1.288  1.326  1.373  1.431  1.501  1.583  1.672  1.752  1.801  1.815  1.812  1.816  1.835  1.867  1.907  1.947  1.982  2.011  2.036  2.068  2.177  2.497  2.737  2.770  2.739  2.681  2.594
  60.000   60.000  2.591  2.468  2.305  2.100  1.861  1.604  1.348  1.113  0.915  0.770  0.688  0.664  0.680  0.709  0.739  0.762  0.780  0.792  0.798  0.798  0.794  0.787  0.775  0.758  0.736  0.721  0.742  0.843  1.038  1.261  1.412  1.453  1.421  1.362  1.306  1.265  1.244  1.238  1.240  1.242  1.242  1.239  1.238  1.242  1.253  1.274  1.305  1.347  1.401  1.469  1.551  1.642  1.725  1.780  1.807  1.825  1.852  1.891  1.937  1.984  2.025  2.060  2.086  2.106  2.133  2.232  2.527  2.751  2.791  2.774  2.737  2.678
  65.000   65.000  2.670  2.580  2.454  2.286  2.074  1.829  1.564  1.303  1.066  0.875  0.750  0.695  0.691  0.710  0.735  0.757  0.775  0.788  0.795  0.796  0.791  0.781  0.766  0.744  0.718  0.699  0.717  0.814  1.001  1.221  1.376  1.428  1.405  1.354  1.303  1.268  1.252  1.251  1.257  1.264  1.265  1.262  1.256  1.253  1.256  1.267  1.290  1.325  1.374  1.439  1.522  1.617  1.710  1.783  1.837  1.886  1.940  1.997  2.053  2.102  2.142  2.172  2.193  2.207  2.225  2.303  2.551  2.747  2.792  2.789  2.768  2.730
  70.000   70.000  2.717  2.656  2.563  2.431  2.254  2.031  1.773  1.495  1.223  0.986  0.812  0.716  0.686  0.693  0.711  0.733  0.754  0.774  0.787  0.791  0.786  0.774  0.755  0.729  0.698  0.676  0.693  0.786  0.965  1.178  1.338  1.399  1.386  1.343  1.299  1.271  1.261  1.267  1.281  1.293  1.298  1.295  1.286  1.275  1.269  1.270  1.283  1.309  1.351  1.413  1.497  1.603  1.722  1.834  1.930  2.014  2.091  2.161  2.220  2.267  2.301  2.325  2.338  2.344  2.349  2.390  2.552  2.706  2.761  2.776  2.773  2.755
  75.000   75.000  2.732  2.697  2.634  2.536  2.393  2.199  1.952  1.663  1.356  1.070  0.845  0.708  0.650  0.640  0.653  0.675  0.706  0.741  0.770  0.782  0.779  0.765  0.742  0.711  0.676  0.652  0.668  0.757  0.928  1.135  1.298  1.368  1.364  1.330  1.295  1.276  1.275  1.290  1.312  1.332  1.343  1.342  1.330  1.313  1.297  1.286  1.286  1.300  1.334  1.391  1.483  1.617  1.786  1.957  2.100  2.213  2.304  2.376  2.431  2.471  2.498  2.513  2.518  2.515  2.501  2.476  2.494  2.585  2.662  2.711  2.737  2.745
  80.000   80.000  2.696  2.695  2.664  2.598  2.487  2.317  2.077  1.767  1.416  1.079  0.815  0.651  0.576  0.555  0.561  0.584  0.623  0.681  0.736  0.766  0.768  0.754  0.727  0.691  0.652  0.628  0.644  0.729  0.891  1.092  1.256  1.334  1.341  1.317  1.292  1.284  1.294  1.321  1.355  1.385  1.403  1.406  1.394  1.371  1.344  1.320  1.304  1.304  1.326  1.381  1.492  1.680  1.928  2.164  2.342  2.466  2.555  2.620  2.666  2.697  2.715  2.723  2.721  2.706  2.658  2.517  2.328  2.333  2.440  2.543  2.620  2.671
  85.000   85.000  2.565  2.616  2.631  2.605  2.525  2.371  2.118  1.763  1.358  0.989  0.721  0.565  0.492  0.469  0.470  0.488  0.526  0.594  0.679  0.737  0.752  0.739  0.708  0.668  0.628  0.605  0.621  0.702  0.856  1.050  1.215  1.300  1.317  1.304  1.292  1.297  1.323  1.365  1.413  1.455  1.483  1.492  1.480  1.453  1.416  1.377  1.344  1.325  1.334  1.392  1.543  1.818  2.158  2.438  2.620  2.735  2.811  2.862  2.897  2.919  2.929  2.930  2.922  2.891  2.781  2.454  2.053  1.978  2.089  2.234  2.369  2.481
  90.000   90.000  2.291  2.407  2.488  2.519  2.479  2.332  2.044  1.630  1.192  0.838  0.608  0.485  0.430  0.412  0.410  0.420  0.447  0.505  0.600  0.689  0.727  0.719  0.687  0.644  0.604  0.582  0.600  0.677  0.822  1.009  1.173  1.266  1.294  1.294  1.297  1.319  1.363  1.424  1.490  1.547  1.587  1.603  1.595  1.564  1.518  1.464  1.411  1.372  1.366  1.437  1.655  2.043  2.450  2.730  2.888  2.979  3.036  3.073  3.097  3.110  3.115  3.112  3.096  3.037  2.814  2.265  1.764  1.652  1.726  1.854  2.001  2.151
  95.000   95.000  1.919  2.064  2.198  2.292  2.305  2.173  1.850  1.402  0.984  0.688  0.515  0.430  0.395  0.382  0.380  0.385  0.399  0.437  0.516  0.621  0.688  0.694  0.663  0.620  0.581  0.562  0.580  0.654  0.790  0.970  1.134  1.233  1.272  1.288  1.309  1.352  1.419  1.503  1.590  1.665  1.719  1.744  1.739  1.707  1.653  1.584  1.512  1.452  1.434  1.529  1.842  2.332  2.752  2.990  3.109  3.174  3.213  3.237  3.252  3.260  3.261  3.255  3.227  3.115  2.719  2.006  1.548  1.447  1.478  1.553  1.655  1.779
 100.000  100.000  1.599  1.709  1.833  1.949  2.003  1.901  1.580  1.153  0.796  0.570  0.451  0.397  0.376  0.369  0.367  0.369  0.376  0.397  0.449  0.542  0.634  0.661  0.636  0.595  0.559  0.543  0.563  0.632  0.761  0.933  1.096  1.203  1.255  1.288  1.331  1.400  1.495  1.605  1.716  1.811  1.879  1.914  1.913  1.881  1.820  1.740  1.650  1.570  1.543  1.678  2.095  2.639  3.012  3.191  3.272  3.314  3.339  3.354  3.363  3.367  3.366  3.355  3.306  3.100  2.501  1.762  1.418  1.346  1.353  1.387  1.438  1.508
 105.000  105.000  1.414  1.473  1.548  1.630  1.680  1.605  1.323  0.949  0.659  0.492  0.413  0.380  0.367  0.363  0.362  0.362  0.366  0.376  0.405  0.471  0.566  0.619  0.607  0.571  0.539  0.527  0.547  0.613  0.734  0.899  1.062  1.176  1.243  1.297  1.367  1.466  1.592  1.732  1.868  1.983  2.065  2.109  2.114  2.081  2.017  1.927  1.823  1.726  1.696  1.880  2.380  2.912  3.207  3.330  3.382  3.408  3.423  3.432  3.437  3.438  3.435  3.416  3.328  2.981  2.217  1.575  1.348  1.302  1.302  1.316  1.338  1.370
 110.000  110.000  1.338  1.367  1.405  1.448  1.473  1.409  1.169  0.836  0.585  0.451  0.393  0.371  0.363  0.360  0.360  0.360  0.361  0.366  0.381  0.420  0.497  0.568  0.576  0.548  0.522  0.513  0.534  0.595  0.710  0.868  1.031  1.154  1.240  1.319  1.420  1.554  1.714  1.884  2.044  2.177  2.272  2.323  2.332  2.300  2.233  2.138  2.023  1.914  1.885  2.118  2.657  3.123  3.339  3.419  3.452  3.467  3.476  3.481  3.484  3.484  3.477  3.442  3.284  2.756  1.933  1.450  1.312  1.286  1.285  1.292  1.302  1.317
 115.000  115.000  1.328  1.349  1.375  1.403  1.420  1.372  1.172  0.851  0.588  0.448  0.390  0.369  0.362  0.360  0.359  0.359  0.359  0.362  0.369  0.390  0.441  0.514  0.543  0.527  0.506  0.502  0.522  0.580  0.688  0.841  1.005  1.140  1.247  1.356  1.492  1.663  1.859  2.058  2.240  2.386  2.489  2.545  2.556  2.525  2.458  2.359  2.239  2.123  2.099  2.366  2.894  3.271  3.423  3.475  3.495  3.504  3.509  3.512  3.513  3.510  3.495  3.427  3.151  2.443  1.693  1.371  1.294  1.283  1.285  1.291  1.300  1.312
 120.000  120.000  1.363  1.391  1.424  1.461  1.490  1.476  1.334  1.026  0.705  0.503  0.410  0.376  0.364  0.360  0.359  0.358  0.359  0.360  0.363  0.373  0.403  0.463  0.508  0.507  0.493  0.492  0.512  0.567  0.669  0.818  0.985  1.134  1.267  1.410  1.586  1.795  2.024  2.249  2.446  2.600  2.706  2.762  2.774  2.744  2.678  2.580  2.458  2.339  2.321  2.601  3.080  3.370  3.475  3.508  3.521  3.526  3.529  3.529  3.527  3.516  3.476  3.324  2.856  2.061  1.501  1.320  1.287  1.289  1.297  1.309  1.323  1.341
 125.000  125.000  1.448  1.493  1.542  1.596  1.644  1.665  1.594  1.348  0.976  0.662  0.482  0.403  0.373  0.363  0.360  0.359  0.358  0.359  0.360  0.365  0.381  0.422  0.473  0.488  0.483  0.484  0.504  0.556  0.654  0.801  0.973  1.140  1.303  1.484  1.701  1.948  2.206  2.449  2.654  2.809  2.911  2.965  2.975  2.946  2.882  2.788  2.668  2.551  2.535  2.808  3.216  3.433  3.505  3.528  3.535  3.538  3.538  3.533  3.518  3.469  3.326  2.953  2.279  1.637  1.341  1.278  1.284  1.304  1.326  1.351  1.378  1.410
 130.000  130.000  1.587  1.648  1.710  1.771  1.826  1.861  1.845  1.706  1.384  0.977  0.660  0.482  0.403  0.373  0.363  0.360  0.359  0.358  0.359  0.362  0.370  0.396  0.444  0.475  0.480  0.486  0.508  0.559  0.653  0.798  0.977  1.164  1.358  1.580  1.836  2.117  2.398  2.650  2.853  3.002  3.097  3.145  3.152  3.125  3.065  2.975  2.862  2.748  2.731  2.975  3.304  3.465  3.517  3.533  3.537  3.535  3.524  3.491  3.402  3.183  2.737  2.113  1.570  1.285  1.210  1.229  1.276  1.326  1.375  1.424  1.475  1.529
 135.000  135.000  1.751  1.817  1.878  1.930  1.975  2.006  2.012  1.958  1.777  1.422  0.998  0.673  0.488  0.406  0.374  0.363  0.360  0.359  0.359  0.360  0.367  0.391  0.459  0.541  0.586  0.621  0.668  0.736  0.832  0.954  1.097  1.261  1.460  1.705  1.993  2.299  2.591  2.843  3.037  3.173  3.257  3.298  3.303  3.276  3.221  3.138  3.029  2.913  2.869  3.034  3.268  3.393  3.444  3.464  3.465  3.442  3.370  3.197  2.846  2.317  1.776  1.397  1.208  1.143  1.145  1.188  1.256  1.341  1.430  1.518  1.601  1.678
 140.000  140.000  1.880  1.944  1.995  2.034  2.064  2.086  2.096  2.083  2.013  1.820  1.458  1.026  0.690  0.497  0.409  0.376  0.364  0.360  0.361  0.368  0.400  0.518  0.824  1.210  1.430  1.553  1.665  1.777  1.872  1.924  1.916  1.867  1.854  1.961  2.194  2.489  2.778  3.019  3.198  3.319  3.391  3.424  3.426  3.400  3.346  3.259  3.123  2.906  2.640  2.526  2.604  2.728  2.832  2.898  2.906  2.824  2.612  2.260  1.856  1.524  1.317  1.210  1.161  1.146  1.153  1.183  1.242  1.333  1.452  1.580  1.699  1.799
 145.000  145.000  1.927  1.996  2.044  2.078  2.102  2.119  2.129  2.130  2.110  2.038  1.848  1.491  1.057  0.710  0.508  0.414  0.379  0.371  0.388  0.465  0.708  1.269  2.077  2.565  2.670  2.675  2.673  2.675  2.676  2.669  2.650  2.612  2.555  2.500  2.510  2.654  2.900  3.140  3.316  3.428  3.490  3.516  3.510  3.472  3.381  3.171  2.739  2.156  1.761  1.636  1.638  1.680  1.730  1.773  1.791  1.762  1.677  1.556  1.438  1.345  1.279  1.235  1.209  1.196  1.196  1.212  1.251  1.322  1.430  1.567  1.710  1.833
 150.000  150.000  1.884  1.969  2.029  2.070  2.099  2.119  2.131  2.138  2.136  2.115  2.046  1.867  1.522  1.089  0.734  0.525  0.439  0.458  0.633  1.084  1.876  2.653  2.963  2.972  2.909  2.848  2.805  2.775  2.754  2.737  2.719  2.699  2.674  2.645  2.617  2.613  2.688  2.891  3.150  3.335  3.417  3.421  3.355  3.175  2.785  2.199  1.715  1.496  1.431  1.416  1.411  1.409  1.407  1.409  1.419  1.434  1.443  1.434  1.405  1.366  1.327  1.294  1.270  1.256  1.252  1.260  1.283  1.327  1.402  1.511  1.642  1.773
 155.000  155.000  1.772  1.870  1.950  2.010  2.054  2.084  2.105  2.118  2.124  2.121  2.100  2.035  1.870  1.550  1.138  0.808  0.716  1.000  1.695  2.535  3.020  3.135  3.100  3.019  2.933  2.861  2.807  2.770  2.744  2.722  2.701  2.678  2.650  2.617  2.577  2.528  2.473  2.417  2.373  2.343  2.283  2.155  1.954  1.702  1.482  1.381  1.368  1.379  1.390  1.395  1.394  1.388  1.381  1.377  1.383  1.399  1.420  1.430  1.422  1.399  1.371  1.344  1.323  1.310  1.306  1.311  1.325  1.352  1.396  1.463  1.553  1.661
 160.000  160.000  1.636  1.725  1.812  1.889  1.952  2.000  2.035  2.057  2.068  2.071  2.062  2.037  1.981  1.859  1.645  1.456  1.687  2.413  2.992  3.198  3.223  3.184  3.115  3.028  2.938  2.858  2.797  2.753  2.722  2.696  2.670  2.642  2.609  2.569  2.519  2.455  2.369  2.241  2.025  1.676  1.265  0.962  0.843  0.893  1.045  1.196  1.295  1.350  1.379  1.393  1.398  1.396  1.390  1.386  1.387  1.399  1.416  1.428  1.427  1.414  1.395  1.375  1.360  1.351  1.350  1.355  1.368  1.386  1.411  1.445  1.492  1.556
 165.000  165.000  1.532  1.583  1.646  1.717  1.786  1.845  1.891  1.921  1.935  1.935  1.926  1.916  1.919  1.956  2.062  2.340  2.858  3.184  3.262  3.259  3.229  3.180  3.111  3.026  2.933  2.848  2.779  2.729  2.691  2.660  2.630  2.597  2.557  2.508  2.447  2.370  2.266  2.110  1.857  1.477  1.059  0.762  0.659  0.736  0.918  1.105  1.239  1.319  1.365  1.390  1.402  1.406  1.403  1.398  1.396  1.401  1.412  1.420  1.421  1.413  1.400  1.387  1.377  1.374  1.377  1.387  1.401  1.418  1.435  1.452  1.471  1.496
 170.000  170.000  1.484  1.495  1.515  1.548  1.590  1.633  1.669  1.692  1.701  1.701  1.710  1.754  1.868  2.078  2.393  2.814  3.174  3.269  3.266  3.244  3.210  3.161  3.095  3.011  2.917  2.827  2.751  2.694  2.650  2.614  2.578  2.538  2.490  2.432  2.360  2.269  2.147  1.971  1.704  1.345  0.983  0.730  0.631  0.678  0.831  1.017  1.172  1.276  1.341  1.381  1.403  1.414  1.415  1.411  1.406  1.404  1.406  1.409  1.407  1.401  1.392  1.384  1.379  1.381  1.390  1.405  1.423  1.441  1.458  1.469  1.476  1.480
 175.000  175.000  1.478  1.465  1.452  1.443  1.440  1.442  1.444  1.445  1.453  1.484  1.571  1.740  2.001  2.330  2.688  3.033  3.236  3.258  3.239  3.214  3.180  3.131  3.066  2.983  2.888  2.793  2.710  2.645  2.595  2.552  2.511  2.464  2.408  2.340  2.256  2.150  2.013  1.824  1.562  1.240  0.936  0.724  0.629  0.648  0.764  0.933  1.095  1.220  1.307  1.363  1.398  1.417  1.424  1.422  1.414  1.406  1.399  1.395  1.390  1.384  1.377  1.372  1.372  1.378  1.392  1.411  1.434  1.456  1.475  1.488  1.492  1.488
