

VARS   PHI PSI -180 -175 -170 -165 -160 -155 -150 -145 -140 -135 -130 -125 -120 -115 -110 -105 -100 -95 -90 -85 -80 -75 -70 -65 -60 -55 -50 -45 -40 -35 -30 -25 -20 -15 -10 -5 0 5 10 15 20 25 30 35 40 45 50 55 60 65 70 75 80 85 90 95 100 105 110 115 120 125 130 135 140 145 150 155 160 165 170 175 
FORMAT %8.3f %8.3f %6.3f %6.3f %6.3f %6.3f %6.3f %6.3f %6.3f %6.3f %6.3f %6.3f %6.3f %6.3f %6.3f %6.3f %6.3f %6.3f %6.3f %6.3f %6.3f %6.3f %6.3f %6.3f %6.3f %6.3f %6.3f %6.3f %6.3f %6.3f %6.3f %6.3f %6.3f %6.3f %6.3f %6.3f %6.3f %6.3f %6.3f %6.3f %6.3f %6.3f %6.3f %6.3f %6.3f %6.3f %6.3f %6.3f %6.3f %6.3f %6.3f %6.3f %6.3f %6.3f %6.3f %6.3f %6.3f %6.3f %6.3f %6.3f %6.3f %6.3f %6.3f %6.3f %6.3f %6.3f %6.3f %6.3f %6.3f %6.3f %6.3f %6.3f %6.3f %6.3f

-180.000 -180.000  1.384  1.428  1.484  1.556  1.643  1.741  1.839  1.927  1.994  2.025  1.979  1.759  1.312  0.821  0.506  0.458  0.633  0.853  0.996  1.065  1.099  1.117  1.122  1.115  1.098  1.075  1.048  1.021  0.999  0.987  0.993  1.027  1.083  1.137  1.164  1.166  1.155  1.140  1.125  1.111  1.101  1.093  1.093  1.111  1.170  1.264  1.341  1.390  1.422  1.444  1.458  1.464  1.461  1.448  1.422  1.383  1.338  1.298  1.273  1.263  1.261  1.259  1.257  1.255  1.255  1.258  1.264  1.274  1.287  1.304  1.325  1.351
-175.000 -175.000  1.364  1.405  1.460  1.532  1.619  1.716  1.816  1.905  1.969  1.980  1.865  1.521  1.019  0.605  0.389  0.397  0.578  0.815  0.990  1.084  1.136  1.170  1.192  1.201  1.197  1.183  1.162  1.138  1.118  1.108  1.119  1.157  1.216  1.268  1.293  1.294  1.284  1.270  1.258  1.247  1.238  1.231  1.228  1.234  1.264  1.323  1.385  1.433  1.468  1.491  1.503  1.503  1.492  1.467  1.428  1.379  1.329  1.293  1.276  1.271  1.269  1.268  1.265  1.261  1.259  1.259  1.262  1.268  1.278  1.291  1.309  1.332
-170.000 -170.000  1.340  1.378  1.430  1.498  1.583  1.680  1.781  1.870  1.928  1.902  1.686  1.236  0.761  0.447  0.317  0.358  0.532  0.773  0.976  1.096  1.166  1.216  1.254  1.281  1.294  1.295  1.285  1.270  1.256  1.253  1.270  1.313  1.371  1.418  1.439  1.439  1.430  1.419  1.409  1.400  1.391  1.381  1.367  1.350  1.342  1.366  1.415  1.465  1.505  1.533  1.546  1.545  1.526  1.490  1.437  1.375  1.320  1.286  1.273  1.270  1.270  1.268  1.266  1.263  1.260  1.259  1.260  1.264  1.270  1.279  1.293  1.312
-165.000 -165.000  1.315  1.348  1.395  1.458  1.538  1.632  1.731  1.819  1.862  1.775  1.444  0.955  0.561  0.346  0.283  0.342  0.500  0.733  0.957  1.103  1.190  1.254  1.308  1.352  1.383  1.401  1.406  1.404  1.401  1.407  1.431  1.475  1.527  1.566  1.582  1.581  1.574  1.565  1.556  1.546  1.533  1.512  1.480  1.433  1.390  1.386  1.425  1.477  1.523  1.556  1.573  1.571  1.549  1.503  1.438  1.365  1.307  1.274  1.263  1.262  1.262  1.262  1.261  1.259  1.258  1.258  1.258  1.259  1.263  1.268  1.278  1.293
-160.000 -160.000  1.291  1.318  1.358  1.414  1.487  1.574  1.669  1.750  1.765  1.595  1.173  0.718  0.424  0.295  0.284  0.351  0.490  0.704  0.936  1.105  1.209  1.286  1.353  1.411  1.459  1.493  1.514  1.525  1.534  1.548  1.574  1.612  1.653  1.681  1.693  1.693  1.687  1.679  1.669  1.654  1.631  1.595  1.541  1.471  1.406  1.385  1.416  1.468  1.517  1.553  1.572  1.570  1.545  1.494  1.421  1.345  1.287  1.257  1.247  1.247  1.249  1.250  1.251  1.251  1.252  1.253  1.254  1.255  1.256  1.259  1.264  1.274
-155.000 -155.000  1.271  1.292  1.325  1.372  1.436  1.514  1.600  1.667  1.640  1.379  0.924  0.546  0.347  0.289  0.313  0.385  0.508  0.697  0.923  1.106  1.226  1.313  1.389  1.458  1.517  1.564  1.596  1.617  1.632  1.647  1.667  1.693  1.719  1.739  1.748  1.751  1.747  1.740  1.726  1.704  1.670  1.620  1.553  1.472  1.398  1.369  1.392  1.441  1.489  1.524  1.542  1.539  1.512  1.459  1.386  1.313  1.261  1.236  1.229  1.229  1.232  1.235  1.237  1.240  1.243  1.246  1.249  1.250  1.250  1.251  1.253  1.259
-150.000 -150.000  1.255  1.272  1.300  1.341  1.396  1.465  1.538  1.585  1.507  1.172  0.732  0.440  0.324  0.320  0.367  0.445  0.559  0.724  0.928  1.112  1.241  1.335  1.417  1.492  1.556  1.608  1.644  1.666  1.678  1.687  1.696  1.709  1.723  1.736  1.745  1.750  1.749  1.741  1.725  1.697  1.657  1.601  1.530  1.449  1.378  1.345  1.361  1.403  1.446  1.477  1.490  1.484  1.454  1.403  1.337  1.275  1.233  1.215  1.210  1.212  1.215  1.219  1.223  1.228  1.233  1.238  1.241  1.243  1.244  1.243  1.243  1.246
-145.000 -145.000  1.245  1.261  1.287  1.326  1.378  1.440  1.503  1.529  1.400  1.019  0.615  0.398  0.346  0.377  0.443  0.531  0.643  0.789  0.964  1.132  1.258  1.354  1.436  1.509  1.572  1.619  1.650  1.665  1.669  1.668  1.668  1.670  1.677  1.687  1.696  1.703  1.704  1.697  1.681  1.652  1.611  1.557  1.491  1.420  1.357  1.324  1.331  1.362  1.396  1.418  1.424  1.413  1.383  1.337  1.283  1.237  1.208  1.196  1.195  1.198  1.201  1.205  1.210  1.215  1.222  1.228  1.233  1.236  1.236  1.236  1.235  1.237
-140.000 -140.000  1.241  1.259  1.289  1.332  1.387  1.450  1.511  1.524  1.357  0.945  0.572  0.410  0.402  0.458  0.540  0.639  0.757  0.892  1.038  1.175  1.282  1.367  1.441  1.506  1.559  1.594  1.613  1.618  1.614  1.607  1.602  1.600  1.603  1.610  1.618  1.626  1.629  1.626  1.612  1.588  1.553  1.507  1.452  1.394  1.341  1.311  1.309  1.327  1.347  1.356  1.353  1.336  1.308  1.271  1.232  1.203  1.187  1.182  1.184  1.187  1.191  1.195  1.199  1.205  1.211  1.218  1.223  1.227  1.228  1.228  1.228  1.231
-135.000 -135.000  1.242  1.267  1.307  1.360  1.426  1.500  1.568  1.579  1.390  0.955  0.593  0.464  0.484  0.559  0.657  0.769  0.891  1.019  1.141  1.240  1.313  1.371  1.426  1.474  1.509  1.530  1.538  1.537  1.531  1.524  1.519  1.516  1.517  1.520  1.527  1.535  1.541  1.542  1.535  1.520  1.495  1.461  1.421  1.377  1.338  1.312  1.304  1.306  1.307  1.300  1.285  1.263  1.237  1.211  1.189  1.176  1.171  1.173  1.177  1.181  1.184  1.187  1.191  1.195  1.201  1.207  1.213  1.217  1.218  1.219  1.221  1.227
-130.000 -130.000  1.249  1.286  1.340  1.410  1.494  1.586  1.670  1.691  1.496  1.038  0.665  0.551  0.589  0.680  0.791  0.912  1.036  1.152  1.249  1.312  1.340  1.357  1.380  1.404  1.423  1.433  1.437  1.438  1.437  1.435  1.432  1.430  1.428  1.428  1.432  1.440  1.449  1.456  1.459  1.455  1.444  1.425  1.401  1.373  1.348  1.329  1.318  1.306  1.286  1.258  1.228  1.200  1.178  1.163  1.156  1.157  1.161  1.167  1.173  1.177  1.180  1.182  1.184  1.188  1.192  1.197  1.202  1.206  1.208  1.210  1.215  1.226
-125.000 -125.000  1.262  1.315  1.389  1.481  1.587  1.701  1.805  1.845  1.658  1.179  0.778  0.663  0.714  0.817  0.937  1.059  1.174  1.271  1.338  1.362  1.346  1.317  1.304  1.305  1.312  1.320  1.328  1.336  1.343  1.347  1.348  1.345  1.341  1.338  1.340  1.348  1.361  1.377  1.390  1.400  1.403  1.400  1.391  1.380  1.369  1.361  1.351  1.328  1.288  1.237  1.189  1.154  1.134  1.129  1.135  1.145  1.156  1.164  1.171  1.174  1.176  1.177  1.178  1.180  1.183  1.187  1.191  1.194  1.197  1.201  1.209  1.228
-120.000 -120.000  1.282  1.354  1.449  1.565  1.696  1.832  1.957  2.019  1.856  1.366  0.926  0.799  0.855  0.965  1.084  1.196  1.290  1.357  1.387  1.371  1.316  1.254  1.215  1.202  1.203  1.211  1.224  1.239  1.253  1.263  1.267  1.265  1.259  1.255  1.256  1.265  1.283  1.306  1.331  1.353  1.370  1.382  1.389  1.392  1.396  1.399  1.394  1.368  1.314  1.242  1.175  1.130  1.110  1.111  1.124  1.140  1.153  1.163  1.168  1.171  1.171  1.171  1.170  1.171  1.173  1.175  1.179  1.182  1.185  1.192  1.206  1.234
-115.000 -115.000  1.306  1.396  1.514  1.652  1.804  1.959  2.102  2.186  2.062  1.582  1.099  0.950  1.003  1.109  1.215  1.305  1.368  1.397  1.387  1.334  1.254  1.180  1.135  1.116  1.113  1.120  1.134  1.151  1.169  1.182  1.188  1.188  1.184  1.179  1.182  1.194  1.216  1.246  1.280  1.313  1.343  1.367  1.387  1.404  1.419  1.433  1.436  1.413  1.352  1.268  1.187  1.131  1.107  1.108  1.122  1.139  1.152  1.160  1.164  1.165  1.163  1.161  1.159  1.159  1.160  1.162  1.165  1.168  1.174  1.184  1.205  1.243
-110.000 -110.000  1.328  1.434  1.568  1.723  1.889  2.057  2.211  2.313  2.235  1.796  1.282  1.102  1.142  1.232  1.315  1.373  1.399  1.388  1.340  1.261  1.174  1.107  1.068  1.050  1.045  1.049  1.060  1.075  1.092  1.106  1.115  1.117  1.115  1.114  1.119  1.134  1.161  1.197  1.237  1.278  1.317  1.351  1.380  1.406  1.431  1.453  1.464  1.446  1.389  1.305  1.218  1.154  1.121  1.116  1.126  1.140  1.151  1.156  1.157  1.154  1.151  1.147  1.144  1.143  1.144  1.146  1.150  1.155  1.163  1.178  1.205  1.253
-105.000 -105.000  1.341  1.455  1.596  1.758  1.929  2.099  2.255  2.365  2.325  1.947  1.431  1.225  1.245  1.313  1.367  1.390  1.379  1.333  1.256  1.166  1.089  1.039  1.011  0.996  0.991  0.992  1.000  1.012  1.026  1.040  1.049  1.055  1.056  1.059  1.067  1.086  1.116  1.155  1.200  1.246  1.290  1.330  1.366  1.397  1.427  1.454  1.470  1.459  1.413  1.338  1.255  1.187  1.145  1.130  1.132  1.140  1.146  1.148  1.145  1.139  1.133  1.128  1.124  1.123  1.124  1.127  1.133  1.141  1.152  1.172  1.205  1.259
-100.000 -100.000  1.337  1.447  1.583  1.739  1.904  2.065  2.210  2.311  2.279  1.949  1.468  1.262  1.274  1.326  1.356  1.352  1.311  1.239  1.149  1.066  1.010  0.977  0.959  0.950  0.946  0.948  0.954  0.964  0.976  0.987  0.997  1.004  1.009  1.015  1.026  1.046  1.078  1.119  1.166  1.215  1.263  1.306  1.343  1.377  1.408  1.437  1.457  1.455  1.422  1.362  1.289  1.220  1.170  1.143  1.135  1.136  1.137  1.134  1.127  1.119  1.111  1.104  1.100  1.099  1.101  1.106  1.114  1.126  1.142  1.166  1.202  1.256
 -95.000  -95.000  1.314  1.408  1.527  1.663  1.807  1.947  2.068  2.138  2.071  1.742  1.324  1.159  1.185  1.244  1.272  1.257  1.201  1.119  1.037  0.976  0.942  0.925  0.915  0.911  0.911  0.914  0.920  0.929  0.939  0.949  0.959  0.966  0.972  0.980  0.992  1.014  1.046  1.087  1.135  1.186  1.234  1.278  1.316  1.348  1.378  1.408  1.432  1.441  1.422  1.376  1.314  1.247  1.191  1.153  1.134  1.126  1.121  1.114  1.105  1.094  1.085  1.077  1.073  1.073  1.076  1.084  1.096  1.112  1.132  1.158  1.193  1.243
 -90.000  -90.000  1.276  1.347  1.436  1.540  1.650  1.756  1.839  1.862  1.733  1.392  1.053  0.945  0.991  1.068  1.115  1.113  1.064  0.995  0.937  0.905  0.890  0.883  0.881  0.881  0.883  0.888  0.895  0.903  0.912  0.922  0.931  0.938  0.945  0.952  0.964  0.984  1.015  1.056  1.105  1.156  1.206  1.250  1.286  1.316  1.343  1.374  1.406  1.425  1.418  1.384  1.330  1.266  1.205  1.157  1.127  1.110  1.099  1.089  1.078  1.067  1.057  1.050  1.046  1.047  1.053  1.063  1.078  1.098  1.121  1.148  1.181  1.222
 -85.000  -85.000  1.235  1.279  1.333  1.396  1.463  1.525  1.562  1.531  1.353  1.040  0.798  0.734  0.777  0.854  0.918  0.943  0.923  0.888  0.864  0.854  0.852  0.853  0.855  0.858  0.863  0.869  0.876  0.884  0.893  0.902  0.910  0.917  0.923  0.930  0.940  0.957  0.985  1.025  1.073  1.125  1.176  1.221  1.256  1.283  1.308  1.342  1.382  1.412  1.414  1.388  1.339  1.276  1.212  1.156  1.116  1.091  1.075  1.062  1.050  1.039  1.030  1.024  1.022  1.025  1.032  1.045  1.063  1.085  1.110  1.138  1.167  1.199
 -80.000  -80.000  1.201  1.220  1.239  1.259  1.279  1.292  1.282  1.207  1.019  0.778  0.629  0.594  0.622  0.677  0.739  0.787  0.808  0.813  0.817  0.823  0.828  0.833  0.838  0.843  0.849  0.856  0.863  0.871  0.879  0.888  0.895  0.901  0.906  0.911  0.918  0.932  0.955  0.991  1.037  1.090  1.142  1.189  1.225  1.250  1.275  1.315  1.364  1.401  1.410  1.387  1.341  1.280  1.213  1.151  1.102  1.070  1.049  1.034  1.023  1.013  1.006  1.003  1.003  1.007  1.016  1.030  1.049  1.073  1.100  1.128  1.155  1.179
 -75.000  -75.000  1.178  1.179  1.169  1.151  1.126  1.093  1.041  0.940  0.775  0.617  0.539  0.523  0.537  0.568  0.617  0.679  0.735  0.770  0.791  0.804  0.814  0.821  0.828  0.834  0.840  0.847  0.854  0.861  0.869  0.877  0.884  0.889  0.893  0.896  0.900  0.908  0.926  0.956  0.998  1.049  1.103  1.153  1.191  1.218  1.245  1.291  1.349  1.392  1.403  1.383  1.338  1.277  1.209  1.142  1.087  1.048  1.024  1.009  0.998  0.991  0.987  0.986  0.987  0.993  1.003  1.018  1.038  1.063  1.091  1.120  1.146  1.166
 -70.000  -70.000  1.167  1.157  1.128  1.081  1.019  0.947  0.860  0.748  0.620  0.531  0.497  0.492  0.498  0.516  0.553  0.620  0.696  0.748  0.778  0.795  0.806  0.815  0.822  0.829  0.835  0.841  0.848  0.855  0.862  0.869  0.875  0.880  0.883  0.884  0.885  0.888  0.899  0.921  0.956  1.003  1.057  1.109  1.152  1.183  1.216  1.271  1.337  1.383  1.395  1.375  1.330  1.270  1.201  1.131  1.071  1.028  1.002  0.987  0.978  0.974  0.972  0.973  0.976  0.983  0.993  1.008  1.029  1.054  1.084  1.114  1.141  1.161
 -65.000  -65.000  1.167  1.152  1.112  1.045  0.957  0.854  0.742  0.627  0.534  0.491  0.480  0.479  0.482  0.493  0.524  0.594  0.679  0.737  0.771  0.790  0.804  0.813  0.821  0.827  0.833  0.839  0.845  0.851  0.858  0.864  0.870  0.874  0.876  0.875  0.873  0.872  0.875  0.888  0.914  0.954  1.004  1.057  1.104  1.143  1.186  1.251  1.324  1.372  1.383  1.362  1.318  1.258  1.189  1.117  1.054  1.008  0.981  0.967  0.961  0.959  0.959  0.962  0.966  0.973  0.984  0.999  1.020  1.046  1.077  1.109  1.139  1.160
 -60.000  -60.000  1.171  1.157  1.112  1.034  0.928  0.804  0.675  0.559  0.492  0.473  0.472  0.474  0.476  0.483  0.513  0.584  0.669  0.730  0.767  0.789  0.804  0.814  0.822  0.828  0.834  0.839  0.845  0.850  0.856  0.861  0.866  0.870  0.871  0.870  0.865  0.860  0.857  0.860  0.876  0.905  0.947  0.998  1.048  1.095  1.150  1.229  1.310  1.359  1.368  1.345  1.301  1.241  1.172  1.099  1.034  0.989  0.963  0.950  0.946  0.945  0.948  0.951  0.956  0.964  0.974  0.989  1.010  1.037  1.070  1.104  1.137  1.162
 -55.000  -55.000  1.177  1.166  1.121  1.038  0.921  0.783  0.641  0.525  0.472  0.466  0.469  0.471  0.472  0.479  0.508  0.579  0.663  0.725  0.764  0.789  0.806  0.817  0.825  0.832  0.837  0.842  0.846  0.851  0.856  0.861  0.865  0.868  0.869  0.867  0.861  0.852  0.844  0.839  0.843  0.861  0.892  0.935  0.985  1.039  1.109  1.203  1.291  1.341  1.348  1.323  1.277  1.217  1.147  1.075  1.012  0.968  0.944  0.933  0.930  0.932  0.935  0.939  0.945  0.953  0.963  0.978  0.999  1.027  1.060  1.097  1.134  1.163
 -50.000  -50.000  1.180  1.175  1.133  1.050  0.927  0.779  0.628  0.510  0.464  0.463  0.468  0.470  0.470  0.475  0.506  0.576  0.658  0.721  0.763  0.791  0.810  0.822  0.831  0.837  0.842  0.846  0.850  0.854  0.858  0.863  0.866  0.869  0.869  0.866  0.859  0.848  0.835  0.824  0.819  0.824  0.843  0.876  0.919  0.976  1.059  1.171  1.269  1.317  1.320  1.290  1.241  1.180  1.111  1.042  0.984  0.945  0.924  0.916  0.914  0.917  0.921  0.926  0.932  0.940  0.950  0.965  0.985  1.013  1.047  1.086  1.126  1.160
 -45.000  -45.000  1.177  1.179  1.144  1.064  0.939  0.784  0.626  0.505  0.461  0.462  0.467  0.468  0.467  0.472  0.504  0.574  0.654  0.717  0.763  0.794  0.815  0.830  0.839  0.845  0.850  0.853  0.857  0.860  0.863  0.866  0.869  0.871  0.870  0.867  0.859  0.847  0.831  0.814  0.801  0.796  0.803  0.823  0.858  0.912  1.004  1.135  1.241  1.284  1.277  1.238  1.183  1.121  1.058  1.000  0.955  0.924  0.907  0.900  0.899  0.901  0.906  0.911  0.917  0.924  0.935  0.949  0.969  0.996  1.031  1.071  1.113  1.151
 -40.000  -40.000  1.168  1.177  1.151  1.076  0.953  0.795  0.630  0.505  0.461  0.462  0.466  0.466  0.463  0.468  0.504  0.574  0.651  0.716  0.765  0.800  0.824  0.839  0.850  0.856  0.860  0.863  0.865  0.867  0.869  0.871  0.873  0.874  0.873  0.869  0.861  0.847  0.829  0.809  0.790  0.776  0.772  0.781  0.806  0.856  0.958  1.107  1.214  1.239  1.210  1.156  1.096  1.041  0.995  0.957  0.929  0.909  0.896  0.889  0.887  0.888  0.891  0.895  0.901  0.908  0.917  0.931  0.950  0.976  1.010  1.050  1.094  1.136
 -35.000  -35.000  1.149  1.167  1.151  1.085  0.967  0.808  0.638  0.508  0.462  0.461  0.465  0.463  0.459  0.465  0.505  0.576  0.653  0.719  0.771  0.809  0.835  0.853  0.863  0.870  0.873  0.875  0.876  0.877  0.878  0.878  0.879  0.879  0.877  0.872  0.863  0.849  0.829  0.806  0.782  0.763  0.751  0.752  0.776  0.845  0.995  1.177  1.253  1.220  1.143  1.066  1.007  0.967  0.942  0.927  0.917  0.907  0.898  0.889  0.883  0.880  0.880  0.881  0.885  0.890  0.898  0.911  0.928  0.953  0.985  1.024  1.068  1.112
 -30.000  -30.000  1.123  1.148  1.142  1.088  0.978  0.821  0.647  0.512  0.463  0.461  0.463  0.459  0.454  0.464  0.510  0.583  0.660  0.728  0.782  0.823  0.852  0.871  0.882  0.888  0.890  0.891  0.890  0.889  0.888  0.887  0.885  0.883  0.880  0.874  0.864  0.849  0.828  0.804  0.777  0.754  0.739  0.747  0.813  0.998  1.279  1.464  1.463  1.342  1.182  1.049  0.969  0.930  0.917  0.917  0.920  0.920  0.914  0.904  0.893  0.882  0.875  0.872  0.871  0.874  0.879  0.889  0.904  0.927  0.956  0.993  1.036  1.082
 -25.000  -25.000  1.087  1.119  1.124  1.084  0.985  0.833  0.657  0.517  0.464  0.461  0.460  0.454  0.450  0.468  0.521  0.597  0.674  0.743  0.800  0.844  0.874  0.894  0.905  0.911  0.912  0.910  0.907  0.903  0.899  0.895  0.891  0.887  0.881  0.873  0.862  0.846  0.825  0.800  0.773  0.750  0.748  0.816  1.040  1.382  1.620  1.692  1.662  1.549  1.364  1.163  1.017  0.944  0.921  0.923  0.933  0.942  0.943  0.934  0.918  0.900  0.883  0.871  0.863  0.860  0.861  0.868  0.880  0.898  0.925  0.959  1.000  1.044
 -20.000  -20.000  1.045  1.081  1.096  1.071  0.987  0.843  0.666  0.522  0.467  0.460  0.457  0.450  0.450  0.478  0.540  0.617  0.694  0.764  0.823  0.869  0.902  0.923  0.934  0.938  0.937  0.932  0.925  0.918  0.909  0.901  0.893  0.885  0.877  0.867  0.854  0.837  0.816  0.792  0.768  0.761  0.828  1.072  1.434  1.666  1.747  1.761  1.742  1.683  1.560  1.366  1.159  1.016  0.954  0.942  0.952  0.967  0.976  0.973  0.958  0.935  0.908  0.884  0.865  0.853  0.847  0.848  0.855  0.869  0.891  0.921  0.959  1.001
 -15.000  -15.000  0.997  1.035  1.059  1.047  0.979  0.843  0.667  0.529  0.480  0.472  0.466  0.457  0.463  0.502  0.567  0.641  0.715  0.785  0.845  0.894  0.929  0.952  0.964  0.967  0.963  0.955  0.943  0.929  0.915  0.901  0.888  0.875  0.862  0.849  0.834  0.817  0.797  0.777  0.770  0.830  1.076  1.444  1.667  1.743  1.765  1.769  1.763  1.739  1.679  1.555  1.361  1.160  1.029  0.980  0.978  0.993  1.009  1.014  1.005  0.982  0.950  0.915  0.883  0.857  0.840  0.832  0.833  0.841  0.858  0.882  0.915  0.954
 -10.000  -10.000  0.944  0.983  1.011  1.008  0.938  0.784  0.620  0.546  0.531  0.529  0.523  0.512  0.512  0.541  0.594  0.655  0.718  0.781  0.840  0.892  0.934  0.964  0.982  0.987  0.983  0.970  0.952  0.931  0.909  0.886  0.865  0.846  0.828  0.811  0.795  0.779  0.764  0.758  0.810  1.038  1.402  1.626  1.706  1.734  1.746  1.753  1.754  1.748  1.725  1.667  1.545  1.355  1.165  1.052  1.016  1.022  1.039  1.051  1.050  1.034  1.003  0.962  0.918  0.878  0.847  0.825  0.815  0.815  0.825  0.843  0.870  0.905
  -5.000   -5.000  0.889  0.925  0.948  0.916  0.778  0.632  0.578  0.570  0.573  0.577  0.580  0.579  0.577  0.582  0.605  0.640  0.681  0.727  0.776  0.826  0.875  0.918  0.950  0.969  0.972  0.962  0.940  0.911  0.879  0.846  0.816  0.789  0.766  0.747  0.730  0.718  0.716  0.759  0.955  1.293  1.520  1.614  1.657  1.682  1.700  1.712  1.720  1.724  1.720  1.701  1.648  1.533  1.354  1.182  1.086  1.062  1.070  1.084  1.090  1.082  1.058  1.019  0.971  0.918  0.870  0.832  0.807  0.795  0.795  0.806  0.826  0.855
   0.000    0.000  0.833  0.855  0.831  0.713  0.617  0.591  0.590  0.595  0.600  0.606  0.612  0.616  0.617  0.613  0.609  0.616  0.632  0.654  0.682  0.716  0.754  0.797  0.839  0.874  0.897  0.901  0.885  0.854  0.815  0.774  0.735  0.702  0.675  0.655  0.642  0.643  0.687  0.853  1.135  1.342  1.447  1.509  1.554  1.588  1.615  1.636  1.652  1.664  1.672  1.675  1.666  1.627  1.534  1.380  1.228  1.143  1.118  1.120  1.125  1.123  1.108  1.077  1.031  0.974  0.913  0.857  0.813  0.784  0.771  0.772  0.784  0.805
   5.000    5.000  0.769  0.744  0.663  0.614  0.606  0.610  0.616  0.622  0.629  0.636  0.643  0.649  0.651  0.646  0.628  0.610  0.606  0.611  0.621  0.636  0.655  0.678  0.707  0.737  0.765  0.782  0.780  0.758  0.720  0.676  0.633  0.597  0.570  0.557  0.566  0.629  0.795  1.017  1.167  1.249  1.309  1.362  1.409  1.450  1.485  1.514  1.539  1.560  1.580  1.600  1.620  1.639  1.643  1.602  1.491  1.349  1.245  1.194  1.174  1.164  1.151  1.128  1.090  1.037  0.972  0.902  0.838  0.789  0.758  0.745  0.746  0.758
  10.000   10.000  0.685  0.641  0.625  0.626  0.632  0.639  0.646  0.654  0.661  0.669  0.677  0.683  0.688  0.685  0.664  0.630  0.605  0.596  0.596  0.600  0.607  0.616  0.628  0.642  0.656  0.668  0.669  0.654  0.622  0.578  0.537  0.508  0.503  0.544  0.660  0.852  1.023  1.101  1.131  1.156  1.186  1.220  1.256  1.291  1.325  1.356  1.386  1.415  1.447  1.485  1.536  1.604  1.692  1.786  1.840  1.784  1.619  1.441  1.316  1.247  1.208  1.178  1.144  1.099  1.038  0.963  0.884  0.813  0.760  0.728  0.714  0.709
  15.000   15.000  0.643  0.643  0.649  0.657  0.665  0.673  0.681  0.689  0.698  0.706  0.714  0.722  0.727  0.727  0.711  0.671  0.624  0.598  0.589  0.588  0.589  0.592  0.596  0.600  0.605  0.607  0.604  0.591  0.563  0.528  0.509  0.539  0.651  0.850  1.064  1.170  1.167  1.136  1.116  1.109  1.113  1.123  1.138  1.155  1.175  1.198  1.224  1.257  1.300  1.360  1.447  1.568  1.729  1.926  2.134  2.286  2.283  2.084  1.789  1.534  1.367  1.271  1.211  1.160  1.104  1.032  0.947  0.859  0.781  0.725  0.688  0.660
  20.000   20.000  0.667  0.676  0.685  0.693  0.702  0.711  0.720  0.729  0.737  0.746  0.754  0.762  0.768  0.771  0.761  0.726  0.666  0.616  0.593  0.586  0.584  0.584  0.585  0.586  0.587  0.586  0.582  0.574  0.565  0.581  0.681  0.907  1.206  1.420  1.443  1.351  1.248  1.173  1.128  1.102  1.088  1.080  1.074  1.072  1.074  1.082  1.099  1.130  1.182  1.265  1.388  1.559  1.778  2.040  2.325  2.597  2.797  2.842  2.665  2.302  1.901  1.586  1.386  1.266  1.183  1.107  1.021  0.923  0.824  0.735  0.672  0.660
  25.000   25.000  0.706  0.715  0.725  0.734  0.744  0.753  0.762  0.771  0.780  0.788  0.796  0.804  0.810  0.813  0.809  0.785  0.726  0.654  0.607  0.589  0.583  0.581  0.581  0.581  0.581  0.580  0.580  0.587  0.631  0.797  1.162  1.604  1.839  1.801  1.636  1.459  1.317  1.220  1.158  1.120  1.094  1.074  1.056  1.041  1.028  1.023  1.030  1.058  1.117  1.219  1.372  1.580  1.838  2.135  2.449  2.754  3.018  3.210  3.284  3.185  2.877  2.419  1.956  1.603  1.374  1.228  1.115  1.003  0.874  0.737  0.690  0.696
  30.000   30.000  0.749  0.759  0.769  0.779  0.788  0.798  0.807  0.816  0.824  0.832  0.839  0.845  0.850  0.853  0.852  0.837  0.792  0.713  0.638  0.599  0.585  0.580  0.578  0.577  0.576  0.577  0.585  0.628  0.792  1.208  1.799  2.156  2.153  1.974  1.753  1.549  1.388  1.272  1.197  1.149  1.116  1.090  1.066  1.042  1.022  1.008  1.009  1.035  1.098  1.213  1.386  1.618  1.899  2.213  2.534  2.840  3.108  3.325  3.480  3.559  3.532  3.350  2.979  2.472  1.971  1.583  1.319  1.117  0.884  0.739  0.730  0.739
  35.000   35.000  0.795  0.806  0.816  0.826  0.835  0.844  0.853  0.861  0.869  0.875  0.881  0.885  0.889  0.890  0.889  0.879  0.850  0.783  0.690  0.620  0.588  0.576  0.571  0.568  0.566  0.569  0.598  0.722  1.079  1.700  2.228  2.379  2.278  2.077  1.848  1.635  1.459  1.330  1.242  1.185  1.146  1.116  1.088  1.062  1.037  1.019  1.016  1.040  1.107  1.229  1.415  1.661  1.954  2.274  2.594  2.891  3.148  3.358  3.519  3.635  3.705  3.716  3.640  3.422  3.021  2.480  1.919  1.347  0.855  0.769  0.775  0.785
  40.000   40.000  0.844  0.855  0.864  0.874  0.883  0.891  0.899  0.906  0.912  0.916  0.920  0.923  0.924  0.923  0.920  0.912  0.893  0.845  0.754  0.653  0.590  0.560  0.546  0.536  0.530  0.540  0.615  0.869  1.394  2.014  2.376  2.441  2.339  2.152  1.932  1.716  1.531  1.389  1.290  1.224  1.180  1.147  1.117  1.089  1.063  1.043  1.038  1.061  1.128  1.255  1.447  1.701  2.000  2.320  2.634  2.920  3.163  3.360  3.513  3.629  3.714  3.771  3.797  3.779  3.682  3.442  2.918  1.656  0.869  0.815  0.823  0.834
  45.000   45.000  0.895  0.904  0.914  0.922  0.930  0.937  0.943  0.948  0.952  0.955  0.956  0.956  0.954  0.951  0.946  0.937  0.922  0.886  0.808  0.685  0.574  0.510  0.475  0.453  0.443  0.473  0.619  0.980  1.549  2.091  2.380  2.443  2.368  2.208  2.004  1.793  1.603  1.451  1.340  1.266  1.216  1.179  1.149  1.120  1.093  1.072  1.065  1.087  1.154  1.282  1.478  1.735  2.035  2.352  2.657  2.930  3.159  3.343  3.486  3.596  3.680  3.744  3.790  3.821  3.829  3.792  3.510  1.842  0.913  0.865  0.874  0.884
  50.000   50.000  0.945  0.954  0.962  0.969  0.975  0.980  0.984  0.987  0.988  0.988  0.987  0.984  0.979  0.973  0.966  0.955  0.939  0.907  0.832  0.686  0.519  0.408  0.352  0.324  0.325  0.392  0.595  0.994  1.548  2.049  2.329  2.415  2.374  2.247  2.065  1.863  1.672  1.512  1.393  1.309  1.253  1.213  1.181  1.152  1.124  1.102  1.095  1.114  1.180  1.307  1.504  1.761  2.060  2.370  2.664  2.924  3.139  3.310  3.444  3.548  3.628  3.692  3.742  3.782  3.813  3.826  3.646  1.936  0.965  0.917  0.926  0.936
  55.000   55.000  0.994  1.001  1.007  1.012  1.016  1.019  1.021  1.021  1.019  1.017  1.012  1.006  0.999  0.990  0.980  0.967  0.948  0.912  0.823  0.643  0.434  0.298  0.236  0.218  0.240  0.338  0.561  0.955  1.485  1.968  2.255  2.368  2.361  2.267  2.112  1.925  1.738  1.574  1.446  1.355  1.292  1.249  1.215  1.185  1.157  1.134  1.125  1.142  1.205  1.330  1.524  1.780  2.073  2.375  2.657  2.901  3.102  3.262  3.387  3.485  3.563  3.625  3.677  3.720  3.756  3.781  3.640  1.999  1.018  0.969  0.977  0.986
  60.000   60.000  1.040  1.045  1.049  1.052  1.053  1.053  1.052  1.049  1.045  1.039  1.032  1.024  1.014  1.002  0.989  0.974  0.951  0.903  0.787  0.572  0.352  0.221  0.169  0.163  0.201  0.309  0.530  0.907  1.411  1.879  2.173  2.307  2.331  2.271  2.145  1.978  1.799  1.635  1.501  1.402  1.333  1.285  1.249  1.218  1.190  1.166  1.155  1.170  1.229  1.350  1.540  1.791  2.077  2.368  2.636  2.865  3.052  3.200  3.317  3.410  3.484  3.546  3.598  3.643  3.683  3.713  3.597  2.047  1.069  1.020  1.026  1.033
  65.000   65.000  1.081  1.084  1.085  1.086  1.085  1.082  1.078  1.072  1.065  1.057  1.047  1.036  1.023  1.009  0.994  0.975  0.946  0.882  0.731  0.491  0.286  0.177  0.138  0.141  0.185  0.294  0.506  0.864  1.344  1.795  2.089  2.238  2.287  2.259  2.164  2.021  1.856  1.695  1.557  1.452  1.377  1.324  1.285  1.252  1.223  1.199  1.186  1.197  1.251  1.367  1.551  1.795  2.072  2.350  2.603  2.817  2.989  3.126  3.235  3.323  3.395  3.456  3.509  3.555  3.597  3.631  3.536  2.083  1.117  1.067  1.072  1.077
  70.000   70.000  1.117  1.117  1.116  1.114  1.110  1.105  1.098  1.090  1.080  1.069  1.057  1.043  1.029  1.013  0.995  0.973  0.935  0.848  0.659  0.414  0.236  0.151  0.125  0.134  0.179  0.285  0.490  0.832  1.289  1.720  2.008  2.164  2.233  2.233  2.170  2.054  1.906  1.752  1.614  1.504  1.422  1.365  1.323  1.289  1.258  1.233  1.217  1.225  1.274  1.382  1.559  1.794  2.060  2.324  2.561  2.758  2.917  3.043  3.144  3.226  3.296  3.355  3.409  3.457  3.501  3.538  3.461  2.108  1.161  1.110  1.112  1.115
  75.000   75.000  1.147  1.145  1.142  1.136  1.130  1.122  1.113  1.102  1.090  1.077  1.062  1.047  1.030  1.012  0.993  0.966  0.917  0.800  0.579  0.344  0.198  0.135  0.120  0.132  0.178  0.282  0.482  0.812  1.248  1.657  1.933  2.091  2.174  2.197  2.164  2.077  1.950  1.808  1.671  1.557  1.471  1.408  1.363  1.327  1.296  1.269  1.251  1.254  1.296  1.397  1.565  1.790  2.044  2.292  2.512  2.694  2.839  2.954  3.046  3.123  3.189  3.248  3.300  3.349  3.395  3.435  3.375  2.121  1.199  1.148  1.148  1.148
  80.000   80.000  1.172  1.167  1.161  1.153  1.145  1.134  1.123  1.110  1.096  1.080  1.064  1.047  1.029  1.009  0.987  0.955  0.890  0.739  0.497  0.286  0.170  0.125  0.117  0.132  0.180  0.284  0.482  0.805  1.223  1.609  1.868  2.022  2.112  2.154  2.147  2.089  1.987  1.860  1.729  1.613  1.522  1.455  1.406  1.368  1.336  1.308  1.287  1.286  1.321  1.413  1.571  1.784  2.024  2.257  2.460  2.626  2.757  2.861  2.946  3.017  3.079  3.135  3.187  3.235  3.282  3.323  3.276  2.124  1.231  1.180  1.177  1.175
  85.000   85.000  1.191  1.184  1.175  1.166  1.154  1.142  1.128  1.113  1.097  1.081  1.063  1.044  1.025  1.004  0.979  0.940  0.853  0.666  0.419  0.238  0.149  0.118  0.116  0.134  0.184  0.291  0.491  0.810  1.214  1.574  1.814  1.960  2.053  2.107  2.122  2.091  2.015  1.907  1.786  1.671  1.576  1.505  1.453  1.413  1.380  1.350  1.328  1.322  1.350  1.431  1.577  1.778  2.004  2.221  2.408  2.558  2.676  2.770  2.846  2.911  2.969  3.022  3.071  3.119  3.164  3.202  3.153  2.101  1.259  1.206  1.201  1.197
  90.000   90.000  1.205  1.196  1.185  1.173  1.160  1.146  1.130  1.114  1.096  1.078  1.059  1.039  1.019  0.997  0.968  0.918  0.804  0.586  0.350  0.200  0.134  0.115  0.117  0.137  0.191  0.304  0.508  0.828  1.218  1.554  1.772  1.907  1.999  2.060  2.091  2.084  2.035  1.949  1.841  1.730  1.633  1.558  1.503  1.462  1.428  1.398  1.373  1.363  1.382  1.453  1.586  1.773  1.984  2.186  2.357  2.493  2.599  2.682  2.751  2.809  2.862  2.911  2.957  2.999  3.033  3.027  2.812  1.889  1.290  1.230  1.220  1.213
  95.000   95.000  1.215  1.203  1.191  1.177  1.162  1.146  1.129  1.111  1.093  1.073  1.053  1.033  1.011  0.987  0.954  0.890  0.743  0.504  0.291  0.172  0.124  0.113  0.118  0.142  0.201  0.321  0.534  0.858  1.236  1.546  1.742  1.864  1.951  2.015  2.058  2.070  2.046  1.984  1.892  1.789  1.692  1.614  1.556  1.513  1.479  1.449  1.423  1.409  1.421  1.479  1.598  1.770  1.967  2.153  2.310  2.432  2.527  2.601  2.661  2.713  2.760  2.802  2.836  2.844  2.759  2.411  1.811  1.455  1.349  1.284  1.245  1.227
 100.000  100.000  1.228  1.209  1.193  1.178  1.161  1.144  1.126  1.107  1.087  1.067  1.046  1.025  1.002  0.976  0.937  0.852  0.671  0.426  0.242  0.150  0.118  0.112  0.120  0.148  0.214  0.343  0.568  0.897  1.263  1.547  1.721  1.830  1.910  1.974  2.024  2.051  2.048  2.010  1.939  1.847  1.753  1.673  1.612  1.568  1.534  1.505  1.479  1.461  1.465  1.511  1.615  1.771  1.952  2.124  2.267  2.378  2.462  2.527  2.579  2.623  2.655  2.664  2.598  2.344  1.863  1.475  1.361  1.365  1.379  1.372  1.326  1.263
 105.000  105.000  1.295  1.232  1.198  1.177  1.158  1.140  1.121  1.101  1.080  1.059  1.038  1.016  0.992  0.963  0.914  0.804  0.592  0.356  0.204  0.135  0.113  0.112  0.123  0.156  0.229  0.371  0.609  0.946  1.298  1.555  1.707  1.802  1.875  1.938  1.991  2.028  2.043  2.027  1.977  1.901  1.813  1.733  1.670  1.625  1.592  1.564  1.538  1.518  1.516  1.549  1.636  1.775  1.941  2.100  2.230  2.330  2.403  2.458  2.495  2.504  2.441  2.214  1.798  1.425  1.277  1.279  1.324  1.364  1.386  1.394  1.388  1.360
 110.000  110.000  1.379  1.335  1.255  1.191  1.158  1.135  1.114  1.093  1.072  1.050  1.028  1.006  0.981  0.948  0.886  0.744  0.511  0.296  0.174  0.125  0.111  0.113  0.127  0.166  0.249  0.404  0.658  1.001  1.336  1.566  1.697  1.781  1.847  1.906  1.959  2.003  2.031  2.034  2.006  1.948  1.871  1.793  1.729  1.683  1.650  1.623  1.599  1.579  1.571  1.593  1.663  1.784  1.934  2.079  2.196  2.282  2.337  2.352  2.292  2.080  1.710  1.373  1.210  1.179  1.211  1.270  1.327  1.369  1.391  1.400  1.400  1.394
 115.000  115.000  1.397  1.389  1.368  1.306  1.209  1.145  1.110  1.086  1.063  1.041  1.018  0.995  0.969  0.930  0.849  0.674  0.433  0.247  0.152  0.118  0.110  0.114  0.132  0.177  0.271  0.442  0.713  1.060  1.375  1.578  1.691  1.764  1.823  1.877  1.930  1.977  2.014  2.032  2.025  1.987  1.923  1.851  1.787  1.740  1.707  1.682  1.660  1.641  1.629  1.641  1.694  1.795  1.925  2.048  2.135  2.166  2.111  1.929  1.633  1.357  1.199  1.139  1.134  1.161  1.212  1.274  1.332  1.373  1.395  1.404  1.405  1.402
 120.000  120.000  1.404  1.401  1.400  1.396  1.372  1.286  1.169  1.098  1.060  1.033  1.009  0.984  0.955  0.908  0.802  0.597  0.363  0.207  0.136  0.113  0.110  0.116  0.139  0.191  0.298  0.485  0.774  1.121  1.413  1.590  1.686  1.749  1.802  1.852  1.902  1.951  1.993  2.023  2.032  2.014  1.968  1.905  1.843  1.795  1.762  1.739  1.719  1.701  1.688  1.691  1.725  1.794  1.867  1.897  1.855  1.743  1.584  1.414  1.273  1.182  1.136  1.121  1.131  1.164  1.217  1.279  1.335  1.375  1.397  1.407  1.409  1.407
 125.000  125.000  1.410  1.410  1.414  1.422  1.436  1.452  1.434  1.316  1.160  1.063  1.012  0.977  0.941  0.880  0.745  0.517  0.302  0.177  0.126  0.111  0.110  0.120  0.147  0.208  0.328  0.535  0.839  1.182  1.448  1.600  1.682  1.736  1.783  1.829  1.877  1.925  1.970  2.007  2.030  2.030  2.002  1.951  1.894  1.846  1.813  1.790  1.772  1.754  1.736  1.718  1.702  1.682  1.652  1.614  1.569  1.509  1.429  1.334  1.242  1.174  1.135  1.123  1.134  1.168  1.221  1.282  1.336  1.374  1.397  1.407  1.411  1.411
 130.000  130.000  1.416  1.420  1.427  1.442  1.468  1.509  1.567  1.625  1.618  1.461  1.231  1.063  0.960  0.858  0.682  0.441  0.252  0.155  0.119  0.110  0.113  0.126  0.160  0.231  0.366  0.590  0.905  1.236  1.474  1.605  1.675  1.723  1.765  1.807  1.852  1.898  1.943  1.984  2.016  2.029  2.018  1.982  1.933  1.888  1.855  1.831  1.806  1.765  1.696  1.620  1.577  1.563  1.557  1.548  1.527  1.487  1.423  1.337  1.249  1.180  1.139  1.126  1.137  1.172  1.224  1.283  1.335  1.372  1.394  1.406  1.412  1.414
 135.000  135.000  1.422  1.429  1.442  1.464  1.500  1.554  1.629  1.722  1.819  1.887  1.873  1.707  1.396  1.038  0.684  0.390  0.219  0.148  0.128  0.130  0.143  0.167  0.213  0.294  0.434  0.652  0.939  1.228  1.442  1.570  1.644  1.695  1.737  1.776  1.815  1.854  1.891  1.923  1.946  1.954  1.945  1.921  1.889  1.860  1.835  1.793  1.705  1.594  1.531  1.519  1.526  1.535  1.539  1.536  1.520  1.486  1.427  1.345  1.258  1.186  1.143  1.129  1.141  1.176  1.226  1.282  1.331  1.367  1.390  1.403  1.411  1.417
 140.000  140.000  1.427  1.439  1.458  1.488  1.534  1.599  1.684  1.783  1.884  1.972  2.036  2.066  2.036  1.840  1.245  0.569  0.295  0.250  0.265  0.298  0.342  0.395  0.456  0.525  0.602  0.694  0.808  0.949  1.111  1.275  1.418  1.527  1.600  1.643  1.661  1.658  1.636  1.596  1.542  1.482  1.426  1.387  1.378  1.404  1.444  1.453  1.440  1.445  1.465  1.487  1.506  1.520  1.528  1.527  1.514  1.483  1.428  1.351  1.264  1.192  1.148  1.134  1.146  1.180  1.228  1.279  1.325  1.359  1.382  1.398  1.409  1.417
 145.000  145.000  1.430  1.448  1.474  1.513  1.568  1.642  1.734  1.833  1.929  2.008  2.066  2.104  2.119  2.089  1.879  1.210  0.712  0.644  0.656  0.671  0.682  0.689  0.693  0.695  0.697  0.700  0.708  0.726  0.758  0.815  0.902  1.009  1.105  1.154  1.146  1.102  1.046  0.991  0.943  0.904  0.876  0.858  0.857  0.892  1.020  1.218  1.340  1.398  1.435  1.464  1.487  1.504  1.514  1.516  1.505  1.477  1.426  1.352  1.269  1.197  1.153  1.140  1.152  1.184  1.228  1.275  1.316  1.349  1.373  1.390  1.404  1.416
 150.000  150.000  1.432  1.456  1.489  1.536  1.599  1.681  1.776  1.874  1.962  2.033  2.082  2.112  2.117  2.069  1.855  1.309  0.913  0.855  0.839  0.818  0.794  0.773  0.754  0.738  0.726  0.716  0.709  0.704  0.704  0.711  0.729  0.763  0.810  0.848  0.860  0.852  0.837  0.821  0.806  0.794  0.785  0.778  0.778  0.808  0.936  1.156  1.298  1.366  1.408  1.441  1.467  1.486  1.499  1.502  1.493  1.468  1.420  1.351  1.270  1.201  1.160  1.149  1.161  1.190  1.229  1.269  1.306  1.337  1.361  1.381  1.397  1.414
 155.000  155.000  1.432  1.462  1.501  1.555  1.626  1.713  1.809  1.904  1.986  2.049  2.092  2.112  2.098  1.995  1.676  1.142  0.897  0.894  0.891  0.871  0.845  0.819  0.795  0.774  0.756  0.742  0.730  0.721  0.715  0.715  0.724  0.749  0.788  0.826  0.845  0.845  0.836  0.824  0.813  0.802  0.793  0.787  0.786  0.810  0.922  1.126  1.268  1.338  1.383  1.418  1.446  1.468  1.482  1.487  1.480  1.456  1.411  1.345  1.270  1.206  1.170  1.162  1.174  1.198  1.230  1.264  1.296  1.324  1.348  1.370  1.389  1.409
 160.000  160.000  1.430  1.464  1.510  1.570  1.647  1.737  1.834  1.925  2.002  2.059  2.095  2.103  2.054  1.863  1.431  0.960  0.855  0.909  0.928  0.918  0.897  0.871  0.845  0.820  0.797  0.778  0.762  0.749  0.740  0.738  0.746  0.770  0.812  0.854  0.875  0.876  0.866  0.854  0.841  0.829  0.819  0.811  0.809  0.830  0.929  1.113  1.248  1.317  1.362  1.398  1.427  1.450  1.465  1.471  1.464  1.441  1.397  1.336  1.268  1.213  1.185  1.179  1.190  1.209  1.233  1.259  1.286  1.311  1.335  1.357  1.379  1.402
 165.000  165.000  1.424  1.463  1.513  1.578  1.659  1.752  1.848  1.937  2.010  2.063  2.090  2.077  1.968  1.656  1.155  0.793  0.806  0.912  0.958  0.964  0.951  0.930  0.905  0.878  0.852  0.828  0.808  0.790  0.778  0.772  0.779  0.805  0.851  0.896  0.920  0.921  0.910  0.896  0.882  0.868  0.857  0.848  0.845  0.866  0.956  1.120  1.244  1.309  1.351  1.385  1.414  1.436  1.451  1.456  1.448  1.424  1.382  1.324  1.266  1.223  1.203  1.201  1.208  1.221  1.237  1.256  1.278  1.299  1.322  1.344  1.367  1.393
 170.000  170.000  1.415  1.457  1.511  1.579  1.663  1.758  1.854  1.942  2.012  2.060  2.075  2.024  1.818  1.385  0.893  0.654  0.750  0.904  0.980  1.004  1.005  0.993  0.974  0.949  0.921  0.894  0.869  0.847  0.830  0.822  0.828  0.856  0.905  0.954  0.980  0.981  0.970  0.955  0.939  0.925  0.912  0.903  0.901  0.922  1.006  1.151  1.260  1.319  1.357  1.387  1.411  1.430  1.442  1.444  1.433  1.407  1.365  1.313  1.266  1.236  1.224  1.223  1.227  1.234  1.243  1.256  1.271  1.289  1.309  1.330  1.354  1.382
 175.000  175.000  1.402  1.445  1.501  1.572  1.658  1.754  1.851  1.939  2.007  2.049  2.042  1.925  1.594  1.091  0.673  0.543  0.692  0.883  0.993  1.039  1.055  1.057  1.047  1.029  1.005  0.977  0.949  0.923  0.903  0.892  0.898  0.928  0.981  1.033  1.060  1.062  1.050  1.035  1.019  1.004  0.992  0.983  0.982  1.003  1.079  1.202  1.295  1.348  1.381  1.406  1.425  1.438  1.444  1.440  1.424  1.393  1.350  1.304  1.269  1.251  1.245  1.244  1.244  1.246  1.250  1.256  1.267  1.280  1.297  1.317  1.340  1.368
