ENV: GLU -0.672489 -0.672489 -0.672489 -0.672489 -0.672489 -0.672489 -0.672489 -0.672489 -0.672489 -0.604158 -0.524627 -0.435140 -0.333585 -0.220448 -0.094259 0.044166 0.195056 0.357577 0.525419 0.695398 0.856151 1.004373 1.134958 1.248025 1.344233 1.423798 1.489103 1.542840 1.579958 1.609084 1.633684 1.655828 1.691752 1.739143 1.739143 1.739143 1.739143 1.739143 1.739143 1.739143 
ENV: LYS -0.696843 -0.696843 -0.696843 -0.696843 -0.696843 -0.696843 -0.696843 -0.696843 -0.696843 -0.617818 -0.538343 -0.454266 -0.360119 -0.251712 -0.122978 0.031813 0.210976 0.413614 0.634868 0.869319 1.106104 1.336783 1.547925 1.732745 1.878814 1.983168 2.052419 2.084430 2.096884 2.098775 2.098789 2.103200 2.126252 2.160024 2.160024 2.160024 2.160024 2.160024 2.160024 2.160024 
ENV: SER -0.062258 -0.062258 -0.062258 -0.062258 -0.062258 -0.062258 -0.100951 -0.133983 -0.157453 -0.172036 -0.177333 -0.173424 -0.161499 -0.143962 -0.122043 -0.096108 -0.066482 -0.031073 0.011042 0.058738 0.110634 0.160234 0.205461 0.241705 0.268107 0.284883 0.289884 0.288584 0.278409 0.259702 0.236984 0.201810 0.161875 0.108002 0.108002 0.108002 0.108002 0.108002 0.108002 0.108002 
ENV: ILE 1.328022 1.328022 1.328022 1.328022 1.328022 1.328022 1.279261 1.222012 1.152476 1.070283 0.966641 0.845743 0.709500 0.562818 0.410825 0.261181 0.117093 -0.020471 -0.150662 -0.267521 -0.371370 -0.457664 -0.525191 -0.574384 -0.607071 -0.625265 -0.630516 -0.624937 -0.610954 -0.586776 -0.555888 -0.516293 -0.468270 -0.413277 -0.413277 -0.413277 -0.413277 -0.413277 -0.413277 -0.413277 
ENV: ASN -0.438844 -0.438844 -0.438844 -0.438844 -0.438844 -0.438844 -0.417495 -0.392510 -0.364381 -0.333772 -0.299630 -0.262935 -0.222561 -0.178034 -0.129951 -0.077441 -0.019001 0.048416 0.124790 0.209199 0.299415 0.388285 0.471948 0.542951 0.600228 0.643981 0.672203 0.688167 0.692579 0.686940 0.674550 0.661812 0.653471 0.669073 0.669073 0.669073 0.669073 0.669073 0.669073 0.669073 
ENV: CYS 1.818795 1.818795 1.818795 1.818795 1.818795 1.818795 1.760025 1.692117 1.595446 1.478545 1.334860 1.169970 0.984287 0.793133 0.593772 0.393872 0.201004 0.022168 -0.137758 -0.271741 -0.383253 -0.471584 -0.544890 -0.604572 -0.657141 -0.702210 -0.741702 -0.775358 -0.805339 -0.828321 -0.852843 -0.874360 -0.902390 -0.925703 -0.925703 -0.925703 -0.925703 -0.925703 -0.925703 -0.925703 
ENV: ASP -0.578030 -0.578030 -0.578030 -0.578030 -0.578030 -0.578030 -0.572398 -0.557699 -0.533704 -0.501671 -0.459498 -0.406444 -0.342190 -0.265024 -0.175027 -0.073783 0.038717 0.160508 0.290635 0.425120 0.559692 0.690542 0.811959 0.918032 1.006656 1.072045 1.115775 1.137959 1.145495 1.143455 1.143940 1.150730 1.180695 1.230230 1.230230 1.230230 1.230230 1.230230 1.230230 1.230230 
ENV: LEU 1.100252 1.100252 1.100252 1.100252 1.100252 1.100252 1.092587 1.068869 1.027448 0.963222 0.877045 0.767428 0.641923 0.504515 0.364311 0.227275 0.098934 -0.020059 -0.129652 -0.230329 -0.321299 -0.402741 -0.471788 -0.528192 -0.570617 -0.599700 -0.615980 -0.619979 -0.613128 -0.596332 -0.568149 -0.529956 -0.478956 -0.417248 -0.417248 -0.417248 -0.417248 -0.417248 -0.417248 -0.417248 
ENV: GLY 0.353413 0.353413 0.353413 0.353413 0.353413 0.353413 0.237349 0.140132 0.059309 -0.005415 -0.054524 -0.088114 -0.108627 -0.117373 -0.117087 -0.109408 -0.097227 -0.080798 -0.058156 -0.029911 0.002342 0.035624 0.065423 0.086387 0.094507 0.088640 0.068547 0.033349 -0.015141 -0.075292 -0.146762 -0.231348 -0.326299 -0.431375 -0.431375 -0.431375 -0.431375 -0.431375 -0.431375 -0.431375 
ENV: VAL 1.133146 1.133146 1.133146 1.133146 1.133146 1.133146 1.085600 1.029739 0.963359 0.884614 0.790849 0.685027 0.569114 0.446752 0.322698 0.198920 0.075377 -0.044360 -0.157452 -0.260459 -0.348817 -0.419455 -0.472915 -0.510678 -0.534389 -0.546498 -0.549962 -0.545934 -0.534456 -0.517790 -0.498375 -0.475308 -0.454429 -0.438802 -0.438802 -0.438802 -0.438802 -0.438802 -0.438802 -0.438802 
ENV: ARG -0.376468 -0.376468 -0.376468 -0.376468 -0.376468 -0.376468 -0.376468 -0.376468 -0.376468 -0.378402 -0.384326 -0.386140 -0.377378 -0.350970 -0.303355 -0.232183 -0.136300 -0.017090 0.120853 0.274554 0.437905 0.606249 0.773250 0.938878 1.098248 1.248570 1.389353 1.519207 1.631707 1.728067 1.812471 1.886402 1.955185 2.031693 2.031693 2.031693 2.031693 2.031693 2.031693 2.031693 
ENV: PHE 1.103926 1.103926 1.103926 1.103926 1.103926 1.103926 1.133306 1.140008 1.120185 1.070204 0.989053 0.879856 0.743676 0.590812 0.428225 0.266691 0.111673 -0.031811 -0.159970 -0.271400 -0.365387 -0.442217 -0.503880 -0.550428 -0.585360 -0.608668 -0.621872 -0.626305 -0.621655 -0.607257 -0.581855 -0.541714 -0.488635 -0.404704 -0.404704 -0.404704 -0.404704 -0.404704 -0.404704 -0.404704 
ENV: PRO 0.117486 0.117486 0.117486 0.117486 0.117486 0.117486 0.015533 -0.066802 -0.133179 -0.184782 -0.224694 -0.253180 -0.271673 -0.279781 -0.276252 -0.258607 -0.225900 -0.174928 -0.105494 -0.020393 0.078111 0.181101 0.283252 0.378705 0.463226 0.536326 0.596668 0.644794 0.684560 0.710775 0.731556 0.743725 0.751691 0.756507 0.756507 0.756507 0.756507 0.756507 0.756507 0.756507 
ENV: THR 0.188338 0.188338 0.188338 0.188338 0.188338 0.188338 0.101257 0.024443 -0.037431 -0.087758 -0.125538 -0.152504 -0.168082 -0.172376 -0.166098 -0.148378 -0.118908 -0.081676 -0.035952 0.010674 0.057414 0.098747 0.133633 0.160051 0.176707 0.183740 0.183704 0.175649 0.166271 0.154297 0.146119 0.143479 0.145913 0.156169 0.156169 0.156169 0.156169 0.156169 0.156169 0.156169 
ENV: TYR 0.795500 0.795500 0.795500 0.795500 0.795500 0.795500 0.796366 0.768329 0.709140 0.620750 0.505572 0.369050 0.222340 0.074859 -0.061102 -0.179083 -0.269945 -0.332280 -0.364384 -0.368057 -0.347211 -0.310065 -0.262731 -0.212549 -0.161773 -0.116692 -0.073587 -0.034337 0.002923 0.039956 0.079715 0.123349 0.175805 0.227607 0.227607 0.227607 0.227607 0.227607 0.227607 0.227607 
ENV: ALA 0.499554 0.499554 0.499554 0.499554 0.499554 0.499554 0.423179 0.355373 0.300517 0.258940 0.228320 0.207008 0.187482 0.166176 0.137875 0.097613 0.046543 -0.011564 -0.070877 -0.126212 -0.171871 -0.205158 -0.227741 -0.241122 -0.249451 -0.255553 -0.264536 -0.278880 -0.300714 -0.332864 -0.376813 -0.432664 -0.500982 -0.576323 -0.576323 -0.576323 -0.576323 -0.576323 -0.576323 -0.576323 
ENV: MET 0.624047 0.624047 0.624047 0.624047 0.624047 0.624047 0.682487 0.717051 0.733239 0.728234 0.698278 0.644854 0.570733 0.478535 0.379640 0.278152 0.178403 0.087168 0.001825 -0.075218 -0.148116 -0.218718 -0.292055 -0.369162 -0.448774 -0.529990 -0.610406 -0.685273 -0.754641 -0.815454 -0.868043 -0.907855 -0.938617 -0.956056 -0.956056 -0.956056 -0.956056 -0.956056 -0.956056 -0.956056 
ENV: HIS -0.040929 -0.040929 -0.040929 -0.040929 -0.040929 -0.040929 -0.002395 0.017952 0.022482 0.010677 -0.014119 -0.050183 -0.089764 -0.125487 -0.154232 -0.170630 -0.168612 -0.149650 -0.113930 -0.062491 -0.000389 0.066086 0.129977 0.189068 0.238276 0.274403 0.302226 0.322853 0.331691 0.336054 0.330084 0.322987 0.311343 0.311195 0.311195 0.311195 0.311195 0.311195 0.311195 0.311195 
ENV: GLN -0.495669 -0.495669 -0.495669 -0.495669 -0.495669 -0.495669 -0.483983 -0.466000 -0.443001 -0.415768 -0.383965 -0.348754 -0.308212 -0.259809 -0.201392 -0.129106 -0.039449 0.068922 0.193042 0.327527 0.461948 0.586903 0.693434 0.780737 0.849675 0.903859 0.946084 0.976473 0.993959 0.996991 0.987765 0.970909 0.961963 0.970157 0.970157 0.970157 0.970157 0.970157 0.970157 0.970157 
ENV: TRP 1.067600 1.067600 1.067600 1.067600 1.067600 1.067600 1.078473 1.065474 1.015874 0.931267 0.807170 0.657509 0.489182 0.311562 0.139152 -0.021785 -0.166832 -0.287760 -0.379503 -0.440775 -0.472580 -0.476486 -0.457954 -0.426662 -0.384214 -0.335519 -0.282445 -0.225362 -0.158160 -0.079061 0.012509 0.122019 0.270247 0.414684 0.414684 0.414684 0.414684 0.414684 0.414684 0.414684 
# END
