PAIR: ALA ALA 0.25 11.75 24 0.000000 0.000000 0.055937 0.007867 -0.116400 -0.256831 -0.317382 -0.297648 -0.222479 -0.131216 -0.093854 -0.143075 -0.200336 -0.195925 -0.156232 -0.120390 -0.092449 -0.062362 -0.028814 0.000280 0.000210 0.000140 0.000070 0.000000 
PAIR: ALA CYS 0.25 11.75 24 0.000000 0.000000 0.048608 0.001650 -0.104844 -0.190272 -0.199095 -0.158826 -0.090555 -0.029788 -0.034571 -0.108482 -0.167683 -0.161691 -0.125258 -0.092810 -0.065041 -0.035612 -0.008048 0.009420 0.007065 0.004710 0.002355 0.000000 
PAIR: ALA ASP 0.25 11.75 24 0.000000 0.000000 0.046533 0.062324 0.084320 0.100221 0.100846 0.089938 0.074790 0.052605 0.016045 -0.025840 -0.050291 -0.053071 -0.049051 -0.046064 -0.041300 -0.031481 -0.017223 -0.002223 -0.001667 -0.001111 -0.000556 -0.000000 
PAIR: ALA GLU 0.25 11.75 24 0.000000 0.000000 0.032232 0.022800 0.005559 -0.007264 0.005195 0.039722 0.070982 0.076781 0.057319 0.030677 0.009465 -0.007646 -0.025039 -0.041832 -0.051896 -0.051070 -0.041660 -0.028918 -0.021689 -0.014459 -0.007230 -0.000000 
PAIR: ALA PHE 0.25 11.75 24 0.000000 0.000000 0.068848 0.029396 -0.062623 -0.173075 -0.233945 -0.251238 -0.258782 -0.253342 -0.207370 -0.109136 0.000156 0.040584 0.001710 -0.050995 -0.078787 -0.082125 -0.070883 -0.052386 -0.039290 -0.026193 -0.013097 -0.000000 
PAIR: ALA GLY 0.25 11.75 24 0.000000 0.000000 0.054160 0.045279 0.014911 -0.045975 -0.110074 -0.147198 -0.151830 -0.147686 -0.169435 -0.206292 -0.202241 -0.147317 -0.087900 -0.052955 -0.036955 -0.026317 -0.012240 0.006938 0.005203 0.003469 0.001734 0.000000 
PAIR: ALA HIS 0.25 11.75 24 0.000000 0.000000 0.018481 0.000382 -0.016677 0.003668 0.053749 0.087379 0.086355 0.055184 0.006222 -0.036947 -0.050371 -0.042439 -0.036097 -0.032842 -0.027696 -0.022965 -0.020598 -0.018374 -0.013781 -0.009187 -0.004594 -0.000000 
PAIR: ALA ILE 0.25 11.75 24 0.000000 0.000000 0.097523 0.070263 -0.014061 -0.161336 -0.280452 -0.326355 -0.324628 -0.288931 -0.215302 -0.109726 -0.022955 -0.019070 -0.069312 -0.103954 -0.107892 -0.096403 -0.079480 -0.058038 -0.043529 -0.029019 -0.014510 -0.000000 
PAIR: ALA LYS 0.25 11.75 24 0.000000 0.000000 0.025544 0.036663 0.079765 0.155927 0.200521 0.172113 0.104651 0.039843 -0.008056 -0.039243 -0.047837 -0.034240 -0.017338 -0.013440 -0.023856 -0.041486 -0.055990 -0.058020 -0.043515 -0.029010 -0.014505 -0.000000 
PAIR: ALA LEU 0.25 11.75 24 0.000000 0.000000 0.093516 0.074079 0.004453 -0.142905 -0.281390 -0.338578 -0.331734 -0.277137 -0.175652 -0.042671 0.055127 0.047330 -0.022875 -0.077329 -0.100287 -0.102726 -0.091427 -0.068839 -0.051630 -0.034420 -0.017210 -0.000000 
PAIR: ALA MET 0.25 11.75 24 0.000000 0.000000 0.086770 0.056980 -0.040770 -0.200546 -0.304090 -0.313327 -0.264395 -0.189545 -0.114149 -0.054179 -0.024503 -0.038668 -0.074282 -0.098488 -0.103420 -0.093566 -0.073329 -0.047757 -0.035818 -0.023878 -0.011939 -0.000000 
PAIR: ALA ASN 0.25 11.75 24 0.000000 0.000000 0.040101 0.020972 -0.020702 -0.063181 -0.074848 -0.059026 -0.036697 -0.030355 -0.051917 -0.087545 -0.103582 -0.084251 -0.048312 -0.019593 -0.005764 -0.002149 -0.001572 -0.000278 -0.000208 -0.000139 -0.000069 -0.000000 
PAIR: ALA PRO 0.25 11.75 24 0.000000 0.000000 0.046751 0.045513 0.050237 0.045637 -0.003585 -0.085435 -0.161257 -0.206879 -0.211205 -0.170819 -0.101184 -0.039676 -0.007365 0.003089 0.000931 -0.009215 -0.019435 -0.019936 -0.014952 -0.009968 -0.004984 -0.000000 
PAIR: ALA GLN 0.25 11.75 24 0.000000 0.000000 0.017173 0.003197 -0.027267 -0.063536 -0.080168 -0.074349 -0.058017 -0.041130 -0.028267 -0.021796 -0.026063 -0.037395 -0.044012 -0.041652 -0.034651 -0.027520 -0.021681 -0.016011 -0.012008 -0.008006 -0.004003 -0.000000 
PAIR: ALA ARG 0.25 11.75 24 0.000000 0.000000 0.024185 0.022349 0.041341 0.105528 0.186605 0.233996 0.222448 0.149916 0.048436 -0.022129 -0.027067 0.005525 0.027944 0.025986 0.009028 -0.012814 -0.031038 -0.039601 -0.029701 -0.019800 -0.009900 -0.000000 
PAIR: ALA SER 0.25 11.75 24 0.000000 0.000000 0.067031 0.064593 0.018372 -0.043532 -0.079496 -0.083448 -0.072660 -0.083831 -0.131471 -0.178952 -0.177315 -0.126318 -0.071552 -0.042298 -0.031929 -0.024906 -0.016319 -0.008338 -0.006254 -0.004169 -0.002085 -0.000000 
PAIR: ALA THR 0.25 11.75 24 0.000000 0.000000 0.062419 0.064376 0.043551 -0.017742 -0.097453 -0.162446 -0.197767 -0.200947 -0.175541 -0.136646 -0.104315 -0.080878 -0.061939 -0.050033 -0.044539 -0.040865 -0.033471 -0.019379 -0.014534 -0.009690 -0.004845 -0.000000 
PAIR: ALA VAL 0.25 11.75 24 0.000000 0.000000 0.076410 0.041552 -0.057272 -0.198000 -0.287370 -0.311276 -0.295380 -0.244824 -0.160789 -0.073658 -0.042976 -0.072691 -0.098783 -0.096474 -0.081476 -0.065410 -0.047695 -0.026216 -0.019662 -0.013108 -0.006554 -0.000000 
PAIR: ALA TRP 0.25 11.75 24 0.000000 0.000000 0.039666 -0.002606 -0.070346 -0.096740 -0.059133 -0.019668 -0.037343 -0.117749 -0.196557 -0.192270 -0.083330 0.045517 0.083289 0.036760 -0.017366 -0.045232 -0.052327 -0.049025 -0.036769 -0.024513 -0.012256 -0.000000 
PAIR: ALA TYR 0.25 11.75 24 0.000000 0.000000 0.044845 0.006773 -0.072677 -0.144872 -0.155607 -0.130671 -0.107420 -0.093725 -0.075574 -0.037616 0.010328 0.031578 0.012424 -0.022638 -0.048940 -0.058472 -0.054023 -0.042353 -0.031765 -0.021177 -0.010588 -0.000000 
PAIR: CYS CYS 0.25 11.75 24 0.000000 0.000000 -0.121322 -0.589194 -1.040195 -1.192616 -1.124923 -0.944998 -0.681242 -0.406993 -0.292784 -0.395565 -0.492016 -0.399568 -0.180413 0.012202 0.104647 0.122304 0.116721 0.113624 0.085218 0.056812 0.028406 0.000000 
PAIR: CYS ASP 0.25 11.75 24 0.000000 0.000000 0.041906 0.072258 0.133019 0.203608 0.230996 0.196955 0.121643 0.026576 -0.063066 -0.112840 -0.110468 -0.080776 -0.054141 -0.042805 -0.042224 -0.042453 -0.038490 -0.031887 -0.023915 -0.015943 -0.007972 -0.000000 
PAIR: CYS GLU 0.25 11.75 24 0.000000 0.000000 0.036812 0.049396 0.080968 0.122605 0.144422 0.133813 0.095393 0.039626 -0.013588 -0.041917 -0.039530 -0.022132 -0.011840 -0.018218 -0.032305 -0.041619 -0.044321 -0.044232 -0.033174 -0.022116 -0.011058 -0.000000 
PAIR: CYS PHE 0.25 11.75 24 0.000000 0.000000 0.090009 0.103373 0.135232 0.145724 0.084758 -0.040878 -0.184756 -0.283768 -0.290559 -0.196847 -0.058862 0.012717 -0.014848 -0.062542 -0.078111 -0.066016 -0.044799 -0.026399 -0.019799 -0.013199 -0.006600 -0.000000 
PAIR: CYS GLY 0.25 11.75 24 0.000000 0.000000 0.080607 0.051068 -0.034014 -0.135964 -0.182600 -0.162136 -0.100125 -0.060015 -0.101123 -0.184483 -0.220602 -0.192303 -0.140586 -0.090937 -0.045996 -0.009154 0.010802 0.011813 0.008860 0.005907 0.002953 0.000000 
PAIR: CYS HIS 0.25 11.75 24 0.000000 0.000000 0.085784 0.080838 0.065133 0.008113 -0.112650 -0.259659 -0.363404 -0.369550 -0.271727 -0.130374 -0.037400 -0.021450 -0.041543 -0.052915 -0.042106 -0.022802 -0.012868 -0.014273 -0.010705 -0.007137 -0.003568 -0.000000 
PAIR: CYS ILE 0.25 11.75 24 0.000000 0.000000 0.041676 0.036717 -0.002604 -0.099681 -0.181630 -0.207650 -0.194950 -0.153596 -0.090181 -0.020782 0.018953 -0.004911 -0.060363 -0.091794 -0.092831 -0.078886 -0.057281 -0.031610 -0.023707 -0.015805 -0.007902 -0.000000 
PAIR: CYS LYS 0.25 11.75 24 0.000000 0.000000 -0.007829 -0.008574 0.004770 0.033771 0.052786 0.050954 0.044575 0.049943 0.064826 0.073231 0.066553 0.052312 0.039212 0.028786 0.020400 0.009459 -0.008785 -0.026744 -0.020058 -0.013372 -0.006686 -0.000000 
PAIR: CYS LEU 0.25 11.75 24 0.000000 0.000000 0.074320 0.076397 0.056497 -0.029593 -0.128973 -0.181478 -0.190916 -0.158490 -0.086352 -0.001024 0.040314 0.002354 -0.062970 -0.094012 -0.090810 -0.074797 -0.056398 -0.036545 -0.027408 -0.018272 -0.009136 -0.000000 
PAIR: CYS MET 0.25 11.75 24 0.000000 0.000000 0.107008 0.088842 0.017701 -0.102335 -0.182923 -0.207309 -0.198696 -0.166893 -0.122988 -0.082525 -0.066472 -0.087646 -0.115088 -0.114480 -0.089896 -0.061798 -0.041424 -0.029386 -0.022040 -0.014693 -0.007347 -0.000000 
PAIR: CYS ASN 0.25 11.75 24 0.000000 0.000000 0.066186 0.069284 0.089971 0.119935 0.121387 0.082431 0.025044 -0.032038 -0.081795 -0.111909 -0.108895 -0.080192 -0.046576 -0.020410 -0.005891 -0.004402 -0.011724 -0.019656 -0.014742 -0.009828 -0.004914 -0.000000 
PAIR: CYS PRO 0.25 11.75 24 0.000000 0.000000 0.020923 0.013489 -0.027028 -0.131535 -0.250490 -0.313774 -0.312486 -0.262798 -0.189233 -0.119063 -0.070619 -0.046245 -0.035148 -0.028108 -0.024267 -0.021604 -0.014150 -0.001466 -0.001099 -0.000733 -0.000366 -0.000000 
PAIR: CYS GLN 0.25 11.75 24 0.000000 0.000000 0.031134 0.025829 0.025142 0.039656 0.057274 0.058000 0.041293 0.015682 -0.006696 -0.009532 0.004771 0.012838 0.010906 0.009548 0.008512 0.001518 -0.014840 -0.034898 -0.026174 -0.017449 -0.008725 -0.000000 
PAIR: CYS ARG 0.25 11.75 24 0.000000 0.000000 0.010640 0.019456 0.057124 0.134424 0.204231 0.221785 0.188560 0.120792 0.044822 0.004330 0.022201 0.065253 0.084183 0.067719 0.038148 0.016409 0.003785 -0.010013 -0.007509 -0.005006 -0.002503 -0.000000 
PAIR: CYS SER 0.25 11.75 24 0.000000 0.000000 0.083643 0.083703 0.071986 0.073455 0.064788 0.018591 -0.051261 -0.116747 -0.161844 -0.183784 -0.172358 -0.124730 -0.071899 -0.043606 -0.041581 -0.050196 -0.053059 -0.042479 -0.031859 -0.021239 -0.010620 -0.000000 
PAIR: CYS THR 0.25 11.75 24 0.000000 0.000000 0.104693 0.121199 0.132230 0.107802 0.041757 -0.035467 -0.091894 -0.114449 -0.110500 -0.098916 -0.092219 -0.087072 -0.078757 -0.072050 -0.072294 -0.076029 -0.073791 -0.059786 -0.044840 -0.029893 -0.014947 -0.000000 
PAIR: CYS VAL 0.25 11.75 24 0.000000 0.000000 0.069984 0.049461 -0.023131 -0.127162 -0.181705 -0.186138 -0.166576 -0.127708 -0.073860 -0.030211 -0.029000 -0.058794 -0.076907 -0.077145 -0.072766 -0.064365 -0.048177 -0.025208 -0.018906 -0.012604 -0.006302 -0.000000 
PAIR: CYS TRP 0.25 11.75 24 0.000000 0.000000 0.067124 0.085924 0.133390 0.181089 0.179907 0.120502 0.017271 -0.101811 -0.187281 -0.184288 -0.081870 0.039766 0.074323 0.022067 -0.040752 -0.066261 -0.054584 -0.030744 -0.023058 -0.015372 -0.007686 -0.000000 
PAIR: CYS TYR 0.25 11.75 24 0.000000 0.000000 0.042892 0.065577 0.133558 0.223017 0.252037 0.195997 0.093526 -0.002732 -0.055170 -0.051029 -0.009963 0.019708 0.011844 -0.011403 -0.025949 -0.031711 -0.035477 -0.038285 -0.028713 -0.019142 -0.009571 -0.000000 
PAIR: ASP ASP 0.25 11.75 24 0.000000 0.000000 0.066950 0.120668 0.211911 0.301512 0.340351 0.312680 0.217678 0.069993 -0.079465 -0.166005 -0.169479 -0.133391 -0.108023 -0.097564 -0.085625 -0.070854 -0.060386 -0.053146 -0.039860 -0.026573 -0.013287 -0.000000 
PAIR: ASP GLU 0.25 11.75 24 0.000000 0.000000 0.034937 0.080001 0.181815 0.327514 0.455714 0.518214 0.491185 0.365343 0.176232 0.009257 -0.071452 -0.079675 -0.070338 -0.071538 -0.074436 -0.068699 -0.059107 -0.051849 -0.038887 -0.025925 -0.012962 -0.000000 
PAIR: ASP PHE 0.25 11.75 24 0.000000 0.000000 -0.003570 0.034731 0.122722 0.255796 0.368130 0.387251 0.324307 0.242157 0.183764 0.153359 0.124853 0.077901 0.033876 0.017302 0.017711 0.014662 0.001568 -0.014757 -0.011068 -0.007378 -0.003689 -0.000000 
PAIR: ASP GLY 0.25 11.75 24 0.000000 0.000000 0.084899 0.058139 -0.020581 -0.130861 -0.212032 -0.232975 -0.194744 -0.130661 -0.101469 -0.126307 -0.153357 -0.146086 -0.115895 -0.086013 -0.066466 -0.053359 -0.039810 -0.023968 -0.017976 -0.011984 -0.005992 -0.000000 
PAIR: ASP HIS 0.25 11.75 24 0.000000 0.000000 0.108866 0.111518 0.046853 -0.142284 -0.373190 -0.552402 -0.637612 -0.608375 -0.479477 -0.327458 -0.227531 -0.161045 -0.098788 -0.052974 -0.033889 -0.031070 -0.028187 -0.018689 -0.014017 -0.009344 -0.004672 -0.000000 
PAIR: ASP ILE 0.25 11.75 24 0.000000 0.000000 -0.005287 0.025347 0.087138 0.171142 0.251121 0.300859 0.312705 0.293638 0.256261 0.216069 0.176620 0.129208 0.078743 0.040158 0.015527 0.000035 -0.006276 -0.002680 -0.002010 -0.001340 -0.000670 -0.000000 
PAIR: ASP LYS 0.25 11.75 24 0.000000 0.000000 0.091920 -0.019516 -0.277154 -0.556872 -0.715389 -0.755404 -0.714119 -0.613578 -0.482544 -0.364606 -0.280685 -0.213559 -0.149012 -0.092884 -0.054719 -0.031587 -0.011665 0.010554 0.007916 0.005277 0.002639 0.000000 
PAIR: ASP LEU 0.25 11.75 24 0.000000 0.000000 -0.009843 0.021129 0.083460 0.169302 0.253131 0.305528 0.322618 0.320070 0.304559 0.270171 0.210347 0.136956 0.080266 0.051257 0.033977 0.015544 -0.002051 -0.012084 -0.009063 -0.006042 -0.003021 -0.000000 
PAIR: ASP MET 0.25 11.75 24 0.000000 0.000000 0.039135 0.070009 0.129791 0.203824 0.259394 0.273593 0.246633 0.189095 0.115932 0.048059 0.000609 -0.024814 -0.031802 -0.025810 -0.017240 -0.016930 -0.025165 -0.033722 -0.025292 -0.016861 -0.008431 -0.000000 
PAIR: ASP ASN 0.25 11.75 24 0.000000 0.000000 0.074525 0.078645 0.056941 -0.018809 -0.132926 -0.240933 -0.307124 -0.319802 -0.292540 -0.246601 -0.191357 -0.135763 -0.096506 -0.080039 -0.075012 -0.066126 -0.047882 -0.024819 -0.018614 -0.012409 -0.006205 -0.000000 
PAIR: ASP PRO 0.25 11.75 24 0.000000 0.000000 0.051079 0.075337 0.108790 0.121400 0.101740 0.067904 0.029886 -0.003945 -0.020317 -0.014501 -0.005176 -0.017731 -0.047900 -0.070279 -0.072042 -0.060822 -0.049176 -0.039499 -0.029624 -0.019750 -0.009875 -0.000000 
PAIR: ASP GLN 0.25 11.75 24 0.000000 0.000000 0.049568 0.080240 0.127575 0.147201 0.100302 0.014430 -0.061371 -0.102884 -0.120459 -0.134838 -0.139485 -0.121820 -0.096573 -0.081299 -0.071691 -0.058106 -0.041913 -0.026540 -0.019905 -0.013270 -0.006635 -0.000000 
PAIR: ASP ARG 0.25 11.75 24 0.000000 0.000000 0.112303 -0.013627 -0.316688 -0.617777 -0.765290 -0.791696 -0.748348 -0.660299 -0.530628 -0.371008 -0.228300 -0.140359 -0.099044 -0.080475 -0.066972 -0.047527 -0.020406 0.007852 0.005889 0.003926 0.001963 0.000000 
PAIR: ASP SER 0.25 11.75 24 0.000000 0.000000 -0.183908 -0.441829 -0.628104 -0.651859 -0.558511 -0.412474 -0.290739 -0.249647 -0.244867 -0.206717 -0.138097 -0.083630 -0.059132 -0.049194 -0.040270 -0.030001 -0.019084 -0.006414 -0.004810 -0.003207 -0.001603 -0.000000 
PAIR: ASP THR 0.25 11.75 24 0.000000 0.000000 0.017798 -0.053143 -0.174557 -0.284299 -0.327133 -0.297503 -0.226417 -0.156446 -0.109025 -0.074821 -0.040896 -0.016599 -0.016198 -0.031865 -0.044639 -0.043084 -0.025899 -0.000558 -0.000419 -0.000279 -0.000140 -0.000000 
PAIR: ASP VAL 0.25 11.75 24 0.000000 0.000000 -0.021179 0.013696 0.092240 0.211515 0.325255 0.388526 0.397890 0.364973 0.303175 0.232052 0.167075 0.113611 0.072548 0.040892 0.018255 0.008722 0.014009 0.026716 0.020037 0.013358 0.006679 0.000000 
PAIR: ASP TRP 0.25 11.75 24 0.000000 0.000000 0.025019 0.084333 0.231236 0.441271 0.548020 0.429479 0.181351 -0.025071 -0.098200 -0.053113 0.022527 0.044962 0.008133 -0.039971 -0.068054 -0.072686 -0.059558 -0.040841 -0.030631 -0.020420 -0.010210 -0.000000 
PAIR: ASP TYR 0.25 11.75 24 0.000000 0.000000 0.058607 0.105933 0.208090 0.304660 0.243537 0.029344 -0.185295 -0.291437 -0.261257 -0.145372 -0.052940 -0.039228 -0.054931 -0.056540 -0.050078 -0.047554 -0.045374 -0.037384 -0.028038 -0.018692 -0.009346 -0.000000 
PAIR: GLU GLU 0.25 11.75 24 0.000000 0.000000 0.015012 0.049361 0.156808 0.344842 0.530072 0.637643 0.642966 0.535205 0.335481 0.121005 -0.026881 -0.092985 -0.113567 -0.120537 -0.121447 -0.113375 -0.098400 -0.082005 -0.061504 -0.041003 -0.020501 -0.000000 
PAIR: GLU PHE 0.25 11.75 24 0.000000 0.000000 -0.007402 0.003815 0.044843 0.125562 0.201889 0.216851 0.174943 0.114619 0.065385 0.038700 0.028059 0.020588 0.018138 0.024289 0.027100 0.019346 0.006448 -0.004232 -0.003174 -0.002116 -0.001058 -0.000000 
PAIR: GLU GLY 0.25 11.75 24 0.000000 0.000000 0.038950 0.028484 -0.006058 -0.068639 -0.115323 -0.103929 -0.037314 0.043507 0.078402 0.041662 -0.022944 -0.066058 -0.079578 -0.076663 -0.069161 -0.060184 -0.047305 -0.030361 -0.022771 -0.015181 -0.007590 -0.000000 
PAIR: GLU HIS 0.25 11.75 24 0.000000 0.000000 0.057472 0.061745 0.063896 0.013180 -0.132356 -0.313515 -0.450998 -0.495630 -0.431275 -0.297352 -0.181375 -0.116665 -0.074542 -0.042737 -0.025414 -0.019582 -0.014237 -0.002792 -0.002094 -0.001396 -0.000698 -0.000000 
PAIR: GLU ILE 0.25 11.75 24 0.000000 0.000000 -0.000681 0.003389 0.018605 0.046845 0.080701 0.114761 0.144148 0.160438 0.159139 0.144615 0.122226 0.093299 0.063948 0.040554 0.020576 0.001986 -0.010828 -0.012982 -0.009737 -0.006491 -0.003246 -0.000000 
PAIR: GLU LYS 0.25 11.75 24 0.000000 0.000000 0.096924 0.038386 -0.146144 -0.421448 -0.616255 -0.685485 -0.666452 -0.587840 -0.467161 -0.335652 -0.233468 -0.164898 -0.109475 -0.060729 -0.022490 0.005001 0.025135 0.040202 0.030152 0.020101 0.010051 0.000000 
PAIR: GLU LEU 0.25 11.75 24 0.000000 0.000000 -0.023642 -0.019629 -0.002802 0.034202 0.085819 0.135489 0.170313 0.184125 0.175696 0.151210 0.120212 0.090032 0.067090 0.052700 0.041732 0.030215 0.019562 0.012009 0.009007 0.006005 0.003002 0.000000 
PAIR: GLU MET 0.25 11.75 24 0.000000 0.000000 0.018528 0.023142 0.041268 0.077821 0.119829 0.147122 0.148830 0.123852 0.082794 0.046492 0.027201 0.015648 0.005227 0.003829 0.009760 0.010312 0.000664 -0.013377 -0.010033 -0.006688 -0.003344 -0.000000 
PAIR: GLU ASN 0.25 11.75 24 0.000000 0.000000 0.044511 0.048531 0.058212 0.057997 0.022593 -0.041192 -0.103211 -0.138829 -0.145412 -0.139383 -0.127333 -0.105758 -0.083883 -0.071551 -0.066022 -0.059320 -0.047831 -0.032687 -0.024515 -0.016344 -0.008172 -0.000000 
PAIR: GLU PRO 0.25 11.75 24 0.000000 0.000000 0.020687 0.022826 0.031305 0.037400 0.028943 0.017478 0.012851 0.010929 0.008134 0.007083 0.005501 -0.008797 -0.036388 -0.059262 -0.064806 -0.055506 -0.038725 -0.021243 -0.015932 -0.010622 -0.005311 -0.000000 
PAIR: GLU GLN 0.25 11.75 24 0.000000 0.000000 0.050084 0.061395 0.098830 0.148107 0.149816 0.095571 0.028787 -0.019767 -0.052343 -0.087019 -0.112477 -0.104128 -0.075895 -0.055321 -0.047115 -0.042543 -0.037278 -0.033016 -0.024762 -0.016508 -0.008254 -0.000000 
PAIR: GLU ARG 0.25 11.75 24 0.000000 0.000000 0.117034 0.076253 -0.073158 -0.318007 -0.522138 -0.641993 -0.687104 -0.662517 -0.570540 -0.427149 -0.275831 -0.160848 -0.086276 -0.034906 0.000550 0.022622 0.038268 0.052902 0.039677 0.026451 0.013226 0.000000 
PAIR: GLU SER 0.25 11.75 24 0.000000 0.000000 0.004215 -0.165017 -0.412833 -0.560703 -0.534813 -0.379589 -0.205292 -0.121194 -0.116618 -0.108479 -0.071638 -0.042482 -0.040106 -0.046190 -0.045167 -0.039723 -0.033778 -0.023014 -0.017260 -0.011507 -0.005753 -0.000000 
PAIR: GLU THR 0.25 11.75 24 0.000000 0.000000 0.018192 -0.029308 -0.147156 -0.285106 -0.346090 -0.305005 -0.206222 -0.112362 -0.056329 -0.027847 -0.006490 0.006040 -0.001055 -0.021863 -0.038821 -0.040346 -0.027132 -0.007243 -0.005432 -0.003622 -0.001811 -0.000000 
PAIR: GLU VAL 0.25 11.75 24 0.000000 0.000000 -0.034361 -0.030641 -0.014456 0.024540 0.087906 0.161648 0.223421 0.253447 0.244957 0.208776 0.165029 0.128964 0.101251 0.073110 0.042335 0.016718 0.005653 0.009370 0.007027 0.004685 0.002342 0.000000 
PAIR: GLU TRP 0.25 11.75 24 0.000000 0.000000 0.042022 0.071692 0.162461 0.299875 0.352193 0.238625 0.039305 -0.124609 -0.186126 -0.149589 -0.073029 -0.024975 -0.024255 -0.039192 -0.046347 -0.046492 -0.040794 -0.028937 -0.021703 -0.014468 -0.007234 -0.000000 
PAIR: GLU TYR 0.25 11.75 24 0.000000 0.000000 0.053615 0.074568 0.142194 0.236144 0.218339 0.046223 -0.153213 -0.270201 -0.268218 -0.177370 -0.086293 -0.056664 -0.055739 -0.045973 -0.032336 -0.025007 -0.022718 -0.019022 -0.014266 -0.009511 -0.004755 -0.000000 
PAIR: PHE PHE 0.25 11.75 24 0.000000 0.000000 0.112259 0.099870 0.091072 0.101864 0.073296 -0.048128 -0.192583 -0.288912 -0.327045 -0.330465 -0.317000 -0.273909 -0.183865 -0.087905 -0.032749 -0.010299 -0.000167 0.008819 0.006614 0.004410 0.002205 0.000000 
PAIR: PHE GLY 0.25 11.75 24 0.000000 0.000000 0.028643 -0.015510 -0.117866 -0.236913 -0.278941 -0.231257 -0.143521 -0.050130 0.041898 0.116575 0.131891 0.070579 -0.018519 -0.078846 -0.098028 -0.086602 -0.059927 -0.034865 -0.026149 -0.017433 -0.008716 -0.000000 
PAIR: PHE HIS 0.25 11.75 24 0.000000 0.000000 0.018219 0.009167 0.000909 0.009750 0.037633 0.058565 0.051131 0.025600 0.011183 0.029190 0.069382 0.092219 0.077148 0.043001 0.013052 -0.003068 -0.007204 -0.006985 -0.005239 -0.003493 -0.001746 -0.000000 
PAIR: PHE ILE 0.25 11.75 24 0.000000 0.000000 0.100876 0.067966 -0.017284 -0.149355 -0.238186 -0.233904 -0.182086 -0.143683 -0.148949 -0.190232 -0.236232 -0.242573 -0.186869 -0.115588 -0.073380 -0.052449 -0.037358 -0.022539 -0.016904 -0.011270 -0.005635 -0.000000 
PAIR: PHE LYS 0.25 11.75 24 0.000000 0.000000 -0.041040 -0.047240 -0.058661 -0.074856 -0.085165 -0.065457 -0.008294 0.062948 0.115635 0.136487 0.134862 0.124252 0.109747 0.091656 0.075715 0.066848 0.058741 0.042790 0.032092 0.021395 0.010697 0.000000 
PAIR: PHE LEU 0.25 11.75 24 0.000000 0.000000 0.095245 0.065783 -0.008057 -0.130169 -0.232875 -0.251794 -0.213760 -0.178139 -0.182595 -0.226831 -0.276491 -0.274985 -0.199603 -0.114150 -0.065582 -0.041178 -0.024330 -0.006304 -0.004728 -0.003152 -0.001576 -0.000000 
PAIR: PHE MET 0.25 11.75 24 0.000000 0.000000 0.097632 0.080153 0.046313 -0.017573 -0.124796 -0.233312 -0.309554 -0.349109 -0.350252 -0.312830 -0.245365 -0.167169 -0.104507 -0.070699 -0.055065 -0.043257 -0.028819 -0.010170 -0.007627 -0.005085 -0.002542 -0.000000 
PAIR: PHE ASN 0.25 11.75 24 0.000000 0.000000 0.008975 0.019817 0.051672 0.098184 0.127187 0.124065 0.103806 0.090382 0.099525 0.127602 0.146043 0.124119 0.074717 0.035418 0.016685 0.006889 -0.005354 -0.021460 -0.016095 -0.010730 -0.005365 -0.000000 
PAIR: PHE PRO 0.25 11.75 24 0.000000 0.000000 -0.007892 -0.034476 -0.108581 -0.237701 -0.344399 -0.347859 -0.258990 -0.133590 -0.023696 0.039142 0.045775 0.014274 -0.016800 -0.027029 -0.024775 -0.018956 -0.011611 -0.003754 -0.002816 -0.001877 -0.000939 -0.000000 
PAIR: PHE GLN 0.25 11.75 24 0.000000 0.000000 -0.006397 -0.011391 -0.011846 0.001020 0.019434 0.032976 0.039521 0.038394 0.037058 0.047777 0.069832 0.089241 0.096367 0.089874 0.071446 0.046390 0.021458 0.001644 0.001233 0.000822 0.000411 0.000000 
PAIR: PHE ARG 0.25 11.75 24 0.000000 0.000000 -0.056478 -0.065986 -0.087182 -0.113666 -0.111825 -0.063569 0.011115 0.085246 0.143843 0.178495 0.178623 0.147877 0.115519 0.100822 0.096335 0.091399 0.081261 0.065065 0.048799 0.032533 0.016266 0.000000 
PAIR: PHE SER 0.25 11.75 24 0.000000 0.000000 0.097641 0.196110 0.334655 0.412037 0.333827 0.137659 -0.037032 -0.093062 -0.035103 0.058442 0.099397 0.062545 -0.000087 -0.036092 -0.046326 -0.050468 -0.054051 -0.053817 -0.040363 -0.026908 -0.013454 -0.000000 
PAIR: PHE THR 0.25 11.75 24 0.000000 0.000000 0.068265 0.098174 0.155099 0.220015 0.234096 0.173361 0.087741 0.026197 -0.001890 -0.008244 -0.007109 -0.012567 -0.027537 -0.038925 -0.042498 -0.044555 -0.047719 -0.050048 -0.037536 -0.025024 -0.012512 -0.000000 
PAIR: PHE VAL 0.25 11.75 24 0.000000 0.000000 0.086205 0.051121 -0.042314 -0.176659 -0.246866 -0.222738 -0.163446 -0.125792 -0.128102 -0.152568 -0.166072 -0.144519 -0.104119 -0.078206 -0.067937 -0.060855 -0.048533 -0.029611 -0.022209 -0.014806 -0.007403 -0.000000 
PAIR: PHE TRP 0.25 11.75 24 0.000000 0.000000 0.070238 0.069989 0.095266 0.161191 0.196541 0.128675 0.005005 -0.088299 -0.127279 -0.151747 -0.200663 -0.252698 -0.236582 -0.135075 -0.027585 0.026213 0.034571 0.024827 0.018620 0.012413 0.006207 0.000000 
PAIR: PHE TYR 0.25 11.75 24 0.000000 0.000000 0.041488 0.038909 0.064012 0.150993 0.232870 0.205558 0.094381 -0.024497 -0.113922 -0.168617 -0.187616 -0.164469 -0.101516 -0.031403 0.013850 0.032746 0.036252 0.032514 0.024386 0.016257 0.008129 0.000000 
PAIR: GLY GLY 0.25 11.75 24 0.000000 0.000000 0.102494 0.095788 0.055755 -0.056879 -0.214380 -0.350723 -0.431103 -0.447976 -0.404010 -0.306482 -0.185052 -0.092751 -0.053906 -0.048084 -0.049711 -0.046278 -0.032056 -0.007541 -0.005656 -0.003771 -0.001885 -0.000000 
PAIR: GLY HIS 0.25 11.75 24 0.000000 0.000000 0.084086 0.059709 0.015267 -0.019609 -0.022816 -0.013653 -0.014941 -0.041374 -0.093680 -0.146506 -0.164704 -0.144960 -0.114258 -0.092154 -0.080039 -0.072170 -0.063209 -0.050297 -0.037723 -0.025148 -0.012574 -0.000000 
PAIR: GLY ILE 0.25 11.75 24 0.000000 0.000000 0.031092 0.034100 0.049021 0.072792 0.082234 0.066319 0.044904 0.046657 0.080022 0.114815 0.101022 0.034020 -0.031201 -0.057898 -0.059245 -0.057532 -0.059050 -0.057218 -0.042914 -0.028609 -0.014305 -0.000000 
PAIR: GLY LYS 0.25 11.75 24 0.000000 0.000000 0.040529 0.053838 0.097230 0.152414 0.131912 0.013815 -0.127136 -0.223380 -0.246083 -0.205076 -0.140918 -0.094695 -0.079241 -0.082450 -0.088900 -0.089406 -0.076873 -0.048917 -0.036688 -0.024459 -0.012229 -0.000000 
PAIR: GLY LEU 0.25 11.75 24 0.000000 0.000000 0.018876 0.019550 0.024715 0.027521 0.020654 0.012205 0.019884 0.063140 0.142016 0.213060 0.204980 0.105478 -0.009731 -0.078475 -0.097764 -0.086995 -0.065477 -0.045741 -0.034306 -0.022870 -0.011435 -0.000000 
PAIR: GLY MET 0.25 11.75 24 0.000000 0.000000 0.066242 0.046167 -0.021886 -0.138817 -0.212384 -0.196901 -0.123305 -0.034274 0.032131 0.052831 0.024139 -0.034543 -0.088326 -0.115409 -0.113106 -0.088824 -0.057387 -0.032911 -0.024683 -0.016455 -0.008228 -0.000000 
PAIR: GLY ASN 0.25 11.75 24 0.000000 0.000000 0.060106 0.016164 -0.093816 -0.235341 -0.325619 -0.343414 -0.319541 -0.293995 -0.283447 -0.267540 -0.221726 -0.154956 -0.095304 -0.057233 -0.037787 -0.028023 -0.019255 -0.006081 -0.004561 -0.003041 -0.001520 -0.000000 
PAIR: GLY PRO 0.25 11.75 24 0.000000 0.000000 0.074771 0.072084 0.063600 0.023413 -0.071627 -0.186983 -0.273571 -0.310513 -0.294737 -0.229722 -0.136299 -0.057856 -0.023383 -0.021394 -0.028600 -0.033251 -0.030194 -0.019183 -0.014387 -0.009591 -0.004796 -0.000000 
PAIR: GLY GLN 0.25 11.75 24 0.000000 0.000000 0.040627 0.020959 -0.037654 -0.137633 -0.222402 -0.250788 -0.228670 -0.183513 -0.144667 -0.122124 -0.107450 -0.097029 -0.089414 -0.077574 -0.060654 -0.045508 -0.034080 -0.020749 -0.015562 -0.010375 -0.005187 -0.000000 
PAIR: GLY ARG 0.25 11.75 24 0.000000 0.000000 0.050406 0.058601 0.089708 0.133158 0.138180 0.082477 -0.018952 -0.132068 -0.206357 -0.203102 -0.136587 -0.067465 -0.041259 -0.053516 -0.075006 -0.083567 -0.074080 -0.052580 -0.039435 -0.026290 -0.013145 -0.000000 
PAIR: GLY SER 0.25 11.75 24 0.000000 0.000000 0.081228 0.016054 -0.117726 -0.241066 -0.292446 -0.277166 -0.242975 -0.243802 -0.276342 -0.285985 -0.238677 -0.156597 -0.088035 -0.053238 -0.038803 -0.029197 -0.019314 -0.008113 -0.006085 -0.004057 -0.002028 -0.000000 
PAIR: GLY THR 0.25 11.75 24 0.000000 0.000000 0.052849 0.035448 -0.024660 -0.124144 -0.215366 -0.265090 -0.271637 -0.246457 -0.205870 -0.168422 -0.139035 -0.107016 -0.071322 -0.043525 -0.031503 -0.031671 -0.030673 -0.017571 -0.013178 -0.008786 -0.004393 -0.000000 
PAIR: GLY VAL 0.25 11.75 24 0.000000 0.000000 0.000659 0.005667 0.028550 0.068749 0.091403 0.075634 0.042729 0.023411 0.025640 0.026077 0.002914 -0.023354 -0.022892 -0.006993 -0.001891 -0.013290 -0.026880 -0.027507 -0.020630 -0.013753 -0.006877 -0.000000 
PAIR: GLY TRP 0.25 11.75 24 0.000000 0.000000 0.006149 -0.038971 -0.128114 -0.206409 -0.217495 -0.177588 -0.127560 -0.092127 -0.054399 0.014779 0.097223 0.131147 0.084551 -0.002438 -0.071607 -0.100374 -0.094256 -0.066661 -0.049996 -0.033331 -0.016665 -0.000000 
PAIR: GLY TYR 0.25 11.75 24 0.000000 0.000000 0.018582 -0.032082 -0.138396 -0.237534 -0.250491 -0.194731 -0.120741 -0.055283 0.000026 0.041009 0.046473 0.008057 -0.047595 -0.087036 -0.098468 -0.087701 -0.064824 -0.038760 -0.029070 -0.019380 -0.009690 -0.000000 
PAIR: HIS HIS 0.25 11.75 24 0.000000 0.000000 0.182383 0.140533 0.034702 -0.101888 -0.211764 -0.322989 -0.453719 -0.562595 -0.582677 -0.482067 -0.326927 -0.227286 -0.194823 -0.175114 -0.144419 -0.110168 -0.072447 -0.023677 -0.017758 -0.011839 -0.005919 -0.000000 
PAIR: HIS ILE 0.25 11.75 24 0.000000 0.000000 -0.017007 -0.028799 -0.046168 -0.048245 -0.000580 0.091852 0.181343 0.222420 0.200865 0.145282 0.098426 0.075341 0.062591 0.047615 0.030578 0.015089 0.004114 -0.001191 -0.000893 -0.000596 -0.000298 -0.000000 
PAIR: HIS LYS 0.25 11.75 24 0.000000 0.000000 0.029594 0.040558 0.090706 0.178322 0.227264 0.210943 0.168354 0.130059 0.105713 0.088468 0.062803 0.027387 -0.004718 -0.026058 -0.036859 -0.040920 -0.042414 -0.041524 -0.031143 -0.020762 -0.010381 -0.000000 
PAIR: HIS LEU 0.25 11.75 24 0.000000 0.000000 -0.037405 -0.046465 -0.055643 -0.052669 -0.021246 0.043594 0.117147 0.166593 0.175113 0.154033 0.123702 0.090621 0.060279 0.042587 0.036577 0.033838 0.028832 0.020473 0.015355 0.010237 0.005118 0.000000 
PAIR: HIS MET 0.25 11.75 24 0.000000 0.000000 0.049493 0.042611 0.037024 0.032501 0.020331 0.004022 -0.012057 -0.027589 -0.039285 -0.037584 -0.019111 0.002875 0.013320 0.010544 0.000500 -0.011457 -0.019130 -0.019042 -0.014281 -0.009521 -0.004760 -0.000000 
PAIR: HIS ASN 0.25 11.75 24 0.000000 0.000000 0.068835 0.063470 0.054138 0.040241 0.009551 -0.047276 -0.115274 -0.164590 -0.171575 -0.140540 -0.104706 -0.087901 -0.082334 -0.074473 -0.063053 -0.052605 -0.045738 -0.039928 -0.029946 -0.019964 -0.009982 -0.000000 
PAIR: HIS PRO 0.25 11.75 24 0.000000 0.000000 0.052026 0.042188 0.022243 -0.019354 -0.080845 -0.125859 -0.136238 -0.120220 -0.095924 -0.082659 -0.085433 -0.087789 -0.078603 -0.066271 -0.056164 -0.042277 -0.022626 -0.004190 -0.003142 -0.002095 -0.001047 -0.000000 
PAIR: HIS GLN 0.25 11.75 24 0.000000 0.000000 0.053160 0.040215 0.016779 -0.000170 -0.001821 -0.015529 -0.055764 -0.098228 -0.107618 -0.080768 -0.054397 -0.047089 -0.042804 -0.037486 -0.037909 -0.041756 -0.041603 -0.034680 -0.026010 -0.017340 -0.008670 -0.000000 
PAIR: HIS ARG 0.25 11.75 24 0.000000 0.000000 0.023557 0.011908 -0.000024 0.020917 0.083586 0.147056 0.174181 0.145592 0.069876 -0.007241 -0.039688 -0.030766 -0.017120 -0.017805 -0.025234 -0.031668 -0.037461 -0.041289 -0.030967 -0.020645 -0.010322 -0.000000 
PAIR: HIS SER 0.25 11.75 24 0.000000 0.000000 0.127643 0.128304 0.007225 -0.218249 -0.388977 -0.431788 -0.360956 -0.253537 -0.186739 -0.157755 -0.130195 -0.101573 -0.082018 -0.072279 -0.068175 -0.063473 -0.053281 -0.036154 -0.027115 -0.018077 -0.009038 -0.000000 
PAIR: HIS THR 0.25 11.75 24 0.000000 0.000000 0.061654 0.075221 0.076626 0.028055 -0.061019 -0.139530 -0.176291 -0.170261 -0.139138 -0.106532 -0.085812 -0.072996 -0.059954 -0.047180 -0.040418 -0.038954 -0.035068 -0.025183 -0.018887 -0.012591 -0.006296 -0.000000 
PAIR: HIS VAL 0.25 11.75 24 0.000000 0.000000 -0.049546 -0.058459 -0.061946 -0.026554 0.065757 0.178488 0.259714 0.275498 0.228778 0.158426 0.103761 0.077643 0.070235 0.063011 0.048933 0.033491 0.020841 0.010694 0.008020 0.005347 0.002673 0.000000 
PAIR: HIS TRP 0.25 11.75 24 0.000000 0.000000 -0.041996 -0.068834 -0.120145 -0.130882 -0.081614 -0.038356 -0.042065 -0.079548 -0.111199 -0.100973 -0.044074 0.016811 0.028615 -0.006553 -0.040876 -0.050363 -0.043713 -0.030990 -0.023242 -0.015495 -0.007747 -0.000000 
PAIR: HIS TYR 0.25 11.75 24 0.000000 0.000000 0.051769 0.031674 -0.004999 -0.027751 -0.014191 -0.013785 -0.074449 -0.172961 -0.234590 -0.205034 -0.104267 -0.012439 0.023051 0.022529 0.016720 0.013835 0.009409 0.004243 0.003182 0.002122 0.001061 0.000000 
PAIR: ILE ILE 0.25 11.75 24 0.000000 0.000000 0.139593 0.110437 0.038899 -0.087588 -0.230664 -0.318967 -0.347242 -0.341597 -0.322650 -0.303096 -0.280181 -0.233198 -0.164973 -0.120485 -0.106458 -0.093224 -0.066092 -0.030367 -0.022775 -0.015183 -0.007592 -0.000000 
PAIR: ILE LYS 0.25 11.75 24 0.000000 0.000000 -0.032891 -0.034083 -0.014408 0.070736 0.214572 0.307350 0.293198 0.219921 0.144101 0.090069 0.059714 0.049960 0.056421 0.070405 0.080122 0.076043 0.057348 0.031862 0.023896 0.015931 0.007965 0.000000 
PAIR: ILE LEU 0.25 11.75 24 0.000000 0.000000 0.127907 0.099389 0.038823 -0.043466 -0.132351 -0.207205 -0.258300 -0.292065 -0.312144 -0.318163 -0.302463 -0.248833 -0.168726 -0.110219 -0.083763 -0.069885 -0.055427 -0.035552 -0.026664 -0.017776 -0.008888 -0.000000 
PAIR: ILE MET 0.25 11.75 24 0.000000 0.000000 0.082383 0.055903 -0.005721 -0.102731 -0.194100 -0.237404 -0.242020 -0.228111 -0.207580 -0.187381 -0.164699 -0.131058 -0.095086 -0.073515 -0.065102 -0.060855 -0.052351 -0.034775 -0.026081 -0.017387 -0.008694 -0.000000 
PAIR: ILE ASN 0.25 11.75 24 0.000000 0.000000 -0.018411 -0.010937 0.010523 0.045399 0.090572 0.140856 0.181983 0.206203 0.215844 0.213798 0.194741 0.152373 0.100613 0.062090 0.038740 0.022228 0.009930 0.002136 0.001602 0.001068 0.000534 0.000000 
PAIR: ILE PRO 0.25 11.75 24 0.000000 0.000000 0.002548 -0.013734 -0.034209 -0.011670 0.075683 0.141094 0.137615 0.097635 0.056537 0.026964 0.005694 -0.011071 -0.019494 -0.019143 -0.017908 -0.020093 -0.023336 -0.024205 -0.018154 -0.012103 -0.006051 -0.000000 
PAIR: ILE GLN 0.25 11.75 24 0.000000 0.000000 -0.015970 -0.022134 -0.026136 -0.017213 0.005301 0.035480 0.066766 0.091702 0.105745 0.110010 0.108887 0.106849 0.105118 0.096954 0.076657 0.049827 0.025164 0.006234 0.004675 0.003117 0.001558 0.000000 
PAIR: ILE ARG 0.25 11.75 24 0.000000 0.000000 -0.075930 -0.070355 -0.035975 0.035165 0.102281 0.147816 0.187808 0.227701 0.248226 0.224595 0.162118 0.100852 0.078308 0.089830 0.102469 0.096791 0.075049 0.047109 0.035332 0.023554 0.011777 0.000000 
PAIR: ILE SER 0.25 11.75 24 0.000000 0.000000 0.090260 0.160054 0.216936 0.186910 0.111052 0.063592 0.058249 0.080951 0.110011 0.125091 0.108531 0.056672 -0.002670 -0.041184 -0.057447 -0.058003 -0.048439 -0.036437 -0.027328 -0.018218 -0.009109 -0.000000 
PAIR: ILE THR 0.25 11.75 24 0.000000 0.000000 0.080097 0.094934 0.106794 0.089903 0.051782 0.021211 0.002377 -0.013047 -0.026036 -0.029853 -0.023611 -0.020021 -0.033425 -0.057931 -0.074233 -0.073046 -0.060021 -0.045894 -0.034420 -0.022947 -0.011473 -0.000000 
PAIR: ILE VAL 0.25 11.75 24 0.000000 0.000000 0.125439 0.096966 0.022759 -0.108477 -0.236183 -0.299365 -0.311014 -0.297660 -0.273292 -0.241453 -0.196653 -0.141999 -0.112295 -0.116861 -0.118873 -0.098610 -0.063334 -0.028412 -0.021309 -0.014206 -0.007103 -0.000000 
PAIR: ILE TRP 0.25 11.75 24 0.000000 0.000000 0.020528 -0.007230 -0.078755 -0.176585 -0.207140 -0.142155 -0.037408 0.039178 0.043004 -0.021492 -0.115735 -0.183560 -0.172910 -0.098845 -0.029500 0.004787 0.014177 0.013823 0.010367 0.006911 0.003456 0.000000 
PAIR: ILE TYR 0.25 11.75 24 0.000000 0.000000 0.001133 -0.026170 -0.094245 -0.186077 -0.214129 -0.148191 -0.044128 0.032390 0.044067 -0.001513 -0.064491 -0.097908 -0.078926 -0.034886 -0.002105 0.012065 0.013346 0.009536 0.007152 0.004768 0.002384 0.000000 
PAIR: LYS LYS 0.25 11.75 24 0.000000 0.000000 -0.005894 0.020802 0.137958 0.415570 0.762947 0.979213 0.978850 0.822239 0.613145 0.419876 0.259522 0.129093 0.032160 -0.027808 -0.055652 -0.062724 -0.061849 -0.060441 -0.045331 -0.030221 -0.015110 -0.000000 
PAIR: LYS LEU 0.25 11.75 24 0.000000 0.000000 -0.041598 -0.040136 -0.015267 0.077800 0.230347 0.325029 0.302999 0.217113 0.132131 0.081969 0.069333 0.074210 0.076369 0.075421 0.075685 0.073390 0.064323 0.049084 0.036813 0.024542 0.012271 0.000000 
PAIR: LYS MET 0.25 11.75 24 0.000000 0.000000 -0.032397 -0.030935 -0.012618 0.040840 0.104498 0.135655 0.135913 0.124502 0.112944 0.103839 0.098158 0.094584 0.087337 0.078137 0.073360 0.069093 0.055933 0.033374 0.025031 0.016687 0.008344 0.000000 
PAIR: LYS ASN 0.25 11.75 24 0.000000 0.000000 0.054035 0.057543 0.055066 0.021366 -0.037947 -0.087338 -0.109606 -0.105098 -0.084468 -0.066862 -0.064622 -0.071749 -0.078671 -0.082830 -0.083982 -0.080462 -0.070737 -0.054922 -0.041191 -0.027461 -0.013730 -0.000000 
PAIR: LYS PRO 0.25 11.75 24 0.000000 0.000000 0.007636 0.009732 0.042120 0.152672 0.317773 0.408324 0.366816 0.250483 0.121510 0.013440 -0.050700 -0.065031 -0.055477 -0.051666 -0.055420 -0.055339 -0.047555 -0.034036 -0.025527 -0.017018 -0.008509 -0.000000 
PAIR: LYS GLN 0.25 11.75 24 0.000000 0.000000 0.039681 0.040995 0.051195 0.058473 0.033438 -0.014257 -0.055217 -0.070840 -0.058715 -0.037326 -0.031355 -0.044072 -0.058773 -0.060886 -0.051282 -0.038382 -0.025910 -0.015722 -0.011791 -0.007861 -0.003930 -0.000000 
PAIR: LYS ARG 0.25 11.75 24 0.000000 0.000000 -0.036860 0.001222 0.145964 0.427254 0.688027 0.780917 0.725638 0.597639 0.451835 0.319372 0.214320 0.132589 0.062479 0.002205 -0.042654 -0.068713 -0.076833 -0.072814 -0.054610 -0.036407 -0.018203 -0.000000 
PAIR: LYS SER 0.25 11.75 24 0.000000 0.000000 0.030477 0.021718 -0.039694 -0.132315 -0.192202 -0.196087 -0.154909 -0.102425 -0.076073 -0.081012 -0.097090 -0.106963 -0.104290 -0.092678 -0.077244 -0.058960 -0.039931 -0.023995 -0.017996 -0.011997 -0.005999 -0.000000 
PAIR: LYS THR 0.25 11.75 24 0.000000 0.000000 0.015423 0.022522 0.020613 -0.001942 -0.029716 -0.043678 -0.045845 -0.048809 -0.059241 -0.073243 -0.080908 -0.072354 -0.048787 -0.025823 -0.016225 -0.017430 -0.018342 -0.011534 -0.008651 -0.005767 -0.002884 -0.000000 
PAIR: LYS VAL 0.25 11.75 24 0.000000 0.000000 -0.065169 -0.056670 -0.007820 0.125658 0.298429 0.387596 0.363713 0.281477 0.197574 0.142201 0.119499 0.119862 0.127774 0.125261 0.103688 0.070364 0.039922 0.019815 0.014861 0.009907 0.004954 0.000000 
PAIR: LYS TRP 0.25 11.75 24 0.000000 0.000000 -0.016954 -0.032249 -0.096948 -0.231492 -0.354639 -0.386854 -0.307116 -0.130420 0.074606 0.214150 0.256032 0.234623 0.184893 0.124772 0.070135 0.033083 0.014861 0.009923 0.007442 0.004961 0.002481 0.000000 
PAIR: LYS TYR 0.25 11.75 24 0.000000 0.000000 0.022974 0.013209 -0.025873 -0.116738 -0.212947 -0.254119 -0.232930 -0.168736 -0.087587 -0.011230 0.046368 0.073655 0.064846 0.035381 0.011343 0.003202 0.005150 0.009211 0.006908 0.004605 0.002303 0.000000 
PAIR: LEU LEU 0.25 11.75 24 0.000000 0.000000 0.126732 0.096179 0.030668 -0.053108 -0.134408 -0.204125 -0.257818 -0.301733 -0.337866 -0.360883 -0.352918 -0.288361 -0.188190 -0.118893 -0.086226 -0.063768 -0.040885 -0.016731 -0.012548 -0.008365 -0.004183 -0.000000 
PAIR: LEU MET 0.25 11.75 24 0.000000 0.000000 0.070776 0.044654 -0.010055 -0.086237 -0.161625 -0.208377 -0.227483 -0.230350 -0.222924 -0.210543 -0.192397 -0.159529 -0.118960 -0.089729 -0.070322 -0.052369 -0.033063 -0.012546 -0.009409 -0.006273 -0.003136 -0.000000 
PAIR: LEU ASN 0.25 11.75 24 0.000000 0.000000 -0.021701 -0.013852 0.008946 0.046007 0.093095 0.146674 0.196548 0.236202 0.261279 0.262536 0.227698 0.162253 0.099681 0.063872 0.047823 0.035928 0.020623 0.002275 0.001707 0.001138 0.000569 0.000000 
PAIR: LEU PRO 0.25 11.75 24 0.000000 0.000000 0.001475 -0.016851 -0.043695 -0.028852 0.062787 0.139614 0.139263 0.095118 0.048986 0.017430 0.001181 -0.003675 -0.007368 -0.018208 -0.028671 -0.030092 -0.024624 -0.018753 -0.014065 -0.009377 -0.004688 -0.000000 
PAIR: LEU GLN 0.25 11.75 24 0.000000 0.000000 -0.020755 -0.027368 -0.032239 -0.023459 0.001224 0.034505 0.067303 0.093610 0.114316 0.133459 0.147304 0.143775 0.121196 0.094152 0.072439 0.055267 0.038531 0.019116 0.014337 0.009558 0.004779 0.000000 
PAIR: LEU ARG 0.25 11.75 24 0.000000 0.000000 -0.061103 -0.055707 -0.022159 0.046101 0.107045 0.145427 0.180423 0.221010 0.248056 0.229378 0.164917 0.100523 0.077892 0.088923 0.103948 0.108579 0.100695 0.082236 0.061677 0.041118 0.020559 0.000000 
PAIR: LEU SER 0.25 11.75 24 0.000000 0.000000 0.076139 0.152483 0.223876 0.205423 0.126610 0.071239 0.067137 0.106788 0.157771 0.178814 0.145564 0.071585 0.004965 -0.027109 -0.038471 -0.044824 -0.047806 -0.045263 -0.033948 -0.022632 -0.011316 -0.000000 
PAIR: LEU THR 0.25 11.75 24 0.000000 0.000000 0.058803 0.076182 0.097718 0.101438 0.082253 0.055440 0.034122 0.023212 0.020765 0.021415 0.018972 0.009982 -0.003084 -0.016429 -0.029545 -0.042068 -0.051782 -0.055210 -0.041408 -0.027605 -0.013803 -0.000000 
PAIR: LEU VAL 0.25 11.75 24 0.000000 0.000000 0.118794 0.092696 0.031172 -0.071752 -0.179301 -0.242924 -0.268514 -0.274470 -0.264880 -0.235777 -0.183692 -0.121382 -0.085291 -0.081878 -0.084406 -0.077786 -0.061059 -0.039016 -0.029262 -0.019508 -0.009754 -0.000000 
PAIR: LEU TRP 0.25 11.75 24 0.000000 0.000000 0.037312 0.012386 -0.057657 -0.181290 -0.270386 -0.253322 -0.155387 -0.043195 0.003522 -0.047777 -0.154163 -0.232927 -0.212837 -0.114878 -0.026022 0.019329 0.035257 0.036810 0.027608 0.018405 0.009203 0.000000 
PAIR: LEU TYR 0.25 11.75 24 0.000000 0.000000 0.008131 -0.013039 -0.061825 -0.135246 -0.180873 -0.154988 -0.083737 -0.018933 0.000639 -0.029131 -0.077202 -0.098062 -0.071214 -0.026893 0.003443 0.018374 0.025237 0.027912 0.020934 0.013956 0.006978 0.000000 
PAIR: MET MET 0.25 11.75 24 0.000000 0.000000 0.135026 0.107895 0.032341 -0.111920 -0.255096 -0.329458 -0.353088 -0.348338 -0.319937 -0.268926 -0.202110 -0.137907 -0.095954 -0.074478 -0.060814 -0.045052 -0.022215 0.003454 0.002591 0.001727 0.000864 0.000000 
PAIR: MET ASN 0.25 11.75 24 0.000000 0.000000 0.028050 0.028409 0.027037 0.019246 0.015519 0.023262 0.037281 0.056548 0.077469 0.084797 0.067135 0.036445 0.010966 -0.004332 -0.010878 -0.012147 -0.014431 -0.021723 -0.016292 -0.010861 -0.005431 -0.000000 
PAIR: MET PRO 0.25 11.75 24 0.000000 0.000000 0.012523 -0.006761 -0.048857 -0.107465 -0.160375 -0.185617 -0.178869 -0.151161 -0.115253 -0.078775 -0.044766 -0.021338 -0.018122 -0.028825 -0.036041 -0.032245 -0.022059 -0.010666 -0.008000 -0.005333 -0.002667 -0.000000 
PAIR: MET GLN 0.25 11.75 24 0.000000 0.000000 0.036396 0.024032 0.000823 -0.022807 -0.029100 -0.019803 -0.007905 0.002320 0.011985 0.019780 0.024195 0.028421 0.031501 0.028911 0.022059 0.013245 0.002415 -0.010772 -0.008079 -0.005386 -0.002693 -0.000000 
PAIR: MET ARG 0.25 11.75 24 0.000000 0.000000 -0.023806 -0.020795 0.002633 0.054340 0.109072 0.143966 0.156606 0.155533 0.144777 0.124631 0.103618 0.093853 0.095029 0.096789 0.093874 0.085872 0.070210 0.045652 0.034239 0.022826 0.011413 0.000000 
PAIR: MET SER 0.25 11.75 24 0.000000 0.000000 0.092829 0.150651 0.188351 0.153241 0.084604 0.027130 -0.004433 -0.004931 0.010551 0.014488 -0.003699 -0.028300 -0.043525 -0.050425 -0.055395 -0.059195 -0.059049 -0.053579 -0.040184 -0.026790 -0.013395 -0.000000 
PAIR: MET THR 0.25 11.75 24 0.000000 0.000000 0.070513 0.086110 0.101299 0.093057 0.060559 0.020504 -0.017441 -0.047957 -0.065144 -0.064872 -0.051898 -0.040649 -0.038517 -0.041119 -0.047026 -0.056221 -0.063318 -0.060264 -0.045198 -0.030132 -0.015066 -0.000000 
PAIR: MET VAL 0.25 11.75 24 0.000000 0.000000 0.080358 0.052792 -0.017721 -0.130503 -0.215106 -0.232059 -0.209055 -0.174590 -0.142191 -0.116518 -0.096523 -0.078385 -0.063331 -0.056021 -0.055929 -0.056674 -0.050669 -0.033838 -0.025379 -0.016919 -0.008460 -0.000000 
PAIR: MET TRP 0.25 11.75 24 0.000000 0.000000 0.057167 0.050701 0.045661 0.031298 -0.018084 -0.086745 -0.142321 -0.174541 -0.200511 -0.232354 -0.246855 -0.206531 -0.110999 -0.017906 0.025729 0.029572 0.020227 0.015563 0.011672 0.007781 0.003891 0.000000 
PAIR: MET TYR 0.25 11.75 24 0.000000 0.000000 0.056155 0.048776 0.049380 0.059482 0.035178 -0.026321 -0.090594 -0.140488 -0.171559 -0.179562 -0.155922 -0.098562 -0.030866 0.014434 0.031958 0.034017 0.030517 0.024459 0.018345 0.012230 0.006115 0.000000 
PAIR: ASN ASN 0.25 11.75 24 0.000000 0.000000 0.079920 0.016167 -0.108550 -0.242460 -0.347259 -0.429730 -0.477894 -0.463286 -0.379696 -0.267731 -0.180677 -0.131428 -0.105684 -0.088934 -0.074571 -0.063726 -0.056342 -0.045689 -0.034267 -0.022844 -0.011422 -0.000000 
PAIR: ASN PRO 0.25 11.75 24 0.000000 0.000000 0.051032 0.048000 0.027159 -0.038105 -0.123972 -0.178092 -0.199831 -0.209224 -0.210207 -0.194759 -0.159680 -0.114034 -0.075430 -0.052709 -0.038437 -0.025641 -0.014469 -0.005397 -0.004048 -0.002698 -0.001349 -0.000000 
PAIR: ASN GLN 0.25 11.75 24 0.000000 0.000000 0.051250 0.028274 -0.040107 -0.150154 -0.244245 -0.294350 -0.304185 -0.273904 -0.211233 -0.149039 -0.113307 -0.096195 -0.085830 -0.078430 -0.069601 -0.055728 -0.040054 -0.027480 -0.020610 -0.013740 -0.006870 -0.000000 
PAIR: ASN ARG 0.25 11.75 24 0.000000 0.000000 0.060305 0.065485 0.079278 0.087264 0.068542 0.028069 -0.018810 -0.063325 -0.093668 -0.094591 -0.072456 -0.053153 -0.050685 -0.060138 -0.071332 -0.076385 -0.071359 -0.058065 -0.043549 -0.029032 -0.014516 -0.000000 
PAIR: ASN SER 0.25 11.75 24 0.000000 0.000000 0.032037 -0.055769 -0.203035 -0.327540 -0.380416 -0.365753 -0.316688 -0.277650 -0.255736 -0.222990 -0.170394 -0.115862 -0.077388 -0.057932 -0.048893 -0.041607 -0.032739 -0.021269 -0.015952 -0.010635 -0.005317 -0.000000 
PAIR: ASN THR 0.25 11.75 24 0.000000 0.000000 0.049404 0.014431 -0.078812 -0.205682 -0.298185 -0.324784 -0.297522 -0.245268 -0.190262 -0.141382 -0.103395 -0.078290 -0.061123 -0.049107 -0.043135 -0.038099 -0.025429 -0.004087 -0.003065 -0.002044 -0.001022 -0.000000 
PAIR: ASN VAL 0.25 11.75 24 0.000000 0.000000 -0.029746 -0.016647 0.025927 0.104117 0.187189 0.242162 0.263244 0.258237 0.235471 0.198935 0.151875 0.106261 0.074902 0.054743 0.038080 0.024908 0.018324 0.016702 0.012526 0.008351 0.004175 0.000000 
PAIR: ASN TRP 0.25 11.75 24 0.000000 0.000000 -0.000806 0.016571 0.062264 0.112443 0.107238 0.041291 -0.034681 -0.065188 -0.025668 0.061120 0.138388 0.152472 0.094582 0.010121 -0.048699 -0.067497 -0.060819 -0.046493 -0.034870 -0.023247 -0.011623 -0.000000 
PAIR: ASN TYR 0.25 11.75 24 0.000000 0.000000 0.019527 0.034127 0.076925 0.136261 0.155975 0.112639 0.036482 -0.028945 -0.051711 -0.025768 0.018580 0.036603 0.021593 -0.002479 -0.024123 -0.041127 -0.049010 -0.046269 -0.034701 -0.023134 -0.011567 -0.000000 
PAIR: PRO PRO 0.25 11.75 24 0.000000 0.000000 0.078675 0.060878 0.029041 0.011255 0.024640 0.012458 -0.041413 -0.094831 -0.124198 -0.133802 -0.128997 -0.109786 -0.088079 -0.078016 -0.074580 -0.067582 -0.056682 -0.045142 -0.033857 -0.022571 -0.011286 -0.000000 
PAIR: PRO GLN 0.25 11.75 24 0.000000 0.000000 0.055421 0.044371 0.021082 -0.021976 -0.083543 -0.136128 -0.163734 -0.174145 -0.175954 -0.168339 -0.147504 -0.114869 -0.080679 -0.057481 -0.046477 -0.037658 -0.022989 -0.005327 -0.003995 -0.002663 -0.001332 -0.000000 
PAIR: PRO ARG 0.25 11.75 24 0.000000 0.000000 0.034190 0.044649 0.092555 0.169583 0.193932 0.148962 0.084219 0.025573 -0.030306 -0.086997 -0.131300 -0.146872 -0.130712 -0.096802 -0.066406 -0.047630 -0.034543 -0.021626 -0.016219 -0.010813 -0.005406 -0.000000 
PAIR: PRO SER 0.25 11.75 24 0.000000 0.000000 0.077851 0.102940 0.069860 -0.062103 -0.209202 -0.287122 -0.293799 -0.254854 -0.192103 -0.124388 -0.071947 -0.045837 -0.039252 -0.038329 -0.034936 -0.029201 -0.022768 -0.013693 -0.010270 -0.006847 -0.003423 -0.000000 
PAIR: PRO THR 0.25 11.75 24 0.000000 0.000000 0.035303 0.050465 0.060769 0.031735 -0.036348 -0.099824 -0.134336 -0.142845 -0.135738 -0.119333 -0.094447 -0.061852 -0.028154 -0.003763 0.005711 0.003278 -0.002654 -0.004522 -0.003392 -0.002261 -0.001131 -0.000000 
PAIR: PRO VAL 0.25 11.75 24 0.000000 0.000000 -0.019344 -0.027028 -0.021595 0.037913 0.130775 0.168976 0.141926 0.092568 0.050422 0.021124 0.001639 -0.002848 0.011009 0.029536 0.038536 0.035282 0.023315 0.007302 0.005476 0.003651 0.001825 0.000000 
PAIR: PRO TRP 0.25 11.75 24 0.000000 0.000000 0.020305 -0.020937 -0.168506 -0.444519 -0.681971 -0.752600 -0.662458 -0.464730 -0.239360 -0.065141 0.022365 0.033063 0.007989 -0.010981 -0.015403 -0.013521 -0.004107 0.013859 0.010394 0.006930 0.003465 0.000000 
PAIR: PRO TYR 0.25 11.75 24 0.000000 0.000000 0.039511 0.007682 -0.097253 -0.295951 -0.469772 -0.514414 -0.449023 -0.332935 -0.216087 -0.126267 -0.074141 -0.056879 -0.056426 -0.056813 -0.054202 -0.044743 -0.024603 0.001145 0.000859 0.000573 0.000286 0.000000 
PAIR: GLN GLN 0.25 11.75 24 0.000000 0.000000 0.065477 0.046364 -0.002658 -0.083993 -0.168605 -0.231348 -0.260994 -0.247187 -0.194366 -0.135065 -0.097970 -0.076464 -0.060058 -0.049962 -0.044114 -0.035970 -0.024291 -0.015701 -0.011776 -0.007850 -0.003925 -0.000000 
PAIR: GLN ARG 0.25 11.75 24 0.000000 0.000000 0.045592 0.044980 0.056891 0.077889 0.077029 0.043169 -0.009769 -0.062299 -0.095296 -0.096675 -0.076592 -0.058286 -0.046383 -0.033959 -0.024318 -0.023114 -0.025870 -0.023251 -0.017439 -0.011626 -0.005813 -0.000000 
PAIR: GLN SER 0.25 11.75 24 0.000000 0.000000 0.071412 0.037035 -0.087356 -0.250349 -0.341471 -0.327147 -0.247943 -0.179159 -0.152649 -0.134125 -0.101503 -0.073908 -0.065663 -0.065139 -0.057656 -0.043558 -0.032324 -0.024294 -0.018221 -0.012147 -0.006074 -0.000000 
PAIR: GLN THR 0.25 11.75 24 0.000000 0.000000 0.031683 0.023897 -0.032764 -0.155107 -0.271085 -0.316953 -0.293120 -0.231083 -0.163244 -0.106492 -0.062995 -0.033986 -0.022722 -0.025586 -0.032483 -0.034019 -0.026015 -0.010595 -0.007946 -0.005297 -0.002649 -0.000000 
PAIR: GLN VAL 0.25 11.75 24 0.000000 0.000000 -0.040785 -0.044269 -0.038084 -0.003147 0.054639 0.106982 0.139658 0.154517 0.161329 0.166872 0.167593 0.160981 0.146639 0.117795 0.077157 0.039922 0.017891 0.010375 0.007781 0.005187 0.002594 0.000000 
PAIR: GLN TRP 0.25 11.75 24 0.000000 0.000000 0.033699 0.029761 0.019853 -0.002748 -0.034300 -0.067372 -0.098557 -0.120907 -0.118129 -0.076561 -0.005908 0.062726 0.098576 0.093157 0.066749 0.040743 0.020130 0.004231 0.003173 0.002116 0.001058 0.000000 
PAIR: GLN TYR 0.25 11.75 24 0.000000 0.000000 0.037013 0.036565 0.046225 0.068784 0.078571 0.053596 0.001621 -0.050617 -0.071831 -0.045984 0.006812 0.044644 0.052707 0.045447 0.030832 0.010754 -0.007977 -0.018578 -0.013934 -0.009289 -0.004645 -0.000000 
PAIR: ARG ARG 0.25 11.75 24 0.000000 0.000000 0.006994 0.026760 0.100136 0.230088 0.347440 0.412357 0.431262 0.404558 0.327740 0.227064 0.140169 0.073990 0.021269 -0.015856 -0.034897 -0.040476 -0.040264 -0.039647 -0.029735 -0.019824 -0.009912 -0.000000 
PAIR: ARG SER 0.25 11.75 24 0.000000 0.000000 0.065196 0.068699 0.047923 0.023096 0.000634 -0.029858 -0.063744 -0.092163 -0.104473 -0.097189 -0.081065 -0.073047 -0.080679 -0.093766 -0.096456 -0.084103 -0.063640 -0.041650 -0.031238 -0.020825 -0.010413 -0.000000 
PAIR: ARG THR 0.25 11.75 24 0.000000 0.000000 0.009807 0.036232 0.087449 0.132260 0.127007 0.085956 0.042739 0.008288 -0.021189 -0.045912 -0.057431 -0.052064 -0.039251 -0.028664 -0.021525 -0.017218 -0.015594 -0.013232 -0.009924 -0.006616 -0.003308 -0.000000 
PAIR: ARG VAL 0.25 11.75 24 0.000000 0.000000 -0.092867 -0.082080 -0.029504 0.084768 0.209670 0.294541 0.339111 0.351056 0.323979 0.259021 0.188395 0.153091 0.156285 0.163363 0.149852 0.117428 0.078376 0.042747 0.032060 0.021373 0.010687 0.000000 
PAIR: ARG TRP 0.25 11.75 24 0.000000 0.000000 -0.050362 -0.097374 -0.215147 -0.342135 -0.381791 -0.336514 -0.236491 -0.117212 -0.014159 0.066550 0.126235 0.149218 0.132388 0.101335 0.079857 0.067938 0.057476 0.046340 0.034755 0.023170 0.011585 0.000000 
PAIR: ARG TYR 0.25 11.75 24 0.000000 0.000000 0.003248 -0.026404 -0.104378 -0.186918 -0.190110 -0.128077 -0.057855 -0.019042 -0.011975 -0.008667 0.008466 0.031715 0.045419 0.044575 0.038312 0.035382 0.033373 0.027932 0.020949 0.013966 0.006983 0.000000 
PAIR: SER SER 0.25 11.75 24 0.000000 0.000000 -0.198089 -0.358415 -0.357430 -0.243089 -0.180072 -0.233680 -0.328082 -0.365464 -0.336375 -0.282846 -0.221676 -0.152216 -0.091044 -0.055058 -0.042095 -0.036654 -0.025231 -0.007258 -0.005444 -0.003629 -0.001815 -0.000000 
PAIR: SER THR 0.25 11.75 24 0.000000 0.000000 -0.065288 -0.190863 -0.264169 -0.262743 -0.251748 -0.262130 -0.269187 -0.245724 -0.198170 -0.148132 -0.109173 -0.085953 -0.075533 -0.070098 -0.062341 -0.047925 -0.026503 -0.002543 -0.001907 -0.001271 -0.000636 -0.000000 
PAIR: SER VAL 0.25 11.75 24 0.000000 0.000000 0.057865 0.117048 0.164370 0.153900 0.116014 0.088542 0.083352 0.094987 0.102935 0.089020 0.052738 0.013411 -0.008792 -0.015501 -0.015286 -0.010347 -0.002975 0.001406 0.001054 0.000703 0.000351 0.000000 
PAIR: SER TRP 0.25 11.75 24 0.000000 0.000000 0.096636 0.204420 0.366528 0.460403 0.359413 0.119982 -0.094484 -0.177176 -0.125190 -0.003662 0.103927 0.131510 0.076889 -0.000831 -0.052978 -0.072333 -0.070736 -0.061013 -0.045760 -0.030507 -0.015253 -0.000000 
PAIR: SER TYR 0.25 11.75 24 0.000000 0.000000 0.110789 0.209292 0.344644 0.395605 0.277871 0.081945 -0.059026 -0.094123 -0.052466 0.006058 0.032519 0.012758 -0.030451 -0.066388 -0.084243 -0.087827 -0.081805 -0.068392 -0.051294 -0.034196 -0.017098 -0.000000 
PAIR: THR THR 0.25 11.75 24 0.000000 0.000000 0.020678 -0.070618 -0.230356 -0.363887 -0.400214 -0.363920 -0.315759 -0.275581 -0.225453 -0.157534 -0.090275 -0.048773 -0.035914 -0.036244 -0.037530 -0.034703 -0.025689 -0.010416 -0.007812 -0.005208 -0.002604 -0.000000 
PAIR: THR VAL 0.25 11.75 24 0.000000 0.000000 0.056754 0.074421 0.092746 0.085005 0.052506 0.022300 0.004993 -0.004737 -0.011699 -0.014774 -0.015708 -0.024051 -0.040101 -0.050229 -0.048156 -0.038080 -0.025739 -0.015504 -0.011628 -0.007752 -0.003876 -0.000000 
PAIR: THR TRP 0.25 11.75 24 0.000000 0.000000 0.047382 0.089246 0.183848 0.296680 0.322964 0.236442 0.118649 0.044244 0.024174 0.030304 0.038854 0.036725 0.016439 -0.013483 -0.035153 -0.043579 -0.045745 -0.045123 -0.033842 -0.022562 -0.011281 -0.000000 
PAIR: THR TYR 0.25 11.75 24 0.000000 0.000000 0.040911 0.072102 0.135973 0.200240 0.194830 0.124663 0.056464 0.027079 0.028662 0.037326 0.036577 0.019775 -0.009813 -0.039711 -0.060408 -0.069154 -0.066550 -0.055867 -0.041900 -0.027933 -0.013967 -0.000000 
PAIR: VAL VAL 0.25 11.75 24 0.000000 0.000000 0.114477 0.085088 0.002628 -0.143186 -0.272719 -0.330120 -0.334418 -0.311442 -0.274852 -0.227710 -0.171807 -0.131282 -0.127893 -0.129347 -0.107718 -0.071171 -0.039368 -0.019615 -0.014712 -0.009808 -0.004904 -0.000000 
PAIR: VAL TRP 0.25 11.75 24 0.000000 0.000000 0.011612 -0.016325 -0.081692 -0.145875 -0.126471 -0.033326 0.061889 0.095787 0.053142 -0.028159 -0.094913 -0.106720 -0.067050 -0.023954 -0.005372 -0.002710 -0.002986 -0.001712 -0.001284 -0.000856 -0.000428 -0.000000 
PAIR: VAL TYR 0.25 11.75 24 0.000000 0.000000 0.014599 -0.014096 -0.084829 -0.163010 -0.156867 -0.068336 0.031327 0.085009 0.076252 0.027032 -0.022128 -0.037208 -0.020744 -0.002960 0.002297 -0.000734 -0.004181 -0.003224 -0.002418 -0.001612 -0.000806 -0.000000 
PAIR: TRP TRP 0.25 11.75 24 0.000000 0.000000 0.057967 0.080979 0.181933 0.386671 0.546851 0.492966 0.281630 0.087068 -0.002935 -0.022126 -0.049655 -0.125575 -0.204498 -0.202864 -0.121614 -0.045081 -0.014816 -0.008408 -0.006306 -0.004204 -0.002102 -0.000000 
PAIR: TRP TYR 0.25 11.75 24 0.000000 0.000000 0.027438 0.037881 0.100883 0.250886 0.402952 0.427955 0.316424 0.159045 0.029670 -0.061171 -0.126416 -0.162904 -0.151434 -0.094135 -0.032109 0.001980 0.009465 0.006429 0.004822 0.003214 0.001607 0.000000 
PAIR: TYR TYR 0.25 11.75 24 0.000000 0.000000 0.021740 0.026502 0.079066 0.223499 0.380352 0.417422 0.324883 0.174505 0.029730 -0.072911 -0.115407 -0.103050 -0.065115 -0.032461 -0.012926 -0.000685 0.006776 0.007372 0.005529 0.003686 0.001843 0.000000 
# END
