

VARS   PHI PSI -180 -175 -170 -165 -160 -155 -150 -145 -140 -135 -130 -125 -120 -115 -110 -105 -100 -95 -90 -85 -80 -75 -70 -65 -60 -55 -50 -45 -40 -35 -30 -25 -20 -15 -10 -5 0 5 10 15 20 25 30 35 40 45 50 55 60 65 70 75 80 85 90 95 100 105 110 115 120 125 130 135 140 145 150 155 160 165 170 175 
FORMAT %8.3f %8.3f %6.3f %6.3f %6.3f %6.3f %6.3f %6.3f %6.3f %6.3f %6.3f %6.3f %6.3f %6.3f %6.3f %6.3f %6.3f %6.3f %6.3f %6.3f %6.3f %6.3f %6.3f %6.3f %6.3f %6.3f %6.3f %6.3f %6.3f %6.3f %6.3f %6.3f %6.3f %6.3f %6.3f %6.3f %6.3f %6.3f %6.3f %6.3f %6.3f %6.3f %6.3f %6.3f %6.3f %6.3f %6.3f %6.3f %6.3f %6.3f %6.3f %6.3f %6.3f %6.3f %6.3f %6.3f %6.3f %6.3f %6.3f %6.3f %6.3f %6.3f %6.3f %6.3f %6.3f %6.3f %6.3f %6.3f %6.3f %6.3f %6.3f %6.3f %6.3f %6.3f

-180.000 -180.000  3.141  3.176  3.217  3.257  3.291  3.311  3.310  3.277  3.201  3.080  2.936  2.831  2.843  3.005  3.272  3.499  3.566  3.521  3.450  3.393  3.389  3.507  3.802  4.196  4.577  4.905  5.180  5.405  5.581  5.705  5.766  5.742  5.603  5.324  4.929  4.521  4.222  4.083  4.064  4.091  4.101  4.037  3.851  3.518  3.099  2.721  2.474  2.362  2.349  2.406  2.516  2.661  2.813  2.940  3.023  3.068  3.094  3.121  3.157  3.199  3.237  3.260  3.267  3.259  3.240  3.214  3.184  3.154  3.127  3.110  3.106  3.116
-175.000 -175.000  3.183  3.209  3.241  3.271  3.293  3.299  3.280  3.225  3.129  3.008  2.913  2.911  3.039  3.270  3.511  3.632  3.607  3.525  3.444  3.382  3.359  3.425  3.641  3.977  4.337  4.667  4.956  5.201  5.401  5.548  5.630  5.627  5.509  5.257  4.895  4.513  4.217  4.063  4.028  4.051  4.071  4.031  3.880  3.588  3.198  2.828  2.582  2.476  2.474  2.542  2.656  2.796  2.931  3.033  3.087  3.102  3.098  3.101  3.122  3.158  3.198  3.234  3.259  3.274  3.276  3.268  3.249  3.224  3.197  3.176  3.165  3.167
-170.000 -170.000  3.218  3.233  3.253  3.271  3.279  3.269  3.230  3.158  3.063  2.984  2.982  3.094  3.303  3.544  3.707  3.716  3.624  3.521  3.437  3.373  3.337  3.365  3.511  3.779  4.100  4.419  4.712  4.973  5.193  5.362  5.468  5.489  5.397  5.176  4.851  4.500  4.214  4.047  3.993  4.006  4.029  4.005  3.884  3.632  3.279  2.935  2.706  2.616  2.629  2.706  2.818  2.944  3.055  3.127  3.149  3.130  3.096  3.072  3.073  3.097  3.135  3.178  3.218  3.254  3.279  3.292  3.289  3.275  3.253  3.231  3.216  3.211
-165.000 -165.000  3.248  3.253  3.260  3.263  3.255  3.227  3.175  3.102  3.041  3.044  3.151  3.352  3.592  3.788  3.844  3.755  3.621  3.510  3.427  3.364  3.322  3.322  3.409  3.607  3.877  4.169  4.455  4.722  4.957  5.148  5.278  5.325  5.262  5.077  4.794  4.480  4.210  4.036  3.961  3.957  3.974  3.959  3.861  3.647  3.337  3.034  2.839  2.777  2.808  2.890  2.993  3.096  3.175  3.212  3.199  3.146  3.080  3.029  3.008  3.018  3.050  3.094  3.146  3.199  3.247  3.283  3.302  3.303  3.292  3.275  3.259  3.249
-160.000 -160.000  3.276  3.272  3.266  3.254  3.230  3.188  3.133  3.086  3.094  3.199  3.397  3.642  3.864  3.975  3.919  3.758  3.605  3.495  3.416  3.356  3.310  3.291  3.331  3.462  3.671  3.924  4.191  4.455  4.698  4.905  5.058  5.133  5.104  4.960  4.723  4.449  4.202  4.025  3.930  3.903  3.905  3.890  3.809  3.628  3.367  3.117  2.971  2.945  2.996  3.079  3.166  3.238  3.280  3.277  3.226  3.140  3.044  2.968  2.928  2.924  2.947  2.989  3.046  3.113  3.181  3.241  3.284  3.307  3.312  3.306  3.295  3.284
-155.000 -155.000  3.305  3.293  3.276  3.251  3.213  3.166  3.127  3.135  3.233  3.429  3.681  3.924  4.084  4.089  3.934  3.732  3.577  3.475  3.404  3.347  3.301  3.269  3.273  3.343  3.489  3.692  3.928  4.177  4.419  4.638  4.811  4.914  4.921  4.822  4.635  4.405  4.183  4.008  3.897  3.843  3.823  3.797  3.724  3.573  3.364  3.177  3.090  3.104  3.173  3.253  3.319  3.355  3.354  3.309  3.220  3.102  2.982  2.887  2.833  2.817  2.832  2.871  2.931  3.006  3.090  3.171  3.239  3.285  3.311  3.321  3.320  3.314
-150.000 -150.000  3.330  3.316  3.292  3.258  3.214  3.175  3.174  3.256  3.442  3.697  3.959  4.159  4.229  4.124  3.899  3.683  3.539  3.451  3.388  3.337  3.292  3.251  3.227  3.246  3.330  3.478  3.673  3.897  4.130  4.353  4.543  4.673  4.717  4.665  4.529  4.343  4.150  3.981  3.855  3.774  3.725  3.680  3.607  3.482  3.327  3.208  3.181  3.235  3.319  3.392  3.432  3.430  3.384  3.296  3.171  3.027  2.892  2.789  2.727  2.705  2.716  2.752  2.811  2.891  2.985  3.082  3.170  3.239  3.288  3.318  3.332  3.336
-145.000 -145.000  3.344  3.335  3.311  3.275  3.236  3.221  3.276  3.436  3.685  3.961  4.194  4.319  4.282  4.082  3.820  3.614  3.492  3.421  3.370  3.325  3.281  3.235  3.190  3.166  3.193  3.284  3.432  3.623  3.839  4.061  4.263  4.417  4.498  4.491  4.403  4.260  4.095  3.935  3.798  3.692  3.613  3.543  3.463  3.359  3.254  3.202  3.236  3.327  3.421  3.482  3.493  3.452  3.362  3.233  3.078  2.919  2.781  2.679  2.620  2.599  2.607  2.642  2.701  2.782  2.880  2.985  3.086  3.173  3.241  3.291  3.323  3.340
-140.000 -140.000  3.335  3.336  3.321  3.295  3.274  3.299  3.418  3.642  3.922  4.181  4.352  4.380  4.239  3.973  3.704  3.526  3.434  3.385  3.347  3.310  3.268  3.217  3.154  3.095  3.071  3.108  3.209  3.363  3.558  3.774  3.984  4.160  4.272  4.304  4.259  4.154  4.015  3.865  3.722  3.596  3.489  3.395  3.304  3.214  3.151  3.158  3.246  3.370  3.471  3.517  3.498  3.418  3.287  3.123  2.949  2.789  2.660  2.571  2.522  2.505  2.516  2.551  2.608  2.686  2.783  2.888  2.994  3.090  3.171  3.236  3.285  3.318
-135.000 -135.000  3.291  3.307  3.308  3.301  3.312  3.387  3.567  3.832  4.108  4.318  4.405  4.331  4.104  3.805  3.556  3.419  3.365  3.341  3.319  3.290  3.250  3.194  3.115  3.024  2.958  2.947  3.003  3.123  3.296  3.505  3.721  3.913  4.049  4.111  4.100  4.027  3.911  3.772  3.626  3.486  3.359  3.245  3.144  3.061  3.025  3.074  3.206  3.359  3.465  3.495  3.445  3.328  3.164  2.978  2.801  2.654  2.547  2.478  2.442  2.432  2.446  2.481  2.535  2.609  2.698  2.797  2.898  2.994  3.080  3.154  3.213  3.259
-130.000 -130.000  3.204  3.235  3.256  3.277  3.327  3.455  3.680  3.955  4.197  4.337  4.334  4.171  3.890  3.590  3.382  3.294  3.281  3.287  3.284  3.264  3.226  3.162  3.066  2.947  2.845  2.794  2.813  2.904  3.060  3.264  3.484  3.685  3.836  3.919  3.931  3.882  3.785  3.657  3.512  3.365  3.226  3.101  2.994  2.913  2.887  2.955  3.114  3.290  3.401  3.414  3.335  3.188  3.002  2.814  2.653  2.534  2.455  2.407  2.383  2.381  2.397  2.431  2.482  2.547  2.626  2.712  2.802  2.889  2.971  3.044  3.108  3.161
-125.000 -125.000  3.076  3.119  3.157  3.205  3.292  3.459  3.704  3.959  4.146  4.212  4.131  3.911  3.612  3.341  3.185  3.152  3.184  3.223  3.242  3.234  3.196  3.120  3.002  2.857  2.726  2.646  2.638  2.709  2.854  3.054  3.276  3.480  3.637  3.730  3.757  3.724  3.642  3.525  3.386  3.240  3.098  2.969  2.859  2.778  2.751  2.814  2.975  3.163  3.276  3.273  3.169  3.003  2.816  2.647  2.521  2.437  2.386  2.356  2.344  2.346  2.364  2.396  2.441  2.498  2.563  2.634  2.707  2.779  2.848  2.913  2.973  3.028
-120.000 -120.000  2.920  2.967  3.017  3.082  3.188  3.363  3.590  3.798  3.925  3.933  3.808  3.570  3.291  3.070  2.975  2.998  3.077  3.155  3.201  3.206  3.164  3.070  2.926  2.756  2.605  2.508  2.485  2.544  2.683  2.878  3.095  3.294  3.449  3.545  3.580  3.559  3.491  3.385  3.255  3.115  2.976  2.849  2.741  2.660  2.624  2.667  2.808  2.987  3.094  3.075  2.955  2.787  2.621  2.492  2.409  2.362  2.335  2.321  2.316  2.322  2.340  2.369  2.408  2.455  2.507  2.561  2.614  2.667  2.719  2.771  2.822  2.871
-115.000 -115.000  2.755  2.803  2.857  2.924  3.018  3.156  3.319  3.462  3.537  3.517  3.389  3.178  2.951  2.796  2.767  2.849  2.982  3.106  3.186  3.204  3.153  3.030  2.853  2.662  2.503  2.403  2.374  2.426  2.553  2.735  2.937  3.123  3.270  3.364  3.403  3.392  3.336  3.243  3.125  2.994  2.863  2.742  2.638  2.557  2.513  2.534  2.641  2.792  2.878  2.842  2.717  2.566  2.439  2.357  2.317  2.301  2.294  2.291  2.293  2.301  2.319  2.345  2.379  2.417  2.456  2.493  2.529  2.562  2.595  2.630  2.668  2.710
-110.000 -110.000  2.606  2.656  2.711  2.768  2.824  2.880  2.942  3.002  3.036  3.015  2.920  2.769  2.619  2.547  2.596  2.750  2.952  3.139  3.263  3.293  3.215  3.043  2.823  2.617  2.463  2.370  2.341  2.378  2.478  2.628  2.800  2.964  3.097  3.188  3.230  3.228  3.183  3.104  3.000  2.881  2.760  2.647  2.548  2.469  2.422  2.429  2.508  2.626  2.683  2.627  2.503  2.376  2.288  2.248  2.242  2.250  2.258  2.264  2.271  2.281  2.298  2.322  2.351  2.382  2.411  2.435  2.454  2.470  2.486  2.505  2.531  2.564
-105.000 -105.000  2.493  2.547  2.604  2.651  2.662  2.621  2.560  2.522  2.511  2.496  2.451  2.381  2.332  2.369  2.529  2.792  3.102  3.384  3.566  3.587  3.434  3.162  2.877  2.654  2.508  2.426  2.393  2.406  2.464  2.563  2.689  2.820  2.935  3.019  3.065  3.070  3.038  2.974  2.884  2.778  2.668  2.563  2.470  2.395  2.352  2.361  2.438  2.541  2.572  2.494  2.364  2.250  2.185  2.170  2.184  2.206  2.225  2.239  2.251  2.264  2.281  2.303  2.329  2.355  2.376  2.391  2.397  2.399  2.401  2.407  2.423  2.451
-100.000 -100.000  2.424  2.484  2.548  2.589  2.566  2.446  2.269  2.123  2.050  2.030  2.033  2.057  2.144  2.345  2.680  3.120  3.596  4.006  4.225  4.154  3.814  3.370  2.992  2.742  2.598  2.519  2.480  2.469  2.487  2.535  2.609  2.700  2.791  2.865  2.912  2.926  2.906  2.855  2.780  2.688  2.589  2.492  2.404  2.336  2.306  2.339  2.447  2.565  2.582  2.478  2.328  2.203  2.136  2.125  2.146  2.176  2.203  2.223  2.239  2.255  2.273  2.295  2.319  2.341  2.358  2.366  2.365  2.358  2.349  2.345  2.354  2.380
 -95.000  -95.000  2.399  2.464  2.534  2.576  2.536  2.370  2.108  1.860  1.709  1.664  1.709  1.852  2.131  2.576  3.170  3.855  4.528  5.030  5.163  4.828  4.187  3.544  3.082  2.810  2.664  2.587  2.543  2.520  2.513  2.525  2.558  2.611  2.674  2.735  2.780  2.799  2.791  2.754  2.693  2.614  2.525  2.435  2.353  2.294  2.285  2.365  2.534  2.687  2.694  2.560  2.379  2.225  2.138  2.116  2.135  2.168  2.200  2.225  2.246  2.265  2.285  2.307  2.330  2.350  2.365  2.370  2.364  2.351  2.335  2.325  2.328  2.352
 -90.000  -90.000  2.410  2.478  2.551  2.596  2.555  2.372  2.062  1.735  1.506  1.426  1.519  1.822  2.369  3.138  4.049  4.983  5.774  6.190  6.017  5.290  4.365  3.593  3.096  2.823  2.684  2.611  2.568  2.541  2.524  2.518  2.527  2.551  2.590  2.634  2.673  2.696  2.697  2.673  2.625  2.559  2.480  2.396  2.319  2.271  2.293  2.439  2.687  2.874  2.865  2.700  2.484  2.298  2.183  2.145  2.158  2.192  2.227  2.256  2.281  2.303  2.325  2.347  2.369  2.388  2.401  2.405  2.398  2.382  2.362  2.347  2.345  2.365
 -85.000  -85.000  2.452  2.517  2.590  2.638  2.605  2.425  2.097  1.719  1.426  1.319  1.486  2.004  2.882  4.023  5.238  6.305  6.995  7.082  6.476  5.412  4.332  3.529  3.047  2.793  2.668  2.602  2.564  2.538  2.519  2.507  2.504  2.512  2.533  2.563  2.594  2.618  2.626  2.613  2.578  2.524  2.454  2.377  2.305  2.269  2.329  2.554  2.882  3.089  3.057  2.861  2.615  2.400  2.262  2.210  2.218  2.252  2.289  2.322  2.349  2.373  2.394  2.415  2.435  2.452  2.463  2.466  2.459  2.443  2.422  2.403  2.396  2.411
 -80.000  -80.000  2.515  2.574  2.644  2.694  2.672  2.511  2.186  1.780  1.442  1.329  1.610  2.388  3.635  5.139  6.534  7.502  7.860  7.509  6.530  5.277  4.166  3.400  2.961  2.739  2.631  2.576  2.544  2.522  2.505  2.492  2.485  2.485  2.495  2.514  2.539  2.562  2.576  2.573  2.551  2.509  2.449  2.379  2.313  2.289  2.389  2.694  3.093  3.305  3.247  3.025  2.756  2.518  2.365  2.305  2.311  2.345  2.383  2.416  2.442  2.464  2.482  2.499  2.514  2.527  2.536  2.539  2.534  2.520  2.500  2.480  2.470  2.480
 -75.000  -75.000  2.589  2.641  2.705  2.757  2.749  2.614  2.310  1.895  1.529  1.434  1.866  2.939  4.562  6.329  7.677  8.332  8.272  7.537  6.319  5.003  3.937  3.244  2.863  2.675  2.587  2.543  2.518  2.500  2.486  2.475  2.467  2.464  2.468  2.481  2.500  2.522  2.539  2.546  2.536  2.507  2.460  2.399  2.340  2.327  2.463  2.842  3.297  3.506  3.424  3.183  2.896  2.645  2.485  2.423  2.428  2.459  2.492  2.520  2.540  2.555  2.566  2.576  2.585  2.593  2.601  2.605  2.604  2.595  2.580  2.563  2.553  2.560
 -70.000  -70.000  2.665  2.711  2.769  2.820  2.825  2.724  2.457  2.051  1.672  1.616  2.231  3.622  5.573  7.407  8.491  8.754  8.321  7.308  5.963  4.666  3.688  3.083  2.762  2.610  2.541  2.508  2.489  2.476  2.466  2.457  2.450  2.446  2.448  2.456  2.472  2.491  2.511  2.525  2.526  2.511  2.477  2.428  2.379  2.376  2.541  2.980  3.479  3.684  3.585  3.329  3.031  2.773  2.612  2.551  2.551  2.573  2.595  2.610  2.619  2.624  2.627  2.629  2.632  2.637  2.644  2.652  2.657  2.656  2.649  2.639  2.633  2.640
 -65.000  -65.000  2.736  2.776  2.827  2.876  2.894  2.827  2.611  2.238  1.862  1.864  2.689  4.404  6.565  8.243  8.952  8.853  8.126  6.923  5.534  4.308  3.440  2.928  2.667  2.548  2.496  2.473  2.462  2.453  2.446  2.440  2.435  2.432  2.432  2.437  2.449  2.466  2.485  2.503  2.514  2.511  2.493  2.458  2.420  2.427  2.609  3.090  3.630  3.837  3.727  3.461  3.155  2.894  2.734  2.669  2.658  2.663  2.667  2.667  2.663  2.657  2.651  2.648  2.648  2.653  2.662  2.676  2.689  2.700  2.705  2.705  2.705  2.713
 -60.000  -60.000  2.799  2.832  2.876  2.921  2.946  2.911  2.754  2.438  2.091  2.170  3.228  5.240  7.443  8.799  9.127  8.724  7.766  6.442  5.072  3.954  3.206  2.786  2.581  2.491  2.455  2.442  2.436  2.432  2.429  2.425  2.422  2.419  2.419  2.422  2.430  2.443  2.460  2.479  2.496  2.503  2.498  2.479  2.454  2.470  2.657  3.163  3.741  3.963  3.849  3.575  3.260  2.996  2.833  2.758  2.727  2.709  2.693  2.677  2.662  2.648  2.638  2.633  2.634  2.642  2.657  2.679  2.703  2.727  2.745  2.758  2.767  2.779
 -55.000  -55.000  2.852  2.877  2.912  2.950  2.978  2.967  2.866  2.627  2.341  2.519  3.828  6.077  8.142  9.101  9.089  8.427  7.288  5.905  4.604  3.617  2.994  2.659  2.504  2.440  2.418  2.413  2.413  2.413  2.413  2.413  2.411  2.410  2.409  2.409  2.413  2.421  2.434  2.452  2.470  2.484  2.490  2.484  2.473  2.496  2.678  3.191  3.811  4.060  3.946  3.661  3.333  3.060  2.887  2.793  2.738  2.698  2.665  2.638  2.616  2.601  2.592  2.590  2.596  2.611  2.634  2.665  2.702  2.741  2.775  2.801  2.820  2.835
 -50.000  -50.000  2.896  2.912  2.934  2.962  2.987  2.991  2.937  2.779  2.583  2.885  4.457  6.854  8.637  9.195  8.883  7.995  6.720  5.340  4.152  3.309  2.807  2.550  2.437  2.396  2.386  2.388  2.393  2.398  2.401  2.403  2.403  2.403  2.401  2.400  2.399  2.402  2.409  2.422  2.438  2.456  2.468  2.473  2.474  2.503  2.671  3.171  3.834  4.125  4.012  3.705  3.353  3.062  2.872  2.757  2.681  2.625  2.583  2.551  2.531  2.519  2.517  2.523  2.538  2.563  2.597  2.641  2.692  2.746  2.796  2.837  2.865  2.883
 -45.000  -45.000  2.931  2.935  2.943  2.958  2.976  2.986  2.963  2.876  2.780  3.226  5.062  7.510  8.929  9.113  8.529  7.444  6.092  4.775  3.731  3.038  2.647  2.458  2.382  2.359  2.359  2.367  2.376  2.385  2.391  2.396  2.398  2.398  2.397  2.393  2.388  2.385  2.385  2.391  2.403  2.420  2.436  2.448  2.458  2.489  2.639  3.106  3.805  4.150  4.029  3.679  3.286  2.972  2.767  2.637  2.550  2.489  2.447  2.421  2.409  2.409  2.419  2.437  2.465  2.502  2.550  2.608  2.674  2.745  2.812  2.867  2.905  2.924
 -40.000  -40.000  2.960  2.950  2.942  2.941  2.948  2.956  2.951  2.914  2.907  3.489  5.576  8.001  9.030  8.869  8.034  6.797  5.436  4.235  3.354  2.806  2.514  2.383  2.336  2.328  2.336  2.349  2.363  2.375  2.385  2.392  2.396  2.397  2.395  2.389  2.380  2.370  2.363  2.361  2.367  2.380  2.396  2.413  2.428  2.461  2.588  3.004  3.719  4.116  3.961  3.534  3.092  2.765  2.558  2.429  2.346  2.292  2.262  2.250  2.255  2.271  2.298  2.334  2.378  2.431  2.494  2.568  2.652  2.740  2.824  2.893  2.939  2.960
 -35.000  -35.000  2.982  2.958  2.933  2.914  2.907  2.908  2.910  2.903  2.957  3.635  5.933  8.297  8.945  8.464  7.409  6.083  4.786  3.742  3.031  2.616  2.409  2.323  2.299  2.303  2.318  2.336  2.353  2.369  2.382  2.391  2.397  2.399  2.396  2.388  2.375  2.359  2.343  2.333  2.331  2.339  2.353  2.371  2.390  2.422  2.526  2.879  3.572  3.987  3.739  3.212  2.743  2.435  2.250  2.140  2.075  2.040  2.031  2.041  2.067  2.106  2.155  2.211  2.275  2.348  2.430  2.522  2.624  2.731  2.833  2.916  2.970  2.991
 -30.000  -30.000  3.000  2.962  2.918  2.881  2.859  2.850  2.850  2.857  2.941  3.655  6.088  8.382  8.673  7.900  6.678  5.347  4.177  3.313  2.764  2.465  2.327  2.277  2.271  2.284  2.304  2.326  2.347  2.366  2.381  2.393  2.400  2.403  2.400  2.390  2.373  2.351  2.327  2.308  2.297  2.299  2.310  2.327  2.348  2.379  2.463  2.745  3.358  3.694  3.285  2.695  2.268  2.017  1.876  1.798  1.759  1.750  1.764  1.798  1.849  1.912  1.986  2.067  2.155  2.250  2.354  2.468  2.591  2.717  2.837  2.935  2.997  3.017
 -25.000  -25.000  3.014  2.961  2.900  2.846  2.807  2.786  2.780  2.790  2.880  3.569  6.033  8.253  8.212  7.192  5.886  4.634  3.637  2.957  2.555  2.351  2.266  2.243  2.250  2.269  2.294  2.320  2.344  2.365  2.383  2.397  2.406  2.410  2.406  2.395  2.374  2.346  2.315  2.286  2.267  2.262  2.269  2.285  2.306  2.337  2.407  2.621  3.055  3.149  2.617  2.084  1.759  1.585  1.493  1.449  1.436  1.448  1.483  1.537  1.608  1.694  1.791  1.898  2.012  2.133  2.262  2.401  2.547  2.696  2.836  2.949  3.020  3.039
 -20.000  -20.000  3.025  2.959  2.882  2.811  2.757  2.723  2.708  2.713  2.796  3.416  5.795  7.911  7.570  6.379  5.090  3.987  3.184  2.676  2.398  2.268  2.222  2.218  2.234  2.260  2.288  2.316  2.343  2.367  2.388  2.404  2.415  2.419  2.415  2.402  2.378  2.345  2.307  2.269  2.241  2.229  2.232  2.249  2.279  2.331  2.428  2.593  2.728  2.581  2.091  1.614  1.343  1.216  1.160  1.140  1.144  1.170  1.215  1.279  1.362  1.461  1.576  1.703  1.842  1.991  2.149  2.315  2.489  2.664  2.826  2.956  3.036  3.057
 -15.000  -15.000  3.032  2.955  2.863  2.778  2.710  2.663  2.638  2.635  2.702  3.229  5.420  7.371  6.780  5.527  4.347  3.435  2.824  2.466  2.285  2.210  2.191  2.201  2.224  2.253  2.284  2.315  2.345  2.372  2.395  2.413  2.425  2.430  2.426  2.411  2.385  2.348  2.303  2.258  2.222  2.207  2.221  2.276  2.392  2.556  2.688  2.731  2.699  2.579  2.265  1.720  1.236  1.000  0.919  0.902  0.912  0.941  0.986  1.050  1.132  1.233  1.353  1.492  1.648  1.820  2.006  2.204  2.410  2.614  2.803  2.954  3.046  3.070
 -10.000  -10.000  3.036  2.949  2.846  2.748  2.668  2.610  2.574  2.563  2.611  3.039  4.966  6.671  5.908  4.705  3.701  2.991  2.553  2.316  2.207  2.170  2.170  2.189  2.217  2.249  2.283  2.316  2.348  2.378  2.403  2.423  2.437  2.443  2.439  2.424  2.395  2.354  2.305  2.258  2.236  2.276  2.428  2.667  2.847  2.897  2.869  2.812  2.745  2.663  2.528  2.235  1.697  1.149  0.855  0.761  0.751  0.772  0.810  0.865  0.937  1.028  1.141  1.278  1.439  1.625  1.833  2.060  2.300  2.540  2.762  2.939  3.048  3.077
  -5.000   -5.000  3.036  2.943  2.831  2.722  2.631  2.563  2.518  2.497  2.527  2.860  4.483  5.872  5.036  3.974  3.174  2.655  2.360  2.213  2.154  2.143  2.155  2.180  2.212  2.246  2.282  2.318  2.353  2.385  2.413  2.436  2.452  2.460  2.457  2.442  2.414  2.376  2.340  2.355  2.513  2.824  3.071  3.141  3.107  3.035  2.953  2.870  2.788  2.705  2.612  2.481  2.226  1.738  1.165  0.809  0.683  0.666  0.687  0.728  0.785  0.860  0.957  1.080  1.232  1.416  1.633  1.882  2.153  2.433  2.694  2.906  3.038  3.077
   0.000    0.000  3.030  2.934  2.814  2.696  2.597  2.520  2.466  2.437  2.450  2.699  4.006  5.052  4.237  3.368  2.771  2.414  2.228  2.145  2.119  2.124  2.145  2.175  2.209  2.246  2.284  2.323  2.362  2.399  2.433  2.463  2.488  2.505  2.515  2.516  2.512  2.529  2.653  2.968  3.280  3.396  3.381  3.315  3.228  3.133  3.035  2.936  2.839  2.743  2.647  2.544  2.414  2.193  1.773  1.216  0.814  0.651  0.619  0.637  0.676  0.733  0.810  0.911  1.042  1.210  1.420  1.674  1.968  2.284  2.590  2.846  3.010  3.067
   5.000    5.000  2.978  2.872  2.741  2.613  2.504  2.418  2.356  2.317  2.314  2.485  3.486  4.264  3.561  2.898  2.480  2.250  2.141  2.100  2.097  2.113  2.139  2.173  2.212  2.255  2.303  2.357  2.416  2.483  2.560  2.647  2.745  2.854  2.973  3.100  3.241  3.407  3.557  3.619  3.612  3.571  3.508  3.430  3.338  3.236  3.128  3.016  2.903  2.791  2.680  2.570  2.456  2.325  2.132  1.783  1.273  0.844  0.644  0.595  0.607  0.644  0.699  0.777  0.882  1.024  1.212  1.453  1.749  2.089  2.438  2.741  2.942  3.015
  10.000   10.000  2.386  2.206  2.032  1.883  1.763  1.670  1.601  1.552  1.528  1.601  2.239  3.318  3.012  2.554  2.281  2.143  2.087  2.075  2.088  2.117  2.159  2.214  2.286  2.382  2.512  2.684  2.905  3.176  3.488  3.821  4.150  4.449  4.690  4.820  4.721  4.337  3.965  3.790  3.717  3.667  3.610  3.539  3.451  3.348  3.234  3.111  2.983  2.854  2.725  2.598  2.474  2.350  2.217  2.045  1.762  1.321  0.888  0.654  0.585  0.589  0.623  0.678  0.757  0.869  1.024  1.235  1.510  1.839  2.181  2.452  2.571  2.530
  15.000   15.000  0.869  0.758  0.673  0.610  0.562  0.527  0.500  0.481  0.470  0.481  0.653  1.492  2.407  2.310  2.157  2.089  2.078  2.106  2.167  2.268  2.422  2.646  2.953  3.344  3.794  4.257  4.680  5.028  5.289  5.473  5.596  5.667  5.676  5.560  5.182  4.558  4.070  3.863  3.791  3.750  3.705  3.644  3.564  3.465  3.349  3.218  3.078  2.932  2.784  2.638  2.496  2.360  2.227  2.094  1.939  1.712  1.350  0.938  0.675  0.583  0.579  0.610  0.665  0.747  0.865  1.027  1.225  1.403  1.459  1.359  1.185  1.012
  20.000   20.000  0.263  0.242  0.227  0.217  0.209  0.204  0.200  0.198  0.196  0.196  0.217  0.394  1.161  2.041  2.150  2.204  2.336  2.565  2.905  3.352  3.873  4.401  4.864  5.221  5.469  5.629  5.728  5.788  5.823  5.844  5.853  5.848  5.805  5.657  5.266  4.634  4.134  3.922  3.856  3.826  3.794  3.746  3.677  3.586  3.472  3.338  3.188  3.027  2.861  2.694  2.532  2.377  2.231  2.093  1.961  1.821  1.640  1.356  0.988  0.706  0.589  0.573  0.600  0.649  0.711  0.754  0.723  0.616  0.498  0.405  0.340  0.295
  25.000   25.000  0.174  0.173  0.172  0.171  0.170  0.170  0.170  0.170  0.170  0.170  0.171  0.188  0.377  1.350  2.667  3.261  3.813  4.378  4.875  5.253  5.508  5.666  5.760  5.813  5.844  5.861  5.871  5.876  5.879  5.880  5.877  5.864  5.820  5.677  5.304  4.691  4.190  3.976  3.915  3.897  3.877  3.843  3.787  3.707  3.600  3.467  3.312  3.139  2.955  2.769  2.585  2.409  2.244  2.092  1.954  1.825  1.699  1.553  1.338  1.029  0.743  0.596  0.550  0.521  0.453  0.356  0.277  0.229  0.203  0.189  0.181  0.177
  30.000   30.000  0.168  0.168  0.168  0.168  0.168  0.168  0.168  0.168  0.168  0.168  0.168  0.170  0.228  0.879  3.519  5.139  5.488  5.661  5.761  5.817  5.847  5.864  5.873  5.878  5.881  5.883  5.884  5.884  5.884  5.883  5.879  5.866  5.823  5.687  5.333  4.740  4.242  4.028  3.972  3.962  3.955  3.935  3.893  3.826  3.730  3.603  3.447  3.267  3.069  2.862  2.656  2.458  2.272  2.103  1.950  1.814  1.693  1.580  1.461  1.298  1.040  0.713  0.453  0.300  0.223  0.190  0.177  0.172  0.170  0.169  0.169  0.168
  35.000   35.000  0.168  0.168  0.168  0.168  0.168  0.168  0.168  0.168  0.168  0.168  0.168  0.169  0.205  0.714  3.399  5.664  5.841  5.863  5.873  5.879  5.882  5.883  5.884  5.884  5.885  5.885  5.885  5.885  5.884  5.883  5.879  5.867  5.825  5.694  5.355  4.783  4.292  4.078  4.026  4.025  4.029  4.021  3.995  3.943  3.860  3.744  3.592  3.409  3.200  2.977  2.749  2.527  2.319  2.128  1.959  1.810  1.681  1.569  1.469  1.365  1.185  0.737  0.319  0.195  0.174  0.170  0.169  0.168  0.168  0.168  0.168  0.168
  40.000   40.000  0.168  0.168  0.168  0.168  0.168  0.168  0.168  0.168  0.168  0.168  0.168  0.169  0.194  0.606  3.027  5.666  5.875  5.883  5.884  5.884  5.885  5.885  5.885  5.885  5.885  5.885  5.885  5.885  5.884  5.883  5.879  5.867  5.825  5.699  5.372  4.820  4.340  4.129  4.080  4.085  4.099  4.104  4.092  4.056  3.989  3.886  3.744  3.563  3.349  3.112  2.865  2.619  2.386  2.173  1.983  1.819  1.678  1.558  1.456  1.356  1.152  0.609  0.247  0.176  0.169  0.168  0.168  0.168  0.168  0.168  0.168  0.168
  45.000   45.000  0.168  0.168  0.168  0.168  0.168  0.168  0.168  0.168  0.168  0.168  0.168  0.169  0.187  0.517  2.650  5.589  5.876  5.885  5.885  5.885  5.885  5.885  5.885  5.885  5.885  5.885  5.885  5.885  5.884  5.883  5.879  5.866  5.825  5.700  5.382  4.852  4.389  4.181  4.135  4.145  4.167  4.184  4.185  4.165  4.114  4.028  3.899  3.727  3.514  3.268  3.004  2.735  2.477  2.239  2.026  1.843  1.686  1.556  1.446  1.333  1.051  0.475  0.211  0.172  0.168  0.168  0.168  0.168  0.168  0.168  0.168  0.168
  50.000   50.000  0.168  0.168  0.168  0.168  0.168  0.168  0.168  0.168  0.168  0.168  0.168  0.168  0.181  0.444  2.297  5.479  5.873  5.885  5.885  5.885  5.885  5.885  5.885  5.885  5.885  5.885  5.885  5.885  5.884  5.883  5.879  5.865  5.823  5.698  5.388  4.882  4.440  4.238  4.191  4.205  4.233  4.259  4.274  4.268  4.235  4.167  4.056  3.896  3.690  3.442  3.165  2.877  2.594  2.329  2.091  1.885  1.711  1.566  1.444  1.305  0.917  0.369  0.191  0.170  0.168  0.168  0.168  0.168  0.168  0.168  0.168  0.168
  55.000   55.000  0.168  0.168  0.168  0.168  0.168  0.168  0.168  0.168  0.168  0.168  0.168  0.168  0.178  0.385  1.976  5.333  5.867  5.885  5.885  5.885  5.885  5.885  5.885  5.885  5.885  5.885  5.885  5.885  5.884  5.883  5.879  5.864  5.820  5.693  5.390  4.912  4.498  4.301  4.252  4.265  4.297  4.331  4.356  4.365  4.350  4.300  4.209  4.067  3.873  3.630  3.348  3.044  2.738  2.446  2.181  1.949  1.753  1.590  1.452  1.269  0.768  0.294  0.180  0.169  0.168  0.168  0.168  0.168  0.168  0.168  0.168  0.168
  60.000   60.000  0.168  0.168  0.168  0.168  0.168  0.168  0.168  0.168  0.168  0.168  0.168  0.168  0.175  0.336  1.690  5.145  5.860  5.884  5.885  5.885  5.885  5.885  5.885  5.885  5.885  5.885  5.885  5.885  5.884  5.883  5.878  5.863  5.816  5.686  5.392  4.950  4.570  4.378  4.320  4.326  4.358  4.397  4.432  4.454  4.454  4.424  4.354  4.234  4.058  3.827  3.547  3.234  2.910  2.592  2.299  2.039  1.817  1.632  1.470  1.217  0.623  0.244  0.175  0.168  0.168  0.168  0.168  0.168  0.168  0.168  0.168  0.168
  65.000   65.000  0.168  0.168  0.168  0.168  0.168  0.168  0.168  0.168  0.168  0.168  0.168  0.168  0.173  0.296  1.440  4.909  5.850  5.884  5.885  5.885  5.885  5.885  5.885  5.885  5.885  5.885  5.885  5.885  5.885  5.883  5.878  5.861  5.812  5.680  5.399  5.004  4.663  4.473  4.400  4.392  4.417  4.456  4.497  4.529  4.545  4.533  4.484  4.388  4.236  4.024  3.756  3.443  3.106  2.767  2.446  2.157  1.906  1.695  1.500  1.143  0.497  0.213  0.172  0.168  0.168  0.168  0.168  0.168  0.168  0.168  0.168  0.168
  70.000   70.000  0.168  0.168  0.168  0.168  0.168  0.168  0.168  0.168  0.168  0.168  0.168  0.168  0.171  0.265  1.224  4.624  5.835  5.884  5.885  5.885  5.885  5.885  5.885  5.885  5.885  5.885  5.885  5.885  5.885  5.883  5.878  5.861  5.809  5.678  5.421  5.082  4.784  4.593  4.497  4.465  4.475  4.507  4.549  4.588  4.614  4.619  4.591  4.520  4.395  4.210  3.962  3.661  3.323  2.969  2.624  2.305  2.024  1.781  1.539  1.042  0.399  0.194  0.170  0.168  0.168  0.168  0.168  0.168  0.168  0.168  0.168  0.168
  75.000   75.000  0.168  0.168  0.168  0.168  0.168  0.168  0.168  0.168  0.168  0.168  0.168  0.168  0.170  0.241  1.038  4.295  5.815  5.883  5.885  5.885  5.885  5.885  5.885  5.885  5.885  5.885  5.885  5.885  5.885  5.885  5.880  5.863  5.812  5.688  5.467  5.189  4.933  4.741  4.617  4.552  4.534  4.550  4.584  4.623  4.657  4.674  4.664  4.617  4.521  4.368  4.151  3.873  3.547  3.191  2.830  2.485  2.173  1.895  1.583  0.923  0.326  0.183  0.169  0.168  0.168  0.168  0.168  0.168  0.168  0.168  0.168  0.168
  80.000   80.000  0.168  0.168  0.168  0.168  0.168  0.168  0.168  0.168  0.168  0.168  0.168  0.168  0.170  0.222  0.881  3.929  5.787  5.882  5.885  5.885  5.885  5.885  5.885  5.885  5.885  5.885  5.886  5.886  5.887  5.887  5.884  5.870  5.824  5.716  5.538  5.319  5.102  4.912  4.761  4.657  4.601  4.587  4.603  4.633  4.666  4.689  4.693  4.665  4.597  4.478  4.300  4.059  3.760  3.418  3.055  2.693  2.354  2.038  1.623  0.798  0.275  0.177  0.169  0.168  0.168  0.168  0.168  0.168  0.168  0.168  0.168  0.168
  85.000   85.000  0.168  0.168  0.168  0.168  0.168  0.168  0.168  0.168  0.168  0.168  0.168  0.168  0.169  0.207  0.748  3.541  5.747  5.881  5.885  5.885  5.885  5.885  5.885  5.885  5.885  5.886  5.886  5.888  5.890  5.893  5.894  5.886  5.851  5.766  5.630  5.461  5.277  5.094  4.924  4.784  4.683  4.627  4.609  4.618  4.639  4.659  4.668  4.655  4.610  4.524  4.387  4.191  3.936  3.628  3.283  2.921  2.565  2.208  1.647  0.684  0.241  0.173  0.168  0.168  0.168  0.168  0.168  0.168  0.168  0.168  0.168  0.168
  90.000   90.000  0.168  0.168  0.168  0.168  0.168  0.168  0.168  0.168  0.168  0.168  0.168  0.168  0.169  0.197  0.636  3.148  5.693  5.879  5.885  5.885  5.885  5.885  5.885  5.885  5.886  5.886  5.888  5.891  5.896  5.904  5.913  5.916  5.894  5.833  5.731  5.599  5.444  5.274  5.097  4.928  4.784  4.677  4.612  4.583  4.579  4.585  4.589  4.581  4.552  4.493  4.394  4.247  4.047  3.791  3.487  3.148  2.793  2.398  1.642  0.589  0.219  0.171  0.168  0.168  0.168  0.168  0.168  0.168  0.168  0.168  0.168  0.168
  95.000   95.000  0.168  0.168  0.168  0.168  0.168  0.168  0.168  0.168  0.168  0.168  0.168  0.168  0.169  0.189  0.543  2.764  5.618  5.877  5.885  5.885  5.885  5.885  5.885  5.886  5.886  5.888  5.890  5.896  5.906  5.923  5.944  5.960  5.951  5.907  5.829  5.724  5.593  5.440  5.268  5.084  4.904  4.746  4.625  4.544  4.499  4.477  4.465  4.452  4.429  4.388  4.320  4.217  4.072  3.878  3.634  3.344  3.016  2.589  1.606  0.515  0.205  0.170  0.168  0.168  0.168  0.168  0.168  0.168  0.168  0.168  0.168  0.168
 100.000  100.000  0.168  0.168  0.168  0.168  0.168  0.168  0.168  0.168  0.168  0.168  0.168  0.168  0.169  0.183  0.465  2.402  5.516  5.874  5.885  5.885  5.885  5.885  5.886  5.886  5.887  5.890  5.895  5.905  5.924  5.954  5.989  6.014  6.011  5.978  5.916  5.831  5.722  5.588  5.427  5.241  5.039  4.838  4.658  4.516  4.416  4.353  4.314  4.286  4.260  4.227  4.179  4.110  4.012  3.877  3.700  3.477  3.201  2.756  1.548  0.461  0.196  0.170  0.168  0.168  0.168  0.168  0.168  0.168  0.168  0.168  0.168  0.168
 105.000  105.000  0.168  0.168  0.168  0.168  0.168  0.168  0.168  0.169  0.169  0.169  0.169  0.169  0.169  0.180  0.402  2.071  5.382  5.869  5.885  5.885  5.885  5.885  5.886  5.887  5.889  5.894  5.904  5.922  5.953  5.998  6.043  6.070  6.068  6.040  5.990  5.920  5.829  5.714  5.569  5.390  5.180  4.950  4.719  4.513  4.351  4.235  4.159  4.108  4.071  4.038  4.001  3.953  3.889  3.801  3.684  3.528  3.318  2.872  1.483  0.427  0.196  0.173  0.170  0.170  0.169  0.169  0.169  0.169  0.169  0.169  0.168  0.168
 110.000  110.000  0.173  0.173  0.173  0.173  0.173  0.173  0.174  0.174  0.175  0.175  0.176  0.178  0.179  0.188  0.357  1.775  5.207  5.863  5.884  5.885  5.885  5.886  5.887  5.889  5.893  5.901  5.918  5.949  5.996  6.052  6.098  6.120  6.116  6.091  6.050  5.993  5.918  5.820  5.692  5.527  5.320  5.075  4.806  4.544  4.317  4.143  4.021  3.941  3.887  3.848  3.814  3.778  3.735  3.680  3.606  3.506  3.357  2.928  1.458  0.470  0.251  0.207  0.192  0.185  0.181  0.178  0.177  0.175  0.174  0.174  0.173  0.173
 115.000  115.000  0.215  0.214  0.215  0.216  0.218  0.221  0.225  0.230  0.236  0.244  0.252  0.262  0.274  0.291  0.397  1.528  4.979  5.853  5.884  5.885  5.886  5.886  5.888  5.892  5.899  5.914  5.942  5.988  6.049  6.108  6.147  6.160  6.154  6.132  6.098  6.051  5.989  5.907  5.796  5.648  5.453  5.206  4.915  4.607  4.321  4.087  3.916  3.801  3.727  3.677  3.641  3.611  3.580  3.544  3.498  3.435  3.330  2.948  1.795  0.971  0.622  0.453  0.364  0.313  0.282  0.262  0.247  0.237  0.229  0.223  0.219  0.216
 120.000  120.000  0.477  0.477  0.481  0.489  0.502  0.519  0.540  0.565  0.595  0.629  0.667  0.710  0.759  0.812  0.893  1.505  4.616  5.832  5.884  5.886  5.886  5.888  5.891  5.897  5.910  5.935  5.979  6.040  6.107  6.158  6.185  6.192  6.183  6.164  6.136  6.098  6.048  5.979  5.884  5.754  5.574  5.335  5.036  4.699  4.363  4.072  3.851  3.698  3.599  3.537  3.495  3.466  3.440  3.414  3.381  3.330  3.232  3.028  2.666  2.163  1.657  1.271  1.016  0.853  0.745  0.668  0.611  0.568  0.535  0.511  0.494  0.483
 125.000  125.000  1.301  1.315  1.339  1.373  1.415  1.465  1.522  1.585  1.653  1.724  1.797  1.870  1.941  2.007  2.068  2.199  3.608  5.680  5.877  5.886  5.887  5.890  5.895  5.906  5.928  5.968  6.028  6.099  6.159  6.197  6.213  6.215  6.206  6.190  6.167  6.136  6.094  6.037  5.957  5.844  5.682  5.458  5.163  4.810  4.437  4.096  3.825  3.632  3.507  3.428  3.378  3.344  3.315  3.281  3.231  3.179  3.152  3.097  2.960  2.722  2.417  2.118  1.881  1.712  1.594  1.507  1.442  1.390  1.350  1.322  1.304  1.297
 130.000  130.000  2.168  2.230  2.295  2.361  2.425  2.484  2.537  2.584  2.622  2.651  2.672  2.683  2.685  2.676  2.652  2.614  2.698  4.292  5.732  5.872  5.886  5.893  5.903  5.922  5.958  6.014  6.086  6.153  6.200  6.225  6.233  6.231  6.223  6.210  6.191  6.166  6.132  6.085  6.017  5.920  5.777  5.571  5.289  4.933  4.536  4.153  3.833  3.598  3.439  3.335  3.260  3.190  3.105  3.024  3.036  3.106  3.144  3.125  3.035  2.866  2.637  2.402  2.212  2.084  2.010  1.974  1.963  1.969  1.988  2.019  2.060  2.110
 135.000  135.000  2.423  2.499  2.575  2.646  2.709  2.763  2.806  2.837  2.858  2.869  2.870  2.861  2.841  2.807  2.753  2.674  2.587  2.749  4.134  5.409  5.761  5.860  5.905  5.947  6.002  6.072  6.144  6.198  6.230  6.244  6.247  6.244  6.237  6.226  6.210  6.190  6.162  6.123  6.067  5.983  5.858  5.672  5.406  5.054  4.639  4.212  3.830  3.523  3.281  3.074  2.869  2.688  2.648  2.787  2.962  3.082  3.139  3.142  3.082  2.952  2.762  2.554  2.374  2.248  2.173  2.138  2.133  2.148  2.180  2.225  2.283  2.350
 140.000  140.000  2.525  2.600  2.674  2.744  2.805  2.857  2.898  2.927  2.945  2.953  2.950  2.935  2.905  2.855  2.775  2.663  2.565  2.684  3.194  3.874  4.655  5.297  5.672  5.883  6.020  6.120  6.190  6.231  6.250  6.257  6.257  6.253  6.246  6.237  6.224  6.208  6.184  6.152  6.103  6.030  5.918  5.743  5.477  5.092  4.584  3.995  3.411  2.918  2.556  2.327  2.231  2.286  2.477  2.722  2.926  3.060  3.132  3.153  3.119  3.024  2.870  2.688  2.519  2.391  2.309  2.268  2.255  2.265  2.292  2.334  2.388  2.453
 145.000  145.000  2.613  2.685  2.757  2.825  2.885  2.935  2.975  3.003  3.020  3.026  3.018  2.995  2.950  2.875  2.760  2.621  2.574  2.839  3.267  3.643  4.182  4.840  5.351  5.676  5.886  6.033  6.139  6.211  6.251  6.262  6.257  6.248  6.238  6.226  6.213  6.194  6.168  6.131  6.074  5.984  5.835  5.571  5.109  4.392  3.543  2.833  2.402  2.189  2.097  2.072  2.111  2.236  2.447  2.691  2.897  3.039  3.123  3.159  3.149  3.085  2.966  2.812  2.659  2.534  2.448  2.399  2.379  2.381  2.401  2.437  2.486  2.545
 150.000  150.000  2.702  2.770  2.839  2.905  2.963  3.013  3.051  3.079  3.093  3.095  3.080  3.042  2.973  2.861  2.709  2.578  2.656  3.025  3.347  3.575  3.979  4.587  5.134  5.507  5.753  5.926  6.050  6.139  6.197  6.223  6.211  6.157  6.072  5.982  5.899  5.817  5.723  5.604  5.446  5.226  4.904  4.426  3.793  3.135  2.625  2.318  2.160  2.086  2.058  2.063  2.117  2.243  2.443  2.674  2.875  3.020  3.112  3.162  3.172  3.136  3.049  2.926  2.792  2.675  2.589  2.534  2.507  2.502  2.514  2.542  2.584  2.639
 155.000  155.000  2.790  2.854  2.920  2.984  3.041  3.089  3.126  3.151  3.162  3.156  3.127  3.067  2.962  2.809  2.640  2.584  2.819  3.193  3.398  3.522  3.812  4.349  4.908  5.323  5.607  5.809  5.956  6.063  6.134  6.170  6.159  6.077  5.884  5.552  5.138  4.780  4.565  4.460  4.396  4.312  4.155  3.872  3.452  2.977  2.575  2.311  2.166  2.096  2.071  2.083  2.142  2.267  2.458  2.673  2.864  3.005  3.101  3.161  3.188  3.177  3.120  3.027  2.915  2.810  2.726  2.669  2.637  2.624  2.628  2.649  2.684  2.732
 160.000  160.000  2.875  2.935  2.998  3.059  3.114  3.160  3.194  3.215  3.219  3.201  3.151  3.057  2.910  2.730  2.600  2.683  3.022  3.322  3.428  3.481  3.677  4.125  4.672  5.119  5.440  5.672  5.845  5.973  6.061  6.109  6.108  6.031  5.835  5.477  4.992  4.546  4.290  4.209  4.203  4.187  4.101  3.891  3.532  3.080  2.662  2.369  2.202  2.122  2.096  2.114  2.181  2.309  2.491  2.691  2.866  2.999  3.093  3.158  3.198  3.207  3.178  3.113  3.025  2.935  2.858  2.801  2.764  2.744  2.741  2.753  2.781  2.822
 165.000  165.000  2.955  3.010  3.069  3.127  3.179  3.222  3.252  3.266  3.259  3.221  3.140  3.006  2.829  2.667  2.644  2.869  3.217  3.413  3.444  3.449  3.571  3.926  4.434  4.898  5.250  5.514  5.714  5.865  5.972  6.036  6.046  5.979  5.794  5.451  4.981  4.531  4.257  4.166  4.165  4.170  4.116  3.951  3.636  3.202  2.767  2.441  2.249  2.158  2.132  2.158  2.235  2.368  2.544  2.727  2.884  3.001  3.087  3.152  3.200  3.226  3.220  3.182  3.119  3.046  2.979  2.925  2.885  2.860  2.849  2.854  2.873  2.908
 170.000  170.000  3.026  3.076  3.131  3.184  3.232  3.270  3.294  3.297  3.272  3.207  3.090  2.925  2.756  2.677  2.793  3.096  3.376  3.471  3.451  3.426  3.490  3.755  4.204  4.665  5.041  5.332  5.560  5.735  5.864  5.946  5.970  5.915  5.743  5.419  4.971  4.529  4.242  4.136  4.134  4.151  4.124  3.997  3.727  3.321  2.879  2.525  2.308  2.206  2.183  2.218  2.307  2.446  2.616  2.782  2.917  3.015  3.086  3.145  3.195  3.232  3.246  3.232  3.193  3.141  3.086  3.038  2.998  2.969  2.951  2.948  2.959  2.986
 175.000  175.000  3.089  3.132  3.180  3.228  3.270  3.301  3.314  3.302  3.253  3.156  3.011  2.849  2.748  2.794  3.018  3.316  3.491  3.504  3.453  3.407  3.431  3.616  3.991  4.428  4.814  5.129  5.382  5.583  5.735  5.837  5.878  5.837  5.680  5.377  4.954  4.526  4.230  4.108  4.100  4.125  4.118  4.026  3.799  3.428  2.991  2.619  2.382  2.273  2.253  2.299  2.400  2.544  2.706  2.854  2.965  3.038  3.089  3.135  3.181  3.224  3.252  3.259  3.244  3.213  3.175  3.136  3.099  3.068  3.045  3.034  3.037  3.056
