

VARS   PHI PSI -180 -175 -170 -165 -160 -155 -150 -145 -140 -135 -130 -125 -120 -115 -110 -105 -100 -95 -90 -85 -80 -75 -70 -65 -60 -55 -50 -45 -40 -35 -30 -25 -20 -15 -10 -5 0 5 10 15 20 25 30 35 40 45 50 55 60 65 70 75 80 85 90 95 100 105 110 115 120 125 130 135 140 145 150 155 160 165 170 175 
FORMAT %8.3f %8.3f %6.3f %6.3f %6.3f %6.3f %6.3f %6.3f %6.3f %6.3f %6.3f %6.3f %6.3f %6.3f %6.3f %6.3f %6.3f %6.3f %6.3f %6.3f %6.3f %6.3f %6.3f %6.3f %6.3f %6.3f %6.3f %6.3f %6.3f %6.3f %6.3f %6.3f %6.3f %6.3f %6.3f %6.3f %6.3f %6.3f %6.3f %6.3f %6.3f %6.3f %6.3f %6.3f %6.3f %6.3f %6.3f %6.3f %6.3f %6.3f %6.3f %6.3f %6.3f %6.3f %6.3f %6.3f %6.3f %6.3f %6.3f %6.3f %6.3f %6.3f %6.3f %6.3f %6.3f %6.3f %6.3f %6.3f %6.3f %6.3f %6.3f %6.3f %6.3f %6.3f

-180.000 -180.000  2.990  3.032  3.066  3.087  3.088  3.057  2.983  2.856  2.677  2.460  2.229  2.011  1.839  1.740  1.758  2.045  2.587  2.888  2.973  3.005  3.026  3.040  3.038  3.004  2.924  2.789  2.607  2.401  2.199  2.026  1.896  1.818  1.794  1.823  1.900  2.017  2.165  2.326  2.492  2.667  2.860  3.066  3.272  3.449  3.552  3.533  3.390  3.182  2.973  2.793  2.653  2.551  2.483  2.445  2.430  2.433  2.450  2.479  2.513  2.549  2.581  2.609  2.632  2.650  2.669  2.691  2.719  2.755  2.797  2.845  2.894  2.943
-175.000 -175.000  2.869  2.886  2.889  2.872  2.826  2.743  2.614  2.441  2.236  2.025  1.837  1.702  1.635  1.635  1.719  2.014  2.541  2.860  2.958  2.999  3.031  3.061  3.082  3.080  3.040  2.947  2.804  2.623  2.432  2.256  2.116  2.026  1.992  2.014  2.084  2.191  2.313  2.430  2.541  2.668  2.829  3.020  3.223  3.409  3.537  3.564  3.476  3.310  3.118  2.938  2.788  2.675  2.599  2.556  2.536  2.530  2.530  2.535  2.545  2.560  2.577  2.594  2.609  2.622  2.636  2.653  2.675  2.703  2.736  2.772  2.809  2.842
-170.000 -170.000  2.768  2.770  2.756  2.719  2.652  2.547  2.398  2.214  2.013  1.827  1.689  1.617  1.609  1.645  1.741  2.009  2.501  2.828  2.936  2.984  3.026  3.069  3.108  3.132  3.124  3.070  2.963  2.813  2.639  2.469  2.325  2.226  2.183  2.195  2.255  2.343  2.434  2.509  2.575  2.664  2.798  2.974  3.171  3.361  3.506  3.564  3.520  3.395  3.230  3.062  2.911  2.792  2.709  2.659  2.633  2.618  2.604  2.589  2.579  2.575  2.578  2.584  2.592  2.600  2.610  2.622  2.639  2.660  2.685  2.711  2.735  2.755
-165.000 -165.000  2.680  2.670  2.644  2.597  2.522  2.410  2.260  2.082  1.898  1.744  1.648  1.618  1.636  1.685  1.780  2.023  2.475  2.797  2.908  2.960  3.009  3.061  3.114  3.156  3.172  3.148  3.074  2.954  2.803  2.644  2.503  2.400  2.350  2.353  2.398  2.464  2.524  2.564  2.598  2.659  2.769  2.929  3.118  3.308  3.463  3.542  3.529  3.438  3.302  3.152  3.009  2.889  2.800  2.745  2.713  2.690  2.664  2.636  2.610  2.592  2.582  2.579  2.580  2.583  2.589  2.598  2.610  2.625  2.642  2.658  2.672  2.680
-160.000 -160.000  2.602  2.580  2.544  2.491  2.412  2.303  2.160  1.994  1.833  1.710  1.649  1.646  1.679  1.736  1.839  2.073  2.482  2.775  2.877  2.928  2.979  3.037  3.098  3.152  3.183  3.179  3.130  3.035  2.907  2.765  2.633  2.532  2.479  2.473  2.504  2.548  2.582  2.598  2.612  2.652  2.744  2.887  3.066  3.253  3.413  3.506  3.513  3.446  3.335  3.204  3.072  2.956  2.865  2.805  2.767  2.739  2.707  2.670  2.635  2.606  2.587  2.575  2.570  2.569  2.572  2.578  2.587  2.597  2.607  2.615  2.617  2.614
-155.000 -155.000  2.532  2.499  2.454  2.395  2.315  2.210  2.078  1.928  1.791  1.698  1.667  1.684  1.731  1.806  1.935  2.183  2.548  2.780  2.849  2.889  2.938  2.997  3.060  3.118  3.157  3.164  3.130  3.055  2.948  2.824  2.706  2.614  2.563  2.552  2.570  2.596  2.612  2.614  2.617  2.646  2.722  2.850  3.017  3.199  3.360  3.461  3.481  3.429  3.333  3.218  3.098  2.987  2.897  2.834  2.793  2.762  2.729  2.690  2.651  2.616  2.589  2.571  2.561  2.557  2.557  2.562  2.568  2.575  2.579  2.578  2.571  2.556
-150.000 -150.000  2.472  2.428  2.373  2.308  2.228  2.128  2.007  1.874  1.761  1.699  1.694  1.731  1.801  1.913  2.097  2.387  2.706  2.832  2.836  2.848  2.886  2.941  3.001  3.056  3.095  3.105  3.080  3.019  2.929  2.826  2.726  2.648  2.604  2.591  2.600  2.613  2.618  2.614  2.614  2.637  2.702  2.817  2.972  3.147  3.307  3.413  3.439  3.394  3.306  3.200  3.088  2.984  2.896  2.832  2.790  2.761  2.731  2.695  2.656  2.619  2.588  2.565  2.550  2.543  2.542  2.546  2.551  2.556  2.555  2.548  2.533  2.507
-145.000 -145.000  2.421  2.367  2.305  2.234  2.152  2.056  1.944  1.829  1.740  1.707  1.730  1.797  1.911  2.089  2.359  2.712  2.974  2.954  2.850  2.813  2.830  2.873  2.924  2.971  3.003  3.010  2.988  2.937  2.864  2.782  2.705  2.645  2.611  2.601  2.603  2.608  2.608  2.603  2.603  2.625  2.684  2.788  2.932  3.099  3.257  3.365  3.394  3.350  3.262  3.157  3.050  2.950  2.865  2.803  2.764  2.740  2.716  2.687  2.652  2.615  2.581  2.553  2.535  2.525  2.523  2.527  2.532  2.536  2.533  2.522  2.499  2.466
-140.000 -140.000  2.379  2.318  2.250  2.175  2.092  1.998  1.893  1.790  1.726  1.725  1.785  1.902  2.089  2.367  2.747  3.157  3.340  3.149  2.904  2.792  2.774  2.797  2.834  2.868  2.889  2.890  2.868  2.826  2.770  2.711  2.658  2.620  2.598  2.590  2.589  2.588  2.585  2.582  2.586  2.609  2.665  2.761  2.895  3.054  3.209  3.320  3.350  3.301  3.207  3.098  2.992  2.895  2.814  2.756  2.723  2.705  2.690  2.668  2.637  2.601  2.565  2.535  2.513  2.501  2.498  2.502  2.508  2.512  2.509  2.495  2.469  2.430
-135.000 -135.000  2.346  2.283  2.213  2.137  2.054  1.961  1.857  1.763  1.720  1.757  1.874  2.071  2.366  2.769  3.248  3.668  3.747  3.399  2.999  2.788  2.722  2.720  2.737  2.755  2.763  2.757  2.735  2.703  2.665  2.631  2.603  2.585  2.574  2.567  2.562  2.558  2.554  2.553  2.562  2.589  2.644  2.734  2.860  3.012  3.165  3.278  3.309  3.253  3.146  3.029  2.920  2.827  2.752  2.701  2.675  2.664  2.656  2.640  2.613  2.578  2.541  2.507  2.482  2.468  2.464  2.469  2.477  2.482  2.480  2.466  2.439  2.399
-130.000 -130.000  2.322  2.263  2.197  2.126  2.047  1.956  1.850  1.754  1.728  1.815  2.015  2.328  2.755  3.271  3.791  4.144  4.110  3.654  3.124  2.804  2.678  2.644  2.641  2.642  2.638  2.625  2.606  2.585  2.567  2.556  2.550  2.548  2.544  2.538  2.529  2.521  2.517  2.520  2.533  2.564  2.619  2.706  2.826  2.972  3.123  3.239  3.271  3.206  3.084  2.954  2.842  2.753  2.687  2.646  2.626  2.621  2.616  2.604  2.579  2.545  2.507  2.471  2.443  2.427  2.422  2.426  2.435  2.443  2.444  2.433  2.409  2.372
-125.000 -125.000  2.309  2.261  2.208  2.149  2.082  1.995  1.884  1.776  1.761  1.908  2.221  2.673  3.224  3.794  4.260  4.487  4.355  3.857  3.248  2.830  2.639  2.572  2.550  2.537  2.524  2.509  2.494  2.485  2.485  2.493  2.504  2.511  2.511  2.502  2.491  2.481  2.477  2.483  2.501  2.536  2.592  2.676  2.792  2.934  3.084  3.202  3.237  3.163  3.022  2.877  2.762  2.679  2.624  2.592  2.579  2.575  2.572  2.559  2.535  2.502  2.463  2.426  2.397  2.378  2.371  2.375  2.385  2.395  2.400  2.395  2.378  2.349
-120.000 -120.000  2.307  2.279  2.246  2.208  2.158  2.082  1.966  1.841  1.828  2.041  2.479  3.064  3.690  4.224  4.563  4.650  4.450  3.959  3.332  2.847  2.602  2.506  2.469  2.448  2.431  2.418  2.410  2.412  2.424  2.443  2.462  2.474  2.474  2.464  2.450  2.440  2.438  2.447  2.469  2.506  2.564  2.646  2.758  2.896  3.045  3.167  3.205  3.122  2.961  2.800  2.682  2.606  2.562  2.540  2.530  2.527  2.521  2.507  2.483  2.450  2.413  2.376  2.345  2.324  2.316  2.318  2.328  2.340  2.350  2.352  2.346  2.331
-115.000 -115.000  2.315  2.312  2.307  2.296  2.270  2.209  2.092  1.950  1.932  2.201  2.750  3.430  4.055  4.485  4.675  4.643  4.399  3.934  3.334  2.831  2.557  2.446  2.401  2.378  2.363  2.354  2.353  2.362  2.380  2.403  2.424  2.436  2.435  2.425  2.412  2.402  2.402  2.413  2.438  2.478  2.537  2.618  2.726  2.861  3.010  3.135  3.174  3.082  2.901  2.724  2.602  2.533  2.499  2.484  2.478  2.473  2.464  2.449  2.425  2.394  2.358  2.323  2.292  2.270  2.259  2.259  2.267  2.281  2.295  2.306  2.313  2.316
-110.000 -110.000  2.328  2.354  2.380  2.400  2.401  2.359  2.247  2.096  2.066  2.367  2.989  3.705  4.267  4.564  4.623  4.501  4.224  3.784  3.233  2.758  2.494  2.386  2.344  2.324  2.313  2.309  2.312  2.325  2.344  2.367  2.387  2.399  2.399  2.391  2.380  2.373  2.374  2.387  2.414  2.455  2.514  2.593  2.699  2.832  2.981  3.109  3.147  3.045  2.847  2.655  2.526  2.459  2.432  2.423  2.419  2.414  2.404  2.389  2.367  2.339  2.307  2.274  2.244  2.221  2.207  2.203  2.208  2.221  2.238  2.258  2.280  2.303
-105.000 -105.000  2.337  2.393  2.450  2.502  2.531  2.512  2.415  2.264  2.220  2.522  3.169  3.862  4.324  4.493  4.447  4.259  3.956  3.533  3.038  2.629  2.409  2.323  2.290  2.274  2.267  2.266  2.273  2.286  2.306  2.329  2.350  2.365  2.370  2.367  2.360  2.355  2.358  2.373  2.399  2.440  2.498  2.576  2.681  2.814  2.965  3.095  3.129  3.016  2.805  2.598  2.457  2.385  2.360  2.356  2.357  2.354  2.347  2.334  2.316  2.293  2.265  2.235  2.206  2.182  2.164  2.156  2.156  2.166  2.185  2.211  2.245  2.288
-100.000 -100.000  2.336  2.416  2.502  2.583  2.642  2.651  2.580  2.443  2.385  2.660  3.283  3.908  4.253  4.310  4.183  3.946  3.623  3.216  2.786  2.467  2.312  2.253  2.230  2.218  2.214  2.216  2.225  2.240  2.262  2.287  2.313  2.335  2.348  2.354  2.354  2.353  2.358  2.372  2.397  2.437  2.493  2.570  2.675  2.811  2.969  3.101  3.127  3.000  2.778  2.559  2.403  2.319  2.291  2.290  2.296  2.300  2.299  2.292  2.281  2.263  2.240  2.213  2.185  2.159  2.138  2.123  2.118  2.123  2.139  2.168  2.210  2.267
 -95.000  -95.000  2.321  2.419  2.526  2.632  2.720  2.762  2.727  2.617  2.552  2.779  3.336  3.861  4.085  4.047  3.860  3.590  3.257  2.878  2.530  2.312  2.218  2.183  2.167  2.159  2.157  2.161  2.172  2.190  2.214  2.244  2.276  2.308  2.334  2.352  2.361  2.367  2.374  2.387  2.410  2.446  2.500  2.577  2.684  2.827  2.994  3.129  3.141  2.997  2.765  2.535  2.363  2.265  2.229  2.231  2.244  2.257  2.266  2.268  2.264  2.253  2.234  2.211  2.183  2.156  2.130  2.110  2.098  2.095  2.106  2.132  2.177  2.240
 -90.000  -90.000  2.293  2.399  2.520  2.646  2.760  2.836  2.842  2.772  2.711  2.879  3.336  3.736  3.844  3.730  3.502  3.215  2.890  2.564  2.315  2.189  2.139  2.118  2.107  2.102  2.102  2.108  2.121  2.141  2.168  2.202  2.242  2.284  2.323  2.356  2.379  2.393  2.404  2.417  2.437  2.469  2.520  2.596  2.708  2.862  3.041  3.173  3.165  3.001  2.758  2.518  2.333  2.222  2.180  2.184  2.206  2.231  2.250  2.263  2.267  2.262  2.248  2.227  2.201  2.172  2.143  2.118  2.098  2.087  2.090  2.109  2.148  2.209
 -85.000  -85.000  2.258  2.362  2.488  2.627  2.761  2.868  2.918  2.894  2.851  2.958  3.290  3.551  3.554  3.383  3.134  2.849  2.558  2.311  2.165  2.103  2.079  2.065  2.057  2.054  2.056  2.063  2.078  2.099  2.128  2.166  2.211  2.262  2.314  2.361  2.400  2.426  2.444  2.458  2.476  2.504  2.551  2.627  2.745  2.911  3.100  3.226  3.192  3.006  2.751  2.502  2.307  2.187  2.142  2.150  2.183  2.219  2.250  2.273  2.284  2.285  2.276  2.258  2.234  2.205  2.174  2.144  2.118  2.098  2.090  2.098  2.127  2.179
 -80.000  -80.000  2.222  2.318  2.440  2.583  2.731  2.863  2.952  2.976  2.959  3.013  3.206  3.323  3.237  3.031  2.780  2.521  2.293  2.143  2.074  2.049  2.035  2.025  2.019  2.017  2.020  2.029  2.044  2.067  2.098  2.137  2.186  2.243  2.305  2.365  2.418  2.459  2.487  2.505  2.522  2.546  2.589  2.665  2.790  2.968  3.165  3.277  3.216  3.006  2.737  2.480  2.278  2.155  2.111  2.127  2.171  2.220  2.262  2.292  2.310  2.316  2.312  2.297  2.276  2.249  2.218  2.185  2.154  2.126  2.107  2.102  2.117  2.155
 -75.000  -75.000  2.191  2.273  2.386  2.525  2.679  2.829  2.948  3.015  3.029  3.044  3.098  3.073  2.916  2.696  2.465  2.260  2.118  2.051  2.027  2.015  2.005  1.997  1.992  1.991  1.995  2.005  2.021  2.044  2.076  2.116  2.167  2.228  2.296  2.366  2.432  2.486  2.525  2.551  2.569  2.591  2.630  2.706  2.836  3.025  3.225  3.322  3.233  3.000  2.715  2.449  2.243  2.121  2.083  2.110  2.167  2.228  2.278  2.315  2.338  2.349  2.349  2.339  2.322  2.298  2.270  2.237  2.202  2.168  2.138  2.120  2.118  2.140
 -70.000  -70.000  2.169  2.233  2.332  2.462  2.614  2.774  2.916  3.018  3.063  3.054  2.981  2.822  2.613  2.401  2.217  2.088  2.028  2.011  2.004  1.995  1.986  1.979  1.974  1.975  1.980  1.991  2.007  2.031  2.062  2.103  2.155  2.217  2.288  2.365  2.439  2.504  2.555  2.589  2.611  2.632  2.668  2.743  2.878  3.077  3.277  3.358  3.245  2.989  2.686  2.408  2.199  2.081  2.054  2.095  2.166  2.237  2.294  2.336  2.363  2.378  2.383  2.379  2.368  2.350  2.326  2.295  2.258  2.219  2.180  2.149  2.132  2.136
 -65.000  -65.000  2.157  2.202  2.284  2.400  2.545  2.706  2.863  2.991  3.065  3.045  2.867  2.592  2.353  2.174  2.057  2.005  1.996  1.997  1.993  1.984  1.975  1.968  1.965  1.967  1.973  1.984  2.001  2.025  2.057  2.097  2.148  2.211  2.283  2.362  2.442  2.515  2.574  2.616  2.643  2.665  2.699  2.773  2.914  3.120  3.319  3.387  3.256  2.978  2.652  2.360  2.146  2.034  2.021  2.079  2.165  2.245  2.307  2.351  2.382  2.402  2.412  2.416  2.412  2.401  2.382  2.355  2.319  2.276  2.230  2.187  2.156  2.143
 -60.000  -60.000  2.155  2.181  2.244  2.343  2.476  2.633  2.797  2.943  3.040  3.017  2.764  2.412  2.175  2.046  1.992  1.986  1.993  1.993  1.987  1.978  1.969  1.964  1.963  1.965  1.973  1.985  2.002  2.026  2.057  2.097  2.147  2.209  2.280  2.360  2.442  2.519  2.585  2.633  2.664  2.687  2.720  2.795  2.942  3.156  3.354  3.414  3.271  2.972  2.620  2.307  2.086  1.981  1.985  2.062  2.163  2.250  2.315  2.361  2.395  2.419  2.436  2.447  2.451  2.448  2.436  2.414  2.380  2.336  2.286  2.234  2.188  2.159
 -55.000  -55.000  2.163  2.170  2.213  2.293  2.410  2.558  2.722  2.879  2.990  2.958  2.675  2.345  2.151  2.051  2.011  2.001  1.998  1.992  1.983  1.975  1.968  1.965  1.965  1.969  1.978  1.991  2.009  2.032  2.063  2.103  2.152  2.211  2.281  2.360  2.442  2.520  2.589  2.640  2.675  2.699  2.732  2.809  2.965  3.187  3.386  3.443  3.296  2.979  2.597  2.256  2.024  1.925  1.948  2.046  2.160  2.253  2.319  2.366  2.402  2.430  2.453  2.472  2.484  2.489  2.485  2.469  2.440  2.397  2.344  2.285  2.229  2.185
 -50.000  -50.000  2.179  2.168  2.191  2.251  2.351  2.485  2.643  2.803  2.910  2.845  2.617  2.430  2.300  2.186  2.094  2.037  2.008  1.992  1.981  1.974  1.970  1.969  1.971  1.977  1.987  2.001  2.020  2.044  2.074  2.113  2.160  2.218  2.286  2.362  2.442  2.520  2.589  2.642  2.678  2.703  2.737  2.818  2.985  3.218  3.419  3.477  3.333  3.006  2.591  2.215  1.964  1.871  1.916  2.036  2.161  2.255  2.320  2.367  2.405  2.437  2.466  2.491  2.511  2.524  2.527  2.518  2.494  2.455  2.402  2.339  2.274  2.218
 -45.000  -45.000  2.202  2.174  2.177  2.218  2.298  2.415  2.564  2.717  2.793  2.710  2.602  2.534  2.464  2.360  2.223  2.101  2.028  1.994  1.980  1.974  1.972  1.975  1.980  1.988  2.000  2.015  2.034  2.059  2.089  2.127  2.173  2.228  2.293  2.366  2.444  2.520  2.588  2.641  2.678  2.703  2.738  2.826  3.007  3.251  3.454  3.517  3.383  3.053  2.609  2.191  1.915  1.826  1.895  2.036  2.166  2.258  2.320  2.366  2.405  2.440  2.473  2.504  2.530  2.550  2.561  2.559  2.542  2.508  2.457  2.393  2.323  2.256
 -40.000  -40.000  2.231  2.186  2.171  2.191  2.251  2.352  2.490  2.634  2.679  2.637  2.605  2.583  2.550  2.485  2.362  2.202  2.073  2.006  1.980  1.974  1.975  1.981  1.990  2.001  2.015  2.032  2.052  2.077  2.107  2.144  2.189  2.242  2.304  2.374  2.448  2.521  2.587  2.639  2.675  2.701  2.738  2.835  3.032  3.287  3.492  3.559  3.441  3.119  2.651  2.188  1.882  1.799  1.893  2.049  2.178  2.264  2.321  2.365  2.404  2.441  2.477  2.511  2.543  2.569  2.586  2.591  2.580  2.552  2.505  2.443  2.370  2.296
 -35.000  -35.000  2.261  2.203  2.170  2.171  2.212  2.298  2.437  2.583  2.624  2.616  2.608  2.600  2.585  2.551  2.471  2.326  2.155  2.037  1.987  1.974  1.977  1.986  1.998  2.013  2.030  2.049  2.071  2.097  2.127  2.163  2.207  2.259  2.318  2.385  2.455  2.525  2.588  2.638  2.674  2.699  2.739  2.846  3.060  3.326  3.532  3.603  3.502  3.196  2.717  2.210  1.870  1.795  1.913  2.075  2.196  2.272  2.323  2.364  2.401  2.438  2.476  2.513  2.548  2.578  2.600  2.611  2.606  2.584  2.544  2.485  2.414  2.336
 -30.000  -30.000  2.291  2.222  2.174  2.157  2.181  2.265  2.436  2.581  2.611  2.611  2.609  2.606  2.600  2.582  2.537  2.436  2.269  2.101  2.006  1.976  1.976  1.988  2.005  2.023  2.044  2.066  2.090  2.117  2.148  2.184  2.227  2.277  2.334  2.397  2.464  2.531  2.591  2.640  2.674  2.699  2.742  2.860  3.090  3.366  3.571  3.646  3.562  3.280  2.800  2.257  1.885  1.819  1.953  2.110  2.216  2.281  2.325  2.362  2.397  2.434  2.472  2.510  2.547  2.579  2.604  2.619  2.620  2.604  2.570  2.517  2.448  2.370
 -25.000  -25.000  2.315  2.240  2.180  2.148  2.162  2.274  2.491  2.594  2.610  2.611  2.610  2.609  2.605  2.596  2.573  2.512  2.384  2.200  2.050  1.984  1.974  1.987  2.007  2.031  2.056  2.081  2.108  2.137  2.169  2.206  2.248  2.296  2.351  2.412  2.476  2.540  2.597  2.644  2.677  2.702  2.749  2.877  3.124  3.408  3.612  3.690  3.624  3.373  2.908  2.340  1.938  1.875  2.010  2.149  2.237  2.289  2.327  2.359  2.392  2.427  2.464  2.502  2.539  2.572  2.599  2.616  2.620  2.609  2.581  2.534  2.471  2.396
 -20.000  -20.000  2.331  2.253  2.186  2.145  2.172  2.355  2.554  2.605  2.611  2.611  2.611  2.610  2.608  2.603  2.590  2.556  2.471  2.312  2.125  2.008  1.975  1.984  2.008  2.037  2.067  2.097  2.128  2.159  2.192  2.229  2.270  2.317  2.370  2.428  2.490  2.551  2.606  2.651  2.683  2.709  2.760  2.900  3.166  3.463  3.673  3.766  3.739  3.553  3.157  2.602  2.141  2.007  2.089  2.189  2.255  2.296  2.327  2.356  2.386  2.419  2.454  2.490  2.526  2.558  2.585  2.602  2.608  2.600  2.576  2.535  2.479  2.409
 -15.000  -15.000  2.334  2.259  2.194  2.169  2.268  2.498  2.601  2.613  2.612  2.611  2.610  2.610  2.609  2.606  2.599  2.578  2.524  2.405  2.220  2.057  1.989  1.989  2.017  2.054  2.091  2.127  2.162  2.195  2.229  2.265  2.303  2.347  2.396  2.450  2.508  2.566  2.619  2.662  2.694  2.722  2.784  2.957  3.273  3.609  3.855  4.014  4.101  4.102  3.963  3.609  3.048  2.524  2.290  2.257  2.277  2.302  2.326  2.351  2.378  2.408  2.441  2.475  2.508  2.538  2.563  2.579  2.585  2.578  2.557  2.521  2.471  2.407
 -10.000  -10.000  2.327  2.265  2.238  2.325  2.533  2.647  2.644  2.624  2.613  2.610  2.609  2.609  2.609  2.607  2.602  2.589  2.551  2.463  2.303  2.126  2.032  2.026  2.063  2.113  2.163  2.209  2.250  2.285  2.317  2.347  2.378  2.411  2.449  2.493  2.542  2.592  2.639  2.680  2.712  2.754  2.875  3.159  3.522  3.826  4.056  4.240  4.391  4.508  4.580  4.573  4.389  3.858  3.072  2.539  2.355  2.320  2.326  2.345  2.369  2.396  2.426  2.456  2.486  2.513  2.534  2.548  2.551  2.544  2.525  2.492  2.447  2.391
  -5.000   -5.000  2.321  2.324  2.456  2.659  2.749  2.736  2.686  2.639  2.613  2.604  2.603  2.604  2.606  2.605  2.602  2.591  2.560  2.485  2.346  2.184  2.097  2.108  2.170  2.248  2.324  2.393  2.450  2.495  2.527  2.549  2.564  2.576  2.589  2.606  2.629  2.657  2.685  2.710  2.740  2.832  3.040  3.297  3.537  3.754  3.953  4.135  4.298  4.443  4.568  4.671  4.732  4.678  4.321  3.538  2.790  2.447  2.354  2.344  2.359  2.382  2.408  2.435  2.461  2.483  2.500  2.510  2.510  2.501  2.482  2.452  2.412  2.364
   0.000    0.000  2.392  2.567  2.746  2.805  2.795  2.757  2.704  2.647  2.603  2.582  2.579  2.585  2.591  2.595  2.595  2.584  2.552  2.476  2.342  2.203  2.152  2.200  2.298  2.413  2.528  2.635  2.728  2.804  2.859  2.893  2.908  2.907  2.893  2.872  2.848  2.820  2.780  2.725  2.728  2.844  3.019  3.210  3.404  3.597  3.785  3.966  4.136  4.295  4.444  4.581  4.704  4.792  4.788  4.546  3.908  3.097  2.587  2.403  2.365  2.371  2.390  2.412  2.433  2.450  2.462  2.467  2.463  2.452  2.432  2.404  2.371  2.349
   5.000    5.000  2.636  2.784  2.823  2.813  2.784  2.743  2.692  2.634  2.576  2.532  2.515  2.522  2.541  2.557  2.566  2.559  2.524  2.439  2.303  2.191  2.182  2.261  2.384  2.523  2.666  2.805  2.933  3.046  3.139  3.210  3.257  3.281  3.281  3.255  3.190  3.044  2.800  2.641  2.670  2.789  2.940  3.105  3.276  3.452  3.628  3.803  3.976  4.146  4.314  4.478  4.637  4.776  4.863  4.834  4.597  4.087  3.395  2.811  2.511  2.411  2.391  2.396  2.407  2.416  2.421  2.420  2.412  2.398  2.378  2.356  2.353  2.435
  10.000   10.000  2.783  2.815  2.809  2.788  2.756  2.716  2.665  2.605  2.538  2.470  2.417  2.394  2.406  2.437  2.469  2.484  2.463  2.387  2.274  2.205  2.227  2.316  2.440  2.582  2.732  2.882  3.026  3.158  3.275  3.374  3.452  3.508  3.537  3.518  3.372  3.014  2.683  2.595  2.644  2.747  2.875  3.018  3.169  3.326  3.489  3.657  3.829  4.007  4.192  4.383  4.576  4.756  4.889  4.918  4.787  4.480  4.047  3.569  3.130  2.799  2.596  2.489  2.435  2.408  2.391  2.377  2.362  2.344  2.328  2.341  2.453  2.659
  15.000   15.000  2.772  2.778  2.769  2.749  2.719  2.679  2.629  2.568  2.496  2.415  2.331  2.258  2.211  2.206  2.240  2.298  2.357  2.391  2.389  2.382  2.405  2.465  2.555  2.668  2.797  2.935  3.074  3.206  3.328  3.435  3.525  3.593  3.621  3.546  3.251  2.864  2.660  2.614  2.648  2.726  2.830  2.951  3.082  3.222  3.371  3.529  3.698  3.882  4.082  4.298  4.526  4.748  4.923  4.989  4.892  4.634  4.292  3.969  3.739  3.602  3.476  3.260  2.968  2.704  2.521  2.411  2.346  2.309  2.315  2.432  2.622  2.734
  20.000   20.000  2.699  2.713  2.711  2.696  2.670  2.632  2.583  2.522  2.449  2.363  2.265  2.161  2.061  1.986  1.967  2.048  2.279  2.632  2.920  3.013  2.988  2.946  2.928  2.946  2.998  3.076  3.171  3.274  3.377  3.473  3.554  3.607  3.589  3.410  3.101  2.855  2.723  2.671  2.677  2.726  2.806  2.905  3.017  3.139  3.273  3.421  3.585  3.772  3.985  4.226  4.489  4.753  4.971  5.073  5.002  4.771  4.470  4.219  4.105  4.157  4.336  4.532  4.566  4.276  3.713  3.123  2.675  2.406  2.355  2.476  2.594  2.663
  25.000   25.000  2.582  2.617  2.629  2.625  2.606  2.573  2.527  2.469  2.396  2.308  2.205  2.089  1.967  1.858  1.809  1.925  2.363  3.169  3.999  4.389  4.362  4.168  3.952  3.768  3.631  3.546  3.507  3.505  3.529  3.566  3.596  3.587  3.486  3.294  3.101  2.945  2.827  2.753  2.728  2.748  2.801  2.878  2.971  3.077  3.196  3.333  3.491  3.679  3.903  4.166  4.462  4.768  5.029  5.169  5.128  4.926  4.669  4.483  4.456  4.609  4.909  5.292  5.672  5.934  5.910  5.365  4.127  2.734  2.239  2.300  2.425  2.520
  30.000   30.000  2.415  2.481  2.517  2.529  2.522  2.498  2.458  2.404  2.334  2.247  2.143  2.023  1.895  1.783  1.749  1.940  2.572  3.765  5.240  6.280  6.552  6.348  5.968  5.547  5.141  4.773  4.460  4.207  4.009  3.852  3.708  3.555  3.414  3.300  3.187  3.065  2.947  2.853  2.799  2.790  2.817  2.872  2.945  3.034  3.139  3.264  3.415  3.602  3.834  4.116  4.444  4.789  5.095  5.275  5.269  5.105  4.901  4.789  4.845  5.074  5.426  5.839  6.252  6.613  6.851  6.698  5.218  2.856  1.982  2.014  2.175  2.314
  35.000   35.000  2.191  2.296  2.365  2.402  2.413  2.403  2.373  2.326  2.262  2.178  2.076  1.956  1.830  1.730  1.736  2.026  2.836  4.308  6.244  7.912  8.712  8.787  8.495  8.035  7.488  6.893  6.273  5.647  5.021  4.400  3.860  3.540  3.421  3.362  3.288  3.186  3.070  2.963  2.887  2.850  2.852  2.884  2.938  3.010  3.100  3.213  3.356  3.540  3.777  4.075  4.430  4.814  5.163  5.387  5.423  5.307  5.167  5.135  5.269  5.551  5.919  6.310  6.677  6.987  7.194  7.032  5.447  2.820  1.713  1.688  1.868  2.046
  40.000   40.000  1.916  2.061  2.168  2.238  2.275  2.284  2.270  2.235  2.179  2.102  2.004  1.888  1.770  1.691  1.754  2.158  3.138  4.822  6.999  8.933 10.016 10.351 10.274  9.975  9.518  8.910  8.137  7.180  6.031  4.814  3.911  3.540  3.456  3.428  3.378  3.294  3.186  3.076  2.985  2.927  2.905  2.914  2.948  3.003  3.078  3.177  3.311  3.490  3.730  4.040  4.418  4.838  5.230  5.502  5.587  5.530  5.464  5.510  5.705  6.011  6.362  6.706  7.008  7.249  7.390  7.154  5.469  2.753  1.482  1.369  1.540  1.737
  45.000   45.000  1.613  1.786  1.929  2.035  2.104  2.140  2.147  2.128  2.086  2.020  1.931  1.824  1.721  1.673  1.804  2.331  3.478  5.335  7.614  9.541 10.611 10.993 10.999 10.790 10.399  9.800  8.940  7.765  6.293  4.812  3.861  3.540  3.491  3.483  3.451  3.385  3.290  3.184  3.086  3.013  2.971  2.960  2.975  3.012  3.071  3.156  3.278  3.451  3.689  4.007  4.405  4.856  5.294  5.617  5.760  5.769  5.778  5.891  6.121  6.419  6.729  7.012  7.247  7.426  7.510  7.205  5.433  2.682  1.310  1.095  1.230  1.421
  50.000   50.000  1.316  1.497  1.662  1.800  1.903  1.970  2.004  2.009  1.987  1.939  1.867  1.779  1.699  1.692  1.902  2.554  3.860  5.860  8.153  9.946 10.881 11.197 11.179 10.951 10.523  9.851  8.880  7.581  6.037  4.606  3.776  3.536  3.518  3.526  3.507  3.456  3.377  3.281  3.185  3.104  3.048  3.020  3.016  3.035  3.077  3.148  3.257  3.419  3.653  3.974  4.387  4.868  5.349  5.728  5.934  6.012  6.088  6.244  6.478  6.744  6.999  7.219  7.396  7.525  7.566  7.206  5.366  2.622  1.209  0.899  0.975  1.135
  55.000   55.000  1.062  1.226  1.394  1.550  1.682  1.782  1.850  1.888  1.898  1.882  1.844  1.791  1.751  1.795  2.081  2.844  4.289  6.395  8.640 10.248 11.017 11.238 11.155 10.859 10.341  9.558  8.476  7.118  5.625  4.353  3.686  3.528  3.539  3.557  3.548  3.510  3.445  3.363  3.274  3.193  3.130  3.088  3.069  3.071  3.096  3.150  3.244  3.393  3.619  3.939  4.361  4.868  5.393  5.829  6.098  6.236  6.357  6.527  6.739  6.958  7.156  7.323  7.454  7.548  7.559  7.163  5.288  2.598  1.209  0.828  0.820  0.920
  60.000   60.000  0.903  1.016  1.158  1.312  1.462  1.595  1.705  1.792  1.860  1.909  1.941  1.957  1.979  2.075  2.409  3.238  4.777  6.935  9.075 10.479 11.088 11.208 11.046 10.660 10.031  9.127  7.952  6.581  5.191  4.104  3.599  3.518  3.553  3.580  3.577  3.548  3.495  3.426  3.349  3.274  3.209  3.160  3.129  3.117  3.125  3.162  3.239  3.372  3.585  3.898  4.326  4.854  5.420  5.910  6.228  6.402  6.536  6.691  6.865  7.036  7.188  7.314  7.415  7.487  7.484  7.076  5.226  2.672  1.383  0.966  0.847  0.841
  65.000   65.000  0.932  0.937  1.009  1.129  1.279  1.443  1.614  1.789  1.968  2.147  2.311  2.443  2.546  2.679  3.004  3.807  5.342  7.465  9.450 10.650 11.112 11.134 10.883 10.392  9.641  8.623  7.382  6.035  4.770  3.870  3.517  3.507  3.564  3.595  3.596  3.572  3.529  3.472  3.407  3.341  3.281  3.230  3.192  3.167  3.161  3.181  3.239  3.353  3.549  3.851  4.278  4.823  5.422  5.946  6.281  6.451  6.568  6.692  6.826  6.958  7.076  7.179  7.265  7.330  7.329  6.951  5.248  2.985  1.857  1.399  1.154  1.004
  70.000   70.000  1.266  1.112  1.048  1.079  1.200  1.399  1.667  1.998  2.376  2.768  3.126  3.404  3.589  3.733  3.985  4.636  6.001  7.960  9.746 10.760 11.093 11.019 10.669 10.062  9.188  8.070  6.796  5.503  4.378  3.658  3.443  3.495  3.571  3.606  3.606  3.584  3.547  3.500  3.446  3.391  3.339  3.291  3.251  3.218  3.200  3.203  3.241  3.335  3.510  3.795  4.215  4.766  5.379  5.898  6.195  6.320  6.399  6.490  6.595  6.703  6.806  6.900  6.984  7.055  7.082  6.815  5.504  3.761  2.778  2.217  1.814  1.501
  75.000   75.000  1.989  1.651  1.410  1.292  1.335  1.566  1.979  2.543  3.196  3.846  4.398  4.789  5.020  5.147  5.297  5.711  6.728  8.366  9.931 10.798 11.027 10.858 10.400  9.671  8.679  7.487  6.211  4.998  4.018  3.467  3.376  3.483  3.575  3.612  3.610  3.587  3.553  3.512  3.467  3.423  3.379  3.338  3.299  3.263  3.235  3.224  3.244  3.315  3.466  3.729  4.132  4.672  5.261  5.707  5.905  5.961  6.004  6.074  6.165  6.265  6.365  6.462  6.556  6.650  6.750  6.766  6.222  5.169  4.264  3.538  2.929  2.415
  80.000   80.000  3.204  2.646  2.197  1.889  1.804  2.040  2.619  3.451  4.374  5.203  5.819  6.203  6.405  6.495  6.566  6.774  7.391  8.601  9.948 10.740 10.904 10.645 10.072  9.219  8.125  6.888  5.642  4.528  3.695  3.300  3.316  3.471  3.578  3.615  3.609  3.583  3.548  3.509  3.470  3.434  3.399  3.365  3.330  3.294  3.261  3.239  3.241  3.290  3.414  3.647  4.021  4.522  5.023  5.317  5.384  5.381  5.407  5.472  5.562  5.663  5.768  5.875  5.986  6.128  6.403  6.995  7.455  7.045  6.247  5.402  4.594  3.856
  85.000   85.000  4.978  4.197  3.510  2.972  2.701  2.879  3.581  4.614  5.647  6.434  6.926  7.194  7.321  7.373  7.405  7.500  7.826  8.616  9.745 10.547 10.705 10.370  9.683  8.712  7.539  6.290  5.103  4.099  3.409  3.154  3.263  3.459  3.578  3.615  3.604  3.573  3.533  3.493  3.456  3.424  3.395  3.368  3.338  3.304  3.269  3.239  3.228  3.255  3.350  3.548  3.874  4.290  4.624  4.722  4.683  4.657  4.685  4.754  4.846  4.950  5.060  5.176  5.315  5.560  6.218  7.654  8.802  8.791  8.238  7.498  6.672  5.816
  90.000   90.000  7.087  6.230  5.377  4.614  4.101  4.109  4.783  5.802  6.689  7.254  7.557  7.704  7.770  7.796  7.812  7.857  8.020  8.480  9.344 10.180 10.409 10.028  9.232  8.159  6.938  5.709  4.601  3.714  3.159  3.030  3.218  3.448  3.576  3.612  3.595  3.556  3.510  3.464  3.425  3.392  3.366  3.343  3.317  3.287  3.252  3.218  3.196  3.204  3.269  3.423  3.676  3.948  4.062  3.998  3.916  3.896  3.933  4.005  4.097  4.199  4.309  4.435  4.626  5.099  6.438  8.581  9.783  9.909  9.633  9.183  8.597  7.890
  95.000   95.000  8.905  8.247  7.478  6.659  5.947  5.664  6.055  6.784  7.365  7.693  7.852  7.924  7.956  7.969  7.977  7.999  8.078  8.320  8.884  9.655  9.996  9.614  8.728  7.576  6.337  5.156  4.142  3.374  2.945  2.925  3.178  3.436  3.573  3.606  3.582  3.534  3.477  3.423  3.376  3.339  3.311  3.287  3.264  3.237  3.204  3.168  3.139  3.131  3.166  3.266  3.413  3.493  3.405  3.264  3.188  3.186  3.231  3.302  3.387  3.482  3.589  3.733  4.040  4.967  7.140  9.425 10.326 10.451 10.345 10.138  9.840  9.434
 100.000  100.000  9.996  9.639  9.159  8.543  7.842  7.279  7.192  7.473  7.748  7.904  7.980  8.013  8.028  8.034  8.038  8.049  8.086  8.205  8.519  9.086  9.481  9.136  8.183  6.979  5.752  4.642  3.729  3.077  2.764  2.837  3.143  3.425  3.567  3.596  3.565  3.505  3.436  3.368  3.309  3.262  3.227  3.200  3.176  3.150  3.119  3.084  3.050  3.029  3.036  3.072  3.084  2.965  2.758  2.614  2.564  2.577  2.623  2.688  2.763  2.848  2.954  3.147  3.705  5.333  8.099 10.012 10.586 10.675 10.642 10.560 10.435 10.253
 105.000  105.000 10.485 10.325 10.091  9.745  9.237  8.588  8.071  7.921  7.956  8.005  8.034  8.049  8.055  8.058  8.060  8.065  8.083  8.138  8.293  8.625  8.942  8.629  7.628  6.390  5.199  4.172  3.364  2.822  2.614  2.765  3.114  3.412  3.558  3.583  3.542  3.469  3.384  3.299  3.223  3.162  3.115  3.081  3.053  3.026  2.996  2.962  2.928  2.897  2.875  2.838  2.703  2.436  2.200  2.087  2.062  2.082  2.126  2.181  2.245  2.322  2.442  2.755  3.761  6.160  9.000 10.363 10.703 10.760 10.751 10.719 10.669 10.595
 110.000  110.000 10.652 10.574 10.459 10.274  9.953  9.391  8.676  8.216  8.075  8.055  8.059  8.063  8.066  8.067  8.068  8.070  8.078  8.103  8.174  8.335  8.501  8.167  7.107  5.836  4.688  3.750  3.045  2.605  2.489  2.706  3.088  3.399  3.546  3.565  3.512  3.424  3.320  3.214  3.118  3.038  2.977  2.932  2.897  2.868  2.839  2.807  2.772  2.735  2.686  2.573  2.306  1.970  1.760  1.683  1.675  1.698  1.735  1.781  1.834  1.911  2.081  2.635  4.260  7.216  9.664 10.544 10.744 10.781 10.779 10.765 10.740 10.704
 115.000  115.000 10.650 10.588 10.499 10.364 10.134  9.699  9.009  8.404  8.147  8.081  8.070  8.069  8.070  8.070  8.071  8.072  8.075  8.086  8.117  8.183  8.224  7.838  6.688  5.347  4.232  3.378  2.770  2.424  2.389  2.658  3.065  3.384  3.530  3.541  3.475  3.368  3.242  3.112  2.993  2.892  2.815  2.758  2.717  2.684  2.655  2.625  2.591  2.549  2.475  2.291  1.936  1.598  1.434  1.387  1.388  1.409  1.439  1.476  1.524  1.618  1.905  2.847  5.111  8.187 10.026 10.588 10.724 10.756 10.759 10.748 10.727 10.695
 120.000  120.000 10.512 10.419 10.297 10.133  9.902  9.543  9.001  8.448  8.164  8.085  8.071  8.070  8.071  8.071  8.071  8.072  8.074  8.078  8.091  8.113  8.091  7.690  6.450  4.968  3.842  3.058  2.537  2.275  2.308  2.620  3.045  3.368  3.509  3.510  3.428  3.300  3.149  2.993  2.850  2.729  2.637  2.569  2.521  2.485  2.455  2.427  2.395  2.350  2.254  2.014  1.621  1.322  1.204  1.176  1.181  1.199  1.223  1.255  1.310  1.461  1.967  3.381  6.027  8.681  9.987 10.437 10.596 10.657 10.672 10.662 10.631 10.581
 125.000  125.000 10.182 10.020  9.819  9.576  9.286  8.941  8.549  8.206  8.051  8.037  8.053  8.064  8.069  8.071  8.071  8.072  8.073  8.075  8.080  8.084  8.044  7.688  6.442  4.751  3.538  2.790  2.344  2.154  2.244  2.589  3.026  3.349  3.483  3.471  3.370  3.218  3.040  2.858  2.692  2.555  2.450  2.375  2.322  2.284  2.254  2.227  2.197  2.149  2.037  1.761  1.373  1.130  1.048  1.032  1.039  1.054  1.077  1.118  1.218  1.518  2.339  4.030  6.307  8.167  9.263  9.866 10.198 10.369 10.439 10.441 10.395 10.307
 130.000  130.000  9.562  9.314  9.026  8.708  8.374  8.042  7.752  7.595  7.664  7.848  7.978  8.038  8.060  8.068  8.071  8.072  8.072  8.073  8.075  8.074  8.036  7.759  6.638  4.748  3.341  2.579  2.185  2.056  2.192  2.562  3.006  3.326  3.449  3.421  3.299  3.121  2.916  2.711  2.527  2.377  2.266  2.186  2.131  2.093  2.063  2.038  2.009  1.960  1.837  1.547  1.196  1.008  0.952  0.944  0.952  0.974  1.022  1.138  1.412  1.990  2.952  4.157  5.375  6.529  7.595  8.506  9.190  9.632  9.863  9.935  9.889  9.758
 135.000  135.000  8.614  8.334  8.028  7.718  7.423  7.160  6.956  6.870  7.011  7.384  7.749  7.949  8.029  8.058  8.067  8.070  8.072  8.072  8.073  8.070  8.040  7.841  6.931  4.963  3.269  2.415  2.042  1.954  2.118  2.496  2.939  3.261  3.385  3.349  3.208  3.007  2.778  2.554  2.359  2.205  2.092  2.013  1.959  1.921  1.893  1.869  1.842  1.795  1.676  1.423  1.159  1.023  0.972  0.959  0.979  1.055  1.238  1.593  2.131  2.734  3.256  3.704  4.186  4.798  5.574  6.471  7.375  8.140  8.661  8.919  8.956  8.836
 140.000  140.000  7.495  7.301  7.085  6.874  6.685  6.525  6.404  6.348  6.421  6.728  7.243  7.694  7.930  8.023  8.056  8.067  8.070  8.071  8.071  8.067  8.039  7.869  7.069  5.058  3.097  2.123  1.733  1.620  1.705  1.966  2.344  2.726  2.995  3.089  3.023  2.846  2.619  2.392  2.196  2.045  1.936  1.862  1.811  1.776  1.752  1.734  1.724  1.722  1.716  1.666  1.576  1.480  1.398  1.354  1.391  1.568  1.912  2.346  2.733  3.002  3.183  3.337  3.518  3.778  4.163  4.707  5.401  6.168  6.867  7.361  7.599  7.617
 145.000  145.000  6.462  6.442  6.374  6.292  6.212  6.143  6.089  6.061  6.083  6.224  6.589  7.157  7.651  7.914  8.018  8.054  8.066  8.069  8.065  8.041  7.927  7.419  5.808  3.550  2.179  1.590  1.302  1.137  1.058  1.059  1.145  1.317  1.572  1.882  2.172  2.333  2.319  2.190  2.037  1.907  1.814  1.752  1.714  1.697  1.705  1.758  1.874  1.992  2.031  2.011  1.966  1.911  1.855  1.819  1.848  1.997  2.259  2.546  2.778  2.939  3.050  3.136  3.221  3.328  3.487  3.730  4.093  4.586  5.165  5.724  6.147  6.384
 150.000  150.000  5.622  5.780  5.862  5.898  5.909  5.908  5.904  5.901  5.911  5.962  6.119  6.492  7.075  7.603  7.891  8.008  8.045  8.044  7.983  7.718  6.810  4.967  3.270  2.390  1.933  1.614  1.365  1.177  1.048  0.969  0.935  0.939  0.979  1.058  1.183  1.360  1.577  1.774  1.879  1.905  1.914  1.944  2.010  2.120  2.252  2.326  2.299  2.232  2.168  2.114  2.066  2.019  1.973  1.941  1.953  2.053  2.246  2.473  2.672  2.820  2.925  3.002  3.063  3.123  3.196  3.302  3.468  3.723  4.082  4.523  4.975  5.356
 155.000  155.000  4.910  5.194  5.402  5.545  5.640  5.701  5.740  5.764  5.780  5.800  5.850  5.994  6.345  6.929  7.496  7.820  7.917  7.778  7.130  5.636  3.998  3.085  2.665  2.368  2.075  1.787  1.531  1.326  1.175  1.077  1.022  1.004  1.017  1.057  1.124  1.223  1.372  1.603  1.941  2.328  2.658  2.909  3.088  3.144  3.009  2.751  2.518  2.359  2.256  2.183  2.126  2.076  2.031  1.998  1.999  2.067  2.212  2.399  2.574  2.713  2.815  2.890  2.946  2.994  3.042  3.102  3.189  3.324  3.529  3.817  4.175  4.558
 160.000  160.000  4.277  4.592  4.871  5.100  5.276  5.403  5.490  5.544  5.571  5.577  5.571  5.576  5.650  5.913  6.437  6.972  6.963  5.918  4.358  3.398  3.031  2.866  2.712  2.510  2.258  1.984  1.723  1.503  1.335  1.218  1.150  1.122  1.130  1.169  1.238  1.341  1.496  1.739  2.099  2.526  2.902  3.181  3.366  3.416  3.269  2.981  2.701  2.497  2.360  2.267  2.197  2.142  2.095  2.062  2.057  2.104  2.214  2.362  2.510  2.632  2.726  2.795  2.848  2.891  2.931  2.976  3.035  3.120  3.245  3.423  3.663  3.957
 165.000  165.000  3.760  4.013  4.273  4.520  4.737  4.911  5.036  5.111  5.135  5.110  5.036  4.915  4.760  4.618  4.582  4.632  4.227  3.490  3.130  3.017  2.967  2.909  2.811  2.655  2.442  2.190  1.934  1.705  1.520  1.386  1.302  1.264  1.266  1.305  1.379  1.492  1.656  1.899  2.230  2.595  2.919  3.178  3.374  3.474  3.409  3.177  2.895  2.659  2.490  2.371  2.286  2.222  2.173  2.140  2.132  2.165  2.246  2.361  2.479  2.581  2.661  2.721  2.768  2.806  2.841  2.880  2.927  2.991  3.076  3.191  3.342  3.533
 170.000  170.000  3.393  3.552  3.727  3.910  4.085  4.234  4.340  4.387  4.365  4.268  4.095  3.849  3.541  3.199  2.887  2.748  2.878  2.976  2.995  2.998  2.990  2.963  2.901  2.789  2.619  2.400  2.159  1.927  1.730  1.580  1.480  1.429  1.424  1.461  1.539  1.658  1.827  2.055  2.338  2.635  2.908  3.148  3.351  3.487  3.496  3.341  3.087  2.839  2.643  2.498  2.393  2.318  2.265  2.232  2.222  2.244  2.301  2.385  2.474  2.554  2.619  2.669  2.707  2.738  2.768  2.801  2.842  2.894  2.960  3.040  3.138  3.255
 175.000  175.000  3.153  3.238  3.328  3.417  3.499  3.558  3.576  3.537  3.428  3.250  3.012  2.733  2.443  2.181  2.024  2.172  2.650  2.914  2.982  3.003  3.012  3.007  2.977  2.906  2.782  2.602  2.387  2.163  1.960  1.796  1.680  1.615  1.602  1.636  1.715  1.836  1.999  2.200  2.425  2.657  2.887  3.109  3.315  3.477  3.541  3.460  3.258  3.020  2.809  2.642  2.517  2.429  2.370  2.335  2.323  2.335  2.372  2.426  2.487  2.545  2.594  2.633  2.663  2.688  2.712  2.740  2.774  2.818  2.870  2.931  2.999  3.073
