

VARS   PHI PSI -180 -175 -170 -165 -160 -155 -150 -145 -140 -135 -130 -125 -120 -115 -110 -105 -100 -95 -90 -85 -80 -75 -70 -65 -60 -55 -50 -45 -40 -35 -30 -25 -20 -15 -10 -5 0 5 10 15 20 25 30 35 40 45 50 55 60 65 70 75 80 85 90 95 100 105 110 115 120 125 130 135 140 145 150 155 160 165 170 175 
FORMAT %8.3f %8.3f %6.3f %6.3f %6.3f %6.3f %6.3f %6.3f %6.3f %6.3f %6.3f %6.3f %6.3f %6.3f %6.3f %6.3f %6.3f %6.3f %6.3f %6.3f %6.3f %6.3f %6.3f %6.3f %6.3f %6.3f %6.3f %6.3f %6.3f %6.3f %6.3f %6.3f %6.3f %6.3f %6.3f %6.3f %6.3f %6.3f %6.3f %6.3f %6.3f %6.3f %6.3f %6.3f %6.3f %6.3f %6.3f %6.3f %6.3f %6.3f %6.3f %6.3f %6.3f %6.3f %6.3f %6.3f %6.3f %6.3f %6.3f %6.3f %6.3f %6.3f %6.3f %6.3f %6.3f %6.3f %6.3f %6.3f %6.3f %6.3f %6.3f %6.3f %6.3f %6.3f

-180.000 -180.000  7.035  7.117  7.177  7.219  7.248  7.267  7.279  7.285  7.288  7.288  7.286  7.282  7.277  7.272  7.265  7.258  7.235  6.727  3.293  2.130  2.056  2.032  2.010  1.988  1.961  1.924  1.873  1.801  1.702  1.574  1.420  1.250  1.075  0.909  0.763  0.640  0.542  0.467  0.412  0.372  0.344  0.325  0.311  0.300  0.292  0.285  0.279  0.274  0.269  0.265  0.270  0.351  0.803  2.067  3.209  3.447  3.473  3.479  3.495  3.542  3.650  3.842  4.122  4.476  4.874  5.284  5.677  6.030  6.331  6.578  6.773  6.922
-175.000 -175.000  6.973  7.061  7.125  7.170  7.201  7.221  7.234  7.241  7.244  7.244  7.241  7.237  7.232  7.226  7.219  7.211  7.186  6.645  3.254  2.171  2.090  2.057  2.030  2.004  1.976  1.940  1.892  1.826  1.735  1.615  1.468  1.300  1.124  0.954  0.801  0.671  0.565  0.484  0.423  0.379  0.348  0.327  0.311  0.300  0.291  0.284  0.278  0.272  0.268  0.264  0.274  0.387  0.951  2.323  3.289  3.458  3.478  3.485  3.497  3.532  3.616  3.777  4.027  4.357  4.743  5.151  5.550  5.913  6.228  6.487  6.693  6.853
-170.000 -170.000  6.906  7.000  7.068  7.117  7.150  7.171  7.185  7.192  7.195  7.195  7.192  7.188  7.182  7.176  7.168  7.160  7.131  6.548  3.226  2.235  2.141  2.095  2.058  2.026  1.994  1.958  1.912  1.850  1.766  1.654  1.513  1.350  1.174  1.000  0.841  0.703  0.590  0.502  0.435  0.387  0.353  0.329  0.312  0.299  0.290  0.283  0.276  0.271  0.266  0.264  0.280  0.436  1.127  2.564  3.347  3.467  3.483  3.491  3.502  3.529  3.593  3.724  3.942  4.245  4.615  5.018  5.420  5.793  6.119  6.391  6.609  6.778
-165.000 -165.000  6.835  6.935  7.008  7.059  7.095  7.118  7.132  7.140  7.143  7.143  7.140  7.135  7.129  7.122  7.113  7.104  7.072  6.428  3.213  2.328  2.217  2.152  2.100  2.057  2.019  1.980  1.934  1.875  1.796  1.691  1.558  1.399  1.224  1.048  0.882  0.737  0.617  0.521  0.449  0.396  0.358  0.331  0.313  0.299  0.289  0.281  0.275  0.269  0.265  0.264  0.289  0.500  1.331  2.777  3.389  3.474  3.488  3.498  3.510  3.531  3.580  3.684  3.868  4.142  4.491  4.884  5.288  5.669  6.006  6.291  6.520  6.699
-160.000 -160.000  6.759  6.866  6.943  6.998  7.035  7.060  7.075  7.084  7.087  7.086  7.083  7.078  7.071  7.063  7.055  7.044  7.005  6.273  3.217  2.454  2.325  2.235  2.163  2.104  2.055  2.009  1.960  1.901  1.826  1.727  1.600  1.447  1.275  1.096  0.925  0.773  0.645  0.542  0.463  0.405  0.363  0.334  0.314  0.299  0.288  0.280  0.274  0.268  0.264  0.264  0.304  0.582  1.561  2.957  3.419  3.480  3.493  3.504  3.518  3.538  3.576  3.656  3.808  4.049  4.373  4.753  5.154  5.541  5.889  6.186  6.426  6.615
-155.000 -155.000  6.679  6.792  6.874  6.932  6.972  6.998  7.014  7.023  7.026  7.026  7.022  7.016  7.009  7.001  6.991  6.980  6.929  6.066  3.235  2.615  2.470  2.353  2.255  2.174  2.107  2.049  1.993  1.932  1.858  1.763  1.643  1.495  1.325  1.145  0.970  0.811  0.675  0.564  0.479  0.415  0.370  0.337  0.315  0.299  0.288  0.279  0.272  0.267  0.263  0.266  0.324  0.685  1.812  3.100  3.440  3.484  3.497  3.511  3.527  3.548  3.579  3.640  3.761  3.968  4.262  4.625  5.020  5.411  5.768  6.076  6.328  6.527
-150.000 -150.000  6.594  6.713  6.800  6.862  6.904  6.932  6.949  6.958  6.961  6.961  6.957  6.950  6.943  6.934  6.923  6.910  6.840  5.784  3.257  2.796  2.651  2.512  2.384  2.274  2.184  2.107  2.039  1.970  1.894  1.802  1.685  1.542  1.376  1.196  1.016  0.850  0.706  0.588  0.496  0.427  0.376  0.341  0.316  0.299  0.287  0.278  0.271  0.266  0.262  0.269  0.355  0.813  2.074  3.211  3.455  3.488  3.501  3.517  3.537  3.559  3.587  3.634  3.729  3.900  4.162  4.502  4.888  5.279  5.644  5.962  6.225  6.434
-145.000 -145.000  6.505  6.630  6.722  6.787  6.832  6.861  6.879  6.888  6.892  6.891  6.887  6.880  6.872  6.862  6.851  6.835  6.732  5.410  3.270  2.974  2.853  2.708  2.556  2.415  2.294  2.192  2.104  2.022  1.939  1.844  1.730  1.591  1.427  1.247  1.064  0.892  0.740  0.614  0.514  0.439  0.384  0.345  0.318  0.300  0.287  0.277  0.270  0.265  0.263  0.277  0.398  0.969  2.335  3.293  3.466  3.491  3.505  3.523  3.546  3.571  3.599  3.637  3.709  3.847  4.074  4.387  4.757  5.146  5.516  5.844  6.118  6.336
-140.000 -140.000  6.411  6.543  6.640  6.708  6.755  6.785  6.804  6.814  6.818  6.817  6.812  6.805  6.796  6.786  6.774  6.754  6.593  4.950  3.261  3.121  3.052  2.926  2.766  2.600  2.446  2.312  2.197  2.095  1.998  1.896  1.780  1.642  1.480  1.300  1.114  0.935  0.776  0.641  0.534  0.452  0.392  0.350  0.320  0.300  0.286  0.276  0.270  0.265  0.266  0.291  0.460  1.158  2.582  3.353  3.474  3.494  3.508  3.528  3.554  3.583  3.613  3.646  3.701  3.809  4.000  4.281  4.631  5.014  5.387  5.723  6.007  6.235
-135.000 -135.000  6.313  6.452  6.553  6.624  6.673  6.706  6.725  6.736  6.739  6.738  6.733  6.725  6.716  6.705  6.692  6.666  6.405  4.440  3.224  3.214  3.216  3.139  2.999  2.825  2.645  2.477  2.328  2.197  2.079  1.963  1.839  1.699  1.537  1.356  1.166  0.981  0.814  0.671  0.555  0.467  0.401  0.355  0.323  0.301  0.286  0.276  0.270  0.268  0.275  0.318  0.549  1.384  2.804  3.396  3.479  3.496  3.511  3.533  3.561  3.594  3.627  3.659  3.703  3.786  3.941  4.186  4.512  4.883  5.256  5.599  5.892  6.129
-130.000 -130.000  6.212  6.356  6.462  6.537  6.588  6.622  6.642  6.653  6.656  6.655  6.649  6.641  6.631  6.619  6.605  6.568  6.142  3.940  3.160  3.249  3.324  3.317  3.225  3.071  2.883  2.688  2.505  2.340  2.192  2.053  1.915  1.766  1.600  1.416  1.222  1.030  0.854  0.702  0.578  0.483  0.411  0.361  0.326  0.302  0.287  0.277  0.272  0.275  0.295  0.371  0.678  1.650  2.994  3.428  3.483  3.497  3.512  3.536  3.567  3.603  3.640  3.674  3.711  3.775  3.898  4.106  4.402  4.756  5.126  5.473  5.774  6.020
-125.000 -125.000  6.107  6.257  6.367  6.445  6.498  6.533  6.554  6.565  6.569  6.567  6.561  6.553  6.542  6.529  6.514  6.457  5.773  3.504  3.076  3.231  3.369  3.435  3.414  3.309  3.141  2.939  2.729  2.529  2.346  2.177  2.016  1.851  1.675  1.485  1.284  1.084  0.898  0.737  0.604  0.500  0.422  0.367  0.329  0.304  0.288  0.280  0.280  0.295  0.341  0.468  0.868  1.960  3.152  3.451  3.486  3.497  3.513  3.537  3.570  3.610  3.651  3.688  3.723  3.773  3.869  4.042  4.304  4.636  4.998  5.347  5.654  5.908
-120.000 -120.000  5.999  6.155  6.269  6.350  6.405  6.441  6.463  6.474  6.477  6.475  6.469  6.460  6.448  6.435  6.417  6.326  5.278  3.153  2.979  3.175  3.359  3.489  3.542  3.507  3.389  3.208  2.992  2.767  2.548  2.344  2.151  1.963  1.770  1.567  1.355  1.145  0.948  0.775  0.631  0.519  0.435  0.375  0.333  0.307  0.291  0.288  0.300  0.340  0.433  0.637  1.149  2.315  3.283  3.469  3.487  3.496  3.511  3.536  3.571  3.613  3.658  3.699  3.735  3.778  3.853  3.993  4.220  4.525  4.874  5.221  5.533  5.794
-115.000 -115.000  5.891  6.051  6.169  6.252  6.308  6.345  6.367  6.378  6.382  6.379  6.373  6.363  6.351  6.337  6.315  6.161  4.674  2.882  2.873  3.093  3.306  3.484  3.603  3.642  3.594  3.463  3.270  3.040  2.798  2.559  2.331  2.110  1.892  1.669  1.441  1.216  1.005  0.818  0.663  0.541  0.449  0.383  0.339  0.312  0.300  0.307  0.345  0.432  0.601  0.915  1.562  2.713  3.396  3.485  3.488  3.494  3.508  3.532  3.567  3.612  3.659  3.704  3.744  3.784  3.845  3.958  4.150  4.426  4.756  5.098  5.413  5.679
-110.000 -110.000  5.782  5.946  6.066  6.151  6.209  6.246  6.269  6.280  6.283  6.280  6.273  6.263  6.250  6.235  6.206  5.945  4.022  2.671  2.763  2.993  3.224  3.435  3.603  3.709  3.735  3.673  3.530  3.324  3.080  2.820  2.559  2.303  2.052  1.801  1.550  1.304  1.073  0.869  0.699  0.565  0.465  0.394  0.347  0.322  0.320  0.353  0.438  0.602  0.883  1.350  2.142  3.143  3.502  3.501  3.488  3.489  3.502  3.525  3.560  3.605  3.655  3.703  3.746  3.787  3.841  3.934  4.096  4.340  4.648  4.981  5.295  5.566
-105.000 -105.000  5.675  5.842  5.964  6.050  6.108  6.146  6.167  6.178  6.181  6.177  6.170  6.159  6.146  6.130  6.089  5.648  3.407  2.503  2.650  2.883  3.123  3.354  3.558  3.715  3.807  3.818  3.743  3.588  3.370  3.111  2.831  2.544  2.258  1.973  1.690  1.415  1.159  0.932  0.744  0.595  0.485  0.407  0.359  0.343  0.365  0.446  0.609  0.889  1.330  1.991  2.888  3.587  3.614  3.521  3.487  3.483  3.493  3.514  3.547  3.592  3.643  3.694  3.740  3.783  3.834  3.915  4.053  4.268  4.552  4.871  5.183  5.455
-100.000 -100.000  5.572  5.741  5.864  5.950  6.007  6.044  6.065  6.075  6.076  6.072  6.064  6.053  6.039  6.021  5.959  5.239  2.891  2.361  2.535  2.767  3.010  3.252  3.479  3.673  3.818  3.894  3.891  3.802  3.635  3.404  3.128  2.827  2.512  2.192  1.872  1.561  1.270  1.014  0.800  0.633  0.510  0.426  0.383  0.387  0.458  0.619  0.900  1.343  1.989  2.839  3.708  4.017  3.742  3.548  3.486  3.474  3.479  3.498  3.529  3.571  3.622  3.674  3.723  3.769  3.821  3.895  4.017  4.207  4.468  4.772  5.078  5.350
 -95.000  -95.000  5.477  5.646  5.768  5.853  5.908  5.943  5.962  5.970  5.971  5.965  5.956  5.944  5.930  5.909  5.807  4.701  2.495  2.235  2.421  2.648  2.890  3.137  3.377  3.596  3.779  3.909  3.970  3.951  3.849  3.669  3.425  3.131  2.805  2.459  2.103  1.750  1.417  1.121  0.875  0.683  0.544  0.457  0.429  0.479  0.631  0.912  1.359  2.011  2.861  3.777  4.435  4.403  3.896  3.586  3.486  3.462  3.462  3.476  3.503  3.542  3.591  3.643  3.693  3.742  3.796  3.868  3.980  4.154  4.394  4.683  4.982  5.254
 -90.000  -90.000  5.393  5.562  5.681  5.762  5.813  5.844  5.860  5.866  5.864  5.858  5.847  5.834  5.819  5.794  5.622  4.060  2.203  2.118  2.307  2.528  2.765  3.012  3.259  3.495  3.705  3.874  3.987  4.031  3.997  3.882  3.690  3.430  3.116  2.762  2.381  1.990  1.610  1.265  0.976  0.751  0.593  0.509  0.519  0.649  0.925  1.376  2.036  2.893  3.820  4.581  4.948  4.723  4.076  3.640  3.488  3.447  3.439  3.447  3.469  3.504  3.549  3.599  3.649  3.700  3.755  3.828  3.937  4.100  4.327  4.604  4.897  5.169
 -85.000  -85.000  5.321  5.490  5.607  5.682  5.727  5.752  5.763  5.765  5.760  5.751  5.738  5.724  5.707  5.674  5.380  3.389  1.989  2.009  2.194  2.407  2.638  2.882  3.132  3.377  3.605  3.803  3.956  4.052  4.079  4.029  3.900  3.694  3.417  3.080  2.695  2.278  1.854  1.456  1.114  0.847  0.669  0.603  0.685  0.942  1.391  2.058  2.924  3.855  4.629  5.105  5.252  4.972  4.277  3.715  3.495  3.429  3.411  3.412  3.427  3.456  3.495  3.542  3.590  3.641  3.698  3.772  3.880  4.039  4.258  4.529  4.821  5.095
 -80.000  -80.000  5.263  5.436  5.550  5.618  5.654  5.670  5.673  5.669  5.659  5.646  5.631  5.614  5.595  5.548  5.052  2.775  1.828  1.904  2.082  2.286  2.510  2.750  2.998  3.247  3.487  3.704  3.888  4.024  4.101  4.111  4.046  3.903  3.682  3.386  3.022  2.602  2.150  1.701  1.299  0.983  0.789  0.769  0.972  1.407  2.077  2.952  3.886  4.658  5.145  5.382  5.415  5.157  4.487  3.815  3.508  3.410  3.378  3.370  3.377  3.398  3.430  3.471  3.516  3.565  3.622  3.698  3.806  3.964  4.181  4.450  4.746  5.028
 -75.000  -75.000  5.213  5.397  5.513  5.575  5.601  5.605  5.596  5.582  5.565  5.546  5.527  5.507  5.485  5.410  4.607  2.275  1.698  1.803  1.973  2.168  2.383  2.616  2.861  3.111  3.356  3.587  3.792  3.958  4.076  4.135  4.128  4.048  3.890  3.652  3.334  2.940  2.484  2.000  1.542  1.175  0.978  1.050  1.431  2.092  2.973  3.913  4.681  5.163  5.410  5.512  5.501  5.289  4.691  3.941  3.531  3.389  3.341  3.322  3.319  3.330  3.354  3.388  3.428  3.473  3.529  3.604  3.713  3.872  4.089  4.361  4.664  4.961
 -70.000  -70.000  5.162  5.369  5.497  5.558  5.573  5.562  5.538  5.510  5.482  5.454  5.429  5.404  5.376  5.253  4.040  1.900  1.589  1.705  1.867  2.051  2.257  2.482  2.721  2.969  3.218  3.457  3.676  3.865  4.014  4.113  4.154  4.129  4.034  3.860  3.604  3.260  2.832  2.342  1.845  1.438  1.269  1.492  2.105  2.985  3.932  4.700  5.176  5.421  5.531  5.570  5.547  5.383  4.876  4.091  3.568  3.370  3.299  3.268  3.254  3.254  3.268  3.293  3.326  3.367  3.419  3.493  3.601  3.760  3.978  4.253  4.568  4.884
 -65.000  -65.000  5.097  5.339  5.494  5.566  5.576  5.549  5.507  5.460  5.415  5.375  5.340  5.308  5.270  5.060  3.394  1.632  1.492  1.611  1.763  1.937  2.134  2.350  2.582  2.826  3.074  3.317  3.547  3.752  3.924  4.053  4.133  4.156  4.116  4.005  3.815  3.537  3.164  2.703  2.199  1.782  1.695  2.135  2.981  3.938  4.712  5.187  5.427  5.536  5.582  5.595  5.572  5.449  5.035  4.257  3.622  3.354  3.256  3.210  3.183  3.172  3.174  3.188  3.213  3.247  3.295  3.366  3.473  3.630  3.848  4.126  4.450  4.788
 -60.000  -60.000  5.008  5.293  5.490  5.589  5.608  5.572  5.510  5.440  5.374  5.316  5.266  5.223  5.168  4.807  2.751  1.441  1.404  1.519  1.662  1.827  2.013  2.220  2.444  2.682  2.928  3.172  3.408  3.624  3.813  3.966  4.076  4.138  4.144  4.088  3.961  3.754  3.453  3.052  2.584  2.209  2.278  2.963  3.916  4.711  5.192  5.432  5.539  5.585  5.604  5.607  5.588  5.495  5.165  4.431  3.697  3.344  3.212  3.148  3.109  3.084  3.073  3.076  3.091  3.118  3.160  3.226  3.330  3.484  3.700  3.979  4.310  4.666
 -55.000  -55.000  4.888  5.217  5.467  5.613  5.659  5.628  5.552  5.458  5.366  5.283  5.213  5.153  5.069  4.464  2.190  1.303  1.321  1.431  1.565  1.720  1.896  2.093  2.309  2.540  2.781  3.024  3.262  3.486  3.687  3.858  3.992  4.083  4.127  4.117  4.046  3.905  3.680  3.358  2.967  2.700  2.990  3.847  4.681  5.188  5.434  5.541  5.587  5.606  5.613  5.612  5.597  5.528  5.268  4.604  3.793  3.344  3.169  3.086  3.032  2.993  2.969  2.960  2.964  2.981  3.017  3.078  3.177  3.327  3.539  3.815  4.149  4.518
 -50.000  -50.000  4.737  5.105  5.410  5.617  5.713  5.708  5.632  5.520  5.399  5.287  5.190  5.106  4.973  4.009  1.749  1.196  1.243  1.347  1.472  1.617  1.784  1.971  2.177  2.400  2.635  2.876  3.114  3.342  3.552  3.736  3.887  4.002  4.075  4.102  4.077  3.993  3.838  3.601  3.315  3.215  3.733  4.585  5.160  5.429  5.542  5.588  5.606  5.614  5.617  5.615  5.603  5.552  5.349  4.766  3.910  3.356  3.129  3.024  2.955  2.903  2.865  2.842  2.834  2.842  2.870  2.924  3.017  3.161  3.367  3.638  3.970  4.345
 -45.000  -45.000  4.558  4.957  5.311  5.583  5.745  5.791  5.739  5.623  5.480  5.335  5.205  5.089  4.872  3.455  1.427  1.109  1.169  1.266  1.383  1.519  1.676  1.853  2.050  2.265  2.493  2.728  2.965  3.194  3.409  3.603  3.768  3.900  3.996  4.051  4.063  4.026  3.931  3.774  3.603  3.698  4.375  5.070  5.408  5.538  5.587  5.607  5.614  5.618  5.618  5.617  5.608  5.569  5.411  4.913  4.045  3.383  3.094  2.963  2.879  2.813  2.761  2.725  2.705  2.703  2.722  2.769  2.855  2.991  3.189  3.452  3.778  4.154
 -40.000  -40.000  4.357  4.776  5.170  5.502  5.737  5.853  5.851  5.757  5.606  5.435  5.269  5.110  4.755  2.861  1.202  1.035  1.099  1.190  1.298  1.426  1.573  1.741  1.928  2.134  2.354  2.584  2.817  3.046  3.264  3.463  3.638  3.783  3.897  3.975  4.015  4.014  3.968  3.879  3.821  4.105  4.835  5.337  5.523  5.585  5.606  5.615  5.618  5.619  5.619  5.618  5.611  5.581  5.459  5.041  4.192  3.428  3.066  2.906  2.806  2.727  2.661  2.612  2.580  2.567  2.577  2.616  2.693  2.821  3.008  3.260  3.577  3.948
 -35.000  -35.000  4.140  4.569  4.992  5.373  5.677  5.871  5.942  5.897  5.764  5.582  5.385  5.176  4.599  2.305  1.045  0.968  1.032  1.117  1.218  1.337  1.476  1.634  1.812  2.009  2.221  2.444  2.672  2.900  3.118  3.321  3.502  3.657  3.783  3.878  3.941  3.968  3.960  3.928  3.975  4.421  5.125  5.471  5.575  5.605  5.614  5.618  5.619  5.620  5.619  5.618  5.613  5.590  5.496  5.151  4.347  3.492  3.047  2.853  2.737  2.644  2.566  2.504  2.460  2.437  2.437  2.467  2.536  2.653  2.828  3.067  3.371  3.733
 -30.000  -30.000  3.912  4.344  4.784  5.202  5.564  5.834  5.988  6.016  5.931  5.764  5.552  5.288  4.377  1.842  0.933  0.908  0.969  1.048  1.142  1.254  1.384  1.533  1.702  1.890  2.093  2.309  2.532  2.756  2.974  3.178  3.364  3.526  3.661  3.769  3.847  3.896  3.917  3.933  4.077  4.653  5.295  5.537  5.598  5.613  5.618  5.619  5.620  5.620  5.620  5.619  5.615  5.597  5.524  5.242  4.503  3.577  3.039  2.805  2.671  2.567  2.477  2.403  2.348  2.314  2.305  2.326  2.384  2.490  2.652  2.876  3.165  3.514
 -25.000  -25.000  3.679  4.105  4.553  4.995  5.402  5.739  5.976  6.090  6.077  5.955  5.753  5.434  4.071  1.486  0.849  0.852  0.910  0.983  1.071  1.175  1.298  1.439  1.599  1.778  1.973  2.181  2.398  2.618  2.833  3.038  3.225  3.392  3.534  3.651  3.741  3.806  3.850  3.906  4.142  4.820  5.394  5.570  5.608  5.617  5.619  5.620  5.620  5.620  5.620  5.619  5.616  5.603  5.545  5.317  4.655  3.683  3.044  2.762  2.610  2.494  2.395  2.310  2.245  2.201  2.182  2.193  2.241  2.334  2.482  2.690  2.961  3.293
 -20.000  -20.000  3.444  3.860  4.306  4.762  5.201  5.591  5.900  6.101  6.177  6.127  5.965  5.589  3.688  1.223  0.782  0.799  0.854  0.923  1.005  1.102  1.217  1.350  1.502  1.672  1.859  2.060  2.271  2.486  2.698  2.901  3.089  3.259  3.405  3.528  3.628  3.704  3.766  3.857  4.186  4.943  5.454  5.587  5.613  5.618  5.619  5.620  5.620  5.620  5.620  5.619  5.617  5.607  5.562  5.378  4.797  3.806  3.064  2.726  2.554  2.427  2.319  2.225  2.151  2.097  2.069  2.070  2.107  2.188  2.320  2.510  2.762  3.075
 -15.000  -15.000  3.212  3.612  4.050  4.510  4.969  5.398  5.768  6.047  6.213  6.251  6.155  5.719  3.266  1.033  0.726  0.751  0.802  0.866  0.943  1.034  1.142  1.268  1.412  1.574  1.753  1.947  2.151  2.360  2.569  2.770  2.958  3.128  3.278  3.405  3.510  3.595  3.671  3.797  4.219  5.035  5.491  5.596  5.616  5.619  5.620  5.620  5.620  5.620  5.620  5.619  5.618  5.610  5.574  5.428  4.926  3.945  3.100  2.697  2.502  2.366  2.249  2.148  2.066  2.004  1.967  1.959  1.984  2.052  2.168  2.339  2.571  2.862
 -10.000  -10.000  2.984  3.365  3.790  4.246  4.714  5.170  5.585  5.931  6.180  6.310  6.296  5.782  2.849  0.892  0.678  0.705  0.754  0.813  0.885  0.971  1.073  1.192  1.329  1.483  1.655  1.841  2.039  2.242  2.447  2.645  2.832  3.002  3.154  3.284  3.393  3.484  3.571  3.732  4.251  5.108  5.516  5.602  5.617  5.619  5.620  5.620  5.620  5.620  5.620  5.620  5.618  5.612  5.584  5.467  5.042  4.095  3.155  2.677  2.455  2.309  2.186  2.079  1.989  1.921  1.876  1.858  1.873  1.926  2.026  2.179  2.389  2.657
  -5.000   -5.000  2.765  3.123  3.530  3.975  4.444  4.915  5.364  5.762  6.082  6.299  6.370  5.751  2.466  0.787  0.634  0.663  0.708  0.764  0.832  0.913  1.009  1.121  1.252  1.399  1.564  1.743  1.934  2.133  2.332  2.528  2.713  2.882  3.034  3.166  3.278  3.374  3.471  3.669  4.286  5.168  5.533  5.606  5.618  5.620  5.620  5.620  5.620  5.620  5.620  5.620  5.619  5.614  5.592  5.499  5.142  4.251  3.229  2.667  2.413  2.256  2.129  2.017  1.922  1.847  1.794  1.768  1.772  1.813  1.896  2.030  2.217  2.462
   0.000    0.000  2.556  2.889  3.273  3.703  4.164  4.641  5.111  5.549  5.927  6.219  6.369  5.613  2.129  0.704  0.595  0.624  0.666  0.719  0.782  0.859  0.950  1.057  1.181  1.322  1.480  1.653  1.838  2.031  2.226  2.418  2.601  2.769  2.921  3.053  3.167  3.266  3.373  3.611  4.327  5.220  5.547  5.608  5.618  5.620  5.620  5.620  5.620  5.620  5.620  5.620  5.619  5.615  5.598  5.524  5.228  4.408  3.323  2.667  2.376  2.209  2.076  1.961  1.862  1.782  1.723  1.688  1.682  1.710  1.778  1.892  2.058  2.279
   5.000    5.000  2.358  2.665  3.025  3.433  3.881  4.355  4.836  5.301  5.725  6.079  6.295  5.378  1.838  0.637  0.559  0.588  0.628  0.677  0.737  0.809  0.896  0.998  1.116  1.251  1.403  1.570  1.749  1.937  2.128  2.316  2.496  2.664  2.814  2.947  3.061  3.163  3.280  3.563  4.375  5.264  5.557  5.610  5.618  5.620  5.620  5.620  5.620  5.620  5.620  5.620  5.619  5.616  5.603  5.544  5.301  4.562  3.436  2.680  2.344  2.165  2.029  1.911  1.809  1.725  1.660  1.618  1.603  1.618  1.671  1.767  1.911  2.107
  10.000   10.000  2.174  2.453  2.786  3.170  3.599  4.063  4.545  5.027  5.484  5.888  6.157  5.064  1.590  0.582  0.527  0.554  0.592  0.638  0.695  0.764  0.846  0.944  1.057  1.187  1.333  1.494  1.668  1.851  2.038  2.222  2.400  2.565  2.715  2.847  2.962  3.066  3.194  3.526  4.431  5.303  5.566  5.611  5.619  5.620  5.620  5.620  5.620  5.620  5.620  5.620  5.619  5.617  5.606  5.559  5.361  4.707  3.567  2.706  2.318  2.124  1.985  1.866  1.762  1.675  1.606  1.557  1.533  1.537  1.575  1.653  1.777  1.949
  15.000   15.000  2.004  2.255  2.560  2.917  3.323  3.770  4.246  4.734  5.213  5.656  5.964  4.696  1.378  0.535  0.497  0.523  0.559  0.603  0.657  0.723  0.801  0.895  1.003  1.128  1.269  1.425  1.594  1.772  1.955  2.136  2.311  2.475  2.623  2.755  2.869  2.975  3.115  3.501  4.492  5.338  5.573  5.613  5.619  5.620  5.620  5.620  5.620  5.620  5.620  5.620  5.619  5.618  5.609  5.572  5.411  4.842  3.712  2.749  2.299  2.088  1.945  1.825  1.721  1.631  1.558  1.504  1.472  1.466  1.490  1.552  1.655  1.804
  20.000   20.000  1.848  2.072  2.348  2.677  3.056  3.481  3.944  4.429  4.919  5.389  5.725  4.297  1.197  0.495  0.469  0.495  0.529  0.571  0.622  0.685  0.760  0.850  0.955  1.075  1.212  1.363  1.527  1.701  1.880  2.058  2.231  2.392  2.539  2.670  2.784  2.892  3.045  3.491  4.558  5.369  5.579  5.614  5.619  5.620  5.620  5.620  5.620  5.620  5.620  5.620  5.620  5.618  5.612  5.582  5.451  4.963  3.870  2.808  2.287  2.055  1.909  1.789  1.684  1.593  1.517  1.458  1.419  1.403  1.415  1.461  1.546  1.673
  25.000   25.000  1.706  1.904  2.152  2.451  2.802  3.201  3.644  4.119  4.611  5.097  5.448  3.888  1.042  0.460  0.444  0.468  0.501  0.541  0.591  0.651  0.723  0.809  0.910  1.027  1.159  1.306  1.466  1.636  1.811  1.987  2.157  2.317  2.462  2.592  2.706  2.815  2.983  3.494  4.626  5.397  5.584  5.614  5.619  5.620  5.620  5.620  5.620  5.620  5.620  5.620  5.620  5.619  5.613  5.590  5.484  5.070  4.034  2.885  2.283  2.026  1.876  1.756  1.651  1.559  1.481  1.418  1.373  1.348  1.350  1.381  1.448  1.555
  30.000   30.000  1.578  1.751  1.971  2.241  2.562  2.933  3.351  3.809  4.295  4.787  5.143  3.485  0.909  0.430  0.420  0.444  0.476  0.514  0.562  0.620  0.690  0.773  0.871  0.984  1.112  1.255  1.412  1.578  1.750  1.922  2.090  2.248  2.392  2.521  2.634  2.746  2.931  3.511  4.696  5.422  5.588  5.615  5.619  5.620  5.620  5.620  5.620  5.620  5.620  5.620  5.620  5.619  5.615  5.596  5.511  5.164  4.201  2.981  2.288  2.001  1.845  1.726  1.622  1.530  1.450  1.383  1.333  1.301  1.292  1.311  1.362  1.449
  35.000   35.000  1.463  1.612  1.806  2.047  2.338  2.679  3.070  3.505  3.977  4.466  4.817  3.100  0.796  0.403  0.399  0.422  0.452  0.490  0.536  0.592  0.659  0.740  0.835  0.944  1.069  1.209  1.362  1.525  1.694  1.864  2.030  2.186  2.329  2.456  2.570  2.684  2.889  3.540  4.766  5.444  5.592  5.616  5.619  5.620  5.620  5.620  5.620  5.620  5.620  5.620  5.620  5.619  5.616  5.601  5.533  5.243  4.365  3.096  2.304  1.979  1.817  1.699  1.596  1.504  1.422  1.353  1.298  1.260  1.242  1.249  1.286  1.356
  40.000   40.000  1.362  1.488  1.657  1.870  2.131  2.442  2.803  3.212  3.662  4.141  4.479  2.740  0.700  0.379  0.380  0.402  0.431  0.467  0.512  0.566  0.632  0.710  0.802  0.909  1.031  1.168  1.317  1.477  1.643  1.811  1.975  2.130  2.272  2.398  2.511  2.629  2.855  3.582  4.835  5.464  5.595  5.616  5.619  5.620  5.620  5.620  5.620  5.620  5.620  5.620  5.620  5.619  5.617  5.605  5.550  5.311  4.524  3.227  2.332  1.963  1.792  1.674  1.572  1.480  1.398  1.327  1.268  1.224  1.199  1.196  1.219  1.273
  45.000   45.000  1.272  1.378  1.523  1.710  1.942  2.223  2.553  2.932  3.357  3.817  4.135  2.409  0.618  0.358  0.362  0.384  0.412  0.447  0.490  0.543  0.607  0.683  0.773  0.877  0.996  1.130  1.277  1.434  1.598  1.764  1.926  2.079  2.220  2.346  2.459  2.580  2.831  3.635  4.901  5.482  5.598  5.617  5.620  5.620  5.620  5.620  5.620  5.620  5.620  5.620  5.620  5.619  5.617  5.608  5.564  5.367  4.673  3.375  2.373  1.951  1.769  1.651  1.551  1.460  1.377  1.304  1.241  1.193  1.161  1.150  1.162  1.201
  50.000   50.000  1.194  1.281  1.404  1.566  1.771  2.022  2.320  2.668  3.065  3.501  3.794  2.110  0.548  0.340  0.346  0.368  0.395  0.429  0.471  0.522  0.584  0.659  0.746  0.848  0.965  1.096  1.241  1.395  1.557  1.721  1.881  2.034  2.173  2.299  2.412  2.538  2.817  3.697  4.965  5.498  5.601  5.617  5.620  5.620  5.620  5.620  5.620  5.620  5.620  5.620  5.620  5.620  5.618  5.610  5.575  5.414  4.810  3.535  2.429  1.944  1.749  1.630  1.531  1.441  1.358  1.283  1.218  1.166  1.129  1.110  1.112  1.138
  55.000   55.000  1.125  1.196  1.299  1.438  1.617  1.839  2.107  2.423  2.789  3.197  3.462  1.843  0.489  0.323  0.332  0.353  0.379  0.412  0.453  0.503  0.564  0.637  0.723  0.823  0.937  1.066  1.208  1.361  1.520  1.682  1.842  1.993  2.132  2.256  2.370  2.501  2.811  3.767  5.025  5.512  5.603  5.617  5.620  5.620  5.620  5.620  5.620  5.620  5.620  5.620  5.620  5.620  5.618  5.612  5.584  5.453  4.933  3.705  2.501  1.944  1.731  1.611  1.513  1.424  1.341  1.265  1.198  1.143  1.101  1.075  1.068  1.084
  60.000   60.000  1.066  1.121  1.206  1.324  1.479  1.674  1.912  2.197  2.531  2.909  3.143  1.606  0.439  0.309  0.319  0.339  0.365  0.397  0.437  0.486  0.546  0.617  0.701  0.799  0.912  1.038  1.178  1.329  1.487  1.648  1.806  1.956  2.094  2.218  2.332  2.470  2.814  3.845  5.081  5.524  5.605  5.618  5.620  5.620  5.620  5.620  5.620  5.620  5.620  5.620  5.620  5.620  5.619  5.614  5.591  5.484  5.042  3.880  2.589  1.951  1.716  1.593  1.497  1.408  1.325  1.249  1.180  1.122  1.076  1.045  1.031  1.037
  65.000   65.000  1.015  1.057  1.125  1.224  1.357  1.526  1.737  1.991  2.293  2.639  2.841  1.399  0.397  0.296  0.307  0.327  0.352  0.383  0.423  0.471  0.529  0.599  0.681  0.778  0.889  1.013  1.151  1.300  1.457  1.616  1.773  1.923  2.060  2.184  2.299  2.443  2.825  3.927  5.134  5.535  5.607  5.618  5.620  5.620  5.620  5.620  5.620  5.620  5.620  5.620  5.620  5.620  5.619  5.615  5.597  5.510  5.137  4.056  2.694  1.966  1.703  1.577  1.482  1.394  1.311  1.234  1.164  1.104  1.054  1.019  0.999  0.996
  70.000   70.000  0.971  1.001  1.055  1.137  1.249  1.395  1.579  1.805  2.075  2.389  2.560  1.217  0.362  0.284  0.296  0.315  0.340  0.371  0.409  0.457  0.514  0.583  0.664  0.759  0.868  0.991  1.127  1.274  1.429  1.587  1.744  1.893  2.030  2.154  2.270  2.422  2.845  4.014  5.182  5.545  5.608  5.618  5.620  5.620  5.620  5.620  5.620  5.620  5.620  5.620  5.620  5.620  5.619  5.616  5.601  5.531  5.218  4.230  2.816  1.990  1.693  1.563  1.468  1.381  1.298  1.221  1.150  1.087  1.035  0.996  0.971  0.962
  75.000   75.000  0.933  0.953  0.995  1.061  1.155  1.280  1.439  1.637  1.878  2.159  2.300  1.060  0.333  0.274  0.286  0.305  0.329  0.360  0.398  0.444  0.500  0.568  0.648  0.741  0.849  0.970  1.105  1.251  1.404  1.562  1.717  1.866  2.003  2.127  2.244  2.405  2.872  4.104  5.226  5.554  5.610  5.618  5.620  5.620  5.620  5.620  5.620  5.620  5.620  5.620  5.620  5.620  5.619  5.617  5.605  5.548  5.288  4.397  2.953  2.025  1.687  1.549  1.455  1.369  1.286  1.208  1.136  1.073  1.019  0.976  0.947  0.932
  80.000   80.000  0.901  0.912  0.943  0.996  1.073  1.178  1.315  1.488  1.700  1.951  2.064  0.924  0.309  0.265  0.278  0.296  0.320  0.350  0.387  0.432  0.488  0.554  0.633  0.725  0.831  0.951  1.084  1.229  1.381  1.538  1.693  1.841  1.978  2.102  2.221  2.393  2.908  4.195  5.267  5.561  5.611  5.619  5.620  5.620  5.620  5.620  5.620  5.620  5.620  5.620  5.620  5.620  5.619  5.618  5.608  5.562  5.346  4.555  3.105  2.070  1.684  1.537  1.443  1.357  1.275  1.197  1.124  1.059  1.004  0.959  0.926  0.906
  85.000   85.000  0.873  0.878  0.899  0.939  1.002  1.090  1.207  1.356  1.542  1.763  1.849  0.807  0.289  0.257  0.270  0.288  0.311  0.341  0.377  0.422  0.476  0.542  0.620  0.710  0.815  0.934  1.066  1.209  1.361  1.516  1.671  1.819  1.956  2.080  2.201  2.385  2.951  4.286  5.304  5.568  5.612  5.619  5.620  5.620  5.620  5.620  5.620  5.620  5.620  5.620  5.620  5.620  5.620  5.618  5.610  5.573  5.395  4.701  3.268  2.127  1.685  1.527  1.431  1.347  1.265  1.186  1.113  1.047  0.990  0.943  0.907  0.884
  90.000   90.000  0.849  0.848  0.861  0.891  0.941  1.014  1.112  1.240  1.401  1.595  1.657  0.707  0.272  0.250  0.262  0.280  0.303  0.332  0.368  0.412  0.466  0.531  0.607  0.697  0.800  0.918  1.048  1.191  1.341  1.496  1.650  1.798  1.935  2.060  2.183  2.381  3.001  4.377  5.338  5.574  5.613  5.619  5.620  5.620  5.620  5.620  5.620  5.620  5.620  5.620  5.620  5.620  5.620  5.618  5.612  5.582  5.436  4.833  3.441  2.197  1.690  1.518  1.421  1.336  1.255  1.176  1.103  1.036  0.978  0.930  0.891  0.864
  95.000   95.000  0.829  0.822  0.829  0.851  0.889  0.948  1.030  1.139  1.277  1.446  1.486  0.622  0.258  0.243  0.256  0.274  0.296  0.325  0.360  0.404  0.457  0.520  0.596  0.684  0.787  0.903  1.032  1.174  1.323  1.478  1.632  1.779  1.917  2.042  2.168  2.381  3.058  4.466  5.368  5.580  5.614  5.619  5.620  5.620  5.620  5.620  5.620  5.620  5.620  5.620  5.620  5.620  5.620  5.619  5.614  5.589  5.469  4.951  3.621  2.282  1.701  1.510  1.411  1.327  1.245  1.167  1.093  1.026  0.967  0.917  0.877  0.848
 100.000  100.000  0.812  0.802  0.804  0.821  0.856  0.913  1.000  1.125  1.302  1.544  1.683  0.739  0.274  0.239  0.250  0.268  0.290  0.318  0.353  0.396  0.448  0.511  0.585  0.673  0.774  0.889  1.017  1.158  1.307  1.461  1.614  1.762  1.900  2.026  2.155  2.385  3.121  4.553  5.395  5.584  5.615  5.619  5.620  5.620  5.620  5.620  5.620  5.620  5.620  5.620  5.620  5.620  5.620  5.619  5.615  5.595  5.497  5.055  3.803  2.380  1.717  1.504  1.401  1.317  1.236  1.158  1.084  1.016  0.957  0.906  0.865  0.833
 105.000  105.000  1.414  1.846  2.483  3.333  4.344  5.374  6.245  6.857  7.227  7.428  7.503  7.050  3.809  1.028  0.338  0.267  0.284  0.311  0.346  0.388  0.440  0.502  0.576  0.662  0.762  0.876  1.003  1.143  1.291  1.445  1.598  1.745  1.882  2.005  2.127  2.350  3.077  4.449  5.301  5.541  5.598  5.613  5.618  5.619  5.620  5.620  5.620  5.620  5.620  5.620  5.620  5.620  5.620  5.619  5.616  5.600  5.520  5.146  3.984  2.493  1.740  1.499  1.393  1.309  1.228  1.152  1.081  1.022  0.982  0.973  1.019  1.152
 110.000  110.000  7.442  7.521  7.566  7.592  7.608  7.617  7.622  7.625  7.627  7.627  7.627  7.626  7.616  7.467  5.686  1.916  0.529  0.323  0.340  0.382  0.433  0.494  0.568  0.654  0.754  0.869  0.996  1.132  1.263  1.359  1.369  1.247  1.027  0.799  0.622  0.516  0.491  0.577  0.817  1.270  2.001  3.008  4.080  4.885  5.316  5.503  5.576  5.604  5.614  5.618  5.619  5.620  5.620  5.619  5.617  5.604  5.538  5.224  4.161  2.625  1.801  1.590  1.618  1.823  2.261  2.972  3.920  4.966  5.906  6.601  7.043  7.299
 115.000  115.000  7.524  7.554  7.575  7.590  7.600  7.607  7.611  7.614  7.615  7.615  7.615  7.614  7.613  7.611  7.607  7.565  6.907  3.396  0.990  0.675  0.829  1.044  1.266  1.444  1.533  1.518  1.420  1.273  1.107  0.944  0.797  0.673  0.573  0.496  0.439  0.398  0.370  0.351  0.338  0.330  0.328  0.334  0.358  0.424  0.570  0.845  1.311  2.026  2.982  3.997  4.789  5.248  5.464  5.556  5.591  5.592  5.522  5.134  4.240  4.170  4.668  5.188  5.657  6.066  6.413  6.699  6.928  7.108  7.245  7.349  7.426  7.483
 120.000  120.000  7.503  7.535  7.558  7.574  7.585  7.593  7.597  7.600  7.602  7.602  7.601  7.600  7.599  7.597  7.595  7.593  7.582  7.297  4.060  2.076  1.958  1.930  1.890  1.830  1.745  1.631  1.490  1.328  1.157  0.989  0.837  0.706  0.599  0.516  0.454  0.408  0.377  0.355  0.340  0.329  0.322  0.317  0.312  0.308  0.305  0.302  0.299  0.299  0.306  0.329  0.386  0.506  0.728  1.110  1.785  2.907  3.549  3.760  4.037  4.387  4.783  5.199  5.610  5.995  6.336  6.627  6.865  7.055  7.202  7.313  7.397  7.458
 125.000  125.000  7.479  7.515  7.540  7.557  7.569  7.577  7.582  7.585  7.587  7.587  7.587  7.586  7.584  7.582  7.580  7.577  7.566  7.276  4.011  2.082  1.968  1.942  1.905  1.851  1.774  1.669  1.535  1.378  1.208  1.038  0.880  0.742  0.628  0.538  0.470  0.420  0.384  0.359  0.343  0.331  0.323  0.317  0.312  0.308  0.304  0.300  0.295  0.291  0.287  0.282  0.278  0.274  0.283  0.398  1.026  2.577  3.449  3.685  3.942  4.272  4.657  5.070  5.485  5.879  6.234  6.540  6.793  6.995  7.153  7.274  7.364  7.431
 130.000  130.000  7.454  7.492  7.519  7.538  7.552  7.560  7.566  7.569  7.571  7.571  7.570  7.569  7.567  7.565  7.563  7.560  7.548  7.242  3.936  2.080  1.974  1.950  1.918  1.869  1.799  1.703  1.578  1.427  1.260  1.088  0.925  0.781  0.659  0.562  0.487  0.432  0.392  0.365  0.346  0.333  0.324  0.317  0.311  0.307  0.303  0.298  0.294  0.290  0.285  0.280  0.276  0.273  0.287  0.445  1.196  2.748  3.443  3.630  3.855  4.163  4.533  4.940  5.357  5.760  6.127  6.448  6.715  6.931  7.101  7.231  7.328  7.401
 135.000  135.000  7.426  7.467  7.497  7.518  7.532  7.542  7.548  7.551  7.553  7.553  7.552  7.551  7.549  7.547  7.544  7.541  7.528  7.205  3.862  2.078  1.979  1.958  1.929  1.886  1.823  1.735  1.619  1.475  1.311  1.139  0.972  0.821  0.692  0.588  0.506  0.446  0.402  0.371  0.350  0.335  0.325  0.317  0.311  0.306  0.302  0.297  0.293  0.288  0.283  0.279  0.274  0.272  0.296  0.507  1.394  2.903  3.440  3.584  3.778  4.060  4.413  4.811  5.228  5.637  6.016  6.351  6.633  6.863  7.044  7.184  7.290  7.368
 140.000  140.000  7.395  7.440  7.472  7.495  7.511  7.521  7.528  7.531  7.533  7.533  7.533  7.531  7.529  7.526  7.523  7.520  7.506  7.166  3.790  2.075  1.983  1.964  1.939  1.901  1.844  1.764  1.657  1.520  1.361  1.190  1.020  0.863  0.727  0.615  0.527  0.461  0.412  0.378  0.354  0.337  0.326  0.317  0.311  0.305  0.301  0.296  0.291  0.287  0.282  0.277  0.273  0.272  0.308  0.587  1.616  3.035  3.439  3.547  3.710  3.964  4.297  4.683  5.097  5.511  5.901  6.249  6.546  6.790  6.984  7.134  7.248  7.333
 145.000  145.000  7.362  7.411  7.446  7.470  7.487  7.498  7.505  7.510  7.511  7.512  7.511  7.509  7.506  7.504  7.500  7.496  7.482  7.124  3.719  2.074  1.987  1.970  1.948  1.914  1.864  1.791  1.692  1.564  1.410  1.241  1.069  0.907  0.764  0.645  0.550  0.477  0.424  0.385  0.359  0.340  0.327  0.318  0.311  0.305  0.299  0.295  0.290  0.285  0.280  0.276  0.271  0.273  0.327  0.686  1.857  3.144  3.441  3.519  3.651  3.877  4.186  4.558  4.966  5.382  5.781  6.142  6.454  6.712  6.919  7.080  7.203  7.294
 150.000  150.000  7.325  7.378  7.416  7.443  7.461  7.473  7.481  7.486  7.488  7.488  7.487  7.485  7.482  7.479  7.475  7.471  7.456  7.079  3.649  2.072  1.992  1.976  1.956  1.926  1.881  1.816  1.725  1.605  1.458  1.292  1.119  0.953  0.804  0.677  0.575  0.495  0.436  0.394  0.364  0.343  0.329  0.318  0.310  0.304  0.298  0.293  0.288  0.283  0.279  0.274  0.270  0.275  0.353  0.809  2.106  3.230  3.444  3.498  3.603  3.798  4.082  4.436  4.836  5.252  5.658  6.031  6.357  6.629  6.849  7.022  7.154  7.252
 155.000  155.000  7.286  7.343  7.384  7.413  7.433  7.446  7.454  7.459  7.461  7.462  7.460  7.458  7.455  7.452  7.447  7.443  7.427  7.031  3.582  2.072  1.996  1.982  1.964  1.937  1.896  1.838  1.755  1.644  1.504  1.342  1.170  1.000  0.845  0.711  0.601  0.515  0.450  0.403  0.370  0.347  0.330  0.319  0.310  0.303  0.297  0.292  0.287  0.282  0.277  0.272  0.269  0.278  0.388  0.957  2.354  3.297  3.448  3.485  3.565  3.730  3.986  4.319  4.707  5.121  5.532  5.915  6.255  6.542  6.775  6.959  7.101  7.207
 160.000  160.000  7.243  7.305  7.349  7.381  7.402  7.416  7.425  7.430  7.433  7.433  7.431  7.429  7.426  7.422  7.417  7.412  7.395  6.980  3.517  2.074  2.002  1.988  1.971  1.947  1.911  1.858  1.782  1.680  1.548  1.392  1.221  1.049  0.888  0.747  0.630  0.537  0.466  0.414  0.377  0.351  0.332  0.320  0.310  0.303  0.296  0.291  0.285  0.280  0.275  0.271  0.268  0.283  0.436  1.132  2.585  3.347  3.452  3.477  3.536  3.671  3.898  4.208  4.580  4.989  5.403  5.796  6.148  6.449  6.696  6.892  7.044  7.158
 165.000  165.000  7.197  7.264  7.311  7.345  7.368  7.384  7.393  7.399  7.401  7.401  7.400  7.397  7.393  7.389  7.384  7.379  7.360  6.924  3.454  2.079  2.009  1.995  1.978  1.956  1.924  1.876  1.808  1.713  1.590  1.440  1.272  1.098  0.932  0.785  0.660  0.560  0.483  0.425  0.384  0.355  0.335  0.321  0.310  0.302  0.295  0.289  0.284  0.279  0.274  0.269  0.268  0.292  0.499  1.334  2.791  3.384  3.457  3.473  3.516  3.624  3.819  4.103  4.457  4.857  5.272  5.672  6.037  6.352  6.612  6.821  6.983  7.106
 170.000  170.000  7.147  7.219  7.270  7.306  7.331  7.348  7.358  7.364  7.367  7.367  7.365  7.362  7.358  7.353  7.348  7.342  7.322  6.865  3.395  2.088  2.019  2.003  1.987  1.966  1.936  1.893  1.831  1.745  1.630  1.487  1.322  1.148  0.979  0.824  0.692  0.585  0.501  0.438  0.392  0.360  0.338  0.322  0.310  0.301  0.294  0.288  0.282  0.277  0.272  0.268  0.268  0.305  0.579  1.562  2.964  3.412  3.463  3.473  3.503  3.587  3.752  4.006  4.339  4.727  5.139  5.545  5.921  6.249  6.524  6.745  6.917  7.049
 175.000  175.000  7.093  7.170  7.225  7.265  7.291  7.309  7.320  7.326  7.329  7.329  7.327  7.324  7.319  7.314  7.308  7.302  7.281  6.799  3.341  2.103  2.034  2.015  1.997  1.976  1.948  1.909  1.853  1.774  1.667  1.531  1.372  1.199  1.026  0.866  0.727  0.612  0.521  0.452  0.402  0.366  0.341  0.323  0.310  0.301  0.293  0.287  0.281  0.275  0.271  0.267  0.268  0.324  0.680  1.810  3.102  3.432  3.468  3.475  3.496  3.560  3.695  3.919  4.227  4.599  5.006  5.416  5.801  6.142  6.430  6.664  6.847  6.988
