

VARS   PHI PSI -180 -175 -170 -165 -160 -155 -150 -145 -140 -135 -130 -125 -120 -115 -110 -105 -100 -95 -90 -85 -80 -75 -70 -65 -60 -55 -50 -45 -40 -35 -30 -25 -20 -15 -10 -5 0 5 10 15 20 25 30 35 40 45 50 55 60 65 70 75 80 85 90 95 100 105 110 115 120 125 130 135 140 145 150 155 160 165 170 175 
FORMAT %8.3f %8.3f %6.3f %6.3f %6.3f %6.3f %6.3f %6.3f %6.3f %6.3f %6.3f %6.3f %6.3f %6.3f %6.3f %6.3f %6.3f %6.3f %6.3f %6.3f %6.3f %6.3f %6.3f %6.3f %6.3f %6.3f %6.3f %6.3f %6.3f %6.3f %6.3f %6.3f %6.3f %6.3f %6.3f %6.3f %6.3f %6.3f %6.3f %6.3f %6.3f %6.3f %6.3f %6.3f %6.3f %6.3f %6.3f %6.3f %6.3f %6.3f %6.3f %6.3f %6.3f %6.3f %6.3f %6.3f %6.3f %6.3f %6.3f %6.3f %6.3f %6.3f %6.3f %6.3f %6.3f %6.3f %6.3f %6.3f %6.3f %6.3f %6.3f %6.3f %6.3f %6.3f

-180.000 -180.000  3.040  3.029  2.996  2.941  2.864  2.770  2.661  2.544  2.424  2.309  2.205  2.116  2.045  1.987  1.888  1.618  1.466  1.439  1.437  1.449  1.478  1.528  1.601  1.695  1.803  1.902  1.949  1.900  1.754  1.573  1.425  1.337  1.301  1.299  1.319  1.351  1.389  1.430  1.477  1.539  1.631  1.770  1.951  2.165  2.419  2.743  3.153  3.611  4.016  4.256  4.270  4.070  3.731  3.371  3.089  2.917  2.827  2.780  2.750  2.725  2.704  2.689  2.683  2.691  2.713  2.750  2.798  2.853  2.910  2.962  3.004  3.031
-175.000 -175.000  2.984  2.975  2.944  2.890  2.816  2.725  2.620  2.509  2.397  2.291  2.197  2.118  2.055  2.002  1.885  1.603  1.478  1.457  1.457  1.473  1.506  1.561  1.640  1.741  1.858  1.969  2.036  2.013  1.885  1.700  1.532  1.423  1.374  1.370  1.392  1.428  1.469  1.512  1.556  1.610  1.689  1.810  1.972  2.169  2.407  2.713  3.105  3.551  3.958  4.218  4.263  4.095  3.775  3.405  3.087  2.869  2.743  2.676  2.638  2.613  2.598  2.593  2.599  2.616  2.646  2.686  2.736  2.791  2.848  2.900  2.943  2.973
-170.000 -170.000  2.923  2.919  2.894  2.847  2.780  2.696  2.601  2.499  2.397  2.300  2.214  2.142  2.086  2.037  1.898  1.604  1.495  1.478  1.482  1.501  1.539  1.600  1.685  1.793  1.917  2.038  2.121  2.121  2.015  1.835  1.654  1.527  1.466  1.457  1.480  1.518  1.560  1.600  1.638  1.682  1.748  1.849  1.992  2.171  2.392  2.680  3.051  3.480  3.885  4.160  4.231  4.091  3.793  3.428  3.091  2.842  2.686  2.597  2.548  2.520  2.507  2.507  2.518  2.541  2.574  2.617  2.666  2.721  2.776  2.829  2.874  2.907
-165.000 -165.000  2.864  2.869  2.854  2.819  2.765  2.694  2.611  2.520  2.427  2.337  2.257  2.190  2.142  2.101  1.937  1.624  1.516  1.500  1.507  1.531  1.574  1.640  1.732  1.847  1.978  2.106  2.200  2.219  2.135  1.969  1.786  1.647  1.574  1.559  1.580  1.617  1.656  1.690  1.720  1.753  1.804  1.888  2.010  2.171  2.375  2.643  2.991  3.400  3.796  4.079  4.170  4.056  3.782  3.429  3.088  2.821  2.643  2.536  2.476  2.443  2.429  2.430  2.443  2.468  2.503  2.545  2.594  2.647  2.702  2.756  2.804  2.841
-160.000 -160.000  2.815  2.832  2.832  2.813  2.776  2.721  2.653  2.573  2.488  2.404  2.328  2.269  2.237  2.213  2.024  1.666  1.541  1.523  1.534  1.562  1.611  1.683  1.782  1.903  2.039  2.172  2.273  2.305  2.241  2.093  1.917  1.773  1.692  1.671  1.687  1.719  1.752  1.778  1.798  1.820  1.858  1.924  2.027  2.168  2.354  2.601  2.925  3.311  3.693  3.976  4.082  3.990  3.737  3.402  3.068  2.795  2.605  2.487  2.418  2.380  2.364  2.364  2.378  2.403  2.438  2.479  2.527  2.578  2.633  2.687  2.738  2.782
-155.000 -155.000  2.781  2.814  2.832  2.833  2.816  2.781  2.728  2.660  2.582  2.503  2.433  2.389  2.383  2.387  2.170  1.740  1.574  1.549  1.562  1.596  1.650  1.730  1.835  1.962  2.102  2.237  2.340  2.378  2.329  2.201  2.038  1.897  1.812  1.784  1.793  1.818  1.842  1.859  1.870  1.882  1.906  1.956  2.040  2.163  2.330  2.556  2.855  3.214  3.576  3.853  3.966  3.891  3.660  3.345  3.025  2.759  2.567  2.444  2.371  2.331  2.313  2.313  2.327  2.352  2.386  2.426  2.472  2.522  2.575  2.630  2.685  2.737
-150.000 -150.000  2.764  2.814  2.854  2.878  2.885  2.870  2.834  2.778  2.707  2.634  2.576  2.555  2.582  2.604  2.365  1.853  1.619  1.580  1.594  1.633  1.695  1.781  1.893  2.024  2.166  2.299  2.399  2.439  2.399  2.288  2.142  2.010  1.925  1.891  1.892  1.907  1.921  1.930  1.932  1.936  1.950  1.986  2.052  2.155  2.303  2.507  2.781  3.112  3.449  3.712  3.825  3.761  3.550  3.258  2.961  2.709  2.526  2.406  2.334  2.296  2.280  2.281  2.295  2.320  2.353  2.391  2.435  2.482  2.534  2.590  2.648  2.707
-145.000 -145.000  2.762  2.831  2.893  2.943  2.975  2.983  2.965  2.922  2.860  2.795  2.751  2.750  2.789  2.802  2.573  2.012  1.683  1.618  1.633  1.678  1.747  1.841  1.958  2.093  2.232  2.360  2.452  2.486  2.451  2.353  2.225  2.106  2.024  1.985  1.977  1.982  1.988  1.988  1.985  1.983  1.989  2.013  2.063  2.147  2.275  2.458  2.706  3.007  3.316  3.557  3.662  3.605  3.412  3.147  2.878  2.650  2.483  2.374  2.309  2.275  2.263  2.268  2.284  2.309  2.340  2.377  2.418  2.462  2.511  2.565  2.626  2.693
-140.000 -140.000  2.769  2.857  2.943  3.019  3.078  3.110  3.111  3.080  3.023  2.962  2.922  2.920  2.942  2.937  2.751  2.209  1.776  1.668  1.682  1.734  1.812  1.914  2.035  2.170  2.303  2.419  2.497  2.521  2.485  2.398  2.286  2.181  2.104  2.063  2.046  2.043  2.040  2.036  2.028  2.023  2.023  2.038  2.074  2.141  2.248  2.409  2.632  2.903  3.180  3.394  3.484  3.429  3.255  3.021  2.786  2.589  2.444  2.350  2.295  2.269  2.263  2.271  2.289  2.315  2.345  2.379  2.416  2.456  2.501  2.553  2.615  2.687
-135.000 -135.000  2.776  2.882  2.991  3.093  3.177  3.232  3.249  3.224  3.164  3.093  3.042  3.024  3.025  3.011  2.880  2.423  1.906  1.740  1.749  1.810  1.898  2.006  2.129  2.258  2.379  2.477  2.536  2.546  2.506  2.427  2.330  2.237  2.167  2.123  2.101  2.089  2.081  2.073  2.064  2.057  2.055  2.063  2.088  2.139  2.227  2.366  2.563  2.805  3.048  3.230  3.300  3.244  3.090  2.891  2.695  2.533  2.414  2.337  2.294  2.275  2.274  2.285  2.305  2.331  2.359  2.389  2.421  2.456  2.495  2.544  2.605  2.683
-130.000 -130.000  2.771  2.892  3.022  3.146  3.252  3.323  3.348  3.317  3.240  3.155  3.096  3.069  3.061  3.047  2.964  2.623  2.078  1.843  1.845  1.915  2.013  2.125  2.245  2.361  2.462  2.534  2.570  2.563  2.519  2.445  2.360  2.279  2.215  2.171  2.143  2.126  2.113  2.103  2.093  2.086  2.084  2.089  2.106  2.144  2.215  2.333  2.506  2.719  2.928  3.075  3.122  3.064  2.932  2.771  2.616  2.490  2.397  2.337  2.303  2.290  2.292  2.304  2.323  2.347  2.372  2.397  2.423  2.451  2.484  2.528  2.587  2.668
-125.000 -125.000  2.742  2.873  3.017  3.156  3.274  3.353  3.375  3.331  3.243  3.158  3.106  3.082  3.074  3.065  3.016  2.784  2.282  1.989  1.981  2.061  2.164  2.274  2.380  2.474  2.546  2.589  2.599  2.577  2.527  2.459  2.384  2.313  2.254  2.210  2.179  2.157  2.140  2.127  2.118  2.112  2.110  2.115  2.129  2.158  2.217  2.318  2.470  2.656  2.831  2.943  2.965  2.907  2.798  2.674  2.558  2.464  2.394  2.347  2.320  2.309  2.310  2.321  2.337  2.356  2.375  2.394  2.413  2.433  2.458  2.496  2.552  2.633
-120.000 -120.000  2.680  2.814  2.962  3.105  3.226  3.304  3.321  3.274  3.198  3.134  3.098  3.083  3.079  3.074  3.046  2.898  2.489  2.175  2.160  2.243  2.341  2.435  2.517  2.579  2.618  2.631  2.620  2.586  2.534  2.471  2.404  2.342  2.288  2.245  2.211  2.185  2.164  2.149  2.139  2.135  2.135  2.141  2.155  2.182  2.233  2.324  2.462  2.628  2.773  2.851  2.849  2.788  2.700  2.607  2.523  2.454  2.401  2.363  2.339  2.327  2.325  2.330  2.340  2.353  2.365  2.377  2.387  2.399  2.416  2.445  2.495  2.572
-115.000 -115.000  2.585  2.712  2.852  2.990  3.106  3.184  3.207  3.182  3.138  3.104  3.087  3.081  3.081  3.079  3.062  2.965  2.653  2.362  2.345  2.418  2.497  2.563  2.612  2.642  2.652  2.644  2.619  2.580  2.532  2.477  2.422  2.369  2.322  2.280  2.245  2.214  2.189  2.171  2.159  2.155  2.157  2.165  2.182  2.211  2.263  2.354  2.490  2.647  2.769  2.815  2.788  2.721  2.644  2.571  2.508  2.456  2.413  2.381  2.357  2.341  2.333  2.331  2.333  2.337  2.342  2.345  2.348  2.351  2.359  2.378  2.418  2.486
-110.000 -110.000  2.467  2.576  2.699  2.823  2.934  3.018  3.067  3.083  3.082  3.079  3.078  3.079  3.082  3.081  3.068  2.991  2.729  2.471  2.451  2.505  2.558  2.596  2.619  2.627  2.622  2.606  2.581  2.548  2.511  2.471  2.431  2.391  2.353  2.316  2.280  2.246  2.217  2.194  2.179  2.172  2.175  2.186  2.206  2.241  2.302  2.404  2.553  2.715  2.824  2.842  2.788  2.706  2.626  2.560  2.506  2.462  2.425  2.394  2.368  2.348  2.333  2.322  2.316  2.312  2.309  2.306  2.301  2.297  2.297  2.306  2.333  2.385
-105.000 -105.000  2.345  2.427  2.527  2.633  2.738  2.838  2.926  2.994  3.036  3.058  3.071  3.078  3.082  3.081  3.062  2.968  2.679  2.429  2.412  2.453  2.490  2.514  2.527  2.530  2.525  2.514  2.499  2.481  2.462  2.442  2.423  2.402  2.378  2.350  2.317  2.281  2.247  2.219  2.198  2.188  2.189  2.201  2.225  2.268  2.341  2.465  2.640  2.819  2.923  2.916  2.834  2.730  2.636  2.563  2.509  2.466  2.431  2.400  2.372  2.347  2.325  2.307  2.293  2.282  2.274  2.266  2.257  2.248  2.241  2.240  2.252  2.286
-100.000 -100.000  2.240  2.293  2.364  2.448  2.547  2.665  2.796  2.915  2.997  3.042  3.065  3.076  3.080  3.074  3.035  2.875  2.496  2.263  2.263  2.304  2.339  2.363  2.377  2.385  2.389  2.389  2.388  2.387  2.387  2.390  2.394  2.396  2.392  2.378  2.352  2.319  2.282  2.247  2.220  2.204  2.201  2.211  2.237  2.286  2.375  2.526  2.735  2.936  3.035  3.008  2.901  2.771  2.655  2.569  2.509  2.465  2.430  2.398  2.368  2.340  2.314  2.290  2.271  2.256  2.245  2.235  2.226  2.215  2.204  2.195  2.194  2.207
 -95.000  -95.000  2.175  2.199  2.239  2.298  2.386  2.514  2.681  2.846  2.963  3.028  3.060  3.073  3.072  3.050  2.961  2.674  2.225  2.065  2.093  2.141  2.178  2.205  2.225  2.240  2.252  2.263  2.274  2.287  2.304  2.324  2.349  2.373  2.391  2.396  2.384  2.356  2.319  2.280  2.246  2.222  2.212  2.217  2.242  2.296  2.399  2.579  2.823  3.041  3.135  3.091  2.963  2.810  2.673  2.571  2.503  2.456  2.421  2.390  2.360  2.331  2.303  2.278  2.257  2.241  2.230  2.222  2.214  2.205  2.193  2.180  2.169  2.166
 -90.000  -90.000  2.163  2.162  2.173  2.204  2.270  2.394  2.582  2.782  2.931  3.014  3.052  3.064  3.050  2.986  2.790  2.349  1.952  1.900  1.957  2.010  2.050  2.080  2.103  2.123  2.141  2.159  2.178  2.200  2.226  2.259  2.297  2.339  2.376  2.402  2.408  2.392  2.360  2.320  2.280  2.247  2.228  2.225  2.244  2.297  2.412  2.620  2.894  3.122  3.207  3.150  3.006  2.835  2.681  2.566  2.490  2.441  2.406  2.377  2.349  2.322  2.296  2.274  2.256  2.243  2.235  2.230  2.227  2.221  2.212  2.199  2.185  2.171
 -85.000  -85.000  2.205  2.189  2.177  2.179  2.214  2.315  2.500  2.722  2.897  2.997  3.038  3.038  2.985  2.827  2.461  1.956  1.738  1.786  1.865  1.922  1.962  1.994  2.019  2.042  2.063  2.084  2.107  2.134  2.165  2.204  2.250  2.302  2.354  2.398  2.424  2.425  2.403  2.365  2.322  2.282  2.253  2.239  2.247  2.294  2.414  2.642  2.938  3.170  3.247  3.181  3.027  2.844  2.678  2.553  2.472  2.423  2.389  2.361  2.337  2.314  2.294  2.279  2.267  2.261  2.259  2.259  2.260  2.260  2.256  2.249  2.237  2.222
 -80.000  -80.000  2.293  2.272  2.247  2.225  2.226  2.286  2.442  2.665  2.860  2.972  3.007  2.969  2.823  2.495  1.988  1.608  1.596  1.714  1.808  1.868  1.909  1.940  1.967  1.990  2.013  2.036  2.061  2.089  2.123  2.163  2.212  2.269  2.331  2.389  2.432  2.451  2.444  2.415  2.373  2.329  2.291  2.265  2.259  2.292  2.404  2.639  2.945  3.179  3.254  3.184  3.026  2.837  2.664  2.534  2.452  2.402  2.369  2.344  2.323  2.307  2.295  2.288  2.286  2.288  2.293  2.299  2.306  2.312  2.317  2.318  2.316  2.308
 -75.000  -75.000  2.411  2.397  2.370  2.335  2.306  2.319  2.422  2.618  2.816  2.929  2.930  2.798  2.480  1.982  1.509  1.367  1.506  1.669  1.775  1.838  1.879  1.911  1.937  1.961  1.984  2.008  2.033  2.062  2.096  2.137  2.187  2.245  2.311  2.378  2.435  2.472  2.482  2.466  2.431  2.387  2.344  2.307  2.283  2.292  2.380  2.600  2.903  3.141  3.223  3.159  3.004  2.815  2.641  2.513  2.431  2.381  2.348  2.324  2.307  2.296  2.293  2.296  2.304  2.314  2.327  2.340  2.354  2.368  2.382  2.396  2.407  2.414
 -70.000  -70.000  2.542  2.544  2.527  2.492  2.447  2.418  2.455  2.591  2.763  2.843  2.750  2.441  1.944  1.433  1.157  1.224  1.447  1.638  1.755  1.822  1.864  1.896  1.922  1.946  1.969  1.994  2.020  2.049  2.083  2.123  2.172  2.230  2.297  2.369  2.436  2.488  2.515  2.515  2.491  2.452  2.408  2.362  2.319  2.294  2.336  2.516  2.800  3.047  3.151  3.107  2.962  2.780  2.613  2.489  2.409  2.359  2.325  2.300  2.286  2.281  2.286  2.297  2.313  2.332  2.352  2.373  2.394  2.417  2.443  2.471  2.500  2.526
 -65.000  -65.000  2.672  2.697  2.700  2.677  2.631  2.577  2.552  2.604  2.696  2.668  2.388  1.893  1.369  1.015  0.955  1.143  1.406  1.615  1.742  1.813  1.858  1.890  1.916  1.941  1.965  1.990  2.016  2.046  2.079  2.119  2.167  2.224  2.291  2.364  2.437  2.500  2.541  2.557  2.547  2.518  2.476  2.425  2.362  2.294  2.271  2.383  2.634  2.892  3.034  3.025  2.903  2.736  2.580  2.465  2.388  2.337  2.301  2.276  2.263  2.262  2.271  2.289  2.311  2.337  2.364  2.392  2.421  2.454  2.492  2.535  2.584  2.631
 -60.000  -60.000  2.789  2.841  2.870  2.870  2.837  2.779  2.713  2.669  2.608  2.351  1.852  1.316  0.927  0.771  0.857  1.098  1.376  1.596  1.732  1.809  1.856  1.889  1.917  1.942  1.967  1.993  2.020  2.050  2.084  2.124  2.170  2.226  2.291  2.364  2.439  2.508  2.561  2.591  2.594  2.576  2.541  2.486  2.401  2.285  2.185  2.216  2.417  2.683  2.871  2.912  2.828  2.684  2.546  2.442  2.371  2.320  2.283  2.257  2.244  2.244  2.255  2.274  2.300  2.330  2.361  2.395  2.432  2.474  2.524  2.584  2.651  2.722
 -55.000  -55.000  2.885  2.967  3.026  3.055  3.047  3.001  2.919  2.785  2.483  1.904  1.297  0.873  0.662  0.657  0.816  1.073  1.353  1.579  1.723  1.806  1.856  1.891  1.921  1.948  1.975  2.002  2.030  2.061  2.096  2.135  2.181  2.234  2.297  2.368  2.443  2.515  2.576  2.615  2.631  2.624  2.594  2.536  2.430  2.263  2.088  2.035  2.177  2.434  2.667  2.771  2.737  2.628  2.514  2.426  2.364  2.318  2.282  2.256  2.242  2.239  2.247  2.263  2.286  2.315  2.349  2.386  2.428  2.479  2.540  2.614  2.700  2.793
 -50.000  -50.000  2.957  3.067  3.159  3.220  3.244  3.224  3.145  2.925  2.312  1.446  0.874  0.602  0.535  0.619  0.806  1.062  1.336  1.565  1.715  1.803  1.857  1.895  1.927  1.956  1.985  2.014  2.045  2.077  2.112  2.152  2.197  2.248  2.308  2.376  2.449  2.522  2.585  2.632  2.656  2.658  2.633  2.571  2.442  2.228  1.988  1.864  1.942  2.173  2.434  2.605  2.636  2.574  2.493  2.430  2.385  2.348  2.317  2.292  2.275  2.264  2.262  2.269  2.283  2.304  2.333  2.369  2.414  2.469  2.539  2.624  2.726  2.839
 -45.000  -45.000  3.001  3.138  3.261  3.357  3.417  3.429  3.363  3.048  2.103  1.087  0.609  0.466  0.493  0.616  0.811  1.061  1.328  1.554  1.708  1.800  1.858  1.900  1.935  1.967  1.998  2.029  2.062  2.096  2.133  2.173  2.217  2.268  2.325  2.389  2.458  2.528  2.592  2.641  2.671  2.678  2.656  2.588  2.437  2.182  1.893  1.715  1.733  1.923  2.192  2.424  2.532  2.535  2.504  2.477  2.457  2.436  2.413  2.388  2.362  2.339  2.320  2.308  2.304  2.310  2.326  2.354  2.394  2.450  2.523  2.616  2.730  2.861
 -40.000  -40.000  3.016  3.177  3.330  3.460  3.556  3.604  3.553  3.116  1.880  0.846  0.467  0.416  0.492  0.632  0.829  1.071  1.329  1.549  1.703  1.800  1.861  1.906  1.943  1.978  2.012  2.047  2.082  2.118  2.156  2.197  2.242  2.290  2.344  2.404  2.468  2.534  2.595  2.645  2.677  2.687  2.665  2.590  2.418  2.131  1.809  1.593  1.561  1.703  1.961  2.243  2.444  2.536  2.575  2.597  2.608  2.604  2.586  2.557  2.520  2.478  2.436  2.398  2.368  2.348  2.342  2.352  2.379  2.427  2.498  2.593  2.714  2.858
 -35.000  -35.000  3.003  3.184  3.363  3.525  3.658  3.742  3.700  3.108  1.663  0.692  0.404  0.410  0.510  0.659  0.857  1.094  1.341  1.554  1.706  1.803  1.867  1.914  1.954  1.991  2.028  2.065  2.103  2.142  2.182  2.224  2.268  2.315  2.366  2.421  2.480  2.540  2.596  2.644  2.675  2.685  2.662  2.580  2.390  2.078  1.735  1.497  1.427  1.523  1.758  2.084  2.400  2.615  2.740  2.814  2.851  2.858  2.841  2.804  2.751  2.687  2.618  2.549  2.485  2.431  2.394  2.375  2.380  2.410  2.469  2.560  2.681  2.831
 -30.000  -30.000  2.964  3.160  3.361  3.552  3.719  3.837  3.794  3.022  1.465  0.595  0.385  0.426  0.539  0.696  0.897  1.131  1.370  1.575  1.722  1.817  1.880  1.928  1.968  2.007  2.045  2.084  2.124  2.165  2.207  2.250  2.294  2.340  2.388  2.438  2.490  2.543  2.594  2.637  2.666  2.675  2.650  2.560  2.356  2.026  1.673  1.423  1.329  1.387  1.600  1.978  2.443  2.809  3.019  3.128  3.178  3.186  3.163  3.113  3.042  2.955  2.859  2.757  2.658  2.568  2.492  2.437  2.408  2.411  2.448  2.523  2.636  2.785
 -25.000  -25.000  2.903  3.108  3.326  3.541  3.738  3.888  3.830  2.871  1.297  0.548  0.402  0.460  0.581  0.745  0.952  1.187  1.422  1.618  1.759  1.850  1.910  1.954  1.992  2.028  2.066  2.105  2.146  2.188  2.231  2.274  2.318  2.362  2.407  2.452  2.498  2.543  2.587  2.624  2.650  2.656  2.629  2.534  2.319  1.979  1.623  1.375  1.272  1.309  1.514  1.964  2.608  3.123  3.388  3.508  3.553  3.551  3.514  3.448  3.359  3.251  3.130  3.002  2.873  2.748  2.636  2.542  2.475  2.440  2.445  2.493  2.587  2.726
 -20.000  -20.000  2.825  3.029  3.258  3.493  3.717  3.890  3.793  2.674  1.236  0.650  0.525  0.553  0.656  0.819  1.031  1.270  1.503  1.693  1.827  1.911  1.964  2.001  2.032  2.062  2.094  2.129  2.167  2.208  2.250  2.293  2.336  2.378  2.419  2.459  2.498  2.536  2.572  2.603  2.624  2.629  2.600  2.500  2.276  1.939  1.615  1.422  1.372  1.439  1.642  2.089  2.804  3.429  3.749  3.876  3.910  3.892  3.836  3.752  3.645  3.520  3.383  3.237  3.089  2.943  2.804  2.681  2.579  2.506  2.471  2.482  2.544  2.660
 -15.000  -15.000  2.740  2.931  3.160  3.407  3.646  3.801  3.538  2.490  1.643  1.260  1.042  0.916  0.891  0.980  1.163  1.395  1.623  1.807  1.933  2.009  2.052  2.078  2.096  2.114  2.135  2.160  2.191  2.226  2.265  2.305  2.345  2.384  2.421  2.455  2.487  2.517  2.545  2.570  2.587  2.589  2.553  2.435  2.203  1.944  1.805  1.798  1.859  1.945  2.052  2.232  2.621  3.239  3.775  4.045  4.129  4.116  4.051  3.953  3.834  3.700  3.555  3.405  3.252  3.102  2.957  2.821  2.700  2.601  2.531  2.502  2.523  2.602
 -10.000  -10.000  2.661  2.821  3.034  3.270  3.443  3.298  2.768  2.445  2.331  2.218  2.049  1.834  1.618  1.476  1.475  1.610  1.799  1.964  2.078  2.143  2.175  2.187  2.190  2.191  2.195  2.204  2.221  2.245  2.274  2.308  2.342  2.376  2.408  2.436  2.460  2.482  2.502  2.519  2.528  2.509  2.420  2.240  2.084  2.040  2.063  2.108  2.154  2.193  2.224  2.257  2.344  2.607  3.116  3.651  3.970  4.078  4.064  3.985  3.873  3.744  3.606  3.464  3.322  3.183  3.049  2.922  2.804  2.698  2.612  2.553  2.533  2.566
  -5.000   -5.000  2.607  2.714  2.867  2.956  2.714  2.362  2.316  2.404  2.494  2.552  2.571  2.544  2.462  2.323  2.156  2.051  2.075  2.168  2.251  2.301  2.321  2.321  2.310  2.293  2.277  2.266  2.263  2.269  2.282  2.303  2.327  2.352  2.376  2.397  2.413  2.425  2.434  2.433  2.399  2.287  2.136  2.065  2.070  2.103  2.145  2.186  2.223  2.252  2.270  2.275  2.281  2.334  2.528  2.908  3.339  3.646  3.785  3.801  3.744  3.649  3.536  3.416  3.296  3.179  3.067  2.961  2.860  2.768  2.685  2.617  2.572  2.564
   0.000    0.000  2.587  2.604  2.525  2.157  1.929  2.010  2.172  2.326  2.454  2.553  2.624  2.671  2.694  2.691  2.655  2.576  2.478  2.431  2.444  2.466  2.473  2.463  2.440  2.410  2.377  2.346  2.321  2.303  2.295  2.295  2.303  2.314  2.326  2.336  2.340  2.337  2.315  2.253  2.145  2.068  2.053  2.071  2.104  2.142  2.182  2.221  2.255  2.283  2.299  2.300  2.290  2.287  2.345  2.524  2.810  3.108  3.331  3.452  3.485  3.456  3.389  3.303  3.211  3.120  3.031  2.948  2.870  2.797  2.730  2.670  2.621  2.590
   5.000    5.000  2.563  2.347  1.806  1.557  1.672  1.866  2.059  2.232  2.378  2.495  2.584  2.650  2.697  2.729  2.746  2.748  2.729  2.686  2.643  2.623  2.612  2.593  2.564  2.527  2.483  2.437  2.392  2.352  2.319  2.294  2.278  2.268  2.260  2.248  2.223  2.176  2.114  2.074  2.066  2.073  2.088  2.112  2.142  2.177  2.213  2.249  2.282  2.308  2.323  2.325  2.312  2.296  2.312  2.412  2.607  2.838  3.037  3.173  3.247  3.267  3.244  3.192  3.125  3.052  2.981  2.915  2.855  2.799  2.748  2.701  2.659  2.620
  10.000   10.000  2.381  1.706  1.277  1.345  1.535  1.742  1.943  2.128  2.289  2.420  2.524  2.603  2.661  2.704  2.733  2.754  2.766  2.771  2.764  2.747  2.726  2.701  2.669  2.629  2.581  2.528  2.471  2.413  2.357  2.306  2.259  2.214  2.160  2.090  2.023  2.011  2.045  2.082  2.107  2.122  2.137  2.156  2.181  2.210  2.243  2.275  2.305  2.330  2.345  2.348  2.335  2.314  2.313  2.380  2.536  2.740  2.926  3.060  3.142  3.179  3.180  3.152  3.100  3.035  2.967  2.903  2.846  2.797  2.755  2.717  2.679  2.617
  15.000   15.000  1.790  1.117  1.063  1.218  1.413  1.618  1.823  2.016  2.188  2.334  2.452  2.543  2.612  2.663  2.700  2.727  2.747  2.761  2.771  2.778  2.774  2.755  2.726  2.689  2.644  2.592  2.533  2.467  2.395  2.315  2.215  2.085  1.948  1.890  1.928  2.002  2.072  2.123  2.155  2.173  2.186  2.200  2.220  2.244  2.272  2.300  2.328  2.350  2.365  2.368  2.357  2.335  2.324  2.368  2.500  2.692  2.879  3.019  3.110  3.160  3.180  3.174  3.145  3.095  3.029  2.956  2.886  2.826  2.776  2.733  2.677  2.480
  20.000   20.000  1.099  0.851  0.946  1.110  1.297  1.496  1.700  1.897  2.079  2.237  2.368  2.472  2.551  2.611  2.656  2.689  2.712  2.730  2.741  2.741  2.717  2.660  2.601  2.562  2.532  2.500  2.460  2.406  2.326  2.193  1.997  1.834  1.800  1.854  1.938  2.025  2.102  2.162  2.200  2.222  2.234  2.245  2.260  2.278  2.301  2.325  2.348  2.369  2.383  2.386  2.377  2.355  2.337  2.363  2.473  2.655  2.845  2.995  3.095  3.156  3.188  3.199  3.194  3.171  3.131  3.072  3.000  2.923  2.850  2.774  2.609  1.987
  25.000   25.000  0.733  0.731  0.855  1.011  1.187  1.378  1.577  1.775  1.962  2.129  2.271  2.387  2.478  2.547  2.599  2.638  2.667  2.687  2.697  2.686  2.616  2.443  2.238  2.126  2.087  2.074  2.066  2.048  1.997  1.890  1.785  1.760  1.800  1.873  1.960  2.049  2.130  2.195  2.241  2.267  2.281  2.289  2.299  2.312  2.329  2.349  2.368  2.386  2.398  2.402  2.394  2.374  2.352  2.363  2.452  2.621  2.813  2.972  3.081  3.150  3.189  3.210  3.217  3.214  3.200  3.172  3.129  3.068  2.987  2.845  2.344  1.276
  30.000   30.000  0.585  0.654  0.776  0.921  1.085  1.265  1.457  1.651  1.839  2.012  2.163  2.289  2.390  2.469  2.529  2.574  2.608  2.632  2.641  2.616  2.500  2.253  2.004  1.880  1.840  1.831  1.830  1.831  1.825  1.800  1.777  1.788  1.832  1.901  1.984  2.071  2.155  2.225  2.276  2.308  2.324  2.331  2.337  2.346  2.358  2.372  2.388  2.402  2.413  2.417  2.410  2.391  2.368  2.367  2.434  2.588  2.779  2.947  3.066  3.141  3.186  3.212  3.225  3.230  3.229  3.221  3.204  3.174  3.114  2.875  1.876  0.818
  35.000   35.000  0.512  0.593  0.706  0.839  0.991  1.160  1.341  1.529  1.715  1.890  2.046  2.179  2.288  2.375  2.443  2.495  2.534  2.561  2.568  2.525  2.368  2.103  1.901  1.818  1.794  1.790  1.793  1.802  1.817  1.827  1.826  1.837  1.873  1.933  2.010  2.095  2.178  2.251  2.308  2.344  2.363  2.370  2.374  2.378  2.385  2.395  2.406  2.417  2.426  2.429  2.423  2.407  2.383  2.374  2.421  2.556  2.744  2.919  3.048  3.131  3.181  3.210  3.226  3.235  3.239  3.238  3.234  3.222  3.172  2.789  1.455  0.605
  40.000   40.000  0.462  0.542  0.645  0.767  0.906  1.063  1.233  1.412  1.592  1.764  1.922  2.059  2.174  2.267  2.341  2.398  2.443  2.472  2.475  2.411  2.225  1.988  1.850  1.802  1.790  1.790  1.796  1.813  1.843  1.874  1.886  1.893  1.919  1.969  2.038  2.118  2.200  2.275  2.334  2.375  2.397  2.405  2.407  2.408  2.411  2.416  2.423  2.431  2.437  2.439  2.434  2.420  2.397  2.382  2.412  2.527  2.708  2.890  3.028  3.119  3.174  3.207  3.225  3.236  3.241  3.244  3.243  3.237  3.174  2.603  1.152  0.497
  45.000   45.000  0.423  0.498  0.592  0.703  0.831  0.976  1.134  1.302  1.473  1.640  1.795  1.932  2.049  2.146  2.224  2.286  2.334  2.365  2.363  2.280  2.091  1.910  1.826  1.801  1.798  1.802  1.813  1.836  1.880  1.931  1.953  1.955  1.970  2.009  2.069  2.143  2.222  2.296  2.357  2.401  2.426  2.436  2.437  2.435  2.434  2.435  2.439  2.443  2.447  2.448  2.443  2.430  2.409  2.391  2.406  2.499  2.670  2.857  3.006  3.106  3.166  3.202  3.223  3.235  3.241  3.245  3.246  3.239  3.145  2.355  0.926  0.429
  50.000   50.000  0.392  0.461  0.547  0.649  0.766  0.899  1.045  1.202  1.362  1.520  1.669  1.802  1.918  2.015  2.095  2.159  2.210  2.242  2.235  2.145  1.984  1.868  1.825  1.816  1.819  1.829  1.846  1.878  1.935  2.000  2.027  2.023  2.026  2.053  2.103  2.169  2.243  2.315  2.377  2.422  2.450  2.461  2.461  2.457  2.453  2.451  2.452  2.453  2.454  2.453  2.448  2.436  2.417  2.398  2.402  2.474  2.630  2.821  2.981  3.090  3.158  3.197  3.220  3.233  3.241  3.245  3.246  3.236  3.089  2.069  0.749  0.380
  55.000   55.000  0.367  0.431  0.510  0.603  0.711  0.833  0.968  1.113  1.261  1.409  1.548  1.675  1.786  1.881  1.959  2.024  2.075  2.108  2.102  2.026  1.920  1.863  1.850  1.855  1.868  1.887  1.914  1.957  2.024  2.093  2.114  2.097  2.087  2.100  2.139  2.196  2.264  2.332  2.393  2.439  2.468  2.480  2.481  2.475  2.468  2.463  2.460  2.459  2.457  2.455  2.449  2.438  2.420  2.401  2.397  2.449  2.588  2.779  2.951  3.072  3.147  3.192  3.217  3.232  3.240  3.245  3.246  3.229  3.001  1.770  0.611  0.344
  60.000   60.000  0.347  0.407  0.481  0.567  0.666  0.779  0.903  1.036  1.173  1.308  1.437  1.555  1.659  1.748  1.823  1.885  1.936  1.972  1.980  1.949  1.914  1.907  1.920  1.942  1.970  2.005  2.049  2.108  2.179  2.231  2.223  2.181  2.152  2.151  2.177  2.224  2.284  2.348  2.406  2.452  2.481  2.494  2.494  2.487  2.478  2.470  2.464  2.459  2.456  2.451  2.444  2.432  2.416  2.397  2.387  2.422  2.541  2.729  2.915  3.050  3.135  3.185  3.213  3.230  3.239  3.244  3.245  3.217  2.873  1.479  0.503  0.317
  65.000   65.000  0.333  0.390  0.459  0.539  0.631  0.736  0.850  0.972  1.097  1.221  1.339  1.446  1.541  1.622  1.692  1.751  1.802  1.849  1.897  1.945  1.988  2.027  2.070  2.117  2.171  2.234  2.306  2.384  2.451  2.454  2.374  2.281  2.223  2.204  2.217  2.253  2.305  2.362  2.416  2.460  2.489  2.503  2.502  2.493  2.481  2.470  2.461  2.454  2.447  2.440  2.430  2.418  2.401  2.382  2.369  2.389  2.486  2.667  2.867  3.021  3.120  3.177  3.209  3.227  3.238  3.243  3.243  3.197  2.696  1.215  0.421  0.299
  70.000   70.000  0.325  0.379  0.444  0.519  0.606  0.703  0.810  0.922  1.036  1.149  1.254  1.351  1.436  1.509  1.572  1.628  1.684  1.762  1.896  2.061  2.186  2.277  2.359  2.446  2.540  2.645  2.755  2.858  2.905  2.816  2.604  2.414  2.306  2.261  2.258  2.282  2.324  2.374  2.424  2.465  2.493  2.506  2.504  2.493  2.479  2.464  2.451  2.441  2.430  2.419  2.407  2.391  2.373  2.352  2.336  2.344  2.418  2.584  2.798  2.979  3.097  3.166  3.203  3.224  3.236  3.242  3.240  3.166  2.467  0.987  0.361  0.288
  75.000   75.000  0.320  0.373  0.435  0.508  0.590  0.681  0.780  0.884  0.989  1.091  1.186  1.272  1.347  1.412  1.468  1.523  1.598  1.752  2.047  2.363  2.576  2.725  2.860  2.999  3.147  3.303  3.458  3.582  3.595  3.374  2.963  2.608  2.411  2.325  2.301  2.311  2.342  2.385  2.429  2.466  2.493  2.504  2.501  2.488  2.470  2.451  2.434  2.418  2.404  2.388  2.371  2.351  2.330  2.306  2.286  2.284  2.334  2.476  2.698  2.913  3.062  3.149  3.195  3.221  3.234  3.241  3.236  3.117  2.196  0.798  0.320  0.282
  80.000   80.000  0.320  0.372  0.433  0.503  0.582  0.669  0.762  0.859  0.955  1.047  1.132  1.208  1.274  1.331  1.384  1.448  1.576  1.898  2.444  2.925  3.222  3.433  3.625  3.818  4.017  4.217  4.405  4.538  4.507  4.152  3.505  2.907  2.559  2.404  2.347  2.340  2.360  2.393  2.431  2.464  2.488  2.498  2.493  2.477  2.454  2.430  2.408  2.387  2.367  2.346  2.323  2.298  2.272  2.246  2.222  2.212  2.238  2.344  2.554  2.804  3.001  3.120  3.182  3.215  3.231  3.239  3.229  3.043  1.900  0.647  0.292  0.280
  85.000   85.000  0.324  0.376  0.436  0.504  0.581  0.665  0.753  0.844  0.932  1.016  1.092  1.160  1.218  1.269  1.324  1.421  1.684  2.315  3.166  3.780  4.136  4.392  4.622  4.846  5.068  5.281  5.469  5.585  5.520  5.088  4.249  3.367  2.788  2.511  2.402  2.371  2.376  2.400  2.430  2.459  2.480  2.487  2.480  2.461  2.433  2.404  2.374  2.347  2.320  2.293  2.264  2.235  2.205  2.176  2.150  2.134  2.142  2.207  2.375  2.636  2.892  3.064  3.158  3.204  3.227  3.236  3.218  2.934  1.603  0.529  0.277  0.283
  90.000   90.000  0.331  0.383  0.443  0.511  0.586  0.668  0.752  0.837  0.920  0.996  1.065  1.125  1.176  1.227  1.300  1.489  2.036  3.105  4.207  4.857  5.212  5.467  5.691  5.901  6.098  6.278  6.426  6.508  6.432  6.021  5.138  4.021  3.148  2.676  2.476  2.406  2.393  2.405  2.427  2.451  2.467  2.473  2.463  2.440  2.408  2.371  2.334  2.299  2.265  2.232  2.199  2.166  2.134  2.105  2.080  2.061  2.057  2.089  2.197  2.418  2.710  2.958  3.108  3.183  3.218  3.232  3.202  2.782  1.332  0.443  0.271  0.288
  95.000   95.000  0.342  0.394  0.454  0.523  0.597  0.676  0.758  0.839  0.915  0.985  1.047  1.101  1.150  1.209  1.340  1.746  2.758  4.259  5.398  5.946  6.231  6.434  6.606  6.761  6.900  7.021  7.116  7.161  7.096  6.783  6.027  4.846  3.689  2.942  2.589  2.452  2.411  2.408  2.422  2.439  2.452  2.454  2.443  2.416  2.378  2.333  2.288  2.245  2.204  2.167  2.131  2.098  2.068  2.041  2.017  1.999  1.990  2.001  2.058  2.205  2.468  2.777  3.014  3.147  3.213  3.241  3.202  2.664  1.227  0.452  0.290  0.300
 100.000  100.000  0.367  0.411  0.470  0.538  0.612  0.690  0.769  0.845  0.917  0.982  1.038  1.087  1.139  1.233  1.513  2.320  3.895  5.556  6.450  6.812  6.996  7.126  7.234  7.327  7.409  7.477  7.529  7.550  7.504  7.301  6.762  5.729  4.421  3.362  2.774  2.523  2.435  2.412  2.414  2.425  2.433  2.433  2.419  2.389  2.345  2.292  2.238  2.187  2.142  2.102  2.067  2.036  2.009  1.987  1.967  1.952  1.943  1.944  1.970  2.056  2.258  2.596  2.960  3.217  3.355  3.412  3.376  3.068  2.102  1.032  0.518  0.369
 105.000  105.000  0.567  0.478  0.500  0.559  0.631  0.707  0.783  0.856  0.924  0.983  1.035  1.085  1.156  1.344  1.931  3.313  5.274  6.639  7.172  7.366  7.466  7.537  7.595  7.645  7.688  7.722  7.748  7.756  7.728  7.609  7.273  6.516  5.280  3.975  3.080  2.643  2.474  2.419  2.406  2.409  2.412  2.409  2.392  2.359  2.309  2.249  2.187  2.130  2.082  2.043  2.011  1.984  1.962  1.944  1.930  1.918  1.911  1.913  1.944  2.068  2.420  2.990  3.408  3.557  3.573  3.530  3.436  3.271  2.974  2.402  1.569  0.898
 110.000  110.000  1.578  1.009  0.702  0.629  0.663  0.729  0.801  0.870  0.933  0.989  1.039  1.098  1.226  1.630  2.721  4.669  6.493  7.319  7.577  7.669  7.718  7.753  7.782  7.807  7.827  7.844  7.856  7.859  7.842  7.776  7.584  7.101  6.125  4.764  3.559  2.852  2.545  2.434  2.399  2.391  2.389  2.382  2.364  2.328  2.273  2.205  2.136  2.076  2.028  1.992  1.964  1.943  1.926  1.913  1.903  1.897  1.902  1.949  2.145  2.656  3.263  3.558  3.626  3.616  3.574  3.503  3.394  3.237  3.038  2.821  2.572  2.180
 115.000  115.000  2.508  2.239  1.728  1.172  0.863  0.796  0.831  0.888  0.946  0.998  1.052  1.144  1.415  2.218  3.932  6.048  7.273  7.668  7.779  7.820  7.842  7.859  7.873  7.885  7.894  7.902  7.908  7.908  7.899  7.863  7.759  7.478  6.817  5.631  4.236  3.201  2.675  2.468  2.397  2.374  2.365  2.354  2.333  2.294  2.236  2.162  2.089  2.027  1.982  1.950  1.928  1.912  1.900  1.892  1.890  1.910  2.011  2.359  2.995  3.469  3.627  3.651  3.634  3.598  3.543  3.460  3.341  3.183  3.005  2.844  2.725  2.631
 120.000  120.000  2.676  2.634  2.550  2.332  1.868  1.317  1.011  0.944  0.968  1.015  1.085  1.265  1.829  3.215  5.376  7.040  7.663  7.828  7.874  7.891  7.902  7.910  7.916  7.921  7.926  7.930  7.932  7.932  7.927  7.908  7.852  7.698  7.298  6.424  5.064  3.737  2.910  2.541  2.406  2.359  2.340  2.325  2.301  2.261  2.199  2.121  2.045  1.985  1.944  1.918  1.901  1.890  1.885  1.891  1.939  2.143  2.671  3.289  3.586  3.661  3.664  3.646  3.614  3.569  3.503  3.411  3.284  3.131  2.975  2.849  2.765  2.714
 125.000  125.000  2.749  2.727  2.702  2.667  2.592  2.396  1.952  1.410  1.119  1.070  1.169  1.546  2.597  4.585  6.613  7.567  7.834  7.899  7.917  7.925  7.929  7.933  7.936  7.938  7.941  7.942  7.943  7.943  7.940  7.930  7.901  7.819  7.593  7.031  5.919  4.467  3.301  2.685  2.439  2.351  2.317  2.295  2.269  2.227  2.163  2.083  2.007  1.950  1.914  1.894  1.883  1.881  1.902  2.010  2.371  3.016  3.487  3.646  3.677  3.672  3.653  3.625  3.586  3.532  3.457  3.355  3.226  3.084  2.956  2.864  2.807  2.773
 130.000  130.000  2.816  2.798  2.779  2.756  2.728  2.689  2.614  2.416  1.973  1.480  1.425  2.110  3.782  5.998  7.364  7.799  7.904  7.930  7.937  7.940  7.942  7.944  7.945  7.946  7.947  7.948  7.948  7.948  7.947  7.941  7.926  7.883  7.761  7.432  6.655  5.318  3.889  2.946  2.516  2.357  2.297  2.267  2.237  2.194  2.129  2.049  1.974  1.922  1.893  1.880  1.884  1.936  2.150  2.692  3.307  3.598  3.674  3.684  3.675  3.657  3.632  3.598  3.551  3.487  3.401  3.293  3.168  3.046  2.949  2.887  2.853  2.833
 135.000  135.000  2.882  2.868  2.849  2.826  2.799  2.769  2.733  2.684  2.597  2.398  2.163  2.985  5.182  7.017  7.717  7.893  7.933  7.943  7.946  7.947  7.948  7.949  7.949  7.950  7.950  7.951  7.951  7.951  7.950  7.947  7.939  7.917  7.852  7.670  7.188  6.150  4.659  3.376  2.673  2.389  2.286  2.241  2.206  2.161  2.096  2.018  1.948  1.904  1.886  1.905  2.020  2.397  3.042  3.495  3.649  3.683  3.683  3.673  3.657  3.635  3.604  3.562  3.506  3.432  3.338  3.228  3.114  3.017  2.952  2.918  2.903  2.893
 140.000  140.000  2.946  2.934  2.915  2.891  2.861  2.827  2.788  2.743  2.690  2.625  2.569  3.140  5.850  7.502  7.859  7.930  7.945  7.948  7.950  7.950  7.951  7.951  7.951  7.952  7.952  7.952  7.952  7.952  7.951  7.950  7.946  7.934  7.899  7.799  7.519  6.817  5.506  3.995  2.951  2.468  2.288  2.218  2.176  2.130  2.070  2.003  1.956  1.952  2.024  2.267  2.793  3.338  3.590  3.661  3.675  3.673  3.665  3.651  3.631  3.603  3.565  3.515  3.449  3.366  3.267  3.162  3.066  2.998  2.963  2.953  2.953  2.952
 145.000  145.000  3.004  2.994  2.975  2.949  2.916  2.876  2.829  2.775  2.714  2.644  2.572  2.640  4.332  7.309  7.888  7.942  7.949  7.951  7.951  7.952  7.952  7.952  7.952  7.952  7.952  7.952  7.952  7.952  7.952  7.950  7.947  7.936  7.909  7.833  7.628  7.107  6.029  4.521  3.235  2.532  2.254  2.159  2.122  2.107  2.128  2.226  2.431  2.739  3.115  3.447  3.606  3.643  3.647  3.648  3.647  3.642  3.632  3.616  3.592  3.558  3.513  3.454  3.379  3.289  3.191  3.097  3.025  2.987  2.979  2.988  3.000  3.006
 150.000  150.000  3.055  3.045  3.025  2.996  2.958  2.911  2.855  2.789  2.715  2.630  2.539  2.463  2.786  5.526  7.697  7.933  7.949  7.951  7.951  7.952  7.952  7.952  7.952  7.952  7.952  7.952  7.951  7.950  7.947  7.939  7.918  7.868  7.745  7.459  6.854  5.799  4.431  3.159  2.288  1.852  1.727  1.776  1.919  2.130  2.415  2.793  3.247  3.689  3.963  3.968  3.810  3.674  3.614  3.598  3.594  3.590  3.580  3.562  3.534  3.495  3.442  3.375  3.294  3.203  3.112  3.038  2.993  2.983  2.997  3.020  3.041  3.053
 155.000  155.000  3.093  3.085  3.063  3.030  2.986  2.930  2.863  2.784  2.694  2.595  2.489  2.382  2.334  3.129  6.405  7.797  7.920  7.932  7.935  7.937  7.939  7.941  7.942  7.943  7.942  7.941  7.935  7.920  7.883  7.794  7.586  7.135  6.294  5.068  3.744  2.654  1.929  1.530  1.361  1.338  1.424  1.609  1.863  2.144  2.461  2.851  3.314  3.769  4.071  4.109  3.923  3.702  3.571  3.524  3.513  3.509  3.501  3.482  3.451  3.407  3.349  3.277  3.195  3.111  3.036  2.985  2.967  2.980  3.011  3.045  3.073  3.090
 160.000  160.000  3.118  3.109  3.085  3.048  2.996  2.930  2.850  2.758  2.654  2.542  2.425  2.309  2.206  2.244  3.611  6.669  7.513  7.627  7.674  7.710  7.739  7.763  7.781  7.793  7.794  7.775  7.714  7.557  7.202  6.506  5.411  4.115  2.959  2.131  1.634  1.381  1.276  1.248  1.264  1.320  1.436  1.628  1.875  2.148  2.455  2.835  3.293  3.757  4.095  4.191  4.037  3.765  3.547  3.439  3.404  3.395  3.387  3.370  3.339  3.293  3.234  3.163  3.088  3.017  2.964  2.938  2.944  2.975  3.017  3.059  3.092  3.112
 165.000  165.000  3.125  3.116  3.089  3.046  2.986  2.910  2.818  2.713  2.598  2.477  2.355  2.239  2.135  2.061  2.213  3.536  4.774  5.148  5.378  5.581  5.767  5.931  6.070  6.171  6.207  6.121  5.809  5.163  4.203  3.169  2.321  1.756  1.440  1.291  1.234  1.222  1.232  1.256  1.294  1.361  1.477  1.659  1.892  2.151  2.447  2.815  3.265  3.734  4.098  4.242  4.134  3.853  3.559  3.369  3.284  3.256  3.244  3.227  3.198  3.155  3.100  3.038  2.978  2.927  2.898  2.896  2.920  2.962  3.012  3.059  3.096  3.119
 170.000  170.000  3.114  3.104  3.074  3.025  2.958  2.872  2.771  2.656  2.534  2.410  2.290  2.180  2.085  2.009  1.949  1.927  1.996  2.078  2.166  2.264  2.370  2.485  2.602  2.711  2.789  2.789  2.648  2.342  1.954  1.617  1.395  1.277  1.228  1.215  1.223  1.242  1.267  1.300  1.345  1.412  1.524  1.694  1.911  2.156  2.438  2.794  3.233  3.702  4.085  4.268  4.206  3.943  3.607  3.335  3.181  3.115  3.087  3.067  3.041  3.004  2.960  2.913  2.872  2.844  2.837  2.852  2.889  2.939  2.994  3.044  3.083  3.107
 175.000  175.000  3.085  3.074  3.041  2.988  2.915  2.823  2.715  2.596  2.473  2.351  2.237  2.138  2.055  1.989  1.903  1.664  1.493  1.466  1.470  1.487  1.520  1.571  1.643  1.733  1.830  1.907  1.920  1.830  1.658  1.478  1.347  1.275  1.246  1.246  1.262  1.288  1.321  1.359  1.406  1.472  1.576  1.731  1.931  2.160  2.429  2.770  3.196  3.661  4.058  4.272  4.251  4.018  3.671  3.342  3.116  2.997  2.942  2.913  2.887  2.857  2.825  2.795  2.774  2.766  2.776  2.805  2.849  2.903  2.959  3.011  3.052  3.077
