

VARS   PHI PSI -180 -175 -170 -165 -160 -155 -150 -145 -140 -135 -130 -125 -120 -115 -110 -105 -100 -95 -90 -85 -80 -75 -70 -65 -60 -55 -50 -45 -40 -35 -30 -25 -20 -15 -10 -5 0 5 10 15 20 25 30 35 40 45 50 55 60 65 70 75 80 85 90 95 100 105 110 115 120 125 130 135 140 145 150 155 160 165 170 175 
FORMAT %8.3f %8.3f %6.3f %6.3f %6.3f %6.3f %6.3f %6.3f %6.3f %6.3f %6.3f %6.3f %6.3f %6.3f %6.3f %6.3f %6.3f %6.3f %6.3f %6.3f %6.3f %6.3f %6.3f %6.3f %6.3f %6.3f %6.3f %6.3f %6.3f %6.3f %6.3f %6.3f %6.3f %6.3f %6.3f %6.3f %6.3f %6.3f %6.3f %6.3f %6.3f %6.3f %6.3f %6.3f %6.3f %6.3f %6.3f %6.3f %6.3f %6.3f %6.3f %6.3f %6.3f %6.3f %6.3f %6.3f %6.3f %6.3f %6.3f %6.3f %6.3f %6.3f %6.3f %6.3f %6.3f %6.3f %6.3f %6.3f %6.3f %6.3f %6.3f %6.3f %6.3f %6.3f

-180.000 -180.000  2.902  2.936  3.015  3.157  3.371  3.645  3.950  4.246  4.498  4.671  4.699  4.442  3.870  3.368  3.259  3.599  4.377  5.205  5.591  5.555  5.292  4.908  4.452  3.963  3.479  3.034  2.649  2.335  2.093  1.918  1.811  1.782  1.844  1.972  2.107  2.216  2.300  2.367  2.422  2.468  2.506  2.532  2.542  2.523  2.470  2.441  2.487  2.565  2.638  2.694  2.735  2.768  2.810  2.883  3.010  3.202  3.430  3.627  3.726  3.709  3.604  3.455  3.299  3.161  3.056  2.987  2.947  2.927  2.917  2.908  2.900  2.895
-175.000 -175.000  2.846  2.888  2.975  3.123  3.340  3.616  3.921  4.217  4.463  4.608  4.536  4.110  3.520  3.173  3.144  3.439  4.140  5.029  5.573  5.659  5.478  5.157  4.750  4.290  3.812  3.352  2.937  2.585  2.305  2.096  1.961  1.905  1.932  2.018  2.119  2.208  2.283  2.346  2.401  2.447  2.483  2.507  2.512  2.486  2.437  2.429  2.502  2.610  2.719  2.812  2.884  2.937  2.980  3.025  3.090  3.179  3.270  3.325  3.321  3.262  3.170  3.070  2.979  2.907  2.858  2.833  2.824  2.825  2.828  2.829  2.829  2.832
-170.000 -170.000  2.809  2.855  2.944  3.091  3.304  3.574  3.875  4.167  4.402  4.495  4.284  3.745  3.260  3.055  3.067  3.308  3.912  4.806  5.491  5.702  5.601  5.339  4.982  4.561  4.105  3.647  3.218  2.843  2.535  2.303  2.149  2.073  2.068  2.110  2.170  2.230  2.289  2.344  2.393  2.436  2.468  2.487  2.485  2.455  2.413  2.418  2.498  2.621  2.754  2.880  2.986  3.066  3.118  3.146  3.154  3.146  3.119  3.072  3.008  2.937  2.868  2.808  2.764  2.736  2.725  2.728  2.739  2.753  2.765  2.774  2.780  2.789
-165.000 -165.000  2.788  2.835  2.921  3.061  3.263  3.519  3.808  4.091  4.304  4.315  3.960  3.426  3.096  2.988  3.013  3.201  3.701  4.553  5.346  5.688  5.666  5.457  5.145  4.762  4.335  3.892  3.464  3.080  2.760  2.517  2.357  2.273  2.243  2.243  2.258  2.284  2.320  2.361  2.402  2.438  2.464  2.476  2.470  2.442  2.410  2.416  2.488  2.606  2.747  2.891  3.021  3.124  3.189  3.207  3.172  3.090  2.983  2.879  2.792  2.725  2.678  2.647  2.633  2.633  2.644  2.664  2.687  2.709  2.728  2.741  2.752  2.764
-160.000 -160.000  2.781  2.826  2.907  3.034  3.217  3.452  3.720  3.985  4.160  4.066  3.626  3.200  3.002  2.947  2.972  3.114  3.511  4.282  5.143  5.615  5.678  5.516  5.238  4.886  4.485  4.061  3.643  3.262  2.944  2.707  2.554  2.470  2.424  2.390  2.366  2.359  2.371  2.395  2.424  2.451  2.471  2.478  2.472  2.452  2.430  2.433  2.485  2.584  2.714  2.857  2.994  3.107  3.179  3.190  3.130  3.009  2.867  2.745  2.658  2.603  2.572  2.560  2.563  2.579  2.604  2.634  2.664  2.690  2.712  2.728  2.741  2.756
-155.000 -155.000  2.787  2.829  2.902  3.014  3.174  3.380  3.619  3.853  3.972  3.780  3.352  3.061  2.949  2.920  2.939  3.039  3.342  4.004  4.881  5.479  5.635  5.519  5.266  4.933  4.548  4.137  3.730  3.359  3.054  2.834  2.700  2.624  2.570  2.517  2.467  2.435  2.425  2.433  2.452  2.471  2.486  2.493  2.490  2.481  2.470  2.470  2.499  2.568  2.672  2.797  2.924  3.033  3.101  3.107  3.039  2.912  2.772  2.659  2.585  2.542  2.523  2.522  2.536  2.561  2.594  2.629  2.663  2.692  2.716  2.733  2.747  2.762
-150.000 -150.000  2.804  2.844  2.909  3.006  3.142  3.317  3.519  3.712  3.768  3.519  3.167  2.982  2.917  2.898  2.905  2.969  3.188  3.724  4.561  5.264  5.526  5.460  5.225  4.897  4.515  4.109  3.709  3.353  3.071  2.880  2.771  2.709  2.658  2.599  2.540  2.495  2.471  2.468  2.478  2.494  2.508  2.517  2.521  2.522  2.522  2.522  2.533  2.570  2.640  2.734  2.837  2.928  2.984  2.985  2.921  2.810  2.695  2.605  2.549  2.518  2.508  2.515  2.535  2.566  2.604  2.643  2.680  2.710  2.734  2.752  2.766  2.781
-145.000 -145.000  2.833  2.870  2.929  3.015  3.132  3.278  3.444  3.591  3.589  3.326  3.057  2.936  2.892  2.873  2.868  2.899  3.040  3.444  4.185  4.948  5.328  5.324  5.102  4.770  4.379  3.969  3.578  3.246  3.001  2.851  2.773  2.729  2.688  2.636  2.580  2.532  2.504  2.496  2.504  2.518  2.534  2.548  2.559  2.569  2.579  2.583  2.583  2.593  2.627  2.684  2.754  2.818  2.855  2.850  2.797  2.713  2.631  2.569  2.531  2.512  2.510  2.522  2.548  2.584  2.626  2.668  2.707  2.739  2.764  2.781  2.795  2.810
-140.000 -140.000  2.869  2.906  2.962  3.041  3.145  3.270  3.407  3.515  3.467  3.208  2.994  2.905  2.867  2.841  2.820  2.818  2.890  3.161  3.757  4.512  4.999  5.072  4.870  4.528  4.126  3.718  3.350  3.062  2.871  2.769  2.725  2.702  2.676  2.637  2.591  2.551  2.526  2.519  2.527  2.544  2.563  2.582  2.599  2.617  2.635  2.648  2.647  2.638  2.638  2.655  2.687  2.718  2.734  2.721  2.680  2.625  2.575  2.539  2.518  2.510  2.515  2.533  2.564  2.604  2.651  2.698  2.740  2.774  2.799  2.817  2.831  2.846
-135.000 -135.000  2.909  2.947  3.003  3.080  3.176  3.288  3.404  3.482  3.405  3.147  2.956  2.876  2.834  2.796  2.755  2.719  2.727  2.875  3.296  3.953  4.494  4.650  4.480  4.142  3.749  3.372  3.059  2.840  2.716  2.663  2.650  2.646  2.635  2.612  2.582  2.555  2.539  2.538  2.549  2.569  2.592  2.615  2.637  2.661  2.688  2.711  2.718  2.701  2.674  2.653  2.644  2.639  2.629  2.607  2.576  2.545  2.521  2.507  2.500  2.502  2.514  2.538  2.574  2.621  2.673  2.725  2.771  2.808  2.836  2.855  2.869  2.885
-130.000 -130.000  2.948  2.987  3.045  3.121  3.212  3.315  3.416  3.474  3.379  3.117  2.926  2.841  2.787  2.732  2.667  2.596  2.546  2.588  2.834  3.319  3.815  4.019  3.901  3.609  3.275  2.977  2.756  2.622  2.562  2.551  2.561  2.573  2.576  2.568  2.556  2.544  2.541  2.549  2.566  2.590  2.616  2.642  2.668  2.698  2.734  2.772  2.795  2.782  2.738  2.681  2.629  2.585  2.547  2.513  2.487  2.472  2.467  2.468  2.473  2.483  2.502  2.532  2.575  2.628  2.686  2.744  2.795  2.837  2.867  2.888  2.905  2.922
-125.000 -125.000  2.977  3.018  3.076  3.150  3.236  3.328  3.415  3.460  3.361  3.096  2.893  2.792  2.720  2.642  2.548  2.444  2.350  2.314  2.420  2.712  3.069  3.255  3.199  3.007  2.789  2.610  2.493  2.437  2.428  2.444  2.470  2.492  2.507  2.513  2.517  2.521  2.531  2.549  2.572  2.600  2.629  2.659  2.690  2.727  2.776  2.834  2.881  2.886  2.835  2.748  2.651  2.564  2.494  2.443  2.415  2.407  2.412  2.422  2.435  2.451  2.476  2.513  2.561  2.621  2.686  2.750  2.807  2.854  2.888  2.912  2.930  2.950
-120.000 -120.000  2.988  3.029  3.084  3.151  3.228  3.307  3.378  3.412  3.322  3.066  2.845  2.721  2.624  2.520  2.400  2.271  2.151  2.076  2.096  2.242  2.450  2.580  2.580  2.502  2.411  2.342  2.306  2.302  2.320  2.350  2.383  2.412  2.435  2.453  2.469  2.487  2.509  2.535  2.565  2.596  2.629  2.662  2.700  2.748  2.816  2.903  2.989  3.026  2.983  2.868  2.724  2.587  2.477  2.402  2.363  2.352  2.358  2.371  2.388  2.409  2.439  2.480  2.534  2.599  2.670  2.740  2.803  2.854  2.892  2.919  2.939  2.960
-115.000 -115.000  2.970  3.006  3.055  3.112  3.173  3.234  3.287  3.310  3.237  3.006  2.769  2.618  2.495  2.366  2.228  2.091  1.972  1.895  1.889  1.963  2.081  2.171  2.207  2.207  2.196  2.191  2.197  2.215  2.243  2.276  2.310  2.342  2.369  2.394  2.419  2.446  2.476  2.508  2.543  2.577  2.613  2.652  2.700  2.767  2.865  2.997  3.135  3.220  3.194  3.057  2.860  2.664  2.505  2.396  2.335  2.312  2.310  2.320  2.337  2.360  2.393  2.437  2.494  2.562  2.637  2.711  2.778  2.832  2.873  2.902  2.923  2.943
-110.000 -110.000  2.915  2.944  2.981  3.024  3.067  3.107  3.139  3.149  3.091  2.893  2.647  2.471  2.328  2.188  2.051  1.929  1.836  1.787  1.792  1.850  1.933  2.006  2.055  2.086  2.107  2.125  2.144  2.167  2.194  2.225  2.257  2.287  2.316  2.344  2.373  2.404  2.437  2.472  2.509  2.546  2.586  2.633  2.696  2.791  2.935  3.130  3.335  3.472  3.463  3.301  3.050  2.790  2.575  2.423  2.332  2.287  2.272  2.275  2.288  2.310  2.343  2.387  2.445  2.514  2.589  2.664  2.732  2.787  2.828  2.856  2.875  2.893
-105.000 -105.000  2.824  2.843  2.867  2.893  2.917  2.936  2.948  2.942  2.884  2.702  2.449  2.261  2.120  1.996  1.888  1.805  1.756  1.747  1.776  1.835  1.904  1.966  2.013  2.049  2.076  2.098  2.119  2.140  2.164  2.191  2.221  2.250  2.279  2.307  2.335  2.365  2.397  2.432  2.468  2.507  2.552  2.609  2.694  2.831  3.039  3.311  3.585  3.760  3.752  3.559  3.256  2.937  2.666  2.471  2.346  2.278  2.247  2.239  2.246  2.265  2.295  2.338  2.393  2.460  2.532  2.604  2.668  2.720  2.758  2.782  2.797  2.810
-100.000 -100.000  2.711  2.719  2.730  2.740  2.748  2.751  2.745  2.722  2.641  2.424  2.138  1.961  1.866  1.799  1.752  1.728  1.730  1.758  1.806  1.864  1.921  1.970  2.009  2.040  2.064  2.084  2.102  2.121  2.142  2.167  2.195  2.225  2.254  2.282  2.308  2.334  2.362  2.393  2.427  2.466  2.515  2.586  2.702  2.893  3.179  3.534  3.863  4.048  4.017  3.785  3.436  3.070  2.755  2.522  2.369  2.280  2.233  2.215  2.215  2.229  2.255  2.294  2.346  2.407  2.474  2.540  2.598  2.643  2.674  2.691  2.700  2.705
 -95.000  -95.000  2.603  2.602  2.603  2.603  2.601  2.596  2.583  2.544  2.417  2.103  1.734  1.571  1.557  1.589  1.634  1.686  1.741  1.799  1.855  1.906  1.950  1.986  2.015  2.038  2.056  2.072  2.087  2.103  2.123  2.146  2.175  2.206  2.237  2.265  2.290  2.312  2.334  2.359  2.388  2.426  2.480  2.568  2.721  2.978  3.351  3.782  4.141  4.306  4.231  3.956  3.570  3.171  2.825  2.565  2.391  2.287  2.230  2.204  2.198  2.207  2.229  2.265  2.312  2.368  2.428  2.486  2.536  2.573  2.596  2.607  2.608  2.606
 -90.000  -90.000  2.533  2.527  2.524  2.523  2.523  2.523  2.515  2.465  2.271  1.832  1.364  1.177  1.222  1.357  1.511  1.654  1.769  1.852  1.909  1.950  1.981  2.005  2.024  2.039  2.051  2.062  2.074  2.087  2.105  2.128  2.156  2.189  2.223  2.254  2.280  2.300  2.317  2.334  2.356  2.391  2.449  2.555  2.752  3.081  3.541  4.031  4.394  4.518  4.390  4.071  3.657  3.235  2.870  2.593  2.408  2.296  2.235  2.205  2.196  2.202  2.221  2.254  2.297  2.349  2.404  2.457  2.500  2.532  2.549  2.553  2.549  2.541
 -85.000  -85.000  2.522  2.517  2.519  2.527  2.542  2.562  2.568  2.502  2.221  1.664  1.128  0.889  0.931  1.121  1.371  1.616  1.802  1.909  1.963  1.991  2.009  2.023  2.033  2.041  2.048  2.055  2.064  2.075  2.090  2.112  2.140  2.173  2.210  2.246  2.276  2.297  2.310  2.320  2.335  2.363  2.423  2.547  2.788  3.192  3.732  4.263  4.609  4.680  4.496  4.138  3.701  3.266  2.891  2.608  2.419  2.308  2.248  2.220  2.210  2.216  2.234  2.265  2.308  2.357  2.410  2.459  2.500  2.528  2.543  2.546  2.541  2.531
 -80.000  -80.000  2.569  2.571  2.584  2.611  2.650  2.696  2.716  2.615  2.225  1.575  1.006  0.725  0.731  0.930  1.241  1.583  1.841  1.967  2.013  2.029  2.036  2.040  2.043  2.046  2.048  2.052  2.057  2.066  2.080  2.100  2.127  2.161  2.200  2.240  2.275  2.299  2.313  2.319  2.325  2.346  2.404  2.541  2.823  3.298  3.907  4.464  4.779  4.792  4.556  4.164  3.710  3.268  2.893  2.612  2.429  2.325  2.272  2.248  2.242  2.248  2.267  2.298  2.340  2.390  2.441  2.490  2.531  2.560  2.577  2.583  2.580  2.574
 -75.000  -75.000  2.656  2.668  2.697  2.745  2.811  2.879  2.900  2.743  2.240  1.523  0.943  0.642  0.619  0.815  1.165  1.583  1.895  2.027  2.060  2.062  2.060  2.056  2.054  2.052  2.051  2.052  2.055  2.062  2.075  2.093  2.119  2.153  2.193  2.236  2.276  2.307  2.323  2.328  2.328  2.340  2.391  2.535  2.849  3.385  4.054  4.624  4.902  4.860  4.576  4.154  3.688  3.247  2.878  2.609  2.441  2.351  2.309  2.291  2.288  2.296  2.316  2.347  2.389  2.438  2.490  2.539  2.582  2.615  2.637  2.649  2.652  2.652
 -70.000  -70.000  2.759  2.783  2.828  2.896  2.983  3.066  3.074  2.847  2.244  1.485  0.907  0.606  0.578  0.783  1.167  1.633  1.966  2.088  2.104  2.094  2.082  2.072  2.065  2.060  2.056  2.055  2.057  2.062  2.073  2.090  2.115  2.148  2.189  2.235  2.280  2.316  2.339  2.346  2.343  2.346  2.386  2.526  2.858  3.441  4.160  4.739  4.980  4.886  4.559  4.113  3.641  3.206  2.853  2.605  2.459  2.387  2.357  2.345  2.343  2.351  2.370  2.401  2.442  2.491  2.543  2.594  2.641  2.679  2.707  2.726  2.738  2.747
 -65.000  -65.000  2.861  2.896  2.954  3.038  3.141  3.228  3.213  2.915  2.234  1.451  0.882  0.595  0.587  0.820  1.240  1.730  2.053  2.150  2.147  2.124  2.104  2.089  2.078  2.070  2.064  2.061  2.062  2.066  2.075  2.092  2.115  2.148  2.189  2.237  2.285  2.328  2.357  2.369  2.366  2.362  2.389  2.514  2.845  3.457  4.218  4.806  5.015  4.874  4.510  4.045  3.572  3.152  2.824  2.606  2.488  2.435  2.413  2.402  2.399  2.404  2.421  2.449  2.489  2.537  2.590  2.643  2.694  2.738  2.774  2.801  2.822  2.840
 -60.000  -60.000  2.950  2.995  3.064  3.160  3.271  3.357  3.313  2.951  2.212  1.419  0.865  0.604  0.636  0.912  1.369  1.860  2.149  2.213  2.190  2.155  2.127  2.107  2.092  2.082  2.075  2.070  2.070  2.073  2.081  2.096  2.120  2.152  2.193  2.241  2.293  2.341  2.377  2.395  2.395  2.387  2.400  2.500  2.808  3.425  4.219  4.825  5.010  4.828  4.432  3.955  3.491  3.097  2.808  2.630  2.540  2.498  2.474  2.457  2.446  2.446  2.458  2.484  2.522  2.570  2.623  2.679  2.734  2.784  2.827  2.863  2.893  2.919
 -55.000  -55.000  3.020  3.073  3.151  3.255  3.372  3.452  3.380  2.964  2.183  1.389  0.855  0.631  0.717  1.046  1.536  2.009  2.247  2.277  2.234  2.187  2.151  2.126  2.109  2.096  2.088  2.082  2.080  2.083  2.091  2.105  2.127  2.159  2.200  2.249  2.303  2.355  2.397  2.421  2.425  2.416  2.416  2.487  2.753  3.345  4.160  4.792  4.966  4.750  4.330  3.853  3.416  3.072  2.842  2.710  2.637  2.586  2.543  2.507  2.483  2.473  2.480  2.502  2.538  2.585  2.640  2.698  2.756  2.811  2.861  2.905  2.944  2.980
 -50.000  -50.000  3.065  3.127  3.213  3.325  3.445  3.519  3.421  2.960  2.150  1.361  0.852  0.678  0.828  1.214  1.728  2.162  2.343  2.340  2.280  2.221  2.177  2.147  2.127  2.113  2.103  2.097  2.094  2.096  2.103  2.117  2.139  2.170  2.211  2.261  2.316  2.371  2.417  2.447  2.455  2.446  2.437  2.479  2.688  3.223  4.039  4.708  4.885  4.647  4.219  3.770  3.400  3.147  2.998  2.903  2.816  2.723  2.633  2.561  2.513  2.488  2.486  2.504  2.537  2.583  2.638  2.697  2.758  2.817  2.873  2.924  2.971  3.016
 -45.000  -45.000  3.085  3.157  3.251  3.371  3.495  3.564  3.444  2.946  2.116  1.337  0.859  0.747  0.969  1.411  1.931  2.309  2.433  2.401  2.325  2.256  2.205  2.171  2.148  2.132  2.122  2.115  2.112  2.113  2.119  2.133  2.154  2.185  2.226  2.276  2.332  2.388  2.438  2.472  2.484  2.476  2.460  2.475  2.623  3.074  3.860  4.569  4.768  4.530  4.134  3.776  3.541  3.419  3.346  3.253  3.110  2.936  2.770  2.638  2.549  2.501  2.485  2.494  2.523  2.566  2.619  2.678  2.740  2.802  2.862  2.919  2.973  3.026
 -40.000  -40.000  3.078  3.160  3.264  3.393  3.523  3.590  3.453  2.925  2.081  1.316  0.880  0.843  1.140  1.629  2.132  2.441  2.513  2.457  2.369  2.292  2.235  2.196  2.171  2.154  2.143  2.136  2.133  2.134  2.140  2.153  2.174  2.204  2.244  2.294  2.350  2.407  2.459  2.495  2.510  2.503  2.482  2.476  2.566  2.914  3.624  4.354  4.597  4.418  4.147  3.971  3.908  3.892  3.844  3.716  3.501  3.236  2.976  2.763  2.614  2.526  2.486  2.481  2.500  2.538  2.587  2.644  2.705  2.767  2.829  2.890  2.950  3.011
 -35.000  -35.000  3.045  3.136  3.252  3.392  3.532  3.602  3.452  2.899  2.046  1.301  0.918  0.967  1.339  1.859  2.319  2.554  2.581  2.507  2.410  2.326  2.264  2.223  2.196  2.179  2.168  2.162  2.159  2.159  2.165  2.178  2.198  2.228  2.267  2.316  2.372  2.429  2.480  2.517  2.535  2.528  2.504  2.480  2.515  2.740  3.286  3.927  4.234  4.266  4.267  4.311  4.362  4.375  4.314  4.158  3.908  3.588  3.252  2.955  2.730  2.584  2.504  2.474  2.478  2.505  2.547  2.598  2.655  2.715  2.777  2.840  2.903  2.970
 -30.000  -30.000  2.986  3.086  3.213  3.367  3.521  3.599  3.442  2.871  2.014  1.294  0.979  1.123  1.562  2.087  2.482  2.645  2.635  2.548  2.446  2.358  2.292  2.249  2.222  2.206  2.196  2.191  2.189  2.190  2.196  2.208  2.228  2.257  2.295  2.343  2.397  2.452  2.502  2.539  2.556  2.550  2.521  2.477  2.442  2.469  2.629  2.925  3.327  3.800  4.227  4.514  4.656  4.686  4.626  4.478  4.240  3.924  3.563  3.209  2.912  2.695  2.560  2.489  2.466  2.474  2.503  2.545  2.595  2.651  2.709  2.770  2.835  2.906
 -25.000  -25.000  2.904  3.010  3.147  3.316  3.489  3.582  3.425  2.841  1.985  1.301  1.072  1.312  1.801  2.299  2.614  2.713  2.675  2.579  2.474  2.383  2.317  2.273  2.248  2.234  2.227  2.224  2.224  2.227  2.234  2.246  2.265  2.293  2.330  2.375  2.425  2.477  2.524  2.559  2.575  2.566  2.525  2.431  2.228  1.879  1.603  1.692  2.163  2.906  3.717  4.340  4.678  4.796  4.776  4.662  4.465  4.190  3.853  3.491  3.150  2.870  2.669  2.543  2.478  2.457  2.465  2.492  2.531  2.577  2.629  2.686  2.749  2.820
 -20.000  -20.000  2.802  2.911  3.055  3.239  3.433  3.547  3.397  2.810  1.975  1.357  1.226  1.541  2.045  2.484  2.715  2.759  2.699  2.597  2.491  2.401  2.335  2.293  2.271  2.261  2.259  2.261  2.265  2.270  2.279  2.292  2.312  2.338  2.372  2.414  2.460  2.507  2.549  2.579  2.590  2.570  2.480  2.219  1.693  1.147  0.899  0.989  1.360  1.997  2.853  3.739  4.389  4.712  4.797  4.740  4.591  4.368  4.082  3.752  3.411  3.097  2.839  2.652  2.531  2.466  2.442  2.445  2.467  2.500  2.542  2.591  2.649  2.718
 -15.000  -15.000  2.683  2.791  2.939  3.134  3.348  3.478  3.329  2.789  2.122  1.688  1.618  1.881  2.299  2.637  2.785  2.786  2.708  2.602  2.496  2.407  2.344  2.307  2.290  2.288  2.293  2.301  2.311  2.323  2.335  2.351  2.370  2.395  2.426  2.462  2.502  2.541  2.576  2.599  2.599  2.537  2.292  1.754  1.191  0.865  0.736  0.754  0.940  1.341  1.994  2.864  3.755  4.389  4.681  4.730  4.642  4.470  4.237  3.958  3.651  3.342  3.058  2.820  2.640  2.519  2.448  2.416  2.411  2.425  2.453  2.491  2.540  2.603
 -10.000  -10.000  2.554  2.657  2.803  3.001  3.212  3.286  3.108  2.838  2.638  2.515  2.455  2.481  2.614  2.770  2.832  2.795  2.703  2.593  2.487  2.402  2.344  2.313  2.305  2.312  2.327  2.346  2.366  2.386  2.405  2.424  2.445  2.469  2.495  2.524  2.555  2.585  2.610  2.625  2.602  2.442  2.016  1.536  1.219  1.022  0.893  0.822  0.838  1.001  1.379  2.018  2.881  3.757  4.359  4.610  4.623  4.509  4.326  4.098  3.841  3.568  3.292  3.033  2.807  2.627  2.499  2.418  2.375  2.361  2.367  2.390  2.427  2.480
  -5.000   -5.000  2.419  2.514  2.659  2.856  3.003  2.992  2.939  2.909  2.897  2.892  2.891  2.894  2.904  2.914  2.888  2.805  2.690  2.572  2.467  2.386  2.335  2.313  2.316  2.335  2.365  2.398  2.431  2.462  2.489  2.513  2.536  2.557  2.579  2.600  2.621  2.642  2.663  2.685  2.669  2.483  2.148  1.835  1.581  1.374  1.206  1.077  0.995  0.988  1.113  1.450  2.057  2.897  3.744  4.302  4.508  4.489  4.360  4.180  3.972  3.745  3.506  3.259  3.016  2.793  2.606  2.465  2.371  2.317  2.294  2.295  2.316  2.356
   0.000    0.000  2.289  2.395  2.600  2.836  2.926  2.941  2.947  2.955  2.965  2.977  2.990  3.004  3.019  3.028  3.006  2.902  2.726  2.562  2.442  2.363  2.320  2.310  2.327  2.362  2.409  2.459  2.506  2.548  2.583  2.611  2.634  2.653  2.669  2.684  2.699  2.724  2.786  2.922  3.022  2.886  2.616  2.330  2.064  1.827  1.623  1.454  1.322  1.232  1.206  1.291  1.568  2.114  2.902  3.701  4.209  4.377  4.339  4.211  4.048  3.868  3.674  3.463  3.236  3.000  2.771  2.570  2.414  2.305  2.241  2.212  2.211  2.236
   5.000    5.000  2.217  2.472  2.798  2.929  2.961  2.975  2.988  3.002  3.017  3.033  3.050  3.068  3.087  3.105  3.116  3.090  2.949  2.684  2.463  2.349  2.307  2.310  2.343  2.397  2.462  2.527  2.586  2.635  2.674  2.703  2.724  2.740  2.752  2.766  2.795  2.887  3.126  3.419  3.470  3.313  3.076  2.816  2.558  2.315  2.095  1.905  1.746  1.620  1.532  1.496  1.545  1.748  2.191  2.876  3.599  4.065  4.217  4.184  4.076  3.940  3.790  3.623  3.433  3.216  2.976  2.734  2.515  2.342  2.222  2.152  2.122  2.133
  10.000   10.000  2.439  2.819  2.957  2.993  3.010  3.025  3.041  3.057  3.075  3.094  3.114  3.135  3.158  3.181  3.204  3.220  3.199  3.055  2.724  2.432  2.324  2.324  2.373  2.445  2.524  2.600  2.664  2.714  2.751  2.776  2.795  2.809  2.825  2.863  2.978  3.258  3.604  3.756  3.718  3.584  3.400  3.189  2.968  2.748  2.541  2.353  2.190  2.053  1.946  1.869  1.830  1.848  1.969  2.267  2.782  3.390  3.836  4.020  4.028  3.958  3.856  3.734  3.588  3.409  3.191  2.939  2.676  2.438  2.251  2.126  2.068  2.124
  15.000   15.000  2.864  2.995  3.031  3.050  3.067  3.084  3.103  3.123  3.143  3.165  3.188  3.212  3.238  3.264  3.291  3.318  3.338  3.327  3.197  2.838  2.483  2.379  2.418  2.501  2.589  2.667  2.730  2.776  2.808  2.832  2.852  2.878  2.934  3.077  3.360  3.666  3.832  3.868  3.823  3.724  3.586  3.422  3.244  3.062  2.885  2.719  2.569  2.440  2.333  2.247  2.181  2.137  2.122  2.157  2.291  2.588  3.036  3.477  3.753  3.853  3.847  3.786  3.691  3.559  3.383  3.154  2.881  2.595  2.340  2.159  2.138  2.470
  20.000   20.000  3.040  3.075  3.095  3.114  3.134  3.154  3.175  3.198  3.221  3.246  3.272  3.298  3.326  3.354  3.383  3.412  3.440  3.462  3.453  3.326  2.944  2.547  2.458  2.527  2.622  2.705  2.771  2.820  2.859  2.899  2.955  3.054  3.236  3.486  3.704  3.834  3.894  3.903  3.867  3.790  3.681  3.549  3.404  3.255  3.108  2.968  2.841  2.727  2.629  2.544  2.470  2.403  2.339  2.278  2.229  2.223  2.320  2.582  2.980  3.367  3.614  3.713  3.714  3.649  3.529  3.348  3.100  2.800  2.498  2.323  2.561  2.921
  25.000   25.000  3.125  3.147  3.167  3.188  3.211  3.234  3.258  3.283  3.309  3.335  3.363  3.391  3.420  3.449  3.478  3.508  3.536  3.561  3.571  3.522  3.272  2.716  2.304  2.287  2.424  2.578  2.715  2.839  2.965  3.116  3.306  3.513  3.678  3.779  3.843  3.890  3.920  3.922  3.890  3.824  3.729  3.615  3.490  3.363  3.238  3.121  3.013  2.916  2.828  2.747  2.670  2.590  2.503  2.403  2.291  2.176  2.079  2.046  2.145  2.429  2.849  3.250  3.507  3.609  3.593  3.488  3.297  3.023  2.731  2.731  2.989  3.091
  30.000   30.000  3.204  3.226  3.249  3.273  3.297  3.323  3.349  3.376  3.403  3.431  3.460  3.488  3.517  3.546  3.574  3.602  3.628  3.649  3.650  3.578  3.266  2.567  1.896  1.675  1.768  2.011  2.355  2.780  3.236  3.624  3.852  3.921  3.913  3.900  3.906  3.926  3.943  3.940  3.909  3.847  3.758  3.653  3.538  3.424  3.314  3.211  3.118  3.034  2.955  2.879  2.800  2.711  2.607  2.485  2.345  2.193  2.039  1.901  1.807  1.802  1.950  2.285  2.743  3.164  3.420  3.495  3.420  3.215  3.007  3.074  3.148  3.181
  35.000   35.000  3.290  3.315  3.340  3.366  3.392  3.419  3.446  3.474  3.502  3.531  3.559  3.587  3.614  3.641  3.667  3.691  3.713  3.726  3.707  3.570  3.110  2.290  1.625  1.371  1.382  1.575  1.989  2.659  3.419  3.934  4.102  4.081  4.013  3.966  3.951  3.958  3.968  3.962  3.930  3.868  3.782  3.679  3.569  3.460  3.358  3.266  3.184  3.109  3.038  2.965  2.884  2.788  2.672  2.533  2.375  2.205  2.032  1.868  1.723  1.612  1.558  1.605  1.806  2.185  2.668  3.089  3.307  3.274  3.185  3.213  3.242  3.266
  40.000   40.000  3.385  3.411  3.438  3.465  3.493  3.520  3.548  3.576  3.603  3.630  3.657  3.682  3.707  3.731  3.753  3.773  3.788  3.789  3.738  3.505  2.875  2.020  1.470  1.284  1.298  1.468  1.871  2.577  3.415  3.988  4.171  4.146  4.071  4.013  3.988  3.988  3.992  3.984  3.952  3.891  3.804  3.701  3.591  3.484  3.387  3.301  3.225  3.158  3.092  3.022  2.939  2.837  2.709  2.557  2.386  2.204  2.022  1.849  1.694  1.560  1.455  1.387  1.379  1.470  1.711  2.120  2.654  3.156  3.280  3.309  3.334  3.360
  45.000   45.000  3.487  3.514  3.541  3.569  3.596  3.623  3.650  3.676  3.701  3.726  3.750  3.772  3.793  3.812  3.830  3.844  3.852  3.836  3.736  3.374  2.596  1.789  1.369  1.249  1.276  1.439  1.825  2.514  3.361  3.970  4.186  4.178  4.106  4.044  4.015  4.010  4.012  4.004  3.973  3.913  3.826  3.722  3.610  3.502  3.405  3.322  3.251  3.188  3.127  3.059  2.974  2.865  2.728  2.564  2.381  2.190  2.002  1.826  1.669  1.532  1.419  1.328  1.264  1.235  1.262  1.394  1.881  3.090  3.372  3.407  3.433  3.460
  50.000   50.000  3.592  3.619  3.646  3.673  3.699  3.724  3.748  3.772  3.794  3.815  3.835  3.853  3.869  3.883  3.896  3.904  3.902  3.862  3.692  3.176  2.306  1.605  1.302  1.229  1.266  1.422  1.791  2.458  3.297  3.928  4.173  4.183  4.119  4.059  4.027  4.021  4.024  4.018  3.989  3.932  3.847  3.741  3.627  3.516  3.416  3.333  3.264  3.205  3.146  3.079  2.992  2.877  2.730  2.555  2.362  2.164  1.972  1.795  1.639  1.504  1.391  1.299  1.225  1.171  1.138  1.150  1.556  3.115  3.472  3.511  3.538  3.565
  55.000   55.000  3.698  3.724  3.749  3.773  3.797  3.819  3.840  3.860  3.878  3.895  3.910  3.923  3.934  3.943  3.950  3.951  3.937  3.864  3.596  2.921  2.036  1.467  1.256  1.215  1.258  1.408  1.760  2.403  3.228  3.869  4.136  4.163  4.108  4.052  4.022  4.018  4.024  4.023  4.000  3.946  3.863  3.758  3.641  3.525  3.422  3.336  3.267  3.209  3.152  3.084  2.994  2.873  2.717  2.532  2.331  2.127  1.933  1.756  1.602  1.470  1.360  1.270  1.198  1.141  1.098  1.083  1.466  3.169  3.577  3.618  3.645  3.672
  60.000   60.000  3.801  3.824  3.847  3.868  3.888  3.906  3.923  3.938  3.952  3.964  3.974  3.982  3.988  3.992  3.993  3.987  3.956  3.835  3.442  2.632  1.804  1.368  1.227  1.206  1.252  1.396  1.732  2.351  3.154  3.793  4.074  4.115  4.070  4.021  3.995  3.997  4.010  4.016  4.000  3.953  3.875  3.770  3.651  3.531  3.423  3.332  3.261  3.201  3.144  3.076  2.983  2.855  2.690  2.496  2.288  2.080  1.884  1.709  1.558  1.430  1.324  1.238  1.168  1.113  1.070  1.052  1.430  3.229  3.683  3.725  3.752  3.777
  65.000   65.000  3.897  3.917  3.936  3.953  3.969  3.983  3.995  4.005  4.014  4.021  4.026  4.029  4.031  4.030  4.025  4.010  3.957  3.768  3.229  2.337  1.619  1.300  1.207  1.200  1.247  1.384  1.706  2.299  3.075  3.702  3.986  4.037  4.002  3.961  3.943  3.953  3.977  3.994  3.989  3.951  3.878  3.776  3.656  3.532  3.418  3.322  3.246  3.184  3.125  3.055  2.958  2.823  2.650  2.448  2.233  2.022  1.827  1.654  1.507  1.383  1.282  1.200  1.134  1.082  1.041  1.024  1.403  3.286  3.787  3.829  3.853  3.876
  70.000   70.000  3.984  4.000  4.015  4.027  4.039  4.048  4.055  4.061  4.065  4.067  4.067  4.066  4.063  4.058  4.048  4.022  3.937  3.656  2.966  2.064  1.478  1.254  1.195  1.196  1.242  1.373  1.680  2.248  2.991  3.594  3.872  3.928  3.902  3.870  3.862  3.884  3.922  3.954  3.963  3.936  3.872  3.774  3.654  3.527  3.407  3.305  3.223  3.157  3.096  3.022  2.920  2.779  2.598  2.388  2.168  1.955  1.761  1.592  1.449  1.331  1.234  1.156  1.094  1.046  1.008  0.993  1.375  3.337  3.886  3.927  3.948  3.967
  75.000   75.000  4.061  4.072  4.082  4.090  4.097  4.101  4.104  4.105  4.105  4.103  4.099  4.094  4.087  4.078  4.062  4.021  3.891  3.491  2.673  1.829  1.377  1.223  1.186  1.193  1.238  1.364  1.656  2.198  2.902  3.471  3.733  3.789  3.769  3.746  3.749  3.785  3.840  3.892  3.919  3.908  3.854  3.762  3.644  3.515  3.390  3.281  3.193  3.122  3.056  2.979  2.872  2.723  2.534  2.318  2.093  1.880  1.688  1.523  1.385  1.272  1.181  1.108  1.050  1.005  0.970  0.959  1.344  3.379  3.976  4.015  4.032  4.047
  80.000   80.000  4.125  4.133  4.138  4.142  4.144  4.144  4.143  4.140  4.135  4.129  4.122  4.113  4.103  4.090  4.067  4.007  3.813  3.273  2.376  1.639  1.305  1.203  1.181  1.190  1.234  1.354  1.633  2.147  2.808  3.331  3.569  3.621  3.606  3.590  3.603  3.653  3.728  3.804  3.854  3.862  3.822  3.739  3.624  3.493  3.364  3.249  3.155  3.078  3.008  2.926  2.814  2.658  2.462  2.239  2.011  1.798  1.609  1.449  1.317  1.210  1.124  1.055  1.002  0.961  0.930  0.926  1.324  3.415  4.056  4.093  4.106  4.116
  85.000   85.000  4.179  4.182  4.183  4.183  4.180  4.177  4.172  4.165  4.157  4.148  4.138  4.127  4.114  4.096  4.064  3.975  3.694  3.009  2.099  1.494  1.257  1.190  1.177  1.188  1.231  1.345  1.611  2.096  2.707  3.177  3.385  3.428  3.415  3.405  3.426  3.489  3.584  3.686  3.763  3.795  3.773  3.701  3.591  3.461  3.328  3.208  3.107  3.025  2.950  2.864  2.747  2.585  2.382  2.154  1.924  1.712  1.527  1.372  1.245  1.144  1.063  1.000  0.952  0.920  0.913  0.981  1.516  3.528  4.133  4.160  4.168  4.174
  90.000   90.000  4.221  4.220  4.218  4.214  4.208  4.201  4.192  4.183  4.172  4.160  4.148  4.134  4.119  4.097  4.052  3.921  3.528  2.716  1.859  1.389  1.225  1.181  1.175  1.187  1.228  1.337  1.589  2.044  2.600  3.011  3.185  3.218  3.205  3.198  3.224  3.296  3.408  3.535  3.643  3.704  3.704  3.647  3.544  3.415  3.280  3.155  3.049  2.962  2.883  2.794  2.672  2.506  2.297  2.064  1.833  1.623  1.442  1.293  1.172  1.077  1.003  0.951  0.929  0.975  1.198  1.821  3.120  4.385  4.313  4.229  4.220  4.221
  95.000   95.000  4.255  4.250  4.244  4.236  4.228  4.218  4.207  4.194  4.181  4.168  4.153  4.137  4.119  4.092  4.030  3.839  3.312  2.418  1.664  1.314  1.203  1.176  1.173  1.186  1.225  1.329  1.568  1.990  2.488  2.837  2.976  2.998  2.983  2.977  3.004  3.080  3.203  3.352  3.492  3.586  3.613  3.573  3.480  3.353  3.217  3.088  2.978  2.887  2.806  2.714  2.591  2.421  2.208  1.973  1.741  1.533  1.357  1.214  1.101  1.018  0.973  1.006  1.229  1.847  3.087  4.826  5.845  5.568  4.883  4.411  4.280  4.260
 100.000  100.000  4.282  4.272  4.262  4.252  4.241  4.229  4.215  4.201  4.186  4.171  4.154  4.137  4.116  4.082  3.993  3.721  3.052  2.138  1.513  1.263  1.189  1.172  1.172  1.185  1.222  1.322  1.547  1.935  2.371  2.658  2.764  2.775  2.759  2.752  2.777  2.851  2.977  3.142  3.309  3.437  3.496  3.479  3.397  3.275  3.137  3.005  2.892  2.798  2.716  2.625  2.502  2.331  2.116  1.880  1.650  1.446  1.276  1.144  1.061  1.067  1.282  1.916  3.194  5.096  6.721  7.043  6.459  5.701  5.094  4.682  4.422  4.309
 105.000  105.000  4.309  4.286  4.274  4.262  4.249  4.234  4.219  4.203  4.187  4.170  4.153  4.134  4.110  4.064  3.937  3.558  2.761  1.893  1.403  1.228  1.180  1.170  1.171  1.184  1.220  1.315  1.526  1.879  2.252  2.481  2.557  2.559  2.541  2.532  2.553  2.620  2.742  2.911  3.099  3.259  3.353  3.361  3.295  3.179  3.041  2.906  2.789  2.694  2.612  2.524  2.405  2.237  2.024  1.789  1.562  1.367  1.224  1.180  1.360  1.991  3.299  5.272  7.156  8.011  7.896  7.252  6.412  5.633  5.061  4.702  4.494  4.373
 110.000  110.000  4.304  4.272  4.265  4.262  4.251  4.236  4.220  4.203  4.185  4.167  4.149  4.129  4.100  4.038  3.856  3.348  2.463  1.691  1.324  1.206  1.174  1.168  1.171  1.183  1.218  1.308  1.505  1.821  2.133  2.308  2.360  2.354  2.335  2.325  2.340  2.397  2.507  2.671  2.868  3.054  3.182  3.220  3.173  3.064  2.928  2.791  2.671  2.574  2.494  2.411  2.299  2.139  1.932  1.704  1.500  1.382  1.490  2.073  3.361  5.320  7.250  8.333  8.611  8.417  7.902  7.145  6.294  5.540  4.999  4.664  4.474  4.367
 115.000  115.000  4.274  4.234  4.210  4.212  4.230  4.230  4.217  4.200  4.181  4.163  4.143  4.121  4.086  4.000  3.740  3.093  2.179  1.535  1.270  1.191  1.171  1.167  1.170  1.182  1.216  1.301  1.485  1.762  2.016  2.146  2.178  2.168  2.148  2.136  2.145  2.190  2.285  2.434  2.628  2.830  2.987  3.057  3.031  2.933  2.799  2.660  2.538  2.440  2.362  2.285  2.184  2.038  1.854  1.693  1.707  2.164  3.298  5.052  6.872  8.095  8.653  8.797  8.684  8.347  7.771  6.994  6.154  5.433  4.924  4.612  4.435  4.335
 120.000  120.000  4.231  4.190  4.158  4.136  4.136  4.170  4.198  4.194  4.177  4.157  4.136  4.111  4.066  3.945  3.584  2.806  1.929  1.418  1.233  1.181  1.168  1.166  1.170  1.181  1.214  1.295  1.464  1.703  1.904  1.997  2.014  2.001  1.981  1.968  1.972  2.006  2.082  2.212  2.392  2.596  2.773  2.873  2.872  2.787  2.657  2.518  2.394  2.295  2.218  2.148  2.066  1.971  1.950  2.214  2.941  4.110  5.520  6.854  7.848  8.442  8.715  8.753  8.589  8.211  7.602  6.813  5.993  5.308  4.835  4.548  4.384  4.290
 125.000  125.000  4.173  4.132  4.098  4.072  4.058  4.068  4.116  4.177  4.186  4.162  4.134  4.101  4.040  3.866  3.381  2.508  1.721  1.335  1.209  1.175  1.167  1.166  1.170  1.181  1.212  1.289  1.443  1.645  1.800  1.864  1.871  1.856  1.837  1.824  1.824  1.847  1.905  2.012  2.170  2.363  2.550  2.674  2.698  2.630  2.506  2.368  2.242  2.141  2.065  2.015  2.012  2.129  2.423  2.916  3.645  4.621  5.765  6.887  7.779  8.347  8.615  8.641  8.450  8.035  7.395  6.601  5.807  5.165  4.729  4.468  4.318  4.230
 130.000  130.000  4.098  4.056  4.023  3.998  3.988  4.004  4.059  4.162  4.279  4.308  4.232  4.137  4.024  3.765  3.137  2.223  1.558  1.278  1.194  1.172  1.167  1.167  1.171  1.182  1.213  1.285  1.422  1.588  1.703  1.746  1.747  1.733  1.716  1.703  1.700  1.715  1.759  1.843  1.974  2.148  2.331  2.470  2.517  2.466  2.351  2.214  2.085  1.987  1.948  1.995  2.106  2.272  2.530  2.944  3.580  4.471  5.559  6.670  7.588  8.190  8.473  8.489  8.268  7.812  7.143  6.352  5.594  5.000  4.606  4.370  4.235  4.153
 135.000  135.000  4.004  3.962  3.929  3.908  3.909  3.943  4.027  4.166  4.348  4.530  4.636  4.574  4.305  3.799  2.931  1.993  1.452  1.257  1.203  1.190  1.188  1.191  1.197  1.212  1.243  1.306  1.409  1.523  1.602  1.635  1.639  1.631  1.621  1.615  1.617  1.635  1.678  1.754  1.869  2.019  2.180  2.312  2.368  2.330  2.219  2.075  1.960  1.932  1.973  2.037  2.124  2.259  2.483  2.854  3.437  4.270  5.315  6.420  7.363  7.995  8.289  8.288  8.029  7.531  6.838  6.062  5.352  4.813  4.462  4.254  4.133  4.057
 140.000  140.000  3.891  3.850  3.820  3.806  3.822  3.883  4.002  4.178  4.388  4.597  4.773  4.893  4.917  4.654  3.559  2.217  1.684  1.555  1.526  1.517  1.510  1.502  1.490  1.475  1.462  1.452  1.451  1.462  1.483  1.511  1.541  1.573  1.610  1.659  1.725  1.812  1.920  2.043  2.172  2.293  2.394  2.464  2.487  2.444  2.307  2.106  1.993  1.978  1.999  2.041  2.112  2.231  2.432  2.767  3.300  4.076  5.072  6.154  7.107  7.755  8.048  8.020  7.717  7.179  6.476  5.732  5.082  4.605  4.300  4.119  4.011  3.942
 145.000  145.000  3.761  3.722  3.698  3.696  3.734  3.828  3.985  4.194  4.423  4.636  4.811  4.937  5.013  5.010  4.763  4.020  3.532  3.310  3.077  2.809  2.528  2.259  2.025  1.835  1.692  1.590  1.520  1.476  1.455  1.459  1.502  1.609  1.783  1.988  2.171  2.313  2.416  2.492  2.547  2.589  2.619  2.639  2.645  2.613  2.470  2.207  2.049  2.011  2.017  2.048  2.107  2.211  2.391  2.694  3.179  3.895  4.832  5.875  6.815  7.458  7.734  7.668  7.319  6.750  6.057  5.364  4.787  4.377  4.119  3.966  3.872  3.809
 150.000  150.000  3.618  3.584  3.569  3.585  3.651  3.781  3.975  4.212  4.454  4.667  4.835  4.951  5.012  4.987  4.829  4.737  4.788  4.540  4.097  3.599  3.116  2.687  2.330  2.050  1.841  1.691  1.588  1.520  1.480  1.470  1.507  1.626  1.847  2.109  2.316  2.443  2.517  2.564  2.596  2.621  2.640  2.654  2.660  2.636  2.512  2.264  2.100  2.052  2.048  2.069  2.116  2.206  2.366  2.637  3.076  3.730  4.599  5.583  6.482  7.093  7.329  7.215  6.824  6.245  5.588  4.969  4.476  4.137  3.926  3.799  3.720  3.663
 155.000  155.000  3.470  3.444  3.442  3.480  3.577  3.744  3.972  4.230  4.480  4.691  4.851  4.954  4.984  4.882  4.619  4.662  5.006  4.937  4.554  4.053  3.533  3.047  2.625  2.281  2.014  1.817  1.676  1.581  1.521  1.495  1.517  1.621  1.831  2.087  2.293  2.421  2.496  2.544  2.578  2.605  2.626  2.642  2.650  2.632  2.528  2.313  2.161  2.111  2.100  2.111  2.146  2.221  2.360  2.600  2.993  3.584  4.376  5.279  6.104  6.649  6.822  6.655  6.239  5.680  5.088  4.562  4.161  3.892  3.726  3.625  3.559  3.509
 160.000  160.000  3.325  3.309  3.324  3.387  3.517  3.718  3.973  4.246  4.500  4.707  4.858  4.942  4.919  4.690  4.315  4.470  5.033  5.175  4.911  4.462  3.948  3.433  2.961  2.557  2.230  1.979  1.795  1.665  1.579  1.533  1.537  1.620  1.807  2.048  2.249  2.379  2.458  2.511  2.551  2.581  2.606  2.625  2.636  2.622  2.535  2.358  2.233  2.189  2.176  2.179  2.203  2.261  2.378  2.587  2.934  3.459  4.163  4.963  5.678  6.121  6.214  6.002  5.589  5.084  4.584  4.162  3.854  3.652  3.529  3.452  3.399  3.357
 165.000  165.000  3.191  3.188  3.221  3.309  3.469  3.698  3.974  4.258  4.513  4.716  4.856  4.907  4.791  4.395  3.977  4.242  4.960  5.315  5.198  4.830  4.352  3.836  3.332  2.877  2.493  2.185  1.950  1.778  1.660  1.588  1.569  1.629  1.790  2.011  2.203  2.333  2.417  2.475  2.519  2.555  2.583  2.605  2.618  2.606  2.533  2.398  2.310  2.284  2.276  2.277  2.291  2.335  2.429  2.605  2.904  3.358  3.963  4.635  5.208  5.523  5.532  5.297  4.920  4.498  4.106  3.791  3.570  3.429  3.343  3.288  3.247  3.214
 170.000  170.000  3.074  3.084  3.135  3.247  3.431  3.682  3.973  4.263  4.519  4.716  4.837  4.829  4.569  4.026  3.668  4.008  4.810  5.361  5.407  5.141  4.722  4.231  3.720  3.232  2.797  2.433  2.145  1.927  1.769  1.667  1.621  1.653  1.785  1.980  2.159  2.287  2.374  2.437  2.486  2.526  2.558  2.583  2.596  2.585  2.522  2.426  2.385  2.388  2.397  2.403  2.415  2.446  2.518  2.660  2.906  3.283  3.776  4.298  4.706  4.887  4.828  4.599  4.287  3.964  3.681  3.466  3.321  3.231  3.176  3.139  3.110  3.086
 175.000  175.000  2.977  3.000  3.067  3.197  3.400  3.666  3.966  4.260  4.515  4.703  4.791  4.683  4.247  3.659  3.428  3.790  4.607  5.321  5.537  5.383  5.039  4.596  4.102  3.602  3.132  2.721  2.380  2.113  1.913  1.775  1.699  1.701  1.799  1.964  2.124  2.246  2.333  2.399  2.452  2.496  2.531  2.558  2.571  2.557  2.501  2.441  2.447  2.487  2.524  2.549  2.569  2.595  2.648  2.754  2.943  3.233  3.599  3.958  4.200  4.264  4.167  3.971  3.737  3.513  3.329  3.197  3.112  3.062  3.033  3.012  2.993  2.979
