

VARS   PHI PSI -180 -175 -170 -165 -160 -155 -150 -145 -140 -135 -130 -125 -120 -115 -110 -105 -100 -95 -90 -85 -80 -75 -70 -65 -60 -55 -50 -45 -40 -35 -30 -25 -20 -15 -10 -5 0 5 10 15 20 25 30 35 40 45 50 55 60 65 70 75 80 85 90 95 100 105 110 115 120 125 130 135 140 145 150 155 160 165 170 175 
FORMAT %8.3f %8.3f %6.3f %6.3f %6.3f %6.3f %6.3f %6.3f %6.3f %6.3f %6.3f %6.3f %6.3f %6.3f %6.3f %6.3f %6.3f %6.3f %6.3f %6.3f %6.3f %6.3f %6.3f %6.3f %6.3f %6.3f %6.3f %6.3f %6.3f %6.3f %6.3f %6.3f %6.3f %6.3f %6.3f %6.3f %6.3f %6.3f %6.3f %6.3f %6.3f %6.3f %6.3f %6.3f %6.3f %6.3f %6.3f %6.3f %6.3f %6.3f %6.3f %6.3f %6.3f %6.3f %6.3f %6.3f %6.3f %6.3f %6.3f %6.3f %6.3f %6.3f %6.3f %6.3f %6.3f %6.3f %6.3f %6.3f %6.3f %6.3f %6.3f %6.3f %6.3f %6.3f

-180.000 -180.000  3.298  3.287  3.276  3.275  3.288  3.323  3.381  3.464  3.580  3.742  3.982  4.360  5.036  6.117  6.719  6.860  6.910  6.916  6.878  6.793  6.656  6.462  6.204  5.875  5.470  4.990  4.448  3.898  3.450  3.221  3.235  3.421  3.704  4.042  4.407  4.778  5.124  5.412  5.618  5.748  5.823  5.863  5.877  5.865  5.824  5.755  5.662  5.553  5.433  5.294  5.114  4.857  4.479  3.989  3.507  3.172  3.000  2.924  2.889  2.873  2.869  2.877  2.901  2.940  2.992  3.054  3.118  3.179  3.231  3.270  3.293  3.302
-175.000 -175.000  3.297  3.276  3.256  3.245  3.251  3.280  3.336  3.427  3.565  3.779  4.111  4.622  5.395  6.271  6.636  6.736  6.787  6.798  6.762  6.675  6.532  6.328  6.059  5.720  5.311  4.836  4.316  3.800  3.382  3.160  3.153  3.304  3.547  3.841  4.159  4.480  4.785  5.056  5.281  5.453  5.577  5.662  5.714  5.734  5.715  5.652  5.544  5.399  5.223  5.013  4.752  4.414  3.999  3.572  3.235  3.029  2.923  2.874  2.854  2.850  2.859  2.881  2.915  2.963  3.022  3.088  3.155  3.216  3.265  3.298  3.314  3.312
-170.000 -170.000  3.281  3.252  3.225  3.208  3.209  3.235  3.295  3.403  3.583  3.877  4.333  4.981  5.776  6.386  6.543  6.602  6.650  6.663  6.627  6.537  6.387  6.173  5.893  5.547  5.136  4.671  4.177  3.700  3.320  3.112  3.091  3.210  3.415  3.668  3.943  4.217  4.472  4.695  4.884  5.046  5.187  5.308  5.404  5.467  5.482  5.434  5.311  5.120  4.877  4.595  4.275  3.921  3.566  3.266  3.055  2.928  2.857  2.822  2.812  2.818  2.839  2.871  2.915  2.971  3.036  3.106  3.174  3.234  3.279  3.307  3.314  3.304
-165.000 -165.000  3.255  3.221  3.189  3.168  3.167  3.195  3.266  3.405  3.651  4.055  4.650  5.398  6.130  6.464  6.446  6.461  6.500  6.511  6.473  6.377  6.219  5.995  5.705  5.353  4.945  4.496  4.033  3.601  3.264  3.079  3.051  3.142  3.310  3.524  3.758  3.991  4.200  4.370  4.500  4.604  4.703  4.810  4.919  5.014  5.065  5.040  4.911  4.682  4.390  4.076  3.767  3.483  3.244  3.063  2.934  2.848  2.795  2.770  2.766  2.781  2.809  2.851  2.903  2.966  3.036  3.108  3.177  3.236  3.278  3.300  3.301  3.285
-160.000 -160.000  3.225  3.187  3.153  3.130  3.129  3.164  3.257  3.446  3.784  4.318  5.034  5.814  6.419  6.516  6.351  6.319  6.343  6.346  6.301  6.196  6.027  5.792  5.494  5.138  4.738  4.311  3.887  3.506  3.218  3.062  3.034  3.103  3.236  3.410  3.605  3.799  3.968  4.095  4.172  4.210  4.235  4.274  4.337  4.415  4.475  4.466  4.346  4.114  3.829  3.557  3.333  3.161  3.029  2.925  2.841  2.777  2.735  2.716  2.719  2.739  2.775  2.823  2.882  2.950  3.023  3.098  3.167  3.225  3.264  3.282  3.279  3.258
-155.000 -155.000  3.195  3.156  3.121  3.098  3.101  3.150  3.277  3.536  3.987  4.646  5.434  6.177  6.636  6.548  6.263  6.181  6.182  6.171  6.112  5.994  5.811  5.564  5.258  4.905  4.518  4.121  3.742  3.417  3.184  3.062  3.041  3.093  3.195  3.331  3.487  3.643  3.777  3.869  3.908  3.899  3.861  3.823  3.808  3.823  3.845  3.829  3.727  3.535  3.317  3.138  3.020  2.944  2.881  2.818  2.757  2.707  2.674  2.663  2.671  2.697  2.737  2.789  2.852  2.924  3.000  3.077  3.147  3.204  3.242  3.258  3.253  3.230
-150.000 -150.000  3.169  3.130  3.096  3.076  3.087  3.157  3.333  3.680  4.247  5.000  5.798  6.461  6.787  6.567  6.185  6.049  6.022  5.989  5.911  5.773  5.573  5.313  5.003  4.655  4.290  3.930  3.602  3.339  3.163  3.079  3.071  3.113  3.188  3.289  3.406  3.523  3.623  3.686  3.699  3.663  3.590  3.503  3.426  3.374  3.342  3.301  3.214  3.076  2.939  2.850  2.811  2.791  2.763  2.722  2.675  2.637  2.614  2.610  2.624  2.653  2.697  2.752  2.817  2.891  2.969  3.048  3.120  3.178  3.216  3.232  3.226  3.203
-145.000 -145.000  3.148  3.112  3.080  3.065  3.089  3.189  3.427  3.870  4.537  5.335  6.095  6.664  6.889  6.580  6.115  5.926  5.865  5.804  5.699  5.538  5.317  5.044  4.732  4.397  4.060  3.744  3.474  3.273  3.154  3.110  3.119  3.157  3.213  3.283  3.363  3.443  3.509  3.544  3.537  3.486  3.399  3.293  3.187  3.098  3.028  2.965  2.886  2.786  2.703  2.666  2.666  2.670  2.658  2.629  2.595  2.568  2.555  2.559  2.577  2.610  2.655  2.711  2.777  2.851  2.932  3.012  3.087  3.147  3.188  3.206  3.202  3.181
-140.000 -140.000  3.136  3.103  3.076  3.069  3.109  3.247  3.554  4.087  4.821  5.619  6.316  6.802  6.955  6.587  6.054  5.812  5.713  5.619  5.482  5.291  5.048  4.763  4.454  4.138  3.837  3.570  3.359  3.219  3.155  3.151  3.180  3.221  3.264  3.309  3.356  3.400  3.432  3.440  3.415  3.355  3.265  3.157  3.047  2.947  2.864  2.793  2.719  2.637  2.570  2.546  2.554  2.564  2.558  2.538  2.516  2.501  2.498  2.509  2.532  2.567  2.612  2.668  2.733  2.808  2.888  2.971  3.049  3.114  3.159  3.181  3.182  3.165
-135.000 -135.000  3.133  3.105  3.084  3.087  3.149  3.329  3.703  4.306  5.071  5.838  6.469  6.890  6.997  6.590  5.999  5.704  5.565  5.433  5.259  5.036  4.771  4.478  4.178  3.889  3.629  3.415  3.261  3.177  3.161  3.193  3.245  3.294  3.332  3.359  3.380  3.392  3.392  3.372  3.329  3.261  3.172  3.070  2.967  2.872  2.792  2.724  2.656  2.575  2.502  2.464  2.462  2.467  2.465  2.454  2.443  2.439  2.445  2.462  2.488  2.524  2.569  2.623  2.686  2.760  2.841  2.925  3.007  3.078  3.130  3.160  3.167  3.156
-130.000 -130.000  3.140  3.119  3.105  3.119  3.204  3.426  3.856  4.504  5.269  5.994  6.568  6.943  7.022  6.588  5.945  5.598  5.417  5.243  5.031  4.775  4.491  4.197  3.914  3.658  3.442  3.279  3.177  3.141  3.165  3.229  3.305  3.368  3.408  3.426  3.426  3.411  3.382  3.337  3.276  3.199  3.111  3.017  2.925  2.841  2.771  2.711  2.647  2.562  2.468  2.405  2.384  2.383  2.383  2.380  2.380  2.385  2.398  2.419  2.447  2.482  2.525  2.577  2.638  2.709  2.789  2.876  2.962  3.040  3.102  3.141  3.158  3.156
-125.000 -125.000  3.158  3.145  3.139  3.165  3.271  3.528  3.998  4.665  5.412  6.094  6.625  6.972  7.034  6.580  5.886  5.486  5.259  5.043  4.791  4.508  4.213  3.927  3.668  3.449  3.278  3.161  3.102  3.103  3.159  3.251  3.350  3.431  3.480  3.497  3.485  3.451  3.398  3.330  3.252  3.166  3.078  2.991  2.909  2.838  2.778  2.727  2.666  2.572  2.454  2.361  2.320  2.313  2.315  2.320  2.327  2.340  2.357  2.380  2.409  2.443  2.483  2.531  2.588  2.656  2.735  2.823  2.914  3.001  3.074  3.126  3.155  3.164
-120.000 -120.000  3.186  3.182  3.184  3.221  3.344  3.624  4.114  4.781  5.502  6.149  6.652  6.981  7.035  6.561  5.812  5.356  5.082  4.822  4.535  4.233  3.938  3.671  3.444  3.264  3.134  3.054  3.029  3.058  3.137  3.250  3.371  3.473  3.539  3.562  3.548  3.502  3.432  3.346  3.253  3.159  3.070  2.988  2.915  2.854  2.804  2.759  2.699  2.592  2.446  2.326  2.271  2.260  2.266  2.276  2.289  2.305  2.325  2.349  2.376  2.407  2.444  2.487  2.540  2.604  2.680  2.769  2.864  2.960  3.046  3.113  3.158  3.181
-115.000 -115.000  3.223  3.229  3.240  3.285  3.417  3.707  4.198  4.850  5.546  6.168  6.654  6.976  7.024  6.522  5.707  5.190  4.866  4.566  4.255  3.949  3.669  3.430  3.240  3.097  3.001  2.950  2.948  2.996  3.090  3.219  3.359  3.484  3.572  3.612  3.604  3.556  3.477  3.380  3.276  3.176  3.085  3.006  2.940  2.887  2.843  2.802  2.737  2.611  2.435  2.294  2.233  2.225  2.235  2.250  2.266  2.284  2.304  2.326  2.350  2.378  2.409  2.448  2.495  2.555  2.628  2.715  2.815  2.919  3.019  3.103  3.166  3.204
-110.000 -110.000  3.267  3.284  3.302  3.352  3.485  3.770  4.247  4.876  5.548  6.154  6.636  6.957  6.997  6.445  5.543  4.960  4.590  4.262  3.945  3.654  3.405  3.204  3.050  2.939  2.870  2.840  2.854  2.911  3.013  3.151  3.307  3.455  3.570  3.635  3.645  3.605  3.528  3.427  3.319  3.214  3.121  3.043  2.982  2.933  2.894  2.852  2.776  2.622  2.412  2.260  2.205  2.204  2.220  2.239  2.257  2.275  2.293  2.313  2.334  2.357  2.384  2.417  2.459  2.513  2.581  2.667  2.769  2.881  2.994  3.096  3.177  3.234
-105.000 -105.000  3.315  3.345  3.369  3.420  3.547  3.815  4.263  4.862  5.513  6.113  6.597  6.922  6.942  6.292  5.271  4.628  4.232  3.903  3.608  3.355  3.149  2.988  2.868  2.784  2.735  2.721  2.743  2.806  2.908  3.048  3.212  3.379  3.523  3.621  3.661  3.643  3.578  3.483  3.376  3.271  3.177  3.099  3.039  2.993  2.955  2.908  2.812  2.615  2.370  2.219  2.180  2.192  2.217  2.240  2.259  2.277  2.294  2.311  2.328  2.347  2.370  2.398  2.435  2.483  2.547  2.630  2.732  2.850  2.975  3.093  3.193  3.267
-100.000 -100.000  3.365  3.406  3.438  3.488  3.602  3.842  4.251  4.813  5.444  6.042  6.536  6.864  6.828  5.985  4.825  4.168  3.793  3.505  3.263  3.064  2.906  2.785  2.695  2.635  2.602  2.599  2.627  2.690  2.788  2.922  3.085  3.263  3.431  3.565  3.644  3.660  3.621  3.542  3.444  3.342  3.249  3.170  3.110  3.063  3.023  2.966  2.838  2.584  2.306  2.169  2.154  2.184  2.218  2.247  2.270  2.288  2.304  2.318  2.333  2.350  2.370  2.394  2.427  2.472  2.532  2.612  2.713  2.834  2.966  3.096  3.211  3.302
 -95.000  -95.000  3.411  3.463  3.503  3.553  3.653  3.859  4.219  4.735  5.342  5.941  6.448  6.766  6.582  5.409  4.182  3.613  3.324  3.114  2.943  2.804  2.693  2.607  2.543  2.502  2.484  2.490  2.521  2.581  2.672  2.795  2.949  3.125  3.307  3.471  3.590  3.650  3.647  3.596  3.514  3.421  3.331  3.252  3.189  3.140  3.095  3.021  2.847  2.525  2.224  2.112  2.125  2.174  2.221  2.258  2.284  2.304  2.320  2.334  2.348  2.364  2.383  2.407  2.439  2.481  2.539  2.617  2.716  2.837  2.973  3.109  3.234  3.336
 -90.000  -90.000  3.452  3.513  3.561  3.613  3.700  3.871  4.175  4.635  5.209  5.806  6.323  6.585  6.065  4.522  3.458  3.083  2.913  2.790  2.686  2.597  2.523  2.465  2.423  2.398  2.391  2.403  2.436  2.492  2.575  2.685  2.825  2.992  3.174  3.354  3.506  3.608  3.649  3.633  3.577  3.499  3.415  3.337  3.272  3.219  3.164  3.067  2.836  2.443  2.135  2.056  2.096  2.162  2.222  2.267  2.299  2.322  2.339  2.353  2.368  2.385  2.406  2.432  2.465  2.509  2.567  2.644  2.743  2.863  2.997  3.134  3.262  3.369
 -85.000  -85.000  3.489  3.556  3.610  3.665  3.743  3.882  4.129  4.523  5.049  5.633  6.138  6.227  5.142  3.541  2.865  2.691  2.620  2.561  2.504  2.450  2.403  2.365  2.339  2.326  2.326  2.341  2.374  2.426  2.500  2.599  2.725  2.878  3.052  3.235  3.406  3.541  3.623  3.646  3.620  3.563  3.490  3.416  3.350  3.292  3.226  3.099  2.800  2.346  2.052  2.008  2.071  2.153  2.223  2.276  2.313  2.338  2.356  2.372  2.389  2.408  2.432  2.461  2.498  2.546  2.607  2.686  2.785  2.904  3.036  3.170  3.295  3.403
 -80.000  -80.000  3.527  3.596  3.653  3.709  3.781  3.894  4.089  4.410  4.872  5.419  5.856  5.547  3.966  2.801  2.503  2.458  2.442  2.418  2.388  2.355  2.325  2.300  2.284  2.278  2.283  2.300  2.331  2.379  2.446  2.535  2.649  2.788  2.951  3.129  3.306  3.461  3.573  3.630  3.636  3.602  3.544  3.478  3.413  3.351  3.273  3.111  2.743  2.248  1.984  1.973  2.055  2.149  2.229  2.287  2.326  2.352  2.370  2.387  2.405  2.427  2.455  2.488  2.530  2.583  2.649  2.732  2.834  2.953  3.083  3.214  3.336  3.441
 -75.000  -75.000  3.573  3.641  3.698  3.751  3.815  3.906  4.057  4.308  4.690  5.164  5.415  4.510  2.987  2.403  2.326  2.337  2.344  2.337  2.320  2.298  2.278  2.261  2.251  2.249  2.256  2.273  2.302  2.346  2.407  2.488  2.591  2.719  2.871  3.041  3.217  3.380  3.510  3.592  3.623  3.611  3.570  3.513  3.451  3.387  3.299  3.102  2.670  2.159  1.935  1.956  2.054  2.157  2.242  2.302  2.341  2.364  2.381  2.397  2.415  2.439  2.470  2.508  2.555  2.614  2.686  2.775  2.881  3.003  3.133  3.264  3.385  3.489
 -70.000  -70.000  3.631  3.697  3.751  3.799  3.851  3.923  4.037  4.224  4.519  4.875  4.769  3.426  2.436  2.239  2.252  2.282  2.296  2.295  2.283  2.267  2.251  2.239  2.232  2.231  2.239  2.255  2.283  2.323  2.379  2.453  2.548  2.667  2.809  2.970  3.141  3.305  3.444  3.541  3.590  3.593  3.564  3.515  3.458  3.394  3.297  3.070  2.588  2.085  1.909  1.959  2.070  2.180  2.266  2.324  2.359  2.377  2.390  2.403  2.421  2.446  2.479  2.521  2.572  2.637  2.715  2.811  2.924  3.051  3.185  3.319  3.441  3.546
 -65.000  -65.000  3.699  3.766  3.816  3.857  3.898  3.950  4.031  4.164  4.373  4.563  3.981  2.672  2.214  2.190  2.231  2.263  2.277  2.275  2.265  2.251  2.238  2.227  2.221  2.221  2.229  2.244  2.270  2.307  2.358  2.427  2.515  2.626  2.759  2.913  3.078  3.241  3.383  3.488  3.546  3.559  3.535  3.488  3.431  3.366  3.264  3.016  2.506  2.031  1.907  1.983  2.106  2.220  2.304  2.356  2.382  2.393  2.400  2.409  2.425  2.450  2.485  2.529  2.585  2.655  2.740  2.843  2.963  3.096  3.237  3.376  3.503  3.611
 -60.000  -60.000  3.773  3.843  3.893  3.930  3.960  3.994  4.045  4.131  4.261  4.245  3.254  2.306  2.153  2.188  2.233  2.262  2.273  2.270  2.259  2.245  2.232  2.222  2.216  2.216  2.223  2.237  2.261  2.295  2.343  2.407  2.490  2.594  2.720  2.867  3.026  3.186  3.330  3.440  3.504  3.519  3.494  3.442  3.377  3.306  3.199  2.942  2.428  2.000  1.929  2.032  2.165  2.278  2.357  2.399  2.415  2.416  2.416  2.420  2.434  2.458  2.493  2.540  2.599  2.673  2.763  2.872  2.999  3.139  3.287  3.432  3.566  3.681
 -55.000  -55.000  3.847  3.923  3.976  4.012  4.036  4.057  4.084  4.131  4.188  3.947  2.747  2.175  2.154  2.205  2.246  2.270  2.277  2.271  2.259  2.244  2.231  2.220  2.214  2.214  2.220  2.233  2.255  2.287  2.332  2.392  2.469  2.568  2.688  2.828  2.982  3.140  3.284  3.398  3.467  3.485  3.456  3.392  3.311  3.224  3.108  2.852  2.359  1.995  1.979  2.107  2.248  2.358  2.427  2.456  2.459  2.450  2.442  2.441  2.452  2.475  2.509  2.557  2.617  2.694  2.788  2.901  3.032  3.178  3.332  3.484  3.625  3.747
 -50.000  -50.000  3.912  3.996  4.056  4.096  4.119  4.133  4.144  4.161  4.156  3.691  2.465  2.149  2.176  2.227  2.264  2.282  2.284  2.276  2.262  2.246  2.232  2.221  2.215  2.214  2.219  2.231  2.252  2.282  2.324  2.380  2.453  2.546  2.660  2.794  2.944  3.099  3.244  3.362  3.437  3.460  3.429  3.354  3.253  3.140  3.006  2.756  2.307  2.021  2.063  2.215  2.359  2.462  2.516  2.529  2.519  2.500  2.484  2.479  2.486  2.506  2.539  2.584  2.644  2.720  2.814  2.928  3.061  3.209  3.367  3.524  3.672  3.803
 -45.000  -45.000  3.958  4.052  4.122  4.170  4.198  4.211  4.215  4.214  4.159  3.490  2.332  2.160  2.204  2.251  2.281  2.294  2.293  2.282  2.266  2.250  2.235  2.223  2.217  2.215  2.220  2.231  2.250  2.278  2.317  2.370  2.439  2.527  2.636  2.764  2.909  3.061  3.207  3.330  3.413  3.443  3.415  3.335  3.215  3.074  2.914  2.667  2.277  2.085  2.188  2.359  2.501  2.589  2.624  2.620  2.596  2.568  2.546  2.536  2.539  2.555  2.583  2.625  2.681  2.752  2.843  2.953  3.083  3.230  3.388  3.549  3.702  3.840
 -40.000  -40.000  3.977  4.082  4.163  4.222  4.259  4.279  4.284  4.276  4.184  3.342  2.279  2.184  2.230  2.272  2.297  2.305  2.301  2.288  2.271  2.254  2.239  2.227  2.220  2.218  2.222  2.233  2.250  2.277  2.313  2.363  2.428  2.511  2.613  2.736  2.876  3.025  3.171  3.299  3.390  3.431  3.413  3.334  3.203  3.039  2.850  2.601  2.278  2.196  2.359  2.540  2.668  2.734  2.747  2.726  2.691  2.655  2.628  2.613  2.611  2.621  2.644  2.678  2.726  2.790  2.872  2.975  3.098  3.239  3.393  3.552  3.708  3.851
 -35.000  -35.000  3.962  4.075  4.168  4.239  4.290  4.321  4.335  4.330  4.213  3.231  2.264  2.209  2.254  2.290  2.310  2.315  2.309  2.294  2.277  2.259  2.244  2.232  2.225  2.223  2.226  2.236  2.252  2.277  2.311  2.357  2.418  2.495  2.592  2.708  2.842  2.987  3.133  3.265  3.366  3.421  3.416  3.346  3.216  3.038  2.827  2.572  2.320  2.362  2.574  2.747  2.848  2.885  2.876  2.841  2.797  2.756  2.725  2.707  2.699  2.703  2.717  2.742  2.780  2.832  2.902  2.992  3.103  3.233  3.378  3.531  3.684  3.830
 -30.000  -30.000  3.905  4.025  4.127  4.211  4.276  4.323  4.351  4.356  4.226  3.141  2.263  2.232  2.273  2.305  2.321  2.323  2.315  2.300  2.282  2.265  2.250  2.238  2.232  2.230  2.233  2.242  2.257  2.280  2.311  2.353  2.409  2.481  2.571  2.680  2.807  2.947  3.091  3.227  3.337  3.406  3.419  3.366  3.246  3.067  2.844  2.589  2.414  2.581  2.814  2.957  3.020  3.027  2.999  2.954  2.906  2.864  2.832  2.810  2.798  2.795  2.800  2.814  2.839  2.877  2.931  3.005  3.099  3.212  3.343  3.484  3.629  3.772
 -25.000  -25.000  3.806  3.926  4.035  4.129  4.208  4.271  4.317  4.338  4.205  3.059  2.269  2.251  2.289  2.317  2.330  2.331  2.322  2.307  2.289  2.273  2.258  2.248  2.241  2.240  2.243  2.251  2.265  2.285  2.313  2.352  2.402  2.467  2.549  2.649  2.768  2.902  3.043  3.180  3.299  3.383  3.416  3.385  3.285  3.118  2.905  2.690  2.649  2.891  3.070  3.149  3.167  3.147  3.105  3.056  3.009  2.969  2.938  2.915  2.899  2.890  2.886  2.889  2.901  2.923  2.960  3.014  3.086  3.179  3.289  3.413  3.544  3.677
 -20.000  -20.000  3.667  3.782  3.891  3.991  4.080  4.158  4.221  4.262  4.138  2.979  2.276  2.267  2.303  2.327  2.338  2.338  2.329  2.315  2.299  2.284  2.271  2.262  2.256  2.255  2.258  2.265  2.277  2.295  2.319  2.352  2.396  2.453  2.526  2.616  2.725  2.850  2.986  3.123  3.248  3.346  3.399  3.394  3.323  3.198  3.096  3.204  3.569  3.654  3.488  3.369  3.300  3.244  3.191  3.142  3.099  3.064  3.036  3.014  2.996  2.982  2.971  2.964  2.963  2.970  2.988  3.020  3.069  3.136  3.221  3.321  3.432  3.549
 -15.000  -15.000  3.497  3.599  3.700  3.799  3.893  3.981  4.059  4.119  4.015  2.898  2.282  2.282  2.315  2.337  2.347  2.347  2.339  2.327  2.313  2.300  2.289  2.282  2.277  2.277  2.279  2.285  2.295  2.310  2.329  2.356  2.392  2.440  2.501  2.580  2.677  2.791  2.918  3.052  3.179  3.285  3.353  3.369  3.353  3.425  3.819  4.442  4.844  4.864  4.511  3.975  3.578  3.375  3.274  3.215  3.175  3.145  3.122  3.102  3.084  3.067  3.050  3.035  3.023  3.015  3.015  3.025  3.050  3.089  3.146  3.218  3.302  3.397
 -10.000  -10.000  3.308  3.391  3.478  3.568  3.659  3.749  3.835  3.910  3.834  2.814  2.290  2.295  2.327  2.349  2.359  2.360  2.354  2.345  2.334  2.325  2.316  2.311  2.308  2.308  2.310  2.314  2.322  2.332  2.346  2.365  2.391  2.428  2.476  2.541  2.623  2.722  2.836  2.956  3.068  3.147  3.178  3.193  3.375  3.899  4.515  4.930  5.148  5.250  5.242  5.026  4.490  3.868  3.486  3.320  3.251  3.217  3.196  3.178  3.160  3.141  3.121  3.099  3.077  3.057  3.041  3.031  3.031  3.043  3.069  3.110  3.165  3.231
  -5.000   -5.000  3.116  3.175  3.242  3.316  3.396  3.480  3.566  3.647  3.603  2.730  2.298  2.311  2.342  2.364  2.376  2.380  2.378  2.372  2.366  2.360  2.355  2.352  2.351  2.351  2.352  2.354  2.358  2.363  2.370  2.380  2.395  2.418  2.451  2.498  2.560  2.635  2.713  2.770  2.769  2.696  2.646  2.842  3.395  4.086  4.642  4.987  5.186  5.309  5.394  5.437  5.364  4.998  4.312  3.711  3.417  3.308  3.266  3.244  3.225  3.205  3.182  3.155  3.126  3.096  3.065  3.038  3.016  3.001  2.998  3.008  3.031  3.067
   0.000    0.000  2.935  2.967  3.011  3.065  3.128  3.199  3.276  3.355  3.339  2.645  2.309  2.329  2.362  2.386  2.401  2.409  2.412  2.412  2.411  2.409  2.408  2.408  2.408  2.408  2.408  2.407  2.406  2.404  2.403  2.402  2.404  2.410  2.424  2.444  2.464  2.464  2.409  2.277  2.129  2.088  2.273  2.737  3.415  4.115  4.655  4.996  5.199  5.331  5.433  5.523  5.596  5.605  5.412  4.843  4.090  3.597  3.393  3.319  3.285  3.260  3.233  3.202  3.167  3.129  3.088  3.045  3.005  2.968  2.938  2.918  2.910  2.916
   5.000    5.000  2.778  2.783  2.801  2.832  2.874  2.928  2.990  3.058  3.060  2.540  2.298  2.329  2.369  2.401  2.425  2.441  2.453  2.461  2.467  2.471  2.475  2.477  2.479  2.479  2.477  2.473  2.467  2.458  2.446  2.433  2.418  2.400  2.374  2.322  2.216  2.051  1.889  1.795  1.800  1.929  2.234  2.754  3.440  4.128  4.660  5.003  5.214  5.353  5.462  5.561  5.657  5.741  5.782  5.693  5.306  4.576  3.890  3.527  3.383  3.321  3.281  3.243  3.202  3.157  3.107  3.054  2.998  2.943  2.892  2.846  2.811  2.787
  10.000   10.000  2.650  2.629  2.622  2.630  2.651  2.684  2.728  2.778  2.739  2.157  1.979  2.049  2.131  2.211  2.283  2.347  2.401  2.445  2.480  2.507  2.527  2.541  2.549  2.553  2.552  2.547  2.536  2.519  2.497  2.465  2.417  2.334  2.189  1.988  1.808  1.707  1.672  1.688  1.762  1.934  2.266  2.797  3.475  4.147  4.671  5.016  5.233  5.379  5.493  5.596  5.694  5.785  5.858  5.885  5.811  5.530  4.952  4.248  3.742  3.489  3.370  3.299  3.242  3.186  3.127  3.063  2.997  2.928  2.859  2.794  2.735  2.686
  15.000   15.000  2.555  2.510  2.480  2.465  2.465  2.478  2.501  2.502  2.024  1.134  1.052  1.111  1.190  1.289  1.406  1.541  1.690  1.848  2.003  2.148  2.275  2.378  2.456  2.512  2.547  2.564  2.566  2.551  2.514  2.437  2.283  2.045  1.820  1.693  1.644  1.633  1.645  1.685  1.777  1.969  2.318  2.856  3.524  4.178  4.691  5.037  5.259  5.411  5.529  5.633  5.730  5.817  5.882  5.908  5.861  5.698  5.373  4.901  4.391  3.972  3.687  3.500  3.369  3.265  3.175  3.091  3.008  2.925  2.842  2.760  2.683  2.613
  20.000   20.000  2.491  2.426  2.375  2.340  2.320  2.312  2.302  2.001  0.987  0.734  0.726  0.734  0.747  0.765  0.790  0.826  0.874  0.939  1.024  1.132  1.262  1.413  1.578  1.745  1.903  2.041  2.147  2.210  2.201  2.075  1.867  1.711  1.643  1.622  1.619  1.626  1.648  1.699  1.806  2.017  2.387  2.932  3.590  4.224  4.724  5.068  5.295  5.451  5.571  5.674  5.767  5.844  5.894  5.893  5.808  5.604  5.273  4.870  4.492  4.207  4.013  3.871  3.738  3.589  3.424  3.260  3.110  2.979  2.862  2.756  2.658  2.569
  25.000   25.000  2.468  2.378  2.306  2.251  2.212  2.180  1.990  1.069  0.716  0.694  0.693  0.694  0.695  0.696  0.698  0.701  0.705  0.711  0.719  0.732  0.750  0.776  0.811  0.856  0.913  0.981  1.061  1.162  1.301  1.463  1.565  1.599  1.608  1.612  1.618  1.630  1.659  1.720  1.845  2.081  2.475  3.031  3.676  4.288  4.773  5.114  5.342  5.500  5.620  5.720  5.804  5.868  5.895  5.855  5.713  5.441  5.063  4.665  4.341  4.128  4.008  3.945  3.910  3.875  3.819  3.715  3.549  3.329  3.096  2.887  2.716  2.579
  30.000   30.000  2.604  2.422  2.295  2.206  2.140  2.001  1.209  0.728  0.693  0.691  0.691  0.691  0.690  0.690  0.690  0.689  0.688  0.686  0.684  0.681  0.676  0.670  0.662  0.651  0.638  0.626  0.622  0.656  0.808  1.124  1.421  1.555  1.596  1.610  1.620  1.637  1.673  1.749  1.897  2.164  2.587  3.153  3.785  4.374  4.842  5.176  5.404  5.562  5.678  5.771  5.843  5.887  5.881  5.791  5.580  5.239  4.828  4.451  4.178  4.015  3.932  3.897  3.888  3.890  3.894  3.892  3.872  3.814  3.686  3.464  3.164  2.856
  35.000   35.000  3.295  2.905  2.554  2.305  2.102  1.417  0.757  0.694  0.691  0.691  0.691  0.690  0.690  0.689  0.689  0.688  0.686  0.683  0.680  0.675  0.667  0.657  0.643  0.625  0.602  0.575  0.551  0.549  0.639  0.913  1.279  1.503  1.583  1.608  1.624  1.647  1.694  1.788  1.966  2.270  2.724  3.301  3.919  4.482  4.931  5.257  5.482  5.637  5.746  5.827  5.882  5.898  5.849  5.695  5.406  5.008  4.591  4.254  4.034  3.914  3.858  3.839  3.839  3.849  3.863  3.878  3.891  3.901  3.899  3.871  3.789  3.607
  40.000   40.000  3.851  3.718  3.440  2.994  2.083  0.855  0.697  0.691  0.691  0.691  0.690  0.690  0.690  0.689  0.688  0.687  0.685  0.682  0.679  0.673  0.665  0.653  0.638  0.618  0.593  0.564  0.534  0.516  0.555  0.745  1.103  1.416  1.557  1.604  1.629  1.661  1.722  1.840  2.055  2.401  2.888  3.473  4.075  4.614  5.043  5.359  5.578  5.726  5.825  5.889  5.919  5.898  5.791  5.560  5.195  4.760  4.364  4.079  3.910  3.825  3.790  3.783  3.789  3.802  3.819  3.836  3.855  3.873  3.889  3.903  3.910  3.900
  45.000   45.000  3.914  3.914  3.886  3.715  1.992  0.747  0.692  0.691  0.691  0.691  0.690  0.690  0.690  0.689  0.688  0.687  0.685  0.682  0.677  0.671  0.662  0.650  0.634  0.612  0.586  0.555  0.523  0.498  0.505  0.617  0.912  1.282  1.508  1.595  1.635  1.680  1.760  1.910  2.167  2.559  3.078  3.669  4.253  4.766  5.175  5.479  5.691  5.830  5.915  5.957  5.953  5.881  5.702  5.384  4.955  4.511  4.156  3.927  3.802  3.745  3.726  3.727  3.738  3.754  3.772  3.792  3.811  3.830  3.850  3.868  3.886  3.902
  50.000   50.000  3.882  3.899  3.912  3.815  1.880  0.732  0.692  0.691  0.691  0.691  0.690  0.690  0.690  0.689  0.688  0.686  0.684  0.681  0.676  0.669  0.660  0.647  0.629  0.607  0.579  0.548  0.514  0.484  0.473  0.529  0.739  1.106  1.423  1.573  1.641  1.705  1.811  1.999  2.305  2.745  3.292  3.883  4.448  4.935  5.325  5.616  5.820  5.949  6.016  6.029  5.981  5.842  5.574  5.169  4.697  4.273  3.973  3.796  3.708  3.673  3.666  3.673  3.688  3.706  3.725  3.745  3.765  3.786  3.806  3.825  3.845  3.864
  55.000   55.000  3.840  3.859  3.876  3.776  1.778  0.725  0.691  0.691  0.691  0.691  0.690  0.690  0.689  0.689  0.688  0.686  0.683  0.680  0.675  0.667  0.657  0.643  0.625  0.601  0.572  0.540  0.506  0.474  0.453  0.473  0.604  0.913  1.291  1.531  1.645  1.738  1.878  2.112  2.471  2.956  3.525  4.112  4.654  5.117  5.487  5.767  5.961  6.078  6.125  6.104  5.998  5.775  5.406  4.923  4.438  4.056  3.814  3.683  3.625  3.605  3.607  3.619  3.636  3.656  3.676  3.697  3.718  3.739  3.760  3.780  3.801  3.821
  60.000   60.000  3.796  3.816  3.833  3.720  1.682  0.720  0.691  0.691  0.691  0.690  0.690  0.690  0.689  0.688  0.687  0.685  0.683  0.679  0.673  0.665  0.654  0.639  0.620  0.595  0.565  0.532  0.497  0.465  0.439  0.438  0.509  0.735  1.115  1.453  1.641  1.779  1.963  2.251  2.666  3.191  3.774  4.349  4.868  5.306  5.658  5.925  6.110  6.216  6.241  6.177  5.999  5.673  5.198  4.660  4.190  3.865  3.677  3.585  3.548  3.541  3.550  3.565  3.584  3.605  3.627  3.648  3.670  3.692  3.713  3.734  3.755  3.775
  65.000   65.000  3.750  3.770  3.788  3.660  1.592  0.716  0.691  0.691  0.691  0.690  0.690  0.690  0.689  0.688  0.687  0.685  0.682  0.678  0.672  0.663  0.651  0.635  0.614  0.588  0.558  0.524  0.489  0.456  0.429  0.417  0.449  0.595  0.922  1.328  1.622  1.829  2.070  2.418  2.886  3.444  4.032  4.591  5.083  5.497  5.831  6.086  6.263  6.356  6.358  6.244  5.979  5.534  4.959  4.394  3.964  3.699  3.559  3.497  3.478  3.480  3.493  3.511  3.532  3.553  3.576  3.598  3.620  3.643  3.665  3.686  3.708  3.729
  70.000   70.000  3.702  3.724  3.742  3.598  1.507  0.713  0.691  0.691  0.691  0.690  0.690  0.690  0.689  0.688  0.686  0.684  0.681  0.677  0.670  0.661  0.648  0.631  0.609  0.582  0.550  0.516  0.481  0.449  0.421  0.404  0.413  0.497  0.742  1.160  1.571  1.882  2.199  2.612  3.129  3.710  4.294  4.830  5.297  5.687  6.003  6.246  6.413  6.496  6.472  6.301  5.931  5.357  4.700  4.139  3.765  3.556  3.457  3.418  3.411  3.419  3.436  3.456  3.478  3.501  3.524  3.547  3.570  3.592  3.615  3.637  3.659  3.681
  75.000   75.000  3.654  3.676  3.694  3.532  1.428  0.710  0.691  0.691  0.691  0.690  0.690  0.689  0.689  0.688  0.686  0.684  0.680  0.675  0.668  0.658  0.645  0.626  0.603  0.575  0.542  0.508  0.473  0.441  0.414  0.395  0.391  0.434  0.600  0.971  1.476  1.929  2.348  2.831  3.391  3.983  4.554  5.065  5.505  5.872  6.170  6.401  6.559  6.629  6.578  6.341  5.851  5.149  4.436  3.906  3.592  3.434  3.365  3.344  3.346  3.360  3.379  3.401  3.424  3.447  3.471  3.494  3.518  3.541  3.564  3.587  3.609  3.632
  80.000   80.000  3.604  3.626  3.645  3.464  1.355  0.707  0.691  0.691  0.690  0.690  0.690  0.689  0.689  0.687  0.686  0.683  0.679  0.674  0.666  0.655  0.641  0.621  0.597  0.568  0.535  0.500  0.466  0.434  0.408  0.388  0.378  0.397  0.499  0.792  1.333  1.951  2.508  3.069  3.664  4.257  4.808  5.292  5.704  6.049  6.330  6.548  6.695  6.753  6.671  6.358  5.738  4.917  4.181  3.699  3.444  3.327  3.283  3.275  3.284  3.301  3.322  3.345  3.368  3.393  3.417  3.441  3.465  3.488  3.512  3.535  3.558  3.581
  85.000   85.000  3.553  3.575  3.594  3.392  1.287  0.705  0.691  0.691  0.690  0.690  0.690  0.689  0.688  0.687  0.685  0.682  0.678  0.672  0.664  0.652  0.637  0.616  0.591  0.560  0.527  0.492  0.458  0.428  0.402  0.382  0.370  0.375  0.433  0.647  1.158  1.924  2.664  3.319  3.942  4.527  5.053  5.508  5.894  6.217  6.480  6.684  6.821  6.865  6.748  6.349  5.592  4.675  3.944  3.519  3.316  3.233  3.207  3.208  3.222  3.242  3.264  3.288  3.313  3.337  3.362  3.386  3.411  3.435  3.459  3.482  3.506  3.529
  90.000   90.000  3.500  3.522  3.538  3.307  1.227  0.703  0.691  0.691  0.690  0.690  0.690  0.689  0.688  0.687  0.685  0.681  0.677  0.671  0.662  0.649  0.633  0.611  0.584  0.553  0.519  0.484  0.451  0.421  0.397  0.378  0.365  0.362  0.393  0.539  0.980  1.833  2.792  3.568  4.218  4.789  5.287  5.714  6.074  6.374  6.620  6.810  6.935  6.962  6.804  6.310  5.419  4.432  3.730  3.364  3.205  3.148  3.136  3.144  3.161  3.183  3.207  3.231  3.256  3.281  3.306  3.331  3.356  3.380  3.405  3.429  3.453  3.477
  95.000   95.000  3.440  3.449  3.425  3.106  1.201  0.705  0.691  0.691  0.690  0.690  0.690  0.689  0.688  0.686  0.684  0.681  0.676  0.669  0.659  0.646  0.628  0.605  0.577  0.545  0.511  0.476  0.444  0.415  0.392  0.373  0.360  0.355  0.370  0.465  0.821  1.679  2.859  3.801  4.485  5.040  5.509  5.907  6.241  6.521  6.749  6.925  7.037  7.044  6.839  6.240  5.223  4.197  3.540  3.229  3.108  3.070  3.068  3.081  3.101  3.124  3.148  3.173  3.199  3.224  3.249  3.275  3.300  3.325  3.349  3.374  3.398  3.421
 100.000  100.000  3.299  3.162  2.860  2.402  1.440  0.753  0.693  0.691  0.690  0.690  0.689  0.689  0.687  0.686  0.683  0.680  0.674  0.667  0.656  0.642  0.623  0.599  0.570  0.537  0.503  0.468  0.437  0.409  0.387  0.370  0.357  0.350  0.356  0.417  0.692  1.488  2.838  3.999  4.738  5.277  5.717  6.087  6.398  6.657  6.868  7.029  7.126  7.111  6.851  6.140  5.013  3.976  3.373  3.112  3.020  2.997  3.003  3.019  3.041  3.065  3.090  3.115  3.141  3.167  3.192  3.218  3.243  3.268  3.292  3.315  3.333  3.336
 105.000  105.000  2.647  2.307  2.100  2.013  1.887  1.155  0.727  0.692  0.690  0.690  0.689  0.688  0.687  0.685  0.683  0.679  0.673  0.665  0.654  0.638  0.618  0.593  0.563  0.530  0.495  0.461  0.430  0.404  0.383  0.366  0.354  0.347  0.348  0.386  0.593  1.290  2.717  4.139  4.968  5.499  5.912  6.255  6.542  6.781  6.975  7.122  7.204  7.161  6.838  6.012  4.795  3.772  3.226  3.009  2.940  2.928  2.939  2.958  2.981  3.006  3.031  3.057  3.083  3.109  3.134  3.160  3.184  3.206  3.221  3.216  3.155  2.974
 110.000  110.000  2.065  2.020  2.014  2.024  2.033  1.884  1.056  0.717  0.691  0.690  0.689  0.688  0.687  0.685  0.682  0.677  0.671  0.663  0.650  0.634  0.613  0.586  0.556  0.522  0.487  0.453  0.424  0.399  0.378  0.363  0.352  0.344  0.343  0.367  0.518  1.105  2.511  4.197  5.168  5.704  6.093  6.411  6.676  6.895  7.072  7.204  7.268  7.195  6.801  5.859  4.576  3.587  3.098  2.917  2.866  2.862  2.877  2.898  2.922  2.947  2.972  2.998  3.024  3.049  3.074  3.095  3.105  3.087  2.996  2.776  2.457  2.196
 115.000  115.000  2.041  2.052  2.068  2.089  2.115  2.136  1.909  0.995  0.712  0.691  0.689  0.688  0.686  0.684  0.681  0.676  0.670  0.660  0.647  0.630  0.607  0.580  0.548  0.514  0.479  0.446  0.417  0.394  0.375  0.360  0.350  0.343  0.340  0.354  0.464  0.946  2.255  4.158  5.332  5.891  6.259  6.552  6.795  6.993  7.151  7.261  7.300  7.185  6.715  5.684  4.381  3.440  2.996  2.839  2.798  2.799  2.816  2.838  2.862  2.888  2.913  2.938  2.962  2.980  2.983  2.947  2.822  2.581  2.310  2.134  2.059  2.039
 120.000  120.000  2.104  2.123  2.144  2.172  2.207  2.255  2.299  1.979  0.978  0.712  0.690  0.688  0.686  0.683  0.680  0.675  0.668  0.657  0.644  0.625  0.601  0.573  0.540  0.506  0.471  0.439  0.412  0.389  0.371  0.357  0.348  0.341  0.338  0.348  0.433  0.838  2.040  4.075  5.471  6.054  6.389  6.640  6.837  6.982  7.072  7.099  7.037  6.831  6.367  5.535  4.475  3.587  3.074  2.848  2.770  2.753  2.762  2.781  2.803  2.827  2.848  2.861  2.852  2.791  2.638  2.411  2.217  2.115  2.078  2.071  2.078  2.089
 125.000  125.000  2.187  2.209  2.236  2.271  2.317  2.382  2.475  2.569  2.151  1.019  0.718  0.689  0.686  0.683  0.679  0.673  0.666  0.655  0.640  0.620  0.595  0.566  0.532  0.498  0.464  0.432  0.406  0.384  0.367  0.355  0.346  0.340  0.339  0.362  0.508  1.075  2.541  4.643  5.759  6.101  6.247  6.326  6.349  6.318  6.241  6.136  6.020  5.902  5.770  5.591  5.302  4.838  4.216  3.597  3.148  2.901  2.793  2.757  2.750  2.745  2.715  2.627  2.471  2.302  2.189  2.136  2.119  2.118  2.126  2.137  2.151  2.168
 130.000  130.000  2.284  2.311  2.345  2.388  2.446  2.529  2.649  2.815  2.977  2.473  1.138  0.734  0.689  0.682  0.678  0.672  0.663  0.652  0.636  0.615  0.589  0.558  0.525  0.490  0.456  0.426  0.400  0.380  0.364  0.353  0.345  0.345  0.379  0.568  1.225  2.807  4.882  5.827  6.012  6.028  6.005  5.962  5.903  5.839  5.780  5.733  5.699  5.674  5.655  5.636  5.607  5.550  5.429  5.183  4.745  4.134  3.512  3.047  2.757  2.565  2.416  2.305  2.235  2.199  2.184  2.181  2.185  2.195  2.208  2.223  2.241  2.261
 135.000  135.000  2.396  2.428  2.468  2.521  2.593  2.694  2.836  3.027  3.261  3.455  2.921  1.356  0.768  0.690  0.679  0.672  0.663  0.650  0.633  0.611  0.584  0.552  0.518  0.483  0.450  0.421  0.396  0.377  0.363  0.355  0.362  0.434  0.751  1.688  3.596  5.378  5.952  6.046  6.047  6.026  5.990  5.939  5.876  5.811  5.753  5.710  5.680  5.661  5.650  5.642  5.636  5.629  5.615  5.581  5.490  5.232  4.584  3.578  2.830  2.513  2.387  2.323  2.287  2.268  2.261  2.264  2.273  2.287  2.303  2.322  2.344  2.368
 140.000  140.000  2.520  2.558  2.605  2.666  2.750  2.866  3.022  3.220  3.449  3.684  3.850  3.396  1.703  0.868  0.737  0.719  0.710  0.697  0.679  0.656  0.626  0.591  0.553  0.514  0.477  0.444  0.417  0.399  0.396  0.434  0.603  1.129  2.411  4.419  5.689  6.012  6.064  6.066  6.055  6.034  6.002  5.956  5.896  5.830  5.769  5.720  5.687  5.665  5.652  5.643  5.638  5.633  5.625  5.605  5.540  5.303  4.609  3.540  2.841  2.570  2.460  2.402  2.369  2.353  2.350  2.357  2.371  2.389  2.410  2.433  2.459  2.488
 145.000  145.000  2.654  2.697  2.749  2.816  2.907  3.030  3.188  3.377  3.582  3.787  3.972  4.098  3.835  2.464  1.706  1.610  1.602  1.591  1.566  1.523  1.459  1.376  1.276  1.167  1.057  0.956  0.876  0.845  0.923  1.247  2.029  3.424  4.929  5.733  5.990  6.057  6.071  6.069  6.060  6.042  6.015  5.973  5.917  5.852  5.788  5.735  5.696  5.670  5.654  5.643  5.636  5.628  5.617  5.588  5.496  5.184  4.395  3.408  2.850  2.635  2.539  2.485  2.455  2.442  2.444  2.456  2.475  2.499  2.526  2.554  2.585  2.618
 150.000  150.000  2.792  2.837  2.891  2.960  3.052  3.171  3.319  3.487  3.664  3.836  3.994  4.138  4.300  4.700  5.355  5.535  5.549  5.524  5.463  5.359  5.204  4.992  4.723  4.403  4.045  3.668  3.307  3.033  2.979  3.274  3.870  4.592  5.255  5.711  5.944  6.037  6.065  6.069  6.063  6.049  6.025  5.988  5.937  5.874  5.808  5.750  5.706  5.675  5.655  5.641  5.631  5.619  5.600  5.553  5.412  4.997  4.142  3.292  2.868  2.699  2.616  2.567  2.540  2.532  2.540  2.558  2.584  2.614  2.647  2.681  2.717  2.753
 155.000  155.000  2.927  2.970  3.022  3.087  3.171  3.278  3.407  3.551  3.701  3.847  3.986  4.123  4.329  5.116  6.681  7.168  7.215  7.197  7.149  7.071  6.957  6.801  6.590  6.310  5.944  5.470  4.880  4.243  3.765  3.657  3.910  4.388  4.958  5.473  5.814  5.982  6.046  6.063  6.063  6.052  6.032  6.001  5.955  5.895  5.829  5.767  5.716  5.680  5.654  5.636  5.620  5.601  5.567  5.488  5.274  4.738  3.877  3.199  2.891  2.759  2.688  2.644  2.623  2.621  2.635  2.661  2.694  2.731  2.771  2.810  2.849  2.887
 160.000  160.000  3.049  3.087  3.131  3.185  3.256  3.346  3.454  3.576  3.704  3.833  3.962  4.104  4.355  5.302  6.802  7.201  7.245  7.231  7.185  7.108  6.994  6.835  6.622  6.340  5.969  5.489  4.893  4.245  3.734  3.563  3.734  4.124  4.633  5.166  5.604  5.873  5.998  6.044  6.055  6.051  6.036  6.010  5.969  5.914  5.849  5.783  5.726  5.682  5.650  5.624  5.600  5.567  5.508  5.374  5.054  4.408  3.625  3.127  2.912  2.811  2.751  2.715  2.700  2.705  2.726  2.760  2.801  2.845  2.890  2.934  2.975  3.013
 165.000  165.000  3.152  3.180  3.211  3.251  3.305  3.377  3.467  3.571  3.684  3.805  3.935  4.097  4.417  5.503  6.831  7.143  7.185  7.174  7.129  7.050  6.930  6.764  6.539  6.245  5.865  5.383  4.797  4.168  3.663  3.463  3.580  3.903  4.343  4.842  5.321  5.687  5.899  5.996  6.031  6.038  6.031  6.011  5.978  5.928  5.865  5.796  5.732  5.679  5.637  5.600  5.560  5.503  5.398  5.179  4.730  4.036  3.405  3.069  2.925  2.850  2.803  2.776  2.769  2.782  2.811  2.852  2.901  2.952  3.001  3.047  3.087  3.122
 170.000  170.000  3.228  3.243  3.260  3.284  3.322  3.378  3.453  3.545  3.651  3.772  3.918  4.121  4.541  5.718  6.822  7.065  7.108  7.103  7.060  6.978  6.853  6.677  6.442  6.136  5.746  5.262  4.689  4.084  3.591  3.373  3.448  3.718  4.097  4.539  5.002  5.419  5.721  5.892  5.972  6.003  6.009  6.000  5.975  5.933  5.873  5.803  5.731  5.666  5.608  5.552  5.485  5.386  5.208  4.873  4.318  3.678  3.230  3.019  2.926  2.874  2.841  2.825  2.827  2.848  2.885  2.934  2.989  3.045  3.097  3.143  3.180  3.208
 175.000  175.000  3.276  3.278  3.280  3.290  3.314  3.358  3.422  3.507  3.613  3.746  3.926  4.199  4.745  5.929  6.783  6.970  7.017  7.017  6.977  6.894  6.763  6.578  6.331  6.013  5.615  5.132  4.573  3.993  3.520  3.292  3.333  3.558  3.886  4.273  4.690  5.101  5.453  5.701  5.846  5.919  5.951  5.960  5.949  5.918  5.866  5.795  5.714  5.631  5.549  5.461  5.349  5.181  4.902  4.455  3.882  3.384  3.099  2.972  2.914  2.882  2.863  2.859  2.872  2.901  2.946  3.002  3.062  3.121  3.175  3.218  3.249  3.268
