-3.02	-6.385	4.598	0.02
-3.171	-5.602	-1.129	0.02
-5.965	1.611	-1.727	0.02
1.721	-7.535	3.201	0.02
-7.095	-5.243	2.081	0.02
5.401	-2.96	4.29	0.02
1.535	-5.371	-4.155	0.02
2.451	-0.607	6.988	0.02
-8.324	0.475	3.255	0.02
-6.721	-4.965	-2.153	0.02
1.768	-7.644	-1.366	0.02
-5.965	-3.659	5.684	0.02
-3.628	2.644	6.662	0.02
-7.029	-1.377	-5.071	0.02
-8.731	-3.654	0.004	0.02
-3.698	-7.508	1.932	0.02
4.807	-5.037	1.085	0.02
-5.315	2.65	-0.775	0.02
0.822	-6.631	-3.274	0.02
0.941	-5.792	5.57	0.02
2.066	-7.341	1.191	0.02
-2.384	-5.545	6.003	0.02
-0.505	-5.657	-5.723	0.02
-8.803	-1.771	0.792	0.02
-6.585	-5.547	4.04	0.02
-5.742	-4.1	-4.064	0.02
-1.205	-7.119	3.747	0.02
-6.679	0.592	-4.703	0.02
3.965	-6.634	0.124	0.02
-0.491	-5.153	-2.001	0.02
-7.825	0.17	5.212	0.02
-0.309	-7.044	-4.492	0.02
-2.704	-0.365	5.652	0.02
5.743	-2.769	2.286	0.02
-6.208	1.811	0.086	0.02
2.854	0.912	6.346	0.02
-4.644	-6.581	2.998	0.02
-5.152	3.53	0.742	0.02
0.087	-7.381	4.601	0.02
-4.32	-4.43	-1.535	0.02
0.307	-7.925	-1.5	0.02
-3.837	1.117	7.365	0.02
-7.49	-4.188	-0.854	0.02
-2.413	-7.644	2.679	0.02
-5.711	-5.438	-3.024	0.02
-1.671	-6.489	4.795	0.02
-1.969	-5.785	-1.454	0.02
-5.895	-5.548	4.9	0.02
-0.513	-1.394	5.729	0.02
-2.159	-1.769	5.96	0.02